Model_ID, [(c_i,i=0,n)_j,j=1,ntask]
           1    0.2934242316E+03    0.2179133248E+03    0.7420951773E+02
           2    0.2752742104E+03    0.2063439441E+03   -0.6394792165E+02
           3    0.2905224383E+03    0.2218234296E+03    0.6714806826E+02
           4    0.3129890193E+03    0.2153398827E+03    0.7088703436E+02
           5    0.2878866717E+03   -0.2498873142E+03    0.2222841298E+03
           6    0.4062632381E+03    0.3973847136E+03   -0.8671264070E+02
           7    0.2880654619E+03    0.2465493875E+03    0.2277424748E+03
           8    0.2869762752E+03   -0.2507840246E+03    0.2223159567E+03
           9    0.2962708279E+03   -0.2479854838E+03    0.3868378682E+03
          10    0.2889780178E+03   -0.2527577593E+03    0.2402384852E+03
          11    0.4022335136E+03    0.3892329483E+03    0.8909170810E+02
          12    0.2870505105E+03    0.2487012634E+03    0.2179304580E+03
          13    0.2871781054E+03    0.2480004550E+03    0.2201454808E+03
          14    0.2872294280E+03    0.2476953252E+03    0.2210549602E+03
          15    0.2874950717E+03   -0.2520291192E+03    0.2223621381E+03
          16    0.2873066401E+03    0.2472094307E+03    0.2224446250E+03
          17    0.2774040512E+03    0.2091320675E+03    0.6076185963E+02
          18    0.2866965672E+03    0.2502642383E+03    0.2120898465E+03
          19    0.2871312716E+03    0.2474313667E+03    0.2275987799E+03
          20    0.2884099879E+03   -0.2458890288E+03    0.2323537596E+03
          21    0.2879924198E+03    0.2127906202E+03    0.5859773191E+02
          22    0.2882404248E+03   -0.2535201650E+03    0.2405228551E+03
          23    0.2891963503E+03    0.2494998814E+03    0.2469806391E+03
          24    0.2845486221E+03   -0.2427108353E+03    0.3703456848E+03
          25    0.2850611848E+03    0.2304384202E+03    0.5625862147E+02
          26    0.2861566199E+03    0.2495967529E+03    0.2180760743E+03
          27    0.2790463622E+03    0.2182558114E+03   -0.5602880153E+02
          28    0.2885892343E+03    0.2427890219E+03    0.2376169277E+03
          29    0.2862749876E+03    0.2488949926E+03    0.2202541512E+03
          30    0.2863225116E+03    0.2485893307E+03    0.2211473730E+03
          31    0.2858268515E+03    0.2511599860E+03    0.2123151040E+03
          32    0.2875616686E+03    0.2453487141E+03    0.2272385822E+03
          33    0.2910995141E+03    0.2520745956E+03    0.3151474427E+03
          34    0.2846404164E+03    0.2393431732E+03    0.3838363560E+03
          35    0.2881149279E+03    0.2515362211E+03    0.2356768382E+03
          36    0.2863939080E+03    0.2481024611E+03    0.2225109639E+03
          37    0.2882571273E+03    0.2508644686E+03    0.2382856846E+03
          38    0.2993163003E+03   -0.2484887705E+03    0.4353966717E+03
          39    0.3021037471E+03    0.2266736839E+03   -0.6251660661E+02
          40    0.2883144179E+03    0.2505710404E+03    0.2393536696E+03
          41    0.2884361845E+03    0.2502518443E+03    0.2471307504E+03
          42    0.2998383349E+03    0.2314646149E+03    0.6554587251E+02
          43    0.2572997426E+03    0.2293224101E+03   -0.4811389303E+03
          44    0.2882451295E+03    0.2221989147E+03    0.5437861329E+02
          45    0.2884007165E+03    0.2501027570E+03    0.2409819076E+03
          46    0.2874570693E+03   -0.2467738639E+03    0.2321694424E+03
          47    0.2803035412E+03   -0.2369564310E+03    0.2161435636E+03
          48    0.2598612588E+03   -0.2418137240E+03    0.3110848823E+03
          49    0.3923918140E+03    0.3810592181E+03   -0.1361197947E+03
          50    0.2876368740E+03    0.2447150369E+03    0.2287200138E+03
          51    0.2877220310E+03    0.2530191286E+03    0.2287454601E+03
          52    0.2862850139E+03    0.2514956561E+03    0.2057657213E+03
          53    0.2895666971E+03   -0.2488800512E+03    0.2519650539E+03
          54    0.2866590692E+03    0.2507946047E+03    0.2177106307E+03
          55    0.2827177291E+03    0.2453209579E+03   -0.9301190333E+03
          56    0.3988623306E+03    0.3810426133E+03    0.7513166491E+02
          57    0.2948251213E+03   -0.2590355145E+03   -0.7771403886E+02
          58    0.2867831641E+03    0.2501008654E+03    0.2199443559E+03
          59    0.2873907402E+03    0.2522984244E+03    0.2360671558E+03
          60    0.2877090426E+03    0.2440653822E+03    0.2301747612E+03
          61    0.2912466043E+03    0.2519232189E+03    0.3174147534E+03
          62    0.2868330294E+03    0.2497983701E+03    0.2208590269E+03
          63    0.2875246788E+03    0.2516266020E+03    0.2386503560E+03
          64    0.2296382478E+03    0.1320621483E+03   -0.7919756859E+02
          65    0.2809808355E+03   -0.2402311184E+03    0.2232215479E+03
          66    0.2948314993E+03   -0.2516380399E+03    0.3201927452E+03
          67    0.2863140411E+03    0.2523347229E+03    0.2117800349E+03
          68    0.2875785730E+03    0.2513329991E+03    0.2397066472E+03
          69    0.2253286231E+03   -0.8686705153E+02    0.1207636082E+03
          70    0.1643503234E+03    0.1269357473E+03    0.4159056336E+03
          71    0.2897853730E+03    0.2458611534E+03    0.2585136052E+03
          72    0.2755330022E+03    0.1348229471E+03    0.8976354644E+02
          73    0.2866287617E+03    0.2462368307E+03    0.2272033743E+03
          74    0.2837269964E+03    0.2431022037E+03   -0.9776280176E+03
          75    0.2869079914E+03    0.2493161918E+03    0.2222538065E+03
          76    0.2876132095E+03    0.2436575430E+03    0.2372702974E+03
          77    0.2811257420E+03    0.2339068177E+03    0.2237344522E+03
          78    0.2528443790E+03    0.2262437206E+03    0.4839505402E+03
          79    0.2876596760E+03    0.2508642817E+03    0.2413156971E+03
          80    0.2599988985E+03    0.2472333389E+03    0.3209214425E+03
          81    0.2848873200E+03   -0.2476635462E+03   -0.2473578240E+03
          82    0.3928580859E+03    0.3840541345E+03   -0.1082413442E+03
          83    0.2953953630E+03    0.2562293449E+03   -0.8133835254E+02
          84    0.2870195551E+03    0.2537791806E+03    0.2291844331E+03
          85    0.2778874534E+03    0.2391981494E+03   -0.1132613728E+03
          86    0.2930139565E+03   -0.2570714492E+03    0.3285161677E+03
          87    0.2886867714E+03    0.2483001225E+03    0.2465648497E+03
          88    0.2854412430E+03    0.2523882239E+03    0.2060485852E+03
          89    0.2887473178E+03    0.2569042644E+03    0.2455532952E+03
          90    0.2937911610E+03    0.2450623901E+03    0.3561270724E+03
          91    0.2821276188E+03    0.2368498868E+03   -0.2292833230E+03
          92    0.2909844047E+03    0.2495371895E+03   -0.2954480936E+03
          93    0.2880016589E+03   -0.2480504793E+03    0.2324035217E+03
          94    0.2847324542E+03   -0.2493142176E+03   -0.2597596852E+03
          95    0.2696345875E+03   -0.2450055942E+03    0.5698890799E+03
          96    0.2849643998E+03   -0.2487623045E+03    0.2617751992E+03
          97    0.2884255909E+03    0.2376013420E+03    0.2105193023E+03
          98    0.2297612596E+03    0.1523317813E+03   -0.6377717244E+02
          99    0.2848087263E+03   -0.2521588548E+03   -0.2536865483E+03
         100    0.2850216606E+03   -0.2516427824E+03    0.2552863918E+03
