Model_ID, [(c_i,i=0,n)_j,j=1,ntask]
           1    0.1478950734E+03    0.1078837800E+03   -0.1205920013E+04
           2    0.2265769470E+03    0.8661693712E+02   -0.1263543689E+04
           3    0.2293409756E+03    0.9631576516E+02   -0.1187682259E+04
           4    0.2682761908E+03    0.8972345606E+02   -0.1180920328E+03
           5    0.2287878462E+03    0.1139401413E+03   -0.6785301119E+02
           6    0.2664667428E+03    0.9021464864E+02   -0.1141437305E+03
           7    0.1451828597E+03    0.1081697915E+03   -0.1401790517E+04
           8    0.2213171129E+03    0.9057417501E+02   -0.1058473955E+04
           9    0.1992292683E+03    0.1730270567E+03    0.3086029247E+04
          10    0.1992354734E+03    0.1730401357E+03    0.3083429769E+04
          11    0.1486300171E+03    0.1161642094E+03   -0.9539436655E+03
          12    0.1451261229E+03    0.1186608182E+03    0.4442878442E+03
          13    0.1450002616E+03    0.1187161228E+03   -0.8821825980E+03
          14    0.2667199243E+03    0.9001504808E+02   -0.1157794032E+03
          15    0.2009094839E+03    0.1685203132E+03    0.2789744544E+04
          16    0.2008903266E+03    0.1684466360E+03    0.2799041806E+04
          17    0.3211807785E+03   -0.9328762989E+02   -0.1364997578E+03
          18    0.2183238836E+03    0.8707808042E+02    0.1068093165E+04
          19    0.2130437675E+03    0.9534591634E+02    0.2798484302E+04
          20    0.2180432256E+03    0.8853688036E+02   -0.9894528424E+03
          21    0.2130701761E+03    0.9538441288E+02    0.2788439573E+04
          22    0.1469529437E+03    0.1078949856E+03   -0.1944005271E+04
          23    0.2267562670E+03   -0.8478116632E+02    0.1325294663E+04
          24    0.2274249408E+03    0.1129718364E+03   -0.6902027715E+02
          25    0.2271224773E+03    0.1133036719E+03   -0.6886099232E+02
          26    0.1472213272E+03    0.1174114199E+03   -0.9581165065E+03
          27    0.2146430116E+03    0.9799867180E+02    0.3586957009E+04
          28    0.2294813421E+03    0.1139681630E+03   -0.1318016942E+03
          29    0.1555462482E+03    0.1045616215E+03   -0.1103046276E+04
          30    0.2336037160E+03    0.1142838872E+03   -0.1235029148E+03
          31    0.2175727073E+03    0.1004128656E+03    0.2642977610E+04
          32    0.1428177744E+03    0.1108005621E+03    0.2560542917E+03
          33    0.2151965845E+03    0.9912566437E+02    0.3566288819E+04
          34    0.1358079754E+03    0.1116588042E+03   -0.5738351656E+04
          35    0.1481620264E+03    0.1037747169E+03   -0.5939117238E+04
          36    0.1424109985E+03    0.1153586991E+03   -0.5238573324E+04
          37    0.2131143991E+03    0.9352348174E+02    0.4889205942E+04
          38    0.2251506052E+03    0.9079655881E+02   -0.1189939599E+04
          39    0.1501222966E+03   -0.1053392695E+03    0.1278658128E+04
          40    0.2169828462E+03    0.1054361236E+03    0.2598323522E+04
          41    0.2169588900E+03    0.1053923642E+03    0.2606874622E+04
          42    0.1506966437E+03    0.1045670545E+03   -0.1834495038E+04
          43    0.2160774417E+03    0.9423005354E+02   -0.4066616820E+03
          44    0.2197380928E+03    0.8150542395E+02   -0.1146050760E+04
          45    0.2284402753E+03    0.1181819191E+03   -0.7797414445E+02
          46    0.1326112722E+03    0.1199954040E+03    0.4059210670E+04
          47    0.2117368428E+03    0.9301343145E+02    0.5419540546E+04
          48    0.2114929250E+03    0.9695680904E+02    0.2979742361E+04
          49    0.2536057177E+03    0.1837492764E+03    0.2881449829E+04
          50    0.2265564366E+03    0.1129437117E+03   -0.1384126398E+03
          51    0.2102175910E+03    0.9824285985E+02    0.3051764545E+04
          52    0.2080585557E+03    0.1021161188E+03   -0.2523466350E+04
          53    0.2256056591E+03    0.1124247876E+03   -0.1406650723E+03
          54    0.2264821787E+03    0.1128554803E+03   -0.1384701102E+03
          55    0.2102666527E+03    0.9799550272E+02    0.3124070595E+04
          56    0.2255214775E+03    0.1123360679E+03   -0.1407520065E+03
          57    0.2154866573E+03    0.9663158992E+02    0.3526957353E+04
          58    0.2359076488E+03   -0.1138816516E+03    0.1215408008E+03
          59    0.2155039514E+03    0.9666823875E+02    0.3518786666E+04
          60    0.2131009661E+03   -0.9509885235E+02    0.2860883917E+04
          61    0.2706486115E+03    0.8486487257E+02   -0.1302292364E+03
          62    0.2115771181E+03    0.8917275078E+02    0.3740670804E+04
          63    0.2189030362E+03    0.8559344865E+02   -0.1093846367E+04
          64    0.2695989560E+03    0.8064665604E+02   -0.1255867577E+03
          65    0.2152649598E+03    0.9518275862E+02    0.4362959955E+04
          66    0.1378518160E+03    0.1182482957E+03   -0.5979647777E+04
          67    0.2098274865E+03    0.1162823602E+03   -0.9691360370E+02
          68    0.1341522264E+03    0.1122858601E+03    0.2416086785E+04
          69    0.2160915210E+03    0.9486292183E+02   -0.3425961566E+03
          70    0.2084050062E+03   -0.9134011224E+02   -0.1808065518E+04
          71    0.2190014675E+03    0.8540300002E+02   -0.1089370300E+04
          72    0.2135458185E+03    0.9392152504E+02    0.2853751533E+04
          73    0.2086003882E+03    0.9910510825E+02    0.3006414688E+04
          74    0.2277992366E+03    0.1177246786E+03   -0.7856271708E+02
          75    0.1337174609E+03    0.1256358304E+03   -0.1518617720E+03
          76    0.2107129492E+03    0.9785767068E+02   -0.7619110916E+04
          77    0.1323765876E+03    0.1263482490E+03    0.1528792864E+03
          78    0.1288131845E+03    0.1183571232E+03    0.4660278566E+03
          79    0.1569452647E+03    0.1029790166E+03   -0.1069935040E+04
          80    0.2022850020E+03    0.1695983670E+03    0.4048516924E+03
          81    0.2650926657E+03    0.8607002161E+02   -0.1178188348E+03
          82    0.2361017190E+03   -0.1110197618E+03    0.1178306825E+03
          83    0.2493956307E+03   -0.1158578853E+03    0.1276841281E+03
          84    0.2253969876E+03    0.1124718471E+03   -0.1401162290E+03
          85    0.1330785723E+03    0.1199211356E+03    0.4250936519E+04
          86    0.2675699227E+03    0.8111062788E+02   -0.1211749102E+03
          87    0.1531967822E+03    0.1054634699E+03    0.4992265596E+03
          88    0.2026005136E+03    0.1168526367E+03   -0.1343787117E+04
          89    0.2386577850E+03    0.1154987716E+03   -0.1102222009E+03
          90    0.1474516354E+03   -0.1066375087E+03    0.1271026775E+04
          91    0.2158622685E+03    0.9898296742E+02    0.3394497723E+04
          92    0.2433190559E+03   -0.1201748042E+03    0.1305542535E+03
          93    0.1508066315E+03    0.1114805734E+03   -0.1138672925E+04
          94    0.1422147601E+03    0.1124863716E+03   -0.2036305572E+04
          95    0.2072060690E+03    0.9248700992E+02   -0.3643949441E+04
          96    0.2021463033E+03    0.1175530386E+03    0.1293164548E+04
          97    0.2126694551E+03    0.9857000823E+02   -0.2675486950E+04
          98    0.1323315519E+03    0.1261974634E+03   -0.1456207450E+03
          99    0.2245733086E+03    0.9914724793E+02   -0.2511661783E+03
         100    0.2023576655E+03    0.1686743667E+03    0.4923131889E+03
