        Rank        RMSE       MaxAE  Feature_ID
           1    4.453391   15.234710  (     781   10403)
           2    4.519080   16.836274  (    9159   10579)
           3    4.519611   18.829590  (    8219   10579)
           4    4.519706   17.440592  (    2118   10579)
           5    4.525267   17.905177  (     491   10579)
           6    4.551815   18.248849  (    4577   10579)
           7    4.552282   17.104974  (    2973   10579)
           8    4.553003   17.853518  (    4102   10579)
           9    4.555333   18.491932  (    1159   10579)
          10    4.560847   19.042159  (    9750   10579)
          11    4.564281   16.511851  (    2226   18093)
          12    4.565913   18.562214  (     307   10579)
          13    4.566005   15.694531  (     167   10579)
          14    4.567570   18.961535  (    8691   10579)
          15    4.567989   15.058113  (     781   10028)
          16    4.568465   17.124199  (    2628   10579)
          17    4.570047   18.946886  (    8118   10579)
          18    4.572784   18.971409  (    9024   10579)
          19    4.573317   15.033850  (     781   10006)
          20    4.577898   17.869385  (    4611   10579)
          21    4.579903   18.928579  (    7128   10579)
          22    4.580109   18.940828  (    6903   10579)
          23    4.580716   15.853382  (      57   10579)
          24    4.581186   18.974403  (    9853   10579)
          25    4.584244   15.687727  (     781   10057)
          26    4.584817   18.991977  (    6589   10579)
          27    4.585127   18.585555  (    9159   12570)
          28    4.587167   15.285000  (     781   10004)
          29    4.587537   19.458080  (    3019   10579)
          30    4.587643   15.711337  (    4932   10006)
          31    4.588102   15.726836  (    4932   10028)
          32    4.588636   17.192178  (    9394   10579)
          33    4.588803   18.730160  (    6240   10579)
          34    4.590771   18.945416  (    6695   10579)
          35    4.591108   15.749295  (     180   10579)
          36    4.591654   15.996147  (    4932   10004)
          37    4.591841   18.640348  (    1748   10579)
          38    4.591990   17.065860  (      23   10169)
          39    4.592127   17.319271  (     476   10579)
          40    4.595603   18.939641  (    6498   10579)
          41    4.596429   19.291368  (     378   10579)
          42    4.597339   17.468614  (    2868   10579)
          43    4.598028   19.359734  (    5647   10579)
          44    4.598313   18.990500  (    3597   10579)
          45    4.598338   18.924421  (    6097   10579)
          46    4.599260   19.343395  (    3987   10579)
          47    4.599740   19.340484  (    4015   10579)
          48    4.601071   19.363450  (    3025   10579)
          49    4.601416   19.370279  (    5834   10579)
          50    4.601942   18.127244  (     656   10579)
          51    4.603153   17.562071  (    8929   10579)
          52    4.603457   17.194438  (    2646   16516)
          53    4.603559   14.850214  (     781   12006)
          54    4.603660   19.348831  (    2799   10579)
          55    4.603824   17.569089  (    4904   10579)
          56    4.603842   15.839473  (    4932   10009)
          57    4.604281   18.872863  (    7034   10579)
          58    4.604513   19.405482  (     832   10579)
          59    4.604821   19.376477  (    3103   10579)
          60    4.605096   16.312971  (     168   10579)
          61    4.605266   15.131802  (     781   10009)
          62    4.605469   19.312636  (    8724   10579)
          63    4.605502   15.164800  (     781   10008)
          64    4.605742   18.902888  (    5880   10579)
          65    4.605882   18.942473  (    7175   10579)
          66    4.606845   18.289298  (    8704   10403)
          67    4.608173   16.470450  (      31   16926)
          68    4.608268   19.298070  (    8252   10579)
          69    4.608603   15.795343  (     781   10307)
          70    4.609370   19.415979  (    1785   10579)
          71    4.610843   17.263649  (    7890   10579)
          72    4.610895   18.809211  (    1498   10579)
          73    4.610972   18.937543  (    2546   10579)
          74    4.611476   19.349319  (    2186   10579)
          75    4.611738   19.381874  (    3423   10579)
          76    4.611745   19.364453  (    2262   10579)
          77    4.611880   19.546739  (     309   10579)
          78    4.611981   17.205102  (    9470   10579)
          79    4.612124   19.284644  (    7144   10579)
          80    4.612141   19.334446  (    2316   10579)
          81    4.612271   14.860648  (     781   10001)
          82    4.612553   18.307960  (      23   10006)
          83    4.612942   18.336191  (    4460   10579)
          84    4.613128   16.044103  (      47   10579)
          85    4.613476   19.078903  (    2354   10579)
          86    4.613843   17.413391  (    8731   10579)
          87    4.614053   16.430790  (       1   10579)
          88    4.614558   18.907026  (    5853   10579)
          89    4.614852   18.875617  (    7139   10579)
          90    4.615423   17.895214  (    9720   10579)
          91    4.615704   19.427804  (     777   10579)
          92    4.615839   15.851550  (    4932   10008)
          93    4.617205   16.724115  (    2226   19830)
          94    4.617763   14.790965  (     781   19933)
          95    4.618369   18.939679  (    8200   10579)
          96    4.619014   18.903205  (    5855   10579)
          97    4.619025   16.808468  (    5182   19830)
          98    4.619067   18.208815  (      23   10001)
          99    4.619631   19.359914  (    2027   10579)
         100    4.620346   19.261680  (    7222   10579)
