     Index              y_true              y_pred        descriptor_1        descriptor_2
         1    0.2234200000E+03    0.2202982380E+03   -0.6379000000E+00   -0.7500000000E+00
         2    0.3590000000E+03    0.3822231332E+03    0.1169000000E+01    0.0000000000E+00
         3    0.3092000000E+03    0.3017447209E+03    0.5496000000E+00    0.3333000000E+00
         4    0.2720000000E+03    0.3854596819E+03    0.1199200000E+01    0.0000000000E+00
         5    0.2256100000E+03    0.2357375959E+03   -0.5925000000E+00   -0.1000000000E+01
         6    0.1338500000E+03    0.1612804618E+03   -0.8926000000E+00    0.0000000000E+00
         7    0.4062400000E+03    0.3828340050E+03    0.1174700000E+01    0.0000000000E+00
         8    0.3540000000E+03    0.3208680307E+03    0.5965000000E+00    0.0000000000E+00
         9    0.4260000000E+03    0.4054898455E+03    0.1386100000E+01    0.0000000000E+00
        10    0.1832000000E+03    0.1894234311E+03   -0.6300000000E+00    0.0000000000E+00
        11    0.8981300000E+02    0.8728995912E+02   -0.1583000000E+01    0.0000000000E+00
        12    0.2138000000E+03    0.2490022164E+03   -0.4120000000E-01    0.8330000000E-01
        13    0.3410000000E+03    0.3232669465E+03    0.8820000000E+00    0.6667000000E+00
        14    0.3958500000E+03    0.4047932373E+03    0.1379600000E+01    0.0000000000E+00
        15    0.2677000000E+03    0.2755867978E+03    0.4371000000E+00    0.6667000000E+00
        16    0.2362500000E+03    0.2015122618E+03   -0.5172000000E+00    0.0000000000E+00
        17    0.1875850000E+03    0.2033263421E+03   -0.6976000000E+00   -0.5000000000E+00
        18    0.3137600000E+03    0.3098294708E+03    0.4935000000E+00    0.0000000000E+00
        19    0.3525250000E+03    0.3328925591E+03    0.7087000000E+00    0.0000000000E+00
        20    0.2195740000E+03    0.1737190461E+03   -0.8752000000E+00   -0.2500000000E+00
        21    0.3410000000E+03    0.3634303489E+03    0.1388300000E+01    0.1000000000E+01
        22    0.1839000000E+03    0.1726298161E+03   -0.7867000000E+00    0.0000000000E+00
        23    0.2930000000E+03    0.2915511048E+03    0.7176000000E+00    0.1000000000E+01
        24    0.4610000000E+03    0.3783864299E+03    0.1133200000E+01    0.0000000000E+00
        25    0.3520000000E+03    0.3256866072E+03    0.7730000000E+00    0.3333000000E+00
        26    0.2287000000E+03    0.2520860136E+03   -0.4530000000E-01    0.0000000000E+00
        27    0.3410000000E+03    0.3402123032E+03    0.7770000000E+00    0.0000000000E+00
        28    0.2050000000E+02    0.4492546649E+02   -0.1978300000E+01    0.0000000000E+00
        29    0.3340000000E+03    0.3137090423E+03    0.5297000000E+00    0.0000000000E+00
        30    0.3200000000E+03    0.3369328863E+03    0.7464000000E+00    0.0000000000E+00
        31    0.1114000000E+03    0.1409930890E+03   -0.1081900000E+01    0.0000000000E+00
        32    0.2443500000E+03    0.2483828335E+03    0.3148000000E+00    0.1000000000E+01
        33    0.1516000000E+03    0.1621271086E+03   -0.8847000000E+00    0.0000000000E+00
        34    0.7620000000E+02    0.7047982878E+02   -0.1345200000E+01    0.1000000000E+01
        35    0.2606000000E+03    0.2131040130E+03   -0.2775000000E+00    0.3333000000E+00
        36    0.3535000000E+03    0.3452600330E+03    0.8241000000E+00    0.0000000000E+00
        37    0.1744500000E+03    0.1768036667E+03   -0.3531000000E+00    0.1000000000E+01
        38    0.2375000000E+03    0.2103109586E+03   -0.4351000000E+00    0.0000000000E+00
        39    0.1399000000E+03    0.1250997061E+03   -0.1230200000E+01    0.0000000000E+00
        40    0.2300000000E+03    0.2936252935E+03    0.3423000000E+00    0.0000000000E+00
        41    0.3116500000E+03    0.3252133540E+03    0.1031700000E+01    0.1000000000E+01
        42    0.3474000000E+03    0.3464991154E+03    0.9672000000E+00    0.3333000000E+00
