     Index              y_true              y_pred        descriptor_1        descriptor_2
         1    0.3366000000E+02    0.3539113384E+02   -0.3421222800E+00    0.3170039259E-02
         2    0.7350000000E+01    0.9005365923E+01    0.6742942600E+00   -0.1194157591E-02
         3    0.2613000000E+02    0.2342792375E+02    0.4814711000E+00    0.7866836400E-02
         4    0.4090000000E+02    0.3273517273E+02    0.6232737000E-01    0.8290786500E-02
         5    0.5650000000E+01    0.2560732448E+01    0.9966289900E+00   -0.8968829760E-03
         6    0.7980000000E+01    0.8266550032E+01    0.7810158800E+00    0.1238328800E-03
         7    0.4060000000E+01    0.3980211704E+01    0.9937037300E+00    0.2903108800E-03
         8    0.1000000000E+00    0.3591403051E+01    0.9964000000E+00    0.0000000000E+00
         9    0.2309000000E+02    0.2275653689E+02    0.3501979500E+00    0.4864126032E-02
        10    0.1470000000E+02    0.1572555978E+02    0.5356190600E+00    0.2129244390E-02
        11    0.1316000000E+02    0.5991559028E+01    0.6451509000E+00   -0.4365380250E-02
        12    0.5980000000E+01    0.5345291984E+01    0.9647134100E+00    0.9502874430E-03
        13    0.6070000000E+01    0.8791246377E+01    0.9566087800E+00    0.3813880000E-02
        14    0.2141000000E+02    0.2266319769E+02    0.4442689000E+00    0.6513643745E-02
        15    0.1262000000E+02    0.1360681398E+02    0.1051195600E+00   -0.7645321260E-02
        16    0.2280000000E+01   -0.2955990997E+00    0.1199752510E+01    0.3438187020E-03
        17    0.1128000000E+02    0.7490512240E+01    0.7505100700E+00   -0.1116020400E-02
        18    0.1546000000E+02    0.1346161587E+02    0.5724176000E+00    0.8270966550E-03
        19    0.4360000000E+01    0.5761359560E+01    0.9130748900E+00    0.3637800000E-03
        20    0.2218000000E+02    0.1929882750E+02    0.3250264700E+00    0.1377899098E-02
        21    0.9540000000E+01    0.9240579515E+01    0.7527744600E+00    0.4557021960E-03
        22    0.2455000000E+02    0.1689099968E+02    0.6695578800E+00    0.5612950998E-02
        23    0.1040000000E+01   -0.7254090653E+00    0.7755880800E+00   -0.7837560576E-02
        24    0.3600000000E+01    0.6300816246E+01    0.7931882500E+00   -0.1370773408E-02
        25    0.4200000000E+00    0.4977428796E+01    0.7041818900E+00   -0.4165709814E-02
        26    0.6650000000E+01    0.1518774299E+02    0.7565398400E+00    0.5724492800E-02
        27    0.1560000000E+01   -0.1629093032E+01    0.1290376400E+01    0.8456574000E-03
        28    0.3140000000E+01    0.5425451237E+00    0.1238657460E+01    0.1792534080E-02
        29    0.2600000000E+01    0.5551184559E+01    0.9032920000E+00    0.0000000000E+00
        30    0.4390000000E+01    0.5785509848E+01    0.8626103900E+00   -0.5437690600E-03
        31    0.6140000000E+01    0.5562728503E+01    0.9979220400E+00    0.1751503720E-02
        32    0.2977000000E+02    0.3222092097E+02   -0.1038719000E+00    0.4782735360E-02
        33    0.1337000000E+02    0.2197513926E+02    0.1121447900E+00   -0.1997633280E-03
        34    0.4660000000E+01    0.6721585241E+01    0.8688434800E+00    0.3893281920E-03
        35    0.3850000000E+02    0.3090435313E+02   -0.2665894600E+00    0.6373050840E-03
        36    0.2305000000E+02    0.2262510069E+02   -0.6284733000E-01   -0.2851772378E-02
        37    0.1925000000E+02    0.1967512881E+02    0.2675053200E+00    0.6483707520E-03
        38    0.1012000000E+02    0.1228374708E+02    0.6128116600E+00    0.5406508800E-03
        39    0.2492000000E+02    0.3123297239E+02    0.5628876000E-01    0.6866315190E-02
        40    0.2213000000E+02    0.2041340212E+02    0.1550411100E+00   -0.7757709960E-03
        41    0.7530000000E+01    0.9812931477E+01    0.7137185600E+00    0.2373806400E-03
        42    0.4810000000E+01    0.5054270387E+01    0.1051317540E+01    0.2289568248E-02
