Model_ID, [(c_i,i=0,n)_j,j=1,ntask]
           1    0.6023111889E+02    0.4030624575E+02   -0.6284671023E+03
           2    0.5913015431E+02    0.3796445776E+02   -0.6784572479E+03
           3    0.6658205479E+02    0.4430932413E+02   -0.6763297833E+03
           4    0.7878816821E+02   -0.3906309149E+02    0.4035021808E+03
           5    0.7702271392E+02    0.3463862237E+02    0.1949413899E+04
           6    0.6789601284E+02    0.4660088758E+02   -0.6109328071E+03
           7    0.7836532687E+02   -0.5413964737E+02   -0.8027583382E+03
           8    0.7826995040E+02   -0.5390045738E+02   -0.8073603802E+03
           9    0.5877708260E+02    0.3805002509E+02   -0.6842847184E+03
          10    0.8084560011E+02   -0.5822847398E+02    0.1641942024E+04
          11    0.6027388737E+02    0.3861423770E+02   -0.7776726361E+03
          12    0.5980368252E+02    0.4028208730E+02   -0.6278801632E+03
          13    0.5883647845E+02    0.3772767624E+02   -0.6793216798E+03
          14    0.9263062314E+02   -0.5603564268E+02   -0.1051824604E+04
          15    0.5985170450E+02    0.3990889360E+02   -0.6223536317E+03
          16    0.7819867702E+02   -0.5679613121E+02   -0.1963516809E+03
          17    0.5207305771E+02   -0.3968858389E+02    0.2672388006E+03
          18    0.6233472460E+02    0.4322143272E+02    0.4495233912E+03
          19    0.6863607173E+02    0.2364414400E+02    0.1987104685E+04
          20    0.7705368963E+02   -0.4912489647E+02    0.3222229231E+03
          21    0.7711047160E+02   -0.4931652264E+02    0.3219797729E+03
          22    0.6862342446E+02    0.2354900951E+02    0.1989290179E+04
          23    0.5250164938E+02   -0.4134047601E+02    0.1618134089E+04
          24    0.8233631067E+02    0.3117251576E+02    0.1777601946E+04
          25    0.7910622767E+02    0.5424945864E+02    0.1657023069E+04
          26    0.7451645206E+02   -0.4823858112E+02   -0.1223881647E+03
          27    0.7947227710E+02    0.5528910858E+02    0.1654128581E+04
          28    0.7995145292E+02    0.5631535435E+02    0.1658488705E+04
          29    0.8465999946E+02   -0.7221523868E+02   -0.2959727622E+03
          30    0.7457406215E+02   -0.4842737920E+02   -0.1223042468E+03
          31    0.7977452424E+02   -0.5611779493E+02    0.1653015305E+04
          32    0.6943225359E+02    0.2831460686E+02    0.2015937096E+04
          33    0.5233497678E+02   -0.3998070265E+02    0.3953947636E+03
          34    0.6779270928E+02    0.4497283981E+02   -0.7705435753E+03
          35    0.8109067459E+02   -0.5928139444E+02    0.1415731453E+04
          36    0.5669117582E+02    0.3454488084E+02    0.5689490944E+03
          37    0.5277091560E+02   -0.4007598991E+02    0.3925224282E+03
          38    0.5245455502E+02   -0.4010127903E+02    0.3967438995E+03
          39    0.5281178454E+02   -0.3995247935E+02    0.3933149008E+03
          40    0.5264978037E+02   -0.3907173141E+02    0.3959053549E+03
          41    0.7954328382E+02   -0.5584405936E+02    0.1646371735E+04
          42    0.8378491918E+02   -0.5050188838E+02   -0.6368234728E+03
          43    0.7938307160E+02    0.5521410272E+02    0.1657063118E+04
          44    0.7778555128E+02   -0.5429391155E+02   -0.6157284873E+03
          45    0.5860069917E+02    0.3812384575E+02   -0.6821216170E+03
          46    0.5861408118E+02    0.3799912164E+02   -0.6807583387E+03
          47    0.5848958354E+02    0.3824856333E+02   -0.6800924777E+03
          48    0.5951377992E+02    0.4052901677E+02   -0.6254557077E+03
          49    0.7708357548E+02   -0.5568620766E+02    0.2158833873E+03
          50    0.5277127473E+02   -0.3919223636E+02    0.3973467716E+03
          51    0.7783334615E+02   -0.5444560731E+02   -0.6083737863E+03
          52    0.5281263597E+02   -0.4035439233E+02    0.1613488732E+04
          53    0.7747353827E+02   -0.3694066978E+02   -0.3165062048E+03
          54    0.8134153757E+02   -0.5768224177E+02    0.1790648540E+04
          55    0.5225140456E+02   -0.3991303406E+02    0.3931316078E+03
          56    0.5962746190E+02    0.4038727100E+02   -0.6267560796E+03
          57    0.5857902439E+02    0.3822624192E+02   -0.6831562125E+03
          58    0.8120995148E+02   -0.6086336126E+02    0.5918901668E+03
          59    0.8010746881E+02   -0.4154843430E+02   -0.1928309867E+03
          60    0.5472118514E+02    0.3761185765E+02    0.1730484257E+04
          61    0.5251109782E+02   -0.4084701269E+02    0.3918594828E+03
          62    0.7973161958E+02    0.5588910112E+02    0.1657624436E+04
          63    0.5961157530E+02    0.4051211541E+02   -0.6282395347E+03
          64    0.7565199633E+02   -0.5688410377E+02   -0.1602144226E+03
          65    0.5963330641E+02    0.4023632840E+02   -0.6248576639E+03
          66    0.5258490055E+02   -0.4025839101E+02    0.3922883442E+03
          67    0.7596909660E+02    0.2180204512E+02    0.1821444585E+04
          68    0.7785825798E+02   -0.4065008645E+02   -0.1959588777E+03
          69    0.7892646925E+02   -0.3932154160E+02    0.3577307423E+03
          70    0.5264435825E+02   -0.3682862750E+02   -0.1793901071E+03
          71    0.5305933150E+02   -0.4177017373E+02    0.6522691780E+03
          72    0.9263732417E+02    0.2573481631E+02    0.1889867481E+04
          73    0.7390526428E+02   -0.3844481684E+02   -0.5742503124E+03
          74    0.5884667808E+02    0.3695752377E+02   -0.6737546693E+03
          75    0.5256486193E+02   -0.3900319573E+02    0.3935585033E+03
          76    0.5683598890E+02    0.3676104900E+02   -0.6563875662E+03
          77    0.5881975320E+02   -0.3716800102E+02   -0.6725963342E+03
          78    0.5269974738E+02   -0.4194681848E+02    0.5266127708E+03
          79    0.7928839387E+02    0.5552755928E+02    0.1639533673E+04
          80    0.9558197679E+02    0.2514310399E+02   -0.3702429366E+03
          81    0.5298462078E+02   -0.4203844235E+02    0.5235064666E+03
          82    0.5493348097E+02    0.3654792587E+02    0.4289520206E+03
          83    0.7828977571E+02   -0.3851846410E+02    0.3929714194E+03
          84    0.9342677689E+02    0.2638757676E+02    0.1662043151E+04
          85    0.5290367022E+02   -0.3934783482E+02    0.3929515718E+03
          86    0.7517796220E+02   -0.4847326821E+02    0.5444189151E+03
          87    0.5242283720E+02   -0.4006976127E+02    0.3929431606E+03
          88    0.5868299553E+02    0.3792189331E+02   -0.6829903833E+03
          89    0.5485402916E+02    0.3652059625E+02    0.4280702647E+03
          90    0.7993303375E+02   -0.5240360966E+02   -0.3175600477E+03
          91    0.5246281477E+02   -0.3993687807E+02    0.3942267278E+03
          92    0.7510521813E+02   -0.4826104466E+02    0.5433626279E+03
          93    0.7961006165E+02    0.5631748925E+02    0.1634487178E+04
          94    0.5301665231E+02   -0.4192990884E+02    0.5200182758E+03
          95    0.7922642791E+02    0.5557249193E+02    0.1633869263E+04
          96    0.5282505046E+02   -0.3989479610E+02    0.3914967664E+03
          97    0.5274155492E+02   -0.4171139869E+02    0.6544274081E+03
          98    0.7481301456E+02    0.5177987058E+02   -0.3119217804E+03
          99    0.5244017282E+02   -0.4048651277E+02   -0.3896546447E+03
         100    0.7908222758E+02    0.5593153002E+02    0.1617704304E+04
