        Rank        RMSE       MaxAE  Feature_ID
           1    9.197575   31.772955  (    1494   10058)
           2    9.267816   27.524205  (    6272   12652)
           3    9.295595   31.554110  (    7486   10530)
           4    9.298189   30.694271  (    1861   10058)
           5    9.308075   25.326401  (     104   11421)
           6    9.315902   28.063275  (     433   19900)
           7    9.328225   30.287199  (     475   16938)
           8    9.349134   29.130010  (      46   10220)
           9    9.358851   29.233800  (     189   10282)
          10    9.363791   28.997594  (    1184   19900)
          11    9.368283   27.356218  (     850   10159)
          12    9.376213   28.263638  (      46   10484)
          13    9.376968   28.283434  (     755   19900)
          14    9.377252   30.339011  (    4692   10530)
          15    9.381925   30.178048  (    8231   10304)
          16    9.391616   28.926855  (      46   11034)
          17    9.391820   25.104793  (     409   10058)
          18    9.398857   27.958917  (      46   10282)
          19    9.401900   26.738656  (     388   13100)
          20    9.402194   19.918260  (    7151   11421)
          21    9.402831   28.893947  (      46   10937)
          22    9.409390   27.856125  (     761   10258)
          23    9.417166   28.485892  (      46   11589)
          24    9.420163   28.863777  (      46   10884)
          25    9.421955   32.909219  (      11   10006)
          26    9.424962   27.280453  (     850   10632)
          27    9.425470   32.973019  (      12   10006)
          28    9.426923   25.880660  (     433   17999)
          29    9.436429   26.250395  (     437   15406)
          30    9.437289   26.805019  (     944   15406)
          31    9.437715   28.044211  (    1382   19900)
          32    9.438030   28.617823  (     404   19900)
          33    9.441760   24.567453  (     967   10058)
          34    9.452763   28.671261  (      46   10304)
          35    9.453561   32.216508  (    5696   10530)
          36    9.455533   29.143852  (     850   10258)
          37    9.457476   30.736846  (    8231   10220)
          38    9.458786   25.377762  (    1054   19900)
          39    9.459651   27.783376  (     761   12453)
          40    9.460085   32.656163  (    6398   10530)
          41    9.464267   28.844118  (    9023   10159)
          42    9.464297   28.588180  (    2298   13100)
          43    9.467448   28.351883  (    1174   10282)
          44    9.468681   30.416716  (     314   10258)
          45    9.474694   26.278257  (     500   13100)
          46    9.475913   32.579149  (    6383   10530)
          47    9.476962   26.483778  (     404   17999)
          48    9.478994   26.995864  (    3449   10258)
          49    9.484008   26.867271  (     388   11692)
          50    9.485563   26.369784  (    2398   19900)
          51    9.485872   26.925347  (    3449   12453)
          52    9.486883   26.668255  (    3780   10258)
          53    9.486883   29.713351  (     112   19900)
          54    9.489443   26.766873  (    1184   17999)
          55    9.492679   29.767560  (    8231   10484)
          56    9.492985   26.679904  (     687   19900)
          57    9.498294   28.062245  (     397   10039)
          58    9.500839   29.007044  (    1142   11827)
          59    9.504290   26.771968  (    7680   10159)
          60    9.504652   31.214066  (    5640   10058)
          61    9.504912   25.478027  (    2191   12453)
          62    9.510694   26.374944  (     680   13100)
          63    9.513570   28.452562  (      46   10131)
          64    9.513606   26.328361  (     714   13100)
          65    9.515956   30.434854  (    8231   10937)
          66    9.516816   30.470087  (    8231   11034)
          67    9.517025   26.084052  (     755   17999)
          68    9.517874   27.009309  (    1078   10159)
          69    9.519159   26.772255  (    9321   10159)
          70    9.522344   27.076070  (    4891   10159)
          71    9.523122   30.402289  (    8231   10884)
          72    9.524351   28.777208  (    9023   10632)
          73    9.524474   25.934187  (    1948   15406)
          74    9.524501   26.279056  (     775   13100)
          75    9.524553   27.481220  (    3317   19900)
          76    9.525110   32.740322  (    1977   10039)
          77    9.528338   24.481562  (     917   19900)
          78    9.529555   23.391316  (    7560   11421)
          79    9.532241   26.790765  (    3083   10159)
          80    9.534359   26.493431  (    2191   13100)
          81    9.534408   23.371278  (     261   18927)
          82    9.534454   26.908333  (    6356   10159)
          83    9.535322   28.651763  (    7629   10632)
          84    9.536613   26.690106  (    5238   10039)
          85    9.539861   25.082573  (     805   19900)
          86    9.540977   31.392698  (    3922   10864)
          87    9.542560   25.988891  (    1950   15406)
          88    9.542677   26.827725  (    6102   10159)
          89    9.543542   26.231399  (     875   13100)
          90    9.544344   33.262259  (      17   10006)
          91    9.545451   26.760927  (      55   17866)
          92    9.545694   27.872311  (      46   12198)
          93    9.548179   30.582900  (    1400   16938)
          94    9.548855   25.838338  (     872   19900)
          95    9.549731   27.780022  (    3780   11692)
          96    9.549739   26.913733  (    6783   10159)
          97    9.550603   30.258342  (     132   16938)
          98    9.552693   27.915818  (     114   10159)
          99    9.552902   29.068542  (    1713   16938)
         100    9.556309   32.884576  (      20   10006)
