     Index              y_true              y_pred        descriptor_1        descriptor_2
         1    0.2490000000E+03    0.2738998646E+03    0.3805700400E+00   -0.1702440130E-01
         2    0.2466500000E+03    0.2635147994E+03    0.2541999600E+00    0.2424428778E-02
         3    0.4780000000E+03    0.4294816624E+03   -0.3904761600E+00   -0.5750015583E-02
         4    0.4010000000E+03    0.3689050496E+03   -0.3541058500E+00    0.1983117133E-01
         5    0.2561000000E+03    0.1945992461E+03    0.5487426000E+00    0.2768809826E-02
         6    0.2886400000E+03    0.3099163420E+03   -0.1264793600E+00    0.2290778791E-01
         7    0.4380000000E+03    0.4389881456E+03   -0.2461200000E+00   -0.2681102873E-01
         8    0.2401500000E+03    0.2491170643E+03    0.3794316300E+00   -0.4739187291E-02
         9    0.3334000000E+03    0.3580958321E+03   -0.7184408000E-01   -0.6930405395E-02
        10    0.4150000000E+03    0.3889652096E+03   -0.6658216000E-01   -0.2266947840E-01
        11    0.2480000000E+03    0.2309417181E+03    0.4194170400E+00   -0.3663636334E-03
        12    0.1588000000E+03    0.1608855235E+03    0.5150789200E+00    0.2312931858E-01
        13    0.3860000000E+03    0.3281920595E+03   -0.3730800000E-02    0.0000000000E+00
        14    0.5132000000E+03    0.5133972910E+03   -0.2790953000E+00   -0.5956269093E-01
        15    0.8950000000E+02    0.1119630812E+03    0.7637514600E+00    0.1887773744E-01
        16    0.2530000000E+03    0.2836930658E+03    0.5208476000E-01    0.1548627893E-01
        17    0.1743000000E+03    0.2026233332E+03    0.5384693900E+00    0.0000000000E+00
        18    0.2634000000E+03    0.3171378144E+03    0.4400094000E-01    0.0000000000E+00
        19    0.3602000000E+03    0.3557324575E+03   -0.1511226000E+00    0.3234450890E-02
        20    0.2516000000E+03    0.2887787130E+03    0.1588600000E+00    0.8626709194E-03
        21    0.3674300000E+03    0.3385865867E+03   -0.1386126000E+00    0.1022338327E-01
        22    0.2720000000E+03    0.2246546813E+03    0.2785123800E+00    0.1872344727E-01
        23    0.2744000000E+03    0.2681843667E+03    0.2381218000E+00    0.1960413955E-02
        24    0.3632000000E+03    0.3533192502E+03    0.1973548800E+00   -0.3516710633E-01
        25    0.4460000000E+03    0.4177830670E+03   -0.1049639500E+00   -0.3244458790E-01
        26    0.2566500000E+03    0.2436097918E+03    0.3614916800E+00    0.0000000000E+00
        27    0.3260000000E+03    0.3048228458E+03    0.1027865400E+00   -0.6372795332E-03
        28    0.9070000000E+02    0.9573696190E+02    0.1000000000E+01    0.0000000000E+00
        29    0.3380000000E+03    0.3870178919E+03   -0.3244273600E+00    0.7575549054E-02
        30    0.1693000000E+03    0.1910903332E+03    0.5847552000E+00    0.3990781260E-03
        31    0.3387000000E+03    0.4150111529E+03   -0.3988392600E+00    0.2297734889E-02
        32    0.4240000000E+03    0.3898805584E+03   -0.2255483100E+00   -0.5060726837E-02
        33    0.2680300000E+03    0.2788890192E+03   -0.7493190000E-01    0.3227108261E-01
        34    0.3450000000E+03    0.3994271410E+03    0.2974140000E-02   -0.3570226131E-01
        35    0.4920000000E+03    0.4947957503E+03   -0.5600302400E+00   -0.1852593778E-01
        36    0.3275000000E+03    0.3200917653E+03    0.3808205000E-01   -0.7765498509E-03
        37    0.9034100000E+02    0.8356164461E+02    0.1052572480E+01    0.0000000000E+00
        38    0.2561000000E+03    0.2645996402E+03    0.8886015000E-01    0.2067405959E-01
        39    0.3010000000E+03    0.2936884188E+03   -0.8016042000E-01    0.2560594974E-01
        40    0.3945000000E+03    0.3773054433E+03   -0.2131869300E+00   -0.2968553339E-03
        41    0.2396000000E+03    0.2448237371E+03    0.3790911600E+00   -0.2594646281E-02
        42    0.2990000000E+03    0.2676826794E+03    0.2466886400E+00    0.1233341787E-02
