        Rank        RMSE       MaxAE  Feature_ID
           1    3.169586    9.716937  (     878   15521)
           2    3.190862    9.656284  (    1249   15521)
           3    3.255033    6.733311  (    3058   15521)
           4    3.288975    7.344291  (     880   15521)
           5    3.293152   10.054007  (     179   15521)
           6    3.352627    8.502096  (     129   11641)
           7    3.396717    8.763929  (    1354   15521)
           8    3.398583    9.850225  (    2074   15521)
           9    3.403129   10.006186  (    1840   15521)
          10    3.411886    9.890451  (    2815   15521)
          11    3.414557   11.064374  (    1078   15521)
          12    3.421200    9.850173  (    3433   15521)
          13    3.429109    9.825876  (    3838   15521)
          14    3.429566    9.542837  (    3058   16480)
          15    3.439172    9.792005  (     129   12321)
          16    3.439254   10.307947  (    1732   15521)
          17    3.440578   10.284804  (    1200   15521)
          18    3.443261   10.986091  (    1689   15521)
          19    3.443586   10.374994  (    4091   15521)
          20    3.445018   10.571000  (     151   11641)
          21    3.445939    9.980836  (    5628   15521)
          22    3.453284   11.939881  (    5135   15521)
          23    3.454037    9.940714  (    6503   15521)
          24    3.454385    7.557011  (    7622   15521)
          25    3.456508    8.070967  (    1212   15521)
          26    3.458450    9.959712  (    4213   15521)
          27    3.467789    9.989470  (    1810   15521)
          28    3.468107    9.012371  (    1212   16480)
          29    3.472060    9.480891  (    6053   15355)
          30    3.472119   10.409271  (    1127   15521)
          31    3.475073   10.464053  (    6308   15521)
          32    3.481863   10.507893  (    4523   15521)
          33    3.482040    9.724362  (    1109   15521)
          34    3.485961    8.114868  (    1802   15521)
          35    3.488764   10.870195  (    3729   16480)
          36    3.491675    9.876717  (    1691   15521)
          37    3.493016   10.658393  (    2005   15521)
          38    3.494336    9.357264  (    3444   11641)
          39    3.496474   11.504408  (    6200   15521)
          40    3.497637    8.515925  (    3058   11576)
          41    3.500315   11.089135  (    1476   15521)
          42    3.504228    8.961479  (    1802   16480)
          43    3.506740    9.757681  (    3444   12321)
          44    3.508529   11.407015  (    5572   15521)
          45    3.514956   10.207342  (    1085   18420)
          46    3.515398   10.576144  (    9283   15521)
          47    3.521467   10.807916  (    1085   19874)
          48    3.523095   10.207926  (     151   12321)
          49    3.529348    9.464576  (    6053   10854)
          50    3.534746   10.356985  (    3729   15521)
          51    3.538442   11.331315  (    5018   15521)
          52    3.538536   10.291257  (     175   12321)
          53    3.541864   10.797318  (    4589   18148)
          54    3.542950   10.047160  (    2456   15521)
          55    3.546257   10.737528  (     847   15521)
          56    3.551395   11.235076  (     151   16584)
          57    3.551739    9.441099  (    5232   14293)
          58    3.551882    8.676711  (    9795   15521)
          59    3.552866   10.679391  (    1085   16268)
          60    3.554195   10.417994  (    9976   15521)
          61    3.557241   10.604227  (    9365   15521)
          62    3.557840   11.367400  (     220   15521)
          63    3.557899    9.662242  (     958   15521)
          64    3.558312   10.096989  (    6613   15355)
          65    3.559469   11.404661  (    5324   15521)
          66    3.563392   11.400046  (    1085   11990)
          67    3.564139    9.283408  (    1212   11576)
          68    3.568004   10.701151  (     175   11641)
          69    3.568307   10.989205  (     151   10093)
          70    3.571870    8.766026  (    3058   14578)
          71    3.572849   10.309247  (    3729   11576)
          72    3.575007   10.741544  (     958   16480)
          73    3.575155    8.327248  (    5893   15732)
          74    3.575309   11.418522  (    4631   15521)
          75    3.575738   10.581933  (    9799   15521)
          76    3.576183   12.139065  (    8621   15521)
          77    3.580128   10.761738  (     928   15521)
          78    3.580951   10.667251  (    8846   15521)
          79    3.581635   11.845093  (     151   10267)
          80    3.586505    9.600405  (    9327   15521)
          81    3.588337   10.533435  (     151   10097)
          82    3.588422   10.784878  (    1085   18186)
          83    3.588491   11.214664  (    3477   15521)
          84    3.589721   10.609424  (    6318   15122)
          85    3.592110   11.145566  (    3025   15521)
          86    3.592332   10.773412  (    1217   15521)
          87    3.592588   11.318659  (    4552   15521)
          88    3.593455   11.420900  (    5449   15521)
          89    3.593688   11.196277  (    6092   15521)
          90    3.594255    8.236624  (    4912   15521)
          91    3.595077   10.097424  (    1395   18148)
          92    3.595152   11.337408  (    4821   15521)
          93    3.595204    9.231924  (    1802   11576)
          94    3.595822   10.856672  (    1769   15521)
          95    3.596258    7.975699  (    9845   15521)
          96    3.597146   10.570361  (    7284   15122)
          97    3.597571   12.349845  (     704   15521)
          98    3.597894    9.546886  (    5232   13106)
          99    3.599697   11.361726  (    5219   15521)
         100    3.599930    7.717049  (    8172   15521)
