        Rank        RMSE       MaxAE  Feature_ID
           1   32.234646  106.848888  (     146   10007)
           2   32.332524  107.545313  (     146   10006)
           3   32.357434  105.039231  (      59   10007)
           4   32.453730  109.742070  (     323   10007)
           5   32.465770  109.862321  (     322   10007)
           6   32.477752  108.996940  (     335   10007)
           7   32.482272  110.505491  (     323   10006)
           8   32.492956  110.626612  (     322   10006)
           9   32.494096  105.683462  (      59   10006)
          10   32.523062  103.974498  (      79   10007)
          11   32.531450  109.742621  (     335   10006)
          12   32.610204  106.726611  (     241   10185)
          13   32.637768   97.804831  (     384   10007)
          14   32.663206   98.517474  (     384   10006)
          15   32.687103  104.602229  (      79   10006)
          16   32.734009   87.861554  (    1725   10103)
          17   32.753094  115.199637  (    1103   10007)
          18   32.769268   96.336550  (      20   12433)
          19   32.776063  115.017945  (    1143   10007)
          20   32.827840  115.989024  (    1103   10006)
          21   32.852399  115.806081  (    1143   10006)
          22   32.877896  106.489454  (     224   10007)
          23   32.908218  103.563094  (      20   10103)
          24   32.908363  114.139485  (    1259   10007)
          25   32.913399  114.117241  (    1244   10007)
          26   32.932106   98.663836  (      73   12433)
          27   32.974997  107.183974  (     224   10006)
          28   32.975487   89.051311  (     742   10103)
          29   32.990736  114.920603  (    1259   10006)
          30   32.995595  114.897971  (    1244   10006)
          31   33.014393  104.832912  (      22   10101)
          32   33.043416  102.385557  (      22   10007)
          33   33.049247   99.021975  (     241   11349)
          34   33.058406   97.980123  (      79   10081)
          35   33.073165   97.785655  (     241   10114)
          36   33.095652  125.641546  (    4031   10007)
          37   33.103091  103.028382  (      22   10006)
          38   33.108115  126.557405  (    4031   10006)
          39   33.108984   87.897807  (     905   10103)
          40   33.120210   95.016632  (      79   10114)
          41   33.125616  113.735781  (    1454   10007)
          42   33.138265   92.522905  (    1725   10033)
          43   33.161926   97.211441  (     574   10007)
          44   33.165541   96.001061  (      59   10114)
          45   33.190391   97.922268  (     574   10006)
          46   33.200589   98.915794  (      59   10081)
          47   33.202212  100.455120  (    7908   10185)
          48   33.219972   93.665352  (     742   10033)
          49   33.229210  114.501917  (    1454   10006)
          50   33.233450   98.133676  (      79   10267)
          51   33.248031  112.891387  (    1610   10007)
          52   33.266836   98.807260  (      79   10261)
          53   33.283468   90.043124  (      78   12035)
          54   33.287671   91.102653  (    9352   12433)
          55   33.296634   99.106537  (      59   10267)
          56   33.319043   98.100248  (      79   10296)
          57   33.320668  103.212355  (      20   10183)
          58   33.320847  104.790795  (    1103   10114)
          59   33.321578   98.099776  (      79   10297)
          60   33.324139   98.099318  (      79   10298)
          61   33.327845  104.617947  (    1143   10114)
          62   33.339319   96.841064  (     384   10185)
          63   33.344355  114.409729  (    1103   10185)
          64   33.356524  102.371915  (      31   10007)
          65   33.357125  113.650950  (    1610   10006)
          66   33.358406   99.768929  (      59   10261)
          67   33.375715  102.514475  (      20   10081)
          68   33.378468  103.035624  (      31   10006)
          69   33.383971  114.215881  (    1143   10185)
          70   33.384672  103.806699  (    1259   10114)
          71   33.388236  103.791276  (    1244   10114)
          72   33.390626  109.159493  (     610   10007)
          73   33.401763   99.064538  (      59   10296)
          74   33.404726   99.063879  (      59   10297)
          75   33.405169   92.474220  (     905   10033)
          76   33.407714   99.063234  (      59   10298)
          77   33.411260  103.489420  (      22   10133)
          78   33.418838  109.923612  (     610   10006)
          79   33.420742   97.414127  (      79   10380)
          80   33.421042  115.145311  (    1791   10007)
          81   33.440148  108.267633  (     893   10007)
          82   33.446654   87.462206  (    1725   10183)
          83   33.462316   98.091941  (      79   10363)
          84   33.472303  104.134205  (      22   10129)
          85   33.473200  103.468032  (    1454   10114)
          86   33.475312   82.609205  (    2827   11089)
          87   33.487281   99.355903  (      59   11173)
          88   33.487423   99.548245  (      59   10106)
          89   33.494605   98.380820  (      59   10380)
          90   33.494658   98.346875  (      79   11173)
          91   33.496202  115.937472  (    1791   10006)
          92   33.503592  109.016612  (     893   10006)
          93   33.524540  102.688165  (    1610   10114)
          94   33.525285  113.477668  (    1619   10185)
          95   33.525609   98.313864  (      79   10842)
          96   33.536511  108.179842  (     241   10133)
          97   33.537102  113.297988  (    1244   10185)
          98   33.542345  113.313760  (    1259   10185)
          99   33.558936   98.534649  (      79   10106)
         100   33.560622  108.810440  (     961   10007)
