Model_ID, [(c_i,i=0,n)_j,j=1,ntask]
           1   -0.1572069246E+01    0.4353619241E+02    0.2604126599E+02
           2   -0.2481578709E+01    0.3784592418E+02    0.2268947792E+03
           3   -0.2470095222E+01    0.3779891460E+02    0.2272980162E+03
           4   -0.2018768052E+01    0.3671997352E+02    0.2319472884E+03
           5   -0.2493432692E+01    0.3785896656E+02    0.2261421430E+03
           6   -0.2199922285E+01    0.3696837802E+02    0.2308398733E+03
           7   -0.2124607629E+01    0.3686006806E+02    0.2300694630E+03
           8   -0.2367430921E+01    0.3735974260E+02    0.2280072633E+03
           9    0.1671400373E+02    0.2409274966E+02    0.2641750571E+03
          10   -0.1989614697E+01    0.2457154608E+02    0.2681405876E+03
          11   -0.2094560172E+01    0.3608690321E+02    0.3015026756E+03
          12   -0.2375130327E+01    0.3737835409E+02   -0.2274460339E+03
          13    0.1662700122E+02    0.2391671912E+02    0.2665412107E+03
          14   -0.1686589694E+01    0.3634229010E+02   -0.2970918159E+02
          15   -0.2157265466E+01    0.2474238675E+02    0.2631296206E+03
          16   -0.2147036970E+01    0.3692952990E+02    0.2216332421E+03
          17   -0.2553716632E+01    0.3758538768E+02    0.2272626133E+03
          18    0.2329053504E+01   -0.2362333786E+02    0.3618591809E+03
          19   -0.2530762958E+01    0.3754099745E+02    0.2274525535E+03
          20    0.2050466980E+00    0.4019094010E+02    0.3084406018E+02
          21   -0.2539426275E+01    0.2545510530E+02    0.2629435772E+03
          22   -0.2311997014E+01    0.3726185426E+02    0.2257523543E+03
          23   -0.2349157418E+01    0.3722194017E+02    0.2263707733E+03
          24    0.1703408672E+02    0.2283761933E+02    0.2555269409E+03
          25   -0.3119760934E+01    0.3818709117E+02    0.2309691434E+03
          26   -0.2582657363E+01    0.3774506063E+02    0.2211711863E+03
          27    0.3075340144E+01    0.2769211086E+02    0.3621480003E+03
          28   -0.2196261405E+01    0.2475224214E+02    0.2688749230E+03
          29   -0.2709154248E+01    0.5010208560E+02    0.1171445975E+02
          30   -0.2242558237E+01    0.3674540275E+02    0.3622517256E+03
          31   -0.2386326305E+01    0.2489726195E+02    0.2693654333E+03
          32   -0.2334124573E+01    0.3720474615E+02    0.2255815434E+03
          33    0.7562050050E-01    0.4570522536E+02   -0.2027564823E+02
          34   -0.2323925485E+01    0.3747235666E+02    0.2205207649E+03
          35   -0.2337151952E+01    0.3721167574E+02    0.2253754446E+03
          36    0.6619686861E+00    0.3979892357E+02   -0.9045368394E+01
          37   -0.2340255978E+01    0.3721887698E+02    0.2251588188E+03
          38   -0.3583901931E+01    0.5174886668E+02   -0.2052098307E+02
          39    0.3051599613E+01    0.2768766610E+02    0.3614917915E+03
          40   -0.2104396660E+01    0.2466116310E+02    0.2676613259E+03
          41   -0.2591297007E+01    0.4938707280E+02    0.1026524752E+02
          42   -0.2326522228E+01    0.3720587158E+02    0.2242222852E+03
          43   -0.1707905925E+01    0.3480721052E+02    0.2481625776E+03
          44    0.1624598790E+02    0.2149378845E+02    0.2813139003E+03
          45   -0.3824485011E+01    0.5131549054E+02   -0.1767359542E+02
          46   -0.2066662431E+01    0.2404882557E+02    0.3510906300E+03
          47   -0.3733538364E+01    0.5193253155E+02   -0.1619283583E+02
          48   -0.1847490163E+01    0.4893400787E+02    0.6350978864E+01
          49    0.1716355321E+02    0.2361957645E+02    0.2493856321E+03
          50   -0.2269450109E+01    0.3719984924E+02    0.2017897496E+03
          51   -0.2431118068E+01    0.4914317219E+02   -0.1034766834E+02
          52   -0.2395700756E+01    0.2506153318E+02   -0.2659725221E+03
          53    0.1607800411E+02    0.2203237769E+02    0.2683981806E+03
          54   -0.1234014024E+01    0.3629051869E+02    0.2253918896E+03
          55    0.1699248546E+02    0.2292628937E+02    0.2552003955E+03
          56   -0.2471785536E+01    0.3791563413E+02    0.2449862670E+03
          57    0.2152006092E+01    0.2381263334E+02    0.3613648787E+03
          58   -0.2189863706E+01    0.4901751677E+02    0.1134362549E+02
          59   -0.2403159018E+01    0.4980056227E+02   -0.1068653598E+02
          60   -0.3995665078E+01    0.5154390178E+02   -0.1784300866E+02
          61   -0.1511795225E+01    0.4703868111E+02    0.1223544108E+02
          62   -0.2123150777E+01    0.3679257221E+02   -0.2249224497E+03
          63    0.3692000756E+01    0.4532722334E+02    0.3555032962E+03
          64    0.3797739824E+01   -0.2648145983E+02    0.3594552220E+03
          65   -0.8693581798E+00    0.3592626279E+02    0.2266185951E+03
          66   -0.2391981288E+01    0.3726698659E+02    0.2210023434E+03
          67   -0.2251878458E+01    0.3742588566E+02   -0.2076561316E+03
          68    0.2359794204E+00    0.4518924541E+02   -0.2040833743E+02
          69   -0.3851928405E+01    0.5172229576E+02   -0.1949583306E+02
          70    0.3276576296E+01    0.2545890191E+02    0.3829393864E+03
          71    0.1697286798E+02    0.2299371017E+02    0.2547092635E+03
          72   -0.2320667579E+01    0.3696256957E+02    0.1973805831E+03
          73   -0.1748813434E+01    0.3718761612E+02    0.2229432455E+03
          74   -0.2255924112E+01    0.3747815455E+02   -0.2049372146E+03
          75   -0.2110692120E+01    0.4883951588E+02   -0.6098011593E+01
          76   -0.1038369282E+00    0.4068463283E+02    0.3109699244E+02
          77   -0.3576716918E+01    0.5177052074E+02   -0.1677016411E+02
          78   -0.2314550086E+01    0.3709909557E+02    0.2214535852E+03
          79   -0.1639973252E+01    0.3521857575E+02    0.3155318136E+03
          80   -0.1294783938E+01    0.4712109967E+02   -0.1139724234E+02
          81   -0.3140385307E+01    0.3908376868E+02   -0.2002117482E+03
          82   -0.2358415096E+01    0.2492401698E+02    0.2652083958E+03
          83   -0.1160792983E+01    0.4721641457E+02   -0.5963579373E+01
          84    0.4402486338E+00    0.4344535842E+02   -0.2208176045E+02
          85    0.2903521051E+01    0.2621456299E+02    0.3557345440E+03
          86   -0.7660958168E+00    0.3524517757E+02    0.2319579951E+03
          87   -0.3902501281E-01    0.4657963055E+02   -0.1921547003E+02
          88   -0.2112580245E+01    0.4741691492E+02   -0.1048305106E+02
          89   -0.1330498986E+01    0.4583599048E+02   -0.2030232727E+02
          90   -0.2096008361E+00    0.4674566101E+02   -0.1864690488E+02
          91   -0.1339584976E+01    0.4584184782E+02   -0.2025536164E+02
          92   -0.2204413167E+01    0.3707653674E+02    0.2165574315E+03
          93   -0.1177459133E+01    0.4703902443E+02   -0.1170222104E+02
          94   -0.1607682614E+01    0.2302313413E+02    0.2900289449E+03
          95   -0.2214514203E+01    0.4901750643E+02   -0.1127589861E+02
          96   -0.3497829151E+01    0.5053753675E+02   -0.1417061437E+02
          97   -0.2231036208E+01    0.2454388232E+02    0.4242770731E+03
          98   -0.2310740784E+01    0.2495039318E+02    0.2639584536E+03
          99   -0.2564885248E+01    0.2516949575E+02    0.2655189448E+03
         100   -0.2339194889E+01    0.2490610271E+02    0.2646336392E+03
