        Rank        RMSE       MaxAE  Feature_ID
           1    4.071702   10.980943  (     167   10306)
           2    4.086134   11.138337  (     167   10086)
           3    4.106245   11.253199  (      75   10306)
           4    4.126702   11.146518  (     147   10306)
           5    4.128141   11.203251  (      86   10306)
           6    4.128427   12.221421  (     157   11290)
           7    4.129619   11.131321  (     160   10306)
           8    4.130597   11.416970  (      75   10086)
           9    4.133404   11.174166  (     138   10306)
          10    4.133580   12.292031  (      75   11615)
          11    4.134762   12.219462  (      86   11615)
          12    4.135748   11.347717  (      86   10086)
          13    4.138531   12.666463  (     167   14260)
          14    4.142818   11.128966  (     194   10306)
          15    4.142906   12.673103  (      75   12867)
          16    4.143294   11.303281  (     147   10086)
          17    4.143938   12.183520  (     147   11615)
          18    4.145551   11.287741  (     160   10086)
          19    4.146428   12.170102  (     160   11615)
          20    4.146519   12.604181  (      86   12867)
          21    4.147674   11.845086  (      75   17804)
          22    4.148378   11.119418  (     259   10306)
          23    4.150059   11.215254  (     149   10306)
          24    4.150523   11.331062  (     138   10086)
          25    4.151346   12.208944  (     138   11615)
          26    4.152412   11.518812  (    6520   10306)
          27    4.154099   12.570765  (     147   12867)
          28    4.154521   11.546026  (     343   10306)
          29    4.156346   12.558266  (     160   12867)
          30    4.157936   11.284813  (     194   10086)
          31    4.158042   11.643514  (     167   17804)
          32    4.159491   12.169108  (     194   11615)
          33    4.160555   10.928208  (     167   10279)
          34    4.160781   12.013997  (    6820   10306)
          35    4.161571   12.594843  (     138   12867)
          36    4.165942   12.406538  (     240   10086)
          37    4.167007   11.403919  (     167   10449)
          38    4.167091   11.368538  (     618   10414)
          39    4.167143   11.364878  (     618   10410)
          40    4.167579   11.372072  (     149   10086)
          41    4.168501   11.486283  (     167   10347)
          42    4.168972   12.557756  (     194   12867)
          43    4.168999   12.247289  (     149   11615)
          44    4.169010   12.034470  (    1195   14260)
          45    4.169490   11.492133  (     167   10333)
          46    4.169729   11.504017  (     167   10339)
          47    4.170502   11.364110  (    6520   10279)
          48    4.170751   11.602139  (     618   10228)
          49    4.170980   11.619040  (     618   10231)
          50    4.171113   11.498542  (     167   10324)
          51    4.171693   12.964444  (      75   10128)
          52    4.173864   11.288435  (     259   10086)
          53    4.173951   11.496447  (    1195   10228)
          54    4.174095   11.513622  (    1195   10231)
          55    4.174350   12.761243  (     757   12706)
          56    4.174959   13.026578  (     167   10128)
          57    4.175070   11.754978  (     147   17804)
          58    4.175419   13.258867  (     240   10228)
          59    4.175593   11.495030  (    7242   10306)
          60    4.176266   12.147055  (     618   14260)
          61    4.176368   11.709485  (     343   10086)
          62    4.177143   12.984628  (     147   10128)
          63    4.177166   12.176694  (     259   11615)
          64    4.177219   13.275652  (     240   10231)
          65    4.178086   12.999192  (      86   10128)
          66    4.178818   11.600420  (     167   10056)
          67    4.179109   12.631371  (     149   12867)
          68    4.179278   12.982449  (     272   10066)
          69    4.179379   11.743213  (     160   17804)
          70    4.179663   11.778173  (     138   17804)
          71    4.179703   12.822613  (     272   10086)
          72    4.180663   13.405235  (    5119   16723)
          73    4.181715   12.978316  (     138   10128)
          74    4.181816   12.646192  (      86   12665)
          75    4.182060   12.983422  (     160   10128)
          76    4.182946   12.872128  (      52   10086)
          77    4.183809   11.640161  (     167   11608)
          78    4.184436   11.811635  (      86   17804)
          79    4.184851   12.390534  (    3109   12573)
          80    4.185023   11.192783  (      75   10279)
          81    4.185058   12.124212  (     167   11615)
          82    4.185275   12.565392  (     259   12867)
          83    4.185646   12.274386  (     643   14260)
          84    4.186751   11.725071  (     259   17804)
          85    4.187508   12.740842  (     211   10231)
          86    4.188219   11.386206  (    3212   13356)
          87    4.188803   12.726492  (     211   10228)
          88    4.189047   12.438827  (     626   10086)
          89    4.189252   11.689557  (      75   14206)
          90    4.189511   12.243249  (    2344   12573)
          91    4.189797   12.021966  (     407   11615)
          92    4.190275   12.384356  (      65   11615)
          93    4.190896   12.436731  (     407   10817)
          94    4.191453   11.531927  (      65   10086)
          95    4.192141   11.338630  (    7242   10279)
          96    4.192957   11.547385  (     618   13356)
          97    4.193231   11.743284  (     194   17804)
          98    4.193386   12.648447  (      91   10086)
          99    4.193442   12.616931  (     147   12665)
         100    4.193448   11.813663  (     149   17804)
