Model_ID, [(c_i,i=0,n)_j,j=1,ntask]
           1    0.3581306194E+03    0.2593965357E+03    0.1585846609E+03
           2    0.3601448332E+03    0.2587521757E+03    0.1493911997E+03
           3    0.3608113774E+03    0.2649478528E+03    0.1494945743E+03
           4    0.3705988472E+03    0.2789695265E+03    0.1662418307E+03
           5    0.3970630484E+03    0.3399557748E+03   -0.1335529304E+03
           6    0.3269826019E+03   -0.2392285960E+03    0.7792639920E+03
           7    0.3987104204E+03    0.3339533844E+03   -0.1429910619E+03
           8    0.3852366443E+03    0.1360144705E+03    0.1117556627E+04
           9    0.3553992098E+03    0.2574082633E+03    0.2389844947E+03
          10    0.3809671261E+03    0.1358366199E+03    0.1114060233E+04
          11    0.3339900841E+03    0.2146978661E+03    0.1503380624E+04
          12    0.3960114665E+03    0.3320143648E+03    0.1364720349E+03
          13    0.3499436189E+03    0.2264932843E+03    0.1109373165E+04
          14    0.3490781827E+03    0.2211168623E+03    0.1052244473E+04
          15    0.3289905808E+03   -0.2465946819E+03    0.7262915291E+03
          16    0.3588088250E+03    0.2640360192E+03    0.2201108414E+03
          17    0.3973385751E+03    0.3317903914E+03    0.1411928896E+03
          18    0.3100443155E+03    0.1916673458E+03    0.1143512255E+04
          19    0.3793352928E+03    0.2960328379E+03   -0.1141347990E+03
          20    0.3261817834E+03   -0.2401993043E+03    0.7773303157E+03
          21    0.3455402443E+03    0.2140618060E+03    0.1034047808E+04
          22    0.3005230109E+03    0.1938707934E+03    0.1547462139E+04
          23    0.3895507414E+03    0.6981499392E+02    0.1125497564E+04
          24    0.3361844841E+03    0.2092621297E+03    0.1491151542E+04
          25    0.2977573181E+03    0.7710389816E+02    0.1800295740E+03
          26    0.3461285406E+03    0.2187043324E+03    0.1081521008E+04
          27    0.3280586091E+03    0.2770152720E+03    0.3307492475E+03
          28    0.3759978259E+03    0.1310695045E+03    0.1080199869E+04
          29    0.3577566113E+03    0.2630289523E+03    0.1515715448E+03
          30    0.3578997770E+03    0.2627546251E+03    0.1515435610E+03
          31    0.3911405405E+03    0.3331429489E+03    0.1199413738E+03
          32    0.3293579514E+03    0.2847699453E+03    0.3244421844E+03
          33    0.3678362157E+03    0.1555098825E+03    0.1170095167E+04
          34    0.3298437009E+03    0.2792601660E+03    0.3314809212E+03
          35    0.3581049989E+03    0.2625682897E+03    0.1509844696E+03
          36    0.3749356488E+03    0.3247417958E+03    0.1126297355E+03
          37    0.3603881014E+03    0.2682019073E+03    0.1428541393E+03
          38    0.3385092735E+03    0.2111202240E+03    0.1557953969E+04
          39    0.3605214804E+03    0.2679410439E+03    0.1428395566E+03
          40    0.3502902439E+03    0.1537777553E+03    0.3205290504E+03
          41    0.3495110664E+03    0.1500100415E+03    0.3391404924E+03
          42    0.3607021743E+03    0.2677425153E+03    0.1423773738E+03
          43    0.3254411202E+03    0.2778831030E+03    0.3196728114E+03
          44    0.3608547858E+03    0.2685662508E+03   -0.1414339129E+03
          45    0.3584201098E+03    0.2577900784E+03    0.1449991310E+03
          46    0.3282467162E+03   -0.2475138868E+03    0.7230617981E+03
          47    0.3576002113E+03    0.2525555428E+03    0.1424685973E+03
          48    0.3391950372E+03    0.2145756670E+03    0.5238226138E+03
          49    0.3457330990E+03    0.2216187260E+03    0.1006267085E+04
          50    0.3360951362E+03    0.2117996034E+03    0.1616664290E+04
          51    0.3588903535E+03    0.2236716420E+03    0.1115103635E+04
          52    0.3609033687E+03    0.2630337507E+03    0.1370366462E+03
          53    0.3419658401E+03    0.2236998194E+03    0.6188800092E+03
          54    0.3581705903E+03    0.2142280361E+03    0.1065228263E+04
          55    0.3259190146E+03    0.2809565908E+03    0.3214300048E+03
          56    0.3265168981E+03   -0.2421190444E+03    0.7473797851E+03
          57    0.3880993221E+03    0.3338231786E+03    0.1047741040E+03
          58    0.3275667344E+03    0.2800514511E+03    0.3225145066E+03
          59    0.3800044005E+03    0.1311151004E+03    0.1075742569E+04
          60    0.2994991764E+03   -0.1972267467E+03    0.1525968900E+04
          61    0.3406211194E+03    0.2281020733E+03    0.6310034949E+03
          62    0.3394036786E+03    0.2206380339E+03    0.5931045462E+03
          63    0.3415207409E+03    0.2159996286E+03    0.2689250976E+03
          64    0.4019553369E+03    0.3321860101E+03   -0.1553793917E+03
          65    0.3275060204E+03    0.2798951160E+03    0.3224613591E+03
          66    0.3133878628E+03    0.1912371175E+03    0.7898751500E+02
          67    0.3384396373E+03    0.2185082945E+03    0.5561168696E+03
          68    0.3583206609E+03    0.2641416820E+03    0.1473273708E+03
          69    0.3609298316E+03    0.2693178375E+03    0.1392147181E+03
          70    0.3380685046E+03    0.2248061725E+03    0.6043211277E+03
          71    0.3805172030E+03    0.7376708692E+02    0.1104149159E+04
          72    0.3381707892E+03    0.2840950528E+03   -0.1513785771E+03
          73    0.3561125453E+03    0.1552961637E+03    0.1124334696E+04
          74    0.3143653081E+03    0.7763813248E+02    0.1790739975E+03
          75    0.3274450734E+03    0.2797307656E+03    0.3224105162E+03
          76    0.3401761469E+03    0.2163132774E+03    0.5553318146E+03
          77    0.3404301382E+03   -0.2130727048E+03    0.2893357128E+03
          78    0.3842927424E+03    0.6736957625E+02    0.1096949568E+04
          79    0.3559733140E+03    0.1554074110E+03    0.1169416968E+04
          80    0.3411429124E+03    0.2136499532E+03    0.2796008124E+03
          81    0.3740564473E+03    0.1347167714E+03    0.1056989362E+04
          82    0.3579608176E+03    0.1140966751E+03    0.1105781892E+04
          83    0.3474680309E+03    0.2167014666E+03    0.1073806907E+04
          84    0.3513706961E+03    0.2159037189E+03    0.1107543667E+04
          85    0.3293019378E+03    0.2822601823E+03    0.3230277662E+03
          86    0.3271752980E+03    0.2767883268E+03   -0.3464382959E+03
          87    0.3830763868E+03    0.3012562364E+03   -0.1328015625E+03
          88    0.3526767419E+03    0.2427629534E+03    0.8426346664E+03
          89    0.3448186227E+03    0.2114725723E+03    0.6935878631E+03
          90    0.3511525874E+03    0.2240369949E+03    0.1088472284E+04
          91    0.3427084084E+03    0.2190560018E+03    0.5775429649E+03
          92    0.3282216286E+03    0.2784558662E+03    0.3232185740E+03
          93    0.3440250388E+03    0.2111438222E+03    0.6702489857E+03
          94    0.3428468120E+03    0.1203626695E+03    0.1580205872E+04
          95    0.3371723108E+03    0.2223355162E+03    0.5648595352E+03
          96    0.3292401018E+03    0.2820993747E+03    0.3229427560E+03
          97    0.3477980081E+03    0.2190843774E+03    0.9932996050E+03
          98    0.3082963886E+03    0.1901498820E+03    0.7398618850E+02
          99    0.3561970830E+03    0.1498405672E+03    0.5079173432E+04
         100    0.3445181631E+03    0.2124990150E+03    0.9817544397E+03
