Model_ID, [(c_i,i=0,n)_j,j=1,ntask]
           1    0.4748704107E+02   -0.5400708420E+02    0.2470030102E+03
           2    0.4661132055E+02   -0.5429799525E+02    0.2652381245E+03
           3    0.5181859391E+02    0.3203939198E+02    0.5835015121E+03
           4    0.3069927613E+02   -0.3032798619E+02    0.6474839072E+03
           5    0.3528782356E+02   -0.3819143805E+02    0.5608185906E+03
           6    0.3518165832E+02   -0.3780630471E+02    0.6180302408E+03
           7    0.4594638958E+02   -0.5253429171E+02    0.2758316111E+03
           8    0.3079545430E+02   -0.3053014823E+02    0.5811131998E+03
           9    0.5141302874E+02    0.3255107656E+02    0.5846897651E+03
          10    0.3136980402E+02    0.1979901592E+02    0.6708019277E+03
          11    0.5312091018E+02    0.2971874357E+02    0.5662350093E+03
          12    0.4638533294E+02   -0.5213833480E+02    0.2552800484E+03
          13    0.3146077810E+02    0.1997057521E+02    0.6051390337E+03
          14    0.5147789958E+02    0.3155345703E+02    0.6339640524E+03
          15    0.3267730815E+02   -0.2832360130E+02    0.5936986484E+03
          16    0.4838900386E+02   -0.5430345354E+02    0.2396820020E+03
          17    0.1462398176E+02    0.2310024372E+02    0.6600203172E+03
          18    0.1132418834E+02    0.2632565470E+02    0.6744483918E+03
          19    0.1678924130E+02    0.2368891586E+02    0.6702793917E+03
          20    0.1681147213E+02    0.2388565976E+02    0.6143468453E+03
          21    0.1497656358E+02    0.2861902195E+02    0.6471526702E+03
          22    0.1674241332E+02    0.2390581106E+02    0.6054267512E+03
          23    0.1771274087E+02    0.2950204879E+02    0.6591521420E+03
          24    0.5108179763E+02    0.3206549768E+02    0.6358934145E+03
          25    0.4548895243E+02   -0.4901175823E+02    0.5302916858E+03
          26    0.3506290368E+02    0.2355334056E+02    0.6592422147E+03
          27    0.2883210694E+02   -0.3187940588E+02    0.6350846888E+03
          28    0.4167680702E+02   -0.2263436461E+02    0.5571969386E+03
          29    0.4049339194E+02    0.4798346293E+02    0.5283799883E+03
          30    0.4056885014E+02   -0.2545699229E+02    0.7062666374E+03
          31    0.4751373263E+02   -0.5432786654E+02    0.2543672971E+03
          32    0.4168329400E+02    0.2262605408E+02    0.5579488046E+03
          33    0.4055021312E+02    0.2546546706E+02    0.7071600227E+03
          34    0.4539980378E+02   -0.4966847405E+02    0.5598133062E+03
          35    0.5275010080E+02    0.2923851042E+02    0.6125170704E+03
          36    0.1465378998E+02    0.2321868734E+02    0.5897181330E+03
          37    0.3262281118E+02   -0.2790749411E+02    0.6466248070E+03
          38    0.4285893748E+02   -0.2332237324E+02    0.5889601526E+03
          39    0.4267194152E+02   -0.2309728494E+02    0.6507777040E+03
          40    0.3458266353E+02   -0.3852178151E+02    0.5553618568E+03
          41    0.4141032427E+02    0.4917325427E+02    0.2832767553E+04
          42    0.4132649678E+02    0.4764014261E+02    0.2595394760E+04
          43    0.4118499768E+02    0.4847344675E+02    0.2828202886E+04
          44    0.1775778920E+02    0.2965370008E+02    0.5889528246E+03
          45    0.4143526440E+02   -0.2394940881E+02    0.6995983448E+03
          46    0.3583095387E+02   -0.3792121178E+02    0.6023359240E+03
          47    0.5273171198E+02    0.2998422631E+02    0.5648792767E+03
          48    0.3448406618E+02   -0.3815009250E+02    0.6129328260E+03
          49    0.2934736147E+02    0.3899437491E+02    0.5201339337E+03
          50    0.4135614763E+02    0.2402021539E+02    0.7019991588E+03
          51    0.4468996263E+02   -0.4941010856E+02    0.5619375969E+03
          52    0.4278447391E+02    0.2337356521E+02    0.5898476456E+03
          53    0.4148549580E+02    0.4910818156E+02    0.2756534533E+04
          54    0.4259838218E+02    0.2315047933E+02    0.6519937456E+03
          55    0.3736043382E+02    0.5017968974E+02    0.6171983937E+03
          56    0.2921010201E+02   -0.3099381892E+02    0.6688671906E+03
          57    0.5234798698E+02    0.3352228498E+02    0.6019539977E+03
          58    0.4150199684E+02   -0.2235007132E+02    0.6093469999E+03
          59    0.4581458318E+02   -0.5217107652E+02    0.2804996551E+03
          60    0.3519647633E+02    0.2367799575E+02    0.5892720313E+03
          61    0.1545269103E+02    0.2751938794E+02    0.6569092364E+03
          62    0.4576929098E+02   -0.5058671082E+02    0.2767082728E+03
          63    0.3939811783E+02   -0.2447091068E+02    0.6503595480E+03
          64    0.3937040961E+02    0.4788127713E+02    0.5490518632E+03
          65    0.3456722322E+02    0.4937046717E+02    0.6005215613E+03
          66    0.4150849415E+02    0.2234295284E+02    0.6103154524E+03
          67    0.4015842775E+02   -0.4796421210E+02    0.6431792626E+03
          68    0.3947239262E+02    0.2439630930E+02    0.6500410518E+03
          69    0.4061598153E+02   -0.2361634953E+02    0.6031344703E+03
          70    0.3007583828E+02   -0.2975043007E+02    0.5217518604E+03
          71    0.3125857693E+02    0.1891975814E+02    0.6707544721E+03
          72    0.4183466788E+02   -0.2439953811E+02    0.6458761826E+03
          73    0.1518279195E+02    0.2214494130E+02    0.6652004083E+03
          74    0.3049887363E+02   -0.2985625596E+02    0.6501297223E+03
          75    0.1511383066E+02    0.2863499694E+02    0.5706047095E+03
          76    0.2932368451E+02    0.3854949899E+02    0.5695612176E+03
          77    0.2198981371E+02    0.2567807238E+02    0.6571151750E+03
          78    0.4068799272E+02    0.2355159403E+02    0.6034843384E+03
          79    0.5279315168E+02   -0.3138514489E+02    0.4977906880E+03
          80    0.5164381759E+02    0.3337504370E+02    0.5441981309E+03
          81    0.2722985164E+02   -0.3279444599E+02    0.6685954748E+03
          82    0.3066171849E+02   -0.2978969761E+02    0.6486585574E+03
          83    0.3670728339E+02    0.4994557794E+02    0.5577777935E+03
          84    0.4181834210E+02    0.2440219051E+02    0.6464147605E+03
          85    0.3068034600E+02   -0.2975313155E+02    0.6434704398E+03
          86    0.3927612257E+02    0.4793880387E+02    0.5490918844E+03
          87    0.3757840137E+02    0.4779562772E+02    0.6315678647E+03
          88    0.3287051543E+02   -0.4047899910E+02    0.4574797835E+03
          89    0.3882468533E+02    0.4621896795E+02    0.5883393723E+03
          90    0.4074406398E+02    0.4807696408E+02    0.4778390116E+03
          91    0.2199282841E+02    0.2590385710E+02    0.5929924754E+03
          92    0.4243140621E+02   -0.4461505632E+02    0.6154522812E+03
          93    0.2864179967E+02    0.2984508158E+02    0.6463218878E+03
          94    0.4030954315E+02   -0.2303775947E+02    0.6463312480E+03
          95    0.3595520786E+02   -0.3807032743E+02    0.5360179724E+03
          96    0.3724373131E+02    0.5038376101E+02    0.6252471260E+03
          97    0.3467965889E+02    0.4964657837E+02    0.5372427207E+03
          98    0.3946797563E+02    0.3771107898E+02    0.5087890925E+03
          99    0.5731275047E+02    0.3220705286E+02    0.5391071385E+03
         100    0.1151817671E+02    0.2629436008E+02    0.5923657084E+03
