     Index              y_true              y_pred        descriptor_1        descriptor_2
         1    0.2138000000E+03    0.2285454156E+03    0.2333000000E+00    0.6732000000E-01
         2    0.1744500000E+03    0.1723260475E+03   -0.5697000000E+00   -0.6808320000E-02
         3    0.3958500000E+03    0.4110337906E+03    0.1739900000E+01   -0.7765110000E-01
         4    0.1832000000E+03    0.2189461242E+03   -0.1506000000E+00   -0.3185109000E-01
         5    0.2482000000E+03    0.2237375861E+03   -0.7068000000E+00   -0.2445042600E+00
         6    0.2443500000E+03    0.2188463462E+03    0.3898000000E+00    0.1579577200E+00
         7    0.8981300000E+02    0.9964224260E+02   -0.1488500000E+01   -0.6080100000E-01
         8    0.2362500000E+03    0.1981049245E+03    0.5300000000E-01    0.1163962800E+00
         9    0.1591000000E+03    0.1774878546E+03   -0.3478000000E+00    0.5194054000E-01
        10    0.7620000000E+02    0.7923537298E+02   -0.7323000000E+00    0.2795618800E+00
        11    0.2375000000E+03    0.2185339352E+03    0.3955000000E+00    0.1611082400E+00
        12    0.3410000000E+03    0.3480952256E+03    0.1768500000E+01    0.1645276000E+00
        13    0.1875850000E+03    0.2033564869E+03   -0.3330000000E+00   -0.3828927000E-01
        14    0.3590000000E+03    0.3861598371E+03    0.1722700000E+01    0.8068440000E-02
        15    0.3410000000E+03    0.3482503782E+03    0.1300800000E+01    0.0000000000E+00
        16    0.1984000000E+03    0.1919786557E+03    0.1110000000E-01    0.1243050800E+00
        17    0.3092000000E+03    0.2831992047E+03    0.7884000000E+00    0.6032008000E-01
        18    0.3137600000E+03    0.3104008569E+03    0.9714000000E+00    0.2413696000E-01
        19    0.2930000000E+03    0.2910442053E+03    0.5639000000E+00   -0.4731664000E-01
        20    0.2287000000E+03    0.2530737173E+03    0.6576000000E+00    0.1255870000E+00
        21    0.3670000000E+03    0.3858042060E+03    0.1546700000E+01   -0.5231775000E-01
        22    0.3525250000E+03    0.3531524595E+03    0.1493100000E+01    0.4933040000E-01
        23    0.4610000000E+03    0.3841999857E+03    0.1438600000E+01   -0.8429565000E-01
        24    0.3474000000E+03    0.3454254307E+03    0.1017400000E+01   -0.8892774000E-01
        25    0.2677000000E+03    0.2509600260E+03    0.3191000000E+00    0.1472008000E-01
        26    0.1399000000E+03    0.1471922335E+03   -0.1291300000E+01   -0.1670623200E+00
        27    0.1516000000E+03    0.1577452408E+03   -0.5272000000E+00    0.6187254000E-01
        28    0.2720000000E+03    0.3694243503E+03    0.1473900000E+01   -0.1742016000E-01
        29    0.4062400000E+03    0.4002864691E+03    0.1878500000E+01    0.1057820000E-01
        30    0.3116500000E+03    0.2944694781E+03    0.5867000000E+00   -0.5195828000E-01
        31    0.3124500000E+03    0.3144687147E+03    0.6869000000E+00   -0.9060093000E-01
        32    0.2800000000E+03    0.3004605174E+03    0.1409300000E+01    0.2143112400E+00
        33    0.2050000000E+02    0.3488836234E+02   -0.1996400000E+01    0.0000000000E+00
        34    0.3340000000E+03    0.3279560531E+03    0.1983600000E+01    0.3142169000E+00
        35    0.1338500000E+03    0.1648562658E+03   -0.1096100000E+01   -0.1637885500E+00
        36    0.4260000000E+03    0.4026703846E+03    0.1851800000E+01   -0.7574880000E-02
        37    0.2300000000E+03    0.2536073616E+03    0.9086000000E+00    0.2116083200E+00
        38    0.2195740000E+03    0.1734563052E+03   -0.5537000000E+00   -0.5368440000E-02
        39    0.3535000000E+03    0.3510068572E+03    0.1210700000E+01   -0.4175259000E-01
        40    0.2234200000E+03    0.2201673965E+03   -0.2033000000E+00   -0.5483016000E-01
        41    0.1839000000E+03    0.1677439151E+03   -0.3215000000E+00    0.9710130000E-01
        42    0.3540000000E+03    0.3166267787E+03    0.1040100000E+01    0.2525550000E-01
