Model_ID, [(c_i,i=0,n)_j,j=1,ntask]
           1    0.1519138003E+02    0.8138512848E+02    0.1919181850E+03
           2    0.1527729261E+02    0.8131031210E+02    0.1908583322E+03
           3    0.3581729407E+02   -0.2928127137E+02    0.1217123068E+03
           4    0.4815723224E+02   -0.3833256847E+02    0.1258997044E+03
           5    0.1527814519E+02    0.8108480053E+02    0.1898314685E+03
           6    0.1424175895E+02    0.8227569286E+02    0.1554162850E+03
           7    0.3603992950E+02    0.2874353302E+02    0.1435025918E+03
           8    0.3620973204E+02   -0.2887650879E+02    0.1423440639E+03
           9    0.1421321109E+02    0.8215021290E+02    0.1551840204E+03
          10    0.5299327564E+02   -0.3904157656E+02   -0.4041283917E+03
          11    0.4810196481E+02   -0.3762501314E+02    0.1470594687E+03
          12    0.4886118029E+02   -0.3870248523E+02    0.1277176397E+03
          13    0.4771841493E+02   -0.4126669206E+02    0.8584791518E+03
          14    0.1536305172E+02    0.8101214738E+02    0.1887793778E+03
          15    0.1430349049E+02    0.8208050870E+02    0.1543206719E+03
          16    0.4785431245E+02   -0.3807866421E+02    0.1248937933E+03
          17    0.4841269760E+02   -0.4160655424E+02    0.1638946531E+03
          18    0.5297847632E+02   -0.3912983810E+02    0.3879781649E+03
          19    0.5045515830E+02   -0.4126553056E+02    0.1597875796E+03
          20    0.1784264917E+02   -0.4348363554E+02    0.1296882474E+03
          21    0.4763003274E+02   -0.4115008318E+02    0.8556997453E+03
          22    0.1427477657E+02    0.8195598901E+02    0.1540910156E+03
          23    0.6884339835E+02   -0.6628821914E+02    0.8347094093E+03
          24    0.1197575589E+02    0.8835685251E+02   -0.2036884827E+03
          25    0.3310611313E+02   -0.3141028181E+02    0.2326641935E+03
          26    0.3307394792E+02    0.3138459069E+02    0.2330729763E+03
          27    0.3542822650E+02    0.2834631688E+02    0.1707888354E+03
          28    0.3547207680E+02   -0.2834920237E+02    0.1709502442E+03
          29    0.5311047297E+02   -0.3922877456E+02    0.3805148374E+03
          30    0.5310926401E+02   -0.3923070907E+02    0.3805660342E+03
          31    0.1768674925E+02   -0.4237024184E+02    0.1250358813E+03
          32    0.1196890154E+02    0.8837143465E+02   -0.2037793725E+03
          33    0.6903454191E+02   -0.6642464160E+02    0.8383836758E+03
          34    0.3601484595E+02   -0.2982384074E+02    0.1200098862E+03
          35    0.1819509252E+02   -0.7871621934E+02    0.1725618596E+03
          36    0.1823476320E+02   -0.7879650432E+02    0.1723138543E+03
          37    0.4754558953E+02   -0.4193621070E+02    0.6026987337E+03
          38    0.3531078294E+02    0.3219594844E+02    0.1683321669E+03
          39    0.1450777743E+02    0.8283031353E+02    0.2858935049E+03
          40    0.4476596437E+02   -0.4338115167E+02   -0.1618746281E+03
          41    0.3593562616E+02    0.2976380721E+02    0.1196925583E+03
          42    0.4989657336E+02    0.4391907122E+02   -0.2011653192E+03
          43    0.1447222060E+02    0.8272482243E+02    0.2856723431E+03
          44    0.1833377823E+02   -0.4179394768E+02    0.1464924616E+03
          45    0.5143748996E+02   -0.4887529035E+02   -0.2110698648E+03
          46    0.5155106257E+02   -0.4898973483E+02   -0.2118656902E+03
          47    0.4759691828E+02   -0.4006545559E+02    0.8516455341E+03
          48    0.4691370400E+02   -0.4053655670E+02    0.8361009320E+03
          49    0.4690421574E+02    0.4053128940E+02    0.8358670775E+03
          50    0.3567611900E+02    0.2898915585E+02    0.1206275809E+03
          51    0.4745616186E+02   -0.4181536618E+02    0.6006713725E+03
          52    0.3555765129E+02    0.2862806524E+02    0.1414005996E+03
          53    0.4686425481E+02    0.4050227299E+02    0.8348248441E+03
          54    0.4686247186E+02   -0.4050072305E+02    0.8347762003E+03
          55    0.4701322981E+02   -0.4055332090E+02    0.8382310085E+03
          56    0.3700036489E+02   -0.2846995791E+02    0.1319507338E+03
          57    0.3699564441E+02    0.2846791717E+02    0.1319263288E+03
          58    0.3560186958E+02   -0.2863283589E+02    0.1415608810E+03
          59    0.4835679313E+02   -0.3762211130E+02    0.1453022837E+03
          60    0.1201718232E+02    0.8799434067E+02   -0.2019718899E+03
          61    0.1456314139E+02    0.8264556514E+02    0.2839911200E+03
          62    0.4776376520E+02    0.3967867898E+02    0.8549275569E+03
          63    0.4751578009E+02   -0.4017546825E+02    0.8494403831E+03
          64    0.1452751524E+02    0.8254075106E+02    0.2837733000E+03
          65    0.4735117981E+02   -0.3923255898E+02   -0.2186076386E+03
          66    0.3651625900E+02   -0.2937860868E+02    0.1232573017E+03
          67    0.1549377679E+02    0.8165253413E+02   -0.3600596589E+03
          68    0.3435554532E+02    0.2800440403E+02    0.1678973460E+03
          69    0.4739450621E+02   -0.3931989766E+02   -0.2180058572E+03
          70    0.4744914682E+02   -0.4077009067E+02    0.8488273753E+03
          71    0.7266292216E+02    0.3263936903E+02   -0.1618787801E+03
          72    0.1201055425E+02    0.8800829093E+02   -0.2020611254E+03
          73    0.4961105110E+02   -0.4054113660E+02    0.1542869770E+03
          74    0.3343149597E+02   -0.3101681696E+02    0.2308944809E+03
          75    0.3340039349E+02    0.3099052980E+02    0.2312942629E+03
          76    0.3249302714E+02   -0.3493680967E+02    0.1795969357E+03
          77    0.1739712851E+02   -0.4359766943E+02    0.1096351822E+03
          78    0.3632395162E+02    0.2933684751E+02    0.1396925942E+03
          79    0.4743876300E+02   -0.3938743030E+02   -0.2173370442E+03
          80    0.5221292540E+02   -0.3973980144E+02    0.3966367061E+03
          81    0.5081355184E+02   -0.3822610427E+02    0.5770950522E+03
          82    0.3440288769E+02   -0.2798875737E+02    0.1676851438E+03
          83    0.1769684599E+02   -0.4261160215E+02    0.1196659741E+03
          84    0.4669737219E+02    0.4028205891E+02    0.4386377592E+03
          85    0.3369307820E+02    0.2868624713E+02   -0.1679439844E+03
          86    0.4859454332E+02   -0.3877610405E+02   -0.3208273823E+03
          87    0.3805987451E+02   -0.3165053863E+02    0.1286990032E+03
          88    0.4936622205E+02   -0.3727103387E+02    0.7502621836E+03
          89    0.3552556909E+02    0.2855123438E+02    0.1562162473E+03
          90    0.1861285751E+02   -0.3997749600E+02    0.2046022932E+03
          91    0.4741459063E+02   -0.4067725932E+02    0.8473449576E+03
          92    0.3471520309E+02    0.2753309583E+02    0.1132388926E+03
          93    0.4832391931E+02   -0.4097894051E+02    0.1658553663E+03
          94    0.1856905827E+02   -0.3993822481E+02    0.2042240624E+03
          95    0.4673245227E+02   -0.4118083334E+02    0.5866721024E+03
          96    0.1858262994E+02   -0.4293269159E+02   -0.1492788243E+03
          97    0.4672287442E+02    0.4117540689E+02    0.5865078517E+03
          98    0.5215167417E+02   -0.5183239373E+02   -0.1516442491E+03
          99    0.3556973706E+02   -0.2855523623E+02    0.1563823271E+03
         100    0.3561013277E+02   -0.3178781178E+02    0.1722924277E+03
