Model_ID, [(c_i,i=0,n)_j,j=1,ntask]
           1    0.2037022967E+03    0.1504265513E+03    0.6466325795E+03
           2    0.2054539883E+03   -0.1488486667E+03    0.6283975979E+03
           3    0.2034550199E+03    0.1485931017E+03    0.6593950892E+03
           4    0.2042204098E+03    0.1507330261E+03    0.9081798810E+03
           5    0.2046767129E+03    0.1493102257E+03    0.6481076168E+03
           6    0.2046173962E+03    0.1493251597E+03    0.6482930786E+03
           7    0.2047994710E+03    0.1473858393E+03    0.5765323146E+03
           8    0.2045594672E+03    0.1493353562E+03    0.6484683171E+03
           9    0.2040552662E+03    0.1497444914E+03    0.6466550787E+03
          10    0.2052605274E+03    0.1486199659E+03    0.6492935301E+03
          11    0.2039989167E+03    0.1488351172E+03    0.9232928716E+03
          12    0.2064690359E+03   -0.1459955721E+03    0.5628679300E+03
          13    0.2052044983E+03    0.1495858613E+03    0.9088412161E+03
          14    0.2060169175E+03   -0.1488788563E+03    0.8687192590E+03
          15    0.2045810959E+03    0.1455258982E+03    0.5882131215E+03
          16    0.2051455809E+03    0.1495993010E+03    0.9090253415E+03
          17    0.2050880483E+03    0.1496079790E+03    0.9091939881E+03
          18    0.2045782072E+03    0.1500310151E+03    0.9072526992E+03
          19    0.2072165899E+03    0.1458981278E+03    0.6417935010E+03
          20    0.2057935302E+03    0.1488805490E+03    0.9098393004E+03
          21    0.2056246404E+03    0.1463871321E+03    0.5815485070E+03
          22    0.2056975238E+03    0.1463081784E+03    0.5788252790E+03
          23    0.2057715130E+03    0.1462252991E+03    0.5761005326E+03
          24    0.2063267969E+03    0.1456243393E+03    0.5802611505E+03
          25    0.2051465703E+03    0.1467162640E+03    0.5770616418E+03
          26    0.2055811810E+03    0.1480267261E+03    0.6494627924E+03
          27    0.2077400776E+03    0.1461810969E+03    0.9005322398E+03
          28    0.2115687793E+03    0.9556233792E+02    0.6987351305E+03
          29    0.2118449313E+03    0.9697418339E+02    0.6547516054E+03
          30    0.2037789762E+03    0.1511067752E+03    0.5318033073E+03
          31    0.2082166447E+03    0.1430589302E+03    0.5762838243E+03
          32    0.2040127375E+03    0.1490125099E+03    0.6665020900E+03
          33    0.1500153363E+03   -0.1449800342E+03    0.7654362847E+03
          34    0.2044951607E+03    0.1495542247E+03    0.9470118408E+03
          35    0.2052291568E+03    0.9397778059E+02    0.4772089927E+03
          36    0.2055181457E+03   -0.1495688015E+03    0.5173818987E+03
          37    0.1500597946E+03   -0.1468857526E+03    0.7101426318E+03
          38    0.2061187913E+03    0.1482681539E+03    0.9091540175E+03
          39    0.2032745503E+03    0.9212853483E+02    0.4473961941E+03
          40    0.2025114277E+03    0.1508950243E+03    0.6507435337E+03
          41    0.2058894972E+03    0.9537527585E+02    0.4463869913E+03
          42    0.1502361918E+03   -0.1437853048E+03    0.7509072653E+03
          43    0.2695259550E+03    0.2419114386E+03    0.7932739296E+03
          44    0.1523969910E+03   -0.1453975055E+03    0.6776337621E+03
          45    0.1523851406E+03   -0.1435322914E+03    0.7282276082E+03
          46    0.1502951656E+03   -0.1456254474E+03    0.6958685477E+03
          47    0.2066424322E+03    0.1450408398E+03    0.5808483418E+03
          48    0.2071814659E+03    0.9621179813E+02    0.9217017731E+03
          49    0.2113425601E+03    0.9449994036E+02    0.6958941706E+03
          50    0.2773549015E+03    0.2455185390E+03   -0.1543947589E+03
          51    0.2718002168E+03    0.2248637431E+03    0.1621774187E+03
          52    0.2044992814E+03    0.9445816869E+02    0.4019800857E+03
          53    0.2795878967E+03    0.2599052751E+03    0.7898373418E+03
          54    0.2073794709E+03    0.9663059400E+02    0.8975004984E+03
          55    0.2035601738E+03    0.1491721470E+03    0.5401335959E+03
          56    0.2907668298E+03   -0.2531232976E+03    0.1345170345E+03
          57    0.2067032479E+03    0.9484191872E+02    0.9633786348E+03
          58    0.2221168094E+03    0.1877200457E+03    0.8541711495E+03
          59    0.2047624811E+03    0.1499682985E+03    0.5325078431E+03
          60    0.2065808722E+03    0.8145637062E+02    0.7063871706E+03
          61    0.2742416859E+03    0.2477029987E+03    0.1374585863E+04
          62    0.2708017926E+03    0.2207980121E+03    0.1685343291E+03
          63    0.2672607741E+03    0.2457415462E+03    0.9292010350E+03
          64    0.2047031733E+03    0.1499825046E+03    0.5326379731E+03
          65    0.1505549229E+03   -0.1430847697E+03    0.7337698918E+03
          66    0.2216847310E+03    0.8870180157E+02    0.7195465412E+03
          67    0.1505106697E+03    0.1427731083E+03    0.7412865384E+03
          68    0.2046452638E+03    0.1499919096E+03    0.5327574229E+03
          69    0.1505905035E+03    0.1427034742E+03    0.7409865725E+03
          70    0.2030430948E+03    0.1511500817E+03    0.9113504299E+03
          71    0.2066861619E+03    0.8323676842E+02    0.6201535526E+03
          72    0.1506048407E+03   -0.1442295556E+03    0.6975412757E+03
          73    0.1506713032E+03   -0.1426323308E+03    0.7406834978E+03
          74    0.2766588225E+03    0.2432212880E+03   -0.1559802457E+03
          75    0.2693959747E+03    0.2434278872E+03    0.4800128897E+03
          76    0.2051533529E+03    0.1458540164E+03    0.5939021322E+03
          77    0.1963672071E+03    0.1740910173E+03    0.5421612492E+03
          78    0.2041354336E+03    0.1504129903E+03    0.5314708683E+03
          79    0.2116842688E+03    0.9606291175E+02    0.8390946859E+03
          80    0.2905070351E+03    0.2455498921E+03    0.1359741876E+03
          81    0.2569599381E+03    0.2274215646E+03   -0.1694625646E+03
          82    0.1506476259E+03   -0.1422914552E+03    0.7480923939E+03
          83    0.2898289181E+03    0.2517562707E+03    0.1315955711E+03
          84    0.2053523732E+03    0.1492624909E+03    0.5331438303E+03
          85    0.1505831181E+03    0.1445658433E+03    0.6862181727E+03
          86    0.2807872025E+03    0.2496231523E+03    0.9417966345E+03
          87    0.1506639700E+03    0.1444946410E+03    0.6859253325E+03
          88    0.2855939866E+03    0.2426492250E+03   -0.1764990849E+03
          89    0.2043673975E+03    0.1261751922E+03    0.5338085358E+03
          90    0.2063099592E+03    0.1476008570E+03    0.6737049010E+03
          91    0.1507458132E+03   -0.1444218919E+03    0.6856284508E+03
          92    0.1662539185E+03    0.1717229000E+03    0.7637702644E+03
          93    0.2241151231E+03    0.9214794417E+02    0.6954302830E+03
          94    0.2757099121E+03    0.2426228882E+03    0.1260929221E+04
          95    0.2839539245E+03    0.2498805854E+03   -0.2956261931E+03
          96    0.2151441237E+03    0.1042131895E+03    0.1592373300E+04
          97    0.2266636245E+03    0.1033352416E+03    0.7139398828E+03
          98    0.1532403263E+03   -0.1450288183E+03    0.6736457770E+03
          99    0.2121418316E+03    0.9863033057E+02    0.5504024977E+03
         100    0.2202314746E+03    0.1891737559E+03    0.8471197563E+03
