        Rank        RMSE       MaxAE  Feature_ID
           1   27.315866   50.928309  (     408   15329)
           2   27.463004   57.265371  (      33   19427)
           3   27.495452   87.272040  (     122   10219)
           4   27.548626   86.530939  (    1365   18989)
           5   27.586196   63.013774  (    4992   10302)
           6   27.597652   62.447188  (    1239   15940)
           7   27.612490   62.227833  (     474   12360)
           8   27.754262   63.584254  (    4992   11162)
           9   27.782610   67.824650  (     226   12212)
          10   27.797402   63.087285  (     436   12360)
          11   27.838956   67.685060  (    1365   12567)
          12   27.992874   79.858838  (     226   12451)
          13   28.088652   62.868869  (     474   19427)
          14   28.173047   75.434831  (      37   19601)
          15   28.232681   68.842407  (      96   10005)
          16   28.276210   74.147312  (     540   19601)
          17   28.327173   77.306635  (    1021   10179)
          18   28.366341   57.718118  (      37   19427)
          19   28.432956   81.563067  (     436   10084)
          20   28.440540   52.580889  (     408   18074)
          21   28.464979   73.628568  (      33   12360)
          22   28.467186   75.853890  (    1021   10098)
          23   28.474353   74.119885  (     226   12567)
          24   28.479250   75.400346  (     122   12567)
          25   28.488677   76.613110  (      41   10003)
          26   28.504020   73.589376  (     540   12607)
          27   28.510566   82.255960  (     226   13320)
          28   28.527904   69.860199  (     498   10005)
          29   28.542841   60.868206  (      37   10219)
          30   28.550347   68.299532  (       6   19427)
          31   28.562896   65.604749  (     952   12360)
          32   28.569066   87.153118  (    2466   10022)
          33   28.643057   84.102525  (    1495   11768)
          34   28.644970   74.816079  (    2213   10011)
          35   28.645503   71.346337  (     636   12360)
          36   28.681874   67.882605  (     636   18322)
          37   28.706039   87.662413  (    6596   13272)
          38   28.715685   93.321608  (     201   10173)
          39   28.734376   93.196514  (     201   10219)
          40   28.734967   85.949513  (     295   10800)
          41   28.758889   66.936462  (     149   13016)
          42   28.779823   77.560729  (    1892   16546)
          43   28.800841   78.447529  (    2420   11631)
          44   28.801930   65.285542  (    5033   12212)
          45   28.835786   82.706619  (     436   10219)
          46   28.850289   82.229998  (    2420   10104)
          47   28.888404   64.817286  (     540   12360)
          48   28.891640   71.761814  (    1365   12451)
          49   28.895168   57.498998  (     636   19427)
          50   28.903906   79.364792  (     120   11821)
          51   28.912671   97.122391  (     226   10219)
          52   28.918669   83.105471  (    1021   10006)
          53   28.929318   93.249427  (     201   10800)
          54   28.948124  107.575579  (    2201   10084)
          55   28.950394   84.383782  (    1021   10022)
          56   28.952422   71.281415  (      35   10564)
          57   28.958628   83.990573  (    2940   12567)
          58   28.961476   71.308259  (     671   10002)
          59   28.971604   69.396598  (    1138   12360)
          60   28.971756   78.182444  (     998   12607)
          61   28.995785   78.035368  (    6489   10022)
          62   29.002767   81.393315  (    2420   18135)
          63   29.011088   71.880645  (    1365   11631)
          64   29.029436   74.227951  (    3377   10179)
          65   29.031904   66.048689  (     486   12360)
          66   29.040475   72.419813  (    1365   14861)
          67   29.062536   63.892052  (      37   16598)
          68   29.076980   90.174470  (     474   10219)
          69   29.084588   72.099536  (     636   15666)
          70   29.091695   86.810642  (     214   10219)
          71   29.109503   99.921013  (    2940   15666)
          72   29.110091   71.006372  (       1   10005)
          73   29.119936   97.340902  (    7577   11631)
          74   29.129518   68.738400  (      34   10800)
          75   29.141554   73.839671  (    3639   10006)
          76   29.147266   76.672693  (     226   15861)
          77   29.148601   59.289319  (     486   19427)
          78   29.151248   69.261323  (      63   10800)
          79   29.153997   67.156671  (    6489   10060)
          80   29.154013   73.382332  (    7867   13137)
          81   29.154812   72.737889  (    1365   13361)
          82   29.168222   82.725431  (     408   18386)
          83   29.175080   91.301169  (    1021   13070)
          84   29.187631   94.754531  (    1365   11459)
          85   29.196743   84.335176  (    1021   15338)
          86   29.207868   73.745916  (     201   18495)
          87   29.209216   74.430987  (    1021   10454)
          88   29.217858  108.013984  (    4204   10219)
          89   29.220616   85.912225  (     122   10084)
          90   29.253033   68.426940  (     226   18311)
          91   29.260425   76.248060  (    1365   12557)
          92   29.261516   68.992889  (    1057   12360)
          93   29.265640   99.025839  (     830   10160)
          94   29.267476   88.707063  (     201   12387)
          95   29.270789   77.579189  (     408   12212)
          96   29.272157   69.973644  (     201   18311)
          97   29.278609   73.603033  (    2523   11631)
          98   29.281557   88.735518  (     201   10022)
          99   29.282468   79.531293  (    2420   13361)
         100   29.290772   78.718565  (    1365   12983)
