Model_ID, [(c_i,i=0,n)_j,j=1,ntask]
           1    0.6842338057E+02   -0.6071181394E+02    0.2210298057E+03
           2    0.6890180519E+02    0.6202734029E+02    0.2183685108E+03
           3    0.6949550949E+02    0.6104162795E+02   -0.1631988494E+03
           4    0.6870042083E+02   -0.6174525703E+02    0.2182800811E+03
           5    0.6888466188E+02   -0.6197066787E+02    0.2181135859E+03
           6    0.6850179618E+02    0.6149086527E+02    0.2184096424E+03
           7    0.6858241849E+02   -0.6129781132E+02    0.2173721025E+03
           8    0.6929397612E+02   -0.6075271035E+02   -0.1630675353E+03
           9    0.6947538650E+02   -0.6097829243E+02   -0.1629668743E+03
          10    0.6918559805E+02   -0.6037164684E+02   -0.1627983981E+03
          11    0.6909820825E+02    0.6049895277E+02   -0.1631450121E+03
          12    0.6896272719E+02   -0.5937033943E+02   -0.1625164141E+03
          13    0.7575582801E+02    0.7209975010E+02   -0.2222076373E+03
          14    0.6572746881E+02    0.5568423783E+02    0.1923653890E+03
          15    0.7702291399E+02    0.7389509182E+02    0.1910149261E+03
          16    0.7310400706E+02    0.6764925238E+02    0.1941653138E+03
          17    0.7572036031E+02    0.7238960083E+02   -0.1401473196E+03
          18    0.7472886985E+02    0.7312815715E+02   -0.3740851596E+03
          19    0.7433744379E+02   -0.7235644176E+02   -0.2163647870E+03
          20    0.7483153728E+02    0.7515583388E+02   -0.1081810628E+04
          21    0.7493815025E+02    0.7227731787E+02   -0.9844108638E+03
          22    0.7487391796E+02    0.7239318055E+02   -0.9956848796E+03
          23    0.7365811888E+02    0.6821184346E+02    0.1855379375E+03
          24    0.7555987812E+02    0.7452876853E+02    0.3640793203E+03
          25    0.7614329236E+02    0.7465911937E+02   -0.1015684045E+04
          26    0.7506296325E+02    0.7206528756E+02   -0.9571811220E+03
          27    0.7506930974E+02    0.7583574420E+02   -0.1060551631E+04
          28    0.7772017913E+02    0.8280409130E+02   -0.7837111507E+03
          29    0.7632813277E+02    0.7868594173E+02   -0.1070151589E+04
          30    0.7676893215E+02    0.7345619636E+02   -0.2159081814E+03
          31    0.7509049535E+02    0.7586717325E+02   -0.1056984162E+04
          32    0.7136639719E+02    0.7268091130E+02   -0.6135971494E+03
          33    0.7619218123E+02    0.7815082158E+02   -0.1074590495E+04
          34    0.7473200844E+02    0.7399052975E+02   -0.1053550254E+04
          35    0.7467144284E+02    0.7436113777E+02   -0.3844665631E+03
          36    0.7517017020E+02    0.7291907645E+02   -0.9600754870E+03
          37    0.7510978288E+02    0.7303981672E+02   -0.9709312460E+03
          38    0.7518981166E+02    0.7295508326E+02   -0.9568516421E+03
          39    0.7512987725E+02    0.7307577267E+02   -0.9676239515E+03
          40    0.7588557214E+02    0.7329333152E+02   -0.2211090726E+03
          41    0.7528603766E+02    0.7269427343E+02   -0.9340301849E+03
          42    0.7301279127E+02    0.6939634246E+02   -0.1516693173E+04
          43    0.7545865332E+02    0.7368349484E+02    0.9823722451E+03
          44    0.7564762406E+02    0.7173706385E+02    0.6496733339E+03
          45    0.7530472267E+02    0.7273012256E+02   -0.9309973255E+03
          46    0.7565766135E+02    0.7430530788E+02   -0.9227540509E+03
          47    0.7452206529E+02    0.6809192099E+02   -0.4681625395E+03
          48    0.7473490627E+02    0.7301575439E+02   -0.3646228190E+03
          49    0.7497441385E+02    0.7465549456E+02   -0.1029958815E+04
          50    0.7569046850E+02    0.7615542750E+02   -0.3798524147E+03
          51    0.7499585801E+02    0.7468860446E+02   -0.1026376736E+04
          52    0.7643199285E+02    0.6742112746E+02   -0.2136232796E+03
          53    0.7581212599E+02    0.7142451532E+02    0.6236101467E+03
          54    0.7260570683E+02    0.6250726076E+02   -0.1878023978E+03
          55    0.7622069656E+02    0.7491431091E+02   -0.9543804514E+03
          56    0.7614597056E+02    0.7513735788E+02   -0.9717159515E+03
          57    0.7607750409E+02    0.7691467374E+02   -0.1039907134E+04
          58    0.7323977284E+02    0.6852238217E+02    0.2230024754E+04
          59    0.7570420350E+02    0.7021942199E+02    0.1817880115E+03
          60    0.7621276539E+02    0.7741769301E+02   -0.1033403487E+04
          61    0.7562423003E+02    0.7155378371E+02   -0.1064673822E+03
          62    0.7567216691E+02    0.7430418359E+02    0.9606837647E+03
          63    0.7634836871E+02    0.7536531395E+02   -0.9457358840E+03
          64    0.7403460699E+02    0.7059156600E+02   -0.5873427779E+03
          65    0.7626381135E+02    0.7477653800E+02   -0.9415649064E+03
          66    0.7627622977E+02    0.7559646026E+02   -0.9630398701E+03
          67    0.7555145746E+02    0.7416493014E+02   -0.3650395423E+03
          68    0.7568986758E+02    0.7433633549E+02    0.9575872345E+03
          69    0.7534494032E+02   -0.6873799240E+02   -0.1961034058E+03
          70    0.7796778943E+02    0.7561045723E+02   -0.1511261455E+03
          71    0.7805228258E+02    0.8452019311E+02    0.8012643221E+03
          72    0.7638954817E+02    0.7522198513E+02   -0.9330379543E+03
          73    0.7503285801E+02    0.7467546463E+02   -0.3623799461E+03
          74    0.7409190007E+02    0.7059259356E+02    0.5601196445E+02
          75    0.7482259510E+02    0.7240082092E+02   -0.9782700150E+03
          76    0.7420477944E+02    0.6855320882E+02   -0.1094293209E+04
          77    0.7478154585E+02    0.7340807418E+02    0.3648653321E+03
          78    0.7421847990E+02    0.7072452481E+02   -0.5559023717E+02
          79    0.7469967804E+02    0.7258985896E+02   -0.3626756852E+03
          80    0.7470441363E+02    0.7340059559E+02   -0.3660274817E+03
          81    0.7490158615E+02    0.7217252036E+02   -0.9609266460E+03
          82    0.7439900580E+02    0.7289423411E+02   -0.3667769071E+03
          83    0.7500975273E+02    0.7303575547E+02    0.9835336860E+03
          84    0.7039874501E+02    0.6390940700E+02   -0.2044409966E+03
          85    0.7791904413E+02    0.7336475320E+02    0.2054743078E+03
          86    0.7472475351E+02    0.7620692057E+02    0.6568213453E+03
          87    0.7492660165E+02    0.7210981642E+02   -0.9546453225E+03
          88    0.7086995776E+02    0.6189556586E+02    0.2024658933E+03
          89    0.7415874277E+02    0.6861441232E+02   -0.1100157516E+04
          90    0.7660563127E+02    0.7626681292E+02    0.9701780694E+03
          91    0.7271682153E+02    0.6757074340E+02   -0.5847097728E+03
          92    0.4897200992E+02   -0.4297660332E+02    0.1499969252E+03
          93    0.7673011046E+02    0.7672832088E+02    0.9631079018E+03
          94    0.6958015570E+02    0.6475326923E+02   -0.7386229922E+03
          95    0.7485370440E+02    0.6992665053E+02    0.1088077094E+04
          96    0.7559188240E+02    0.7173865851E+02    0.6446137860E+03
          97    0.7547238218E+02    0.7151638885E+02    0.9060871872E+03
          98    0.7469734619E+02    0.7325550414E+02   -0.3636663739E+03
          99    0.7524769813E+02    0.7052806170E+02   -0.7623486475E+03
         100    0.7413821696E+02    0.6965510752E+02   -0.2467006727E+03
