        Rank        RMSE       MaxAE  Feature_ID
           1   23.662310   59.740453  (       8   15480)
           2   23.677142   61.837854  (       1   10011)
           3   23.825913   61.562312  (       3   11122)
           4   23.835976   63.072602  (       1   10007)
           5   23.916268   61.805775  (       1   10019)
           6   23.921376   66.592619  (       1   10001)
           7   23.991241   63.956994  (       1   10006)
           8   24.019748   55.212793  (      23   10856)
           9   24.122270   60.582198  (       1   10004)
          10   24.122432   63.201747  (       1   10015)
          11   24.144851   49.126223  (       1   10277)
          12   24.157310   63.651229  (       1   10010)
          13   24.171326   63.390065  (       1   10013)
          14   24.173239   63.638938  (       1   10012)
          15   24.177594   59.375896  (       1   10003)
          16   24.268655   63.648289  (       1   10027)
          17   24.292500   65.420414  (       1   10017)
          18   24.299286   63.342474  (       1   10022)
          19   24.317684   60.754730  (     185   13790)
          20   24.327009   63.466897  (       1   10026)
          21   24.369126   63.718736  (       1   10023)
          22   24.374740   64.043577  (       1   10016)
          23   24.377478   60.956428  (       1   10051)
          24   24.393887   56.767448  (       1   10002)
          25   24.402218   76.647690  (       3   10024)
          26   24.404185   63.765107  (       1   10028)
          27   24.421818   64.069615  (       1   10021)
          28   24.436720   61.562589  (       1   10063)
          29   24.473741   63.842417  (       1   10032)
          30   24.527403   60.900048  (       1   10005)
          31   24.527653   53.149001  (       8   18655)
          32   24.532920   53.083194  (       8   19123)
          33   24.595747   56.379006  (      13   10020)
          34   24.635896   58.638024  (       1   10009)
          35   24.651660   86.557574  (       5   11639)
          36   24.699319   62.301915  (       1   10033)
          37   24.700296   61.776562  (       1   10046)
          38   24.701388   87.720855  (       5   13177)
          39   24.715456   84.635715  (       5   11130)
          40   24.718018   64.079697  (       1   10035)
          41   24.719098   56.421139  (       1   10068)
          42   24.746852   57.801881  (     116   10856)
          43   24.787404   70.154506  (       1   10248)
          44   24.788353   61.351865  (       1   10134)
          45   24.814657   59.437266  (       1   10025)
          46   24.851822   55.655859  (       1   10151)
          47   24.885228   65.237508  (       3   12244)
          48   24.889268   64.126743  (       1   10088)
          49   24.898725   54.834349  (       1   10062)
          50   24.901246   60.445449  (       1   10031)
          51   24.906538   58.352096  (       1   10059)
          52   24.912587   75.791717  (       3   10322)
          53   24.917076   59.278273  (       1   10041)
          54   24.918823   63.801271  (     951   13790)
          55   24.926590   63.699964  (       1   10117)
          56   24.926671   59.225692  (      73   10020)
          57   24.942488   66.300476  (       1   10072)
          58   24.944811   59.409702  (       1   10039)
          59   24.949327   73.705404  (       1   10329)
          60   24.951794   63.974208  (       1   10114)
          61   24.955367   58.612000  (       1   10295)
          62   24.956176   66.190838  (       3   10618)
          63   24.972669   60.335607  (     974   13790)
          64   24.979297   70.288698  (       3   12566)
          65   24.989564   58.686677  (       1   10308)
          66   24.990523   61.206702  (       1   10181)
          67   25.000622   66.956039  (       1   10018)
          68   25.002609   58.021290  (       1   10055)
          69   25.013457   78.729246  (       5   10822)
          70   25.016557   57.632841  (       1   10008)
          71   25.022509   52.153981  (      50   12239)
          72   25.025793   63.908728  (      23   12380)
          73   25.026072   57.462320  (       1   10119)
          74   25.031337   59.223350  (       1   10052)
          75   25.036882   59.333936  (       1   10048)
          76   25.042997   59.328233  (       1   10050)
          77   25.046248   55.054228  (      13   10375)
          78   25.057891   58.026549  (       1   10014)
          79   25.066937   59.955678  (       8   18912)
          80   25.068690   59.274701  (       1   10060)
          81   25.072275   59.674764  (       1   10087)
          82   25.080066   54.648690  (       1   10094)
          83   25.083571   55.648763  (       1   10174)
          84   25.097924   66.807275  (    2521   15990)
          85   25.099817   64.295408  (       1   10157)
          86   25.100350   62.815053  (       1   10180)
          87   25.104477   65.607018  (       3   10258)
          88   25.104618   65.854704  (       3   10555)
          89   25.107983   58.603294  (       1   10150)
          90   25.118459   60.070250  (       8   19152)
          91   25.118492   63.966250  (       3   13177)
          92   25.130335   61.102591  (       1   10037)
          93   25.134348   55.432247  (      13   18777)
          94   25.136009   58.879061  (       1   10065)
          95   25.141030   58.463562  (       1   10149)
          96   25.145291   63.679635  (      13   10053)
          97   25.157256   78.554026  (       6   10576)
          98   25.157280   59.089662  (      13   10005)
          99   25.159901   61.359600  (       1   10271)
         100   25.160763   55.988872  (       1   10020)
