Model_ID, [(c_i,i=0,n)_j,j=1,ntask]
           1    0.1570966378E+02    0.1953872723E+02   -0.1803505521E+03
           2    0.1510951486E+02    0.1976406677E+02   -0.1821230266E+03
           3    0.4305957160E+02   -0.3641284137E+02   -0.2223272532E+03
           4    0.4313106144E+02    0.3628759470E+02   -0.2233923238E+03
           5    0.4355888424E+02    0.3538603764E+02   -0.2197523744E+03
           6    0.4259881262E+02   -0.3750286578E+02   -0.2055363098E+03
           7    0.4364688639E+02    0.3518656212E+02   -0.2213393461E+03
           8    0.1635278849E+02    0.1922043761E+02   -0.1775071086E+03
           9    0.4220678515E+02    0.3488770207E+02   -0.2050302530E+03
          10    0.4219432254E+02   -0.3490575473E+02   -0.2050425149E+03
          11    0.4266600211E+02    0.3735640409E+02   -0.2061256409E+03
          12    0.4311376823E+02    0.3641339146E+02   -0.2026725525E+03
          13    0.4266183904E+02    0.3380723786E+02   -0.2202403996E+03
          14    0.4264948722E+02   -0.3382284247E+02   -0.2202192051E+03
          15    0.1576300892E+02   -0.8462567202E+02    0.2053037032E+03
          16    0.4581228023E+02   -0.3495876022E+02   -0.2307549502E+03
          17    0.4525465406E+02   -0.3680669318E+02   -0.2283617849E+03
          18    0.1689519305E+02    0.1894762192E+02   -0.1542189614E+03
          19    0.4474727303E+02   -0.3602105378E+02   -0.2327440537E+03
          20    0.1942900099E+02    0.3742726694E+02   -0.1828191710E+03
          21    0.4319364121E+02    0.3617941574E+02   -0.2034835277E+03
          22    0.4522523464E+02   -0.3614847510E+02   -0.2274294838E+03
          23    0.4546660740E+02   -0.3639625412E+02   -0.2318435281E+03
          24    0.4319424368E+02    0.3528443017E+02   -0.1676457385E+03
          25    0.4446829410E+02   -0.3638512676E+02   -0.2294096117E+03
          26    0.1578923697E+02    0.1942660182E+02   -0.1789519534E+03
          27    0.4459395166E+02    0.3630956907E+02   -0.2335823485E+03
          28    0.1990704103E+02    0.3695174774E+02   -0.1818055925E+03
          29    0.4484542793E+02   -0.3793116084E+02   -0.2110639774E+03
          30    0.4482044284E+02   -0.3726518289E+02   -0.2104652570E+03
          31    0.4468722567E+02   -0.3597261568E+02   -0.2328247504E+03
          32    0.4591319418E+02   -0.3527713089E+02   -0.2295122806E+03
          33    0.4507604579E+02   -0.3642261488E+02   -0.2282078469E+03
          34    0.4567348256E+02   -0.3518320687E+02   -0.2314883349E+03
          35    0.3493332105E+02   -0.2668650110E+02   -0.2042831848E+03
          36    0.4520922123E+02    0.3595890033E+02   -0.2299080513E+03
          37    0.4543225010E+02    0.3541127050E+02   -0.2310037056E+03
          38    0.4518597573E+02   -0.3590663898E+02   -0.2272079107E+03
          39    0.4516875312E+02   -0.3594314790E+02   -0.2272858122E+03
          40    0.4513579069E+02   -0.3601032340E+02   -0.2274603505E+03
          41    0.4326785493E+02    0.3503184374E+02   -0.1679649479E+03
          42    0.4466651588E+02   -0.3756014632E+02   -0.2113243103E+03
          43    0.4539295520E+02    0.3552964431E+02   -0.2306362319E+03
          44    0.1793123805E+02    0.1860491731E+02   -0.1648743317E+03
          45    0.1762545544E+02    0.1868179766E+02   -0.1659978890E+03
          46    0.4532901819E+02   -0.3555581056E+02   -0.2264886261E+03
          47    0.4537617169E+02   -0.3556425110E+02   -0.2307152489E+03
          48    0.4553212802E+02    0.3519568656E+02   -0.2299039272E+03
          49    0.4463667173E+02   -0.3729326918E+02   -0.2089895627E+03
          50    0.4502356813E+02   -0.3621795533E+02   -0.2283416049E+03
          51    0.1634095469E+02    0.1915023005E+02   -0.1555156288E+03
          52    0.4478090532E+02   -0.3702102694E+02   -0.2103121691E+03
          53    0.4476329350E+02   -0.3706044680E+02   -0.2104099121E+03
          54    0.4506069670E+02    0.3623022287E+02   -0.2307010791E+03
          55    0.4545480573E+02   -0.3539229311E+02   -0.2319521855E+03
          56    0.4503096102E+02   -0.3613154334E+02   -0.2248662781E+03
          57    0.4472937832E+02   -0.3713258931E+02   -0.2106089773E+03
          58    0.4539810010E+02   -0.3596611229E+02   -0.2120248357E+03
          59    0.4523450944E+02    0.3582458676E+02   -0.2317740446E+03
          60    0.1691267099E+02    0.1936926568E+02   -0.1613064073E+03
          61    0.4503379935E+02   -0.3619131905E+02   -0.2282901730E+03
          62    0.4502002353E+02   -0.3621357680E+02   -0.2280579055E+03
          63    0.4500625981E+02   -0.3623531546E+02   -0.2278246825E+03
          64    0.4903940758E+02   -0.4175279983E+02    0.8055476921E+03
          65    0.4620199292E+02    0.3390191024E+02   -0.2291279920E+03
          66    0.4480290360E+02   -0.3686489861E+02   -0.2079820613E+03
          67    0.4519388078E+02   -0.3573334990E+02   -0.2240834217E+03
          68    0.4461175210E+02   -0.3735077770E+02   -0.2114322589E+03
          69    0.4448089284E+02    0.3759461983E+02   -0.2098479370E+03
          70    0.4593626333E+02   -0.3605721698E+02   -0.2315835036E+03
          71    0.4492679623E+02   -0.3664452424E+02   -0.2094051113E+03
          72    0.4393045605E+02   -0.3552725776E+02   -0.2061626088E+03
          73    0.4266413151E+02   -0.3616514392E+02   -0.1672775709E+03
          74    0.4523101136E+02    0.3581960274E+02   -0.2314920761E+03
          75    0.4503916746E+02   -0.3744486227E+02   -0.2129586301E+03
          76    0.4459713261E+02   -0.3737797431E+02   -0.2111299972E+03
          77    0.4596781344E+02   -0.3446178741E+02   -0.2303700197E+03
          78    0.4460979326E+02   -0.3735161295E+02   -0.2112627826E+03
          79    0.4462246153E+02   -0.3732470410E+02   -0.2113943299E+03
          80    0.4488006990E+02    0.3641074888E+02   -0.2256310158E+03
          81    0.4478710052E+02    0.3703061102E+02   -0.2118657847E+03
          82    0.1654118561E+02    0.1941771134E+02   -0.1694707161E+03
          83    0.4578539201E+02    0.3483541507E+02   -0.2312183440E+03
          84    0.4577419139E+02   -0.3478156684E+02   -0.2269994808E+03
          85    0.4501130790E+02    0.3507418119E+02   -0.2311815299E+03
          86    0.4585931400E+02   -0.3517053632E+02   -0.2245056594E+03
          87    0.4558749195E+02   -0.3517391234E+02   -0.2278336677E+03
          88    0.2135606886E+02    0.3580673388E+02   -0.1696920251E+03
          89    0.4567771886E+02    0.3473930776E+02   -0.2292127903E+03
          90    0.4569101639E+02    0.3472373802E+02   -0.2288997721E+03
          91    0.4511486832E+02    0.3570166401E+02   -0.2270966934E+03
          92    0.4547920469E+02    0.3507887678E+02   -0.2258216696E+03
          93    0.4549273435E+02   -0.3506270006E+02   -0.2255067663E+03
          94    0.3521589900E+02    0.2628626873E+02   -0.2010222903E+03
          95    0.4525492050E+02   -0.3620694319E+02   -0.2128015821E+03
          96    0.1687764799E+02    0.1865778114E+02   -0.1705564778E+03
          97    0.4624553389E+02   -0.3375453519E+02   -0.2290125601E+03
          98    0.5182271422E+02   -0.4326464452E+02   -0.8890174054E+02
          99    0.4358832062E+02   -0.3726987774E+02   -0.1923171246E+03
         100    0.4366716327E+02    0.3715371364E+02   -0.1934389817E+03
