     Index              y_true              y_pred        descriptor_1        descriptor_2
         1    0.4460000000E+02    0.4205097645E+02    0.2167639830E+01    0.3675144282E-03
         2    0.2680000000E+02    0.3328085560E+02    0.2369031830E+01   -0.3755800944E-02
         3    0.7520000000E+02    0.7397486441E+02    0.5144070400E+00    0.5412458938E-04
         4    0.2720000000E+02    0.1691550951E+02    0.3346955860E+01   -0.1423416423E-02
         5    0.5301000000E+02    0.5504397254E+02    0.1981842730E+01    0.8350719278E-02
         6    0.3007000000E+02    0.3622180034E+02    0.2431359390E+01   -0.2106146866E-03
         7    0.2548000000E+02    0.1235187599E+02    0.3639891150E+01   -0.4361040501E-03
         8    0.1845000000E+02    0.2879865907E+02    0.2866836960E+01    0.7124790751E-03
         9    0.5015000000E+02    0.4514509925E+02    0.1958663550E+01   -0.4745205562E-03
        10    0.2045000000E+02    0.1276905623E+02    0.3674631840E+01    0.4980715200E-03
        11    0.6511000000E+02    0.5859953782E+02    0.1331925630E+01    0.5594397160E-03
        12    0.5646000000E+02    0.6949193120E+02    0.6359102400E+00   -0.1744488052E-02
        13    0.3187000000E+02    0.2459292976E+02    0.3065782280E+01    0.4397794385E-03
        14    0.6942000000E+02    0.7497801800E+02    0.7774028800E+00    0.5288826242E-02
        15    0.6660000000E+02    0.7023889276E+02    0.4755368800E+00   -0.3778241564E-02
        16    0.8872000000E+02    0.7832822339E+02    0.7902574200E+00    0.8359090551E-02
        17    0.6383000000E+02    0.5950012447E+02    0.1621624800E+01    0.6151368092E-02
        18    0.4216000000E+02    0.3967342478E+02    0.2311380300E+01    0.7341385628E-03
        19    0.1850000000E+02    0.3601145634E+02    0.2454776250E+01    0.0000000000E+00
        20    0.2681000000E+02    0.2652872825E+02    0.2971950240E+01    0.5276263749E-03
        21    0.3682000000E+02    0.3767398300E+02    0.2059593000E+00   -0.3603042492E-01
        22    0.8285000000E+02    0.7179201318E+02    0.2590507500E+00   -0.6059109246E-02
        23    0.1464000000E+02    0.4311312785E+02    0.2391822500E+01    0.5006188814E-02
        24    0.5774000000E+02    0.5131040526E+02    0.2923306950E+01    0.2084515216E-01
        25    0.3615000000E+02    0.3683193376E+02    0.2419631280E+01    0.1142536083E-03
        26    0.3200000000E+01    0.5829643638E+01    0.4000000000E+01    0.0000000000E+00
        27    0.6900000000E+02    0.6667341274E+02    0.8627384000E+00   -0.3702138838E-03
        28    0.4537000000E+02    0.3529806300E+02    0.2788553420E+01    0.4949931353E-02
        29    0.9080000000E+02    0.7701421814E+02    0.2825635800E+00   -0.1215393033E-02
        30    0.5060000000E+01    0.1902944687E+02    0.3312513280E+01   -0.1947310408E-03
        31    0.2796000000E+02    0.2595317325E+02    0.3006351180E+01    0.6097908905E-03
        32    0.6056000000E+02    0.5639559572E+02    0.1920166800E+01    0.8476000090E-02
        33    0.3120000000E+02    0.2310978029E+02    0.3182744540E+01    0.1123006717E-02
        34    0.2622000000E+02    0.3516832312E+02    0.2689728690E+01    0.3193670309E-02
        35    0.6524000000E+02    0.6688418207E+02    0.1393906140E+01    0.8654601895E-02
        36    0.2067000000E+02    0.1251262869E+02    0.3657850000E+01    0.0000000000E+00
        37    0.2551000000E+02    0.3466068318E+02    0.2528415680E+01    0.7466276434E-04
        38    0.2817000000E+02    0.2430306909E+02    0.2851581030E+01   -0.3374267938E-02
        39    0.1790000000E+02    0.3821752060E+02    0.2323470240E+01   -0.3057637922E-03
        40    0.7420000000E+02    0.6261208997E+02    0.2070621600E+01    0.1628126098E-01
        41    0.6276000000E+02    0.7177869876E+02    0.2059843320E+01    0.2391674362E-01
        42    0.2078000000E+02    0.1303207163E+02    0.3079770840E+01   -0.9183455025E-02
