        Rank        RMSE       MaxAE  Feature_ID
           1    9.854312   25.983549  (    5969   12753)
           2    9.948844   20.841536  (      12   18990)
           3    9.949229   21.228909  (      12   10268)
           4    9.954371   19.985677  (      12   18250)
           5    9.986191   20.598762  (      12   15571)
           6   10.003678   20.959715  (      12   15007)
           7   10.005274   20.686234  (      12   10383)
           8   10.008347   20.493892  (      12   16082)
           9   10.010788   20.167355  (      12   16327)
          10   10.012303   20.676807  (      12   11291)
          11   10.012998   20.185190  (      12   16651)
          12   10.020040   20.207602  (      12   15868)
          13   10.031993   20.489410  (      12   10661)
          14   10.034340   20.423282  (      12   18893)
          15   10.035393   20.800714  (      12   19605)
          16   10.039691   23.669621  (    5969   11678)
          17   10.041143   20.403069  (      12   17927)
          18   10.043334   20.687454  (      12   15534)
          19   10.044466   20.484441  (      12   15422)
          20   10.045397   20.661051  (      12   15044)
          21   10.045918   20.429165  (      12   18048)
          22   10.048516   20.753767  (      12   17404)
          23   10.048978   20.383269  (      12   17138)
          24   10.049105   20.756953  (      12   17536)
          25   10.049726   20.760153  (      12   17654)
          26   10.050604   19.737436  (      12   19799)
          27   10.061041   20.587049  (      12   17978)
          28   10.061485   21.488381  (      12   12181)
          29   10.062770   20.892498  (      12   19878)
          30   10.067564   20.994268  (      12   15248)
          31   10.067575   20.714601  (      12   16106)
          32   10.083725   20.731008  (      12   18828)
          33   10.087146   20.185474  (      12   16683)
          34   10.091923   20.715870  (      12   10687)
          35   10.095662   21.364319  (      12   15118)
          36   10.099772   20.693597  (      12   14065)
          37   10.103114   20.711276  (      12   14050)
          38   10.105475   20.571269  (      12   10750)
          39   10.111038   20.754669  (      12   12085)
          40   10.115237   20.731225  (      12   14084)
          41   10.119997   21.015741  (      12   13097)
          42   10.122569   20.047956  (      12   19051)
          43   10.123038   21.301690  (      12   13822)
          44   10.123212   20.701383  (      12   15400)
          45   10.123366   21.037621  (      12   11515)
          46   10.124475   21.899311  (      12   11156)
          47   10.129405   25.919355  (      12   10022)
          48   10.129868   20.136217  (      12   16205)
          49   10.133328   25.438057  (    5969   11770)
          50   10.134521   19.807457  (      12   16163)
          51   10.135398   20.774762  (      12   12173)
          52   10.136754   21.025940  (      12   19322)
          53   10.139113   20.928000  (      12   11148)
          54   10.139462   21.283113  (      12   14352)
          55   10.141094   29.925793  (    6359   19077)
          56   10.142472   20.792646  (      12   10600)
          57   10.160194   21.240757  (      12   13008)
          58   10.160264   20.419631  (      12   19892)
          59   10.161102   20.340211  (      12   18957)
          60   10.164251   20.865341  (      12   14245)
          61   10.174215   20.816709  (      12   14549)
          62   10.177954   21.133811  (      12   13269)
          63   10.178057   21.241190  (      12   13338)
          64   10.184702   21.158034  (      12   11180)
          65   10.186036   29.655812  (    6359   18432)
          66   10.187625   21.216433  (      12   15202)
          67   10.188329   21.589182  (      12   17295)
          68   10.188762   21.870675  (      12   15106)
          69   10.188807   21.301397  (      12   12477)
          70   10.189759   21.331987  (      12   14141)
          71   10.198863   22.518897  (      12   15511)
          72   10.199031   20.950411  (      12   14469)
          73   10.202008   21.175976  (      12   15845)
          74   10.202187   21.324962  (      12   13391)
          75   10.202218   22.823282  (      12   19338)
          76   10.202854   22.812396  (      12   19289)
          77   10.206033   21.015926  (      12   11421)
          78   10.206170   21.661353  (      12   14824)
          79   10.207088   22.745337  (      12   19014)
          80   10.209763   21.552995  (      12   12977)
          81   10.210778   22.156604  (      12   10311)
          82   10.212091   22.674901  (      12   18797)
          83   10.212249   21.167982  (      12   14808)
          84   10.212599   21.276893  (      12   16913)
          85   10.213854   21.236278  (      12   14474)
          86   10.215246   22.648023  (      12   12972)
          87   10.215730   22.653491  (      12   12969)
          88   10.217899   21.319372  (      12   12835)
          89   10.218368   22.595515  (      12   18584)
          90   10.218690   21.188451  (      12   16311)
          91   10.219509   21.173983  (      12   17099)
          92   10.219707   21.157061  (      12   17746)
          93   10.221949   22.553491  (      12   18507)
          94   10.222585   21.163184  (      12   17954)
          95   10.222854   21.270773  (      12   17590)
          96   10.223956   21.171997  (      12   19596)
          97   10.224418   21.228365  (      12   13654)
          98   10.224633   21.727779  (      12   15892)
          99   10.225773   21.161576  (      12   14022)
         100   10.227465   22.492303  (      12   18411)
