        Rank        RMSE       MaxAE  Feature_ID
           1    3.429057    8.913857  (    1802   16856)
           2    3.433159    8.528997  (    3267   16856)
           3    3.459460    8.899566  (     342   16856)
           4    3.470585    8.531929  (    4504   16856)
           5    3.481200    8.713743  (    9108   16856)
           6    3.481673    8.726872  (    9530   16856)
           7    3.495529    8.688701  (    9656   16856)
           8    3.495816    9.403292  (    3095   16856)
           9    3.514191    8.258554  (     484   16856)
          10    3.519268    8.575359  (    6527   16856)
          11    3.520265    8.573545  (    6510   16856)
          12    3.529096    8.755336  (    3958   16856)
          13    3.564252    9.125521  (    3820   16856)
          14    3.566643    8.352038  (    5313   16856)
          15    3.572325    9.775165  (    5505   16856)
          16    3.573655    9.372746  (    1020   16856)
          17    3.575549    9.493597  (    8714   16856)
          18    3.579739   10.469706  (    8351   16856)
          19    3.586918    7.870452  (    9571   16856)
          20    3.588861    9.324024  (    3406   16856)
          21    3.593873    9.236747  (    4350   16856)
          22    3.600549    8.887235  (    1503   16856)
          23    3.606651    9.326844  (    5863   16856)
          24    3.614570    9.097059  (    1427   16856)
          25    3.615360    9.534455  (    8675   16856)
          26    3.616083    7.566234  (    9433   16856)
          27    3.624923   10.080717  (    9580   16856)
          28    3.627109    7.064107  (    7517   16856)
          29    3.652691    9.415920  (    8406   16856)
          30    3.657352   12.261138  (    1014   11269)
          31    3.663476   12.354714  (     753   11269)
          32    3.664100    8.478224  (    8579   16856)
          33    3.667176   12.555126  (    7795   16856)
          34    3.671426    9.513245  (    3886   16856)
          35    3.674067    9.402341  (    8493   16856)
          36    3.674482    8.321786  (    4561   16856)
          37    3.674669    9.411559  (    4608   16856)
          38    3.676161    8.331243  (    8468   16856)
          39    3.677467    8.778403  (    1391   14339)
          40    3.682689    9.108811  (    8346   16856)
          41    3.686505    8.404330  (    9431   16856)
          42    3.687526    8.425517  (    8565   16856)
          43    3.687734    8.439071  (    9995   16856)
          44    3.692485    9.193116  (     753   14339)
          45    3.700060   10.799610  (     568   16856)
          46    3.701360    8.452248  (    9189   16856)
          47    3.703412    9.937815  (    9503   16856)
          48    3.704192    9.849753  (    6510   17791)
          49    3.704968    9.848943  (    6527   17791)
          50    3.705552    8.870064  (     342   14339)
          51    3.705920    9.023139  (    1004   16856)
          52    3.707613    9.535347  (    5874   16856)
          53    3.708112    8.497824  (    8397   16856)
          54    3.714247   11.834573  (    9396   16856)
          55    3.715239    8.735252  (    7263   16856)
          56    3.717434    8.487004  (    1873   14339)
          57    3.718711    8.962628  (    1999   16856)
          58    3.719332   10.251987  (    6510   14339)
          59    3.720231   10.251225  (    6527   14339)
          60    3.724168   10.027353  (    2438   16856)
          61    3.724926   10.393295  (    8512   14339)
          62    3.725310    8.582771  (    8527   16856)
          63    3.725434    9.023843  (    9335   16856)
          64    3.725863   10.101359  (    7473   16856)
          65    3.726082   10.220654  (    3057   16856)
          66    3.726767    9.999254  (    8512   17791)
          67    3.727663   11.949523  (    7234   16856)
          68    3.727684   10.065514  (    3048   16856)
          69    3.729552    9.257134  (    1014   14339)
          70    3.730350   10.700717  (    1685   18398)
          71    3.731131   11.921608  (    8002   16856)
          72    3.731132    8.646610  (    6422   14339)
          73    3.732456    8.116412  (    6435   16856)
          74    3.733292    8.913920  (    2038   16856)
          75    3.733933    9.092586  (    2044   16856)
          76    3.737041    8.986660  (    3985   16856)
          77    3.739719    9.576203  (    1620   14339)
          78    3.742024   10.032336  (    9874   16856)
          79    3.742802    9.330995  (    1614   14339)
          80    3.743600   10.266855  (    2930   16856)
          81    3.744143    8.422003  (    9097   14339)
          82    3.744715    8.635277  (     192   16856)
          83    3.745009    8.312407  (    6816   14339)
          84    3.745200   10.390092  (    9783   16856)
          85    3.748005   10.237224  (    3287   16856)
          86    3.749004    8.872396  (    6967   16856)
          87    3.749639   11.925336  (    8973   16856)
          88    3.749942   10.101174  (    3003   16856)
          89    3.749992   13.084563  (    9934   16856)
          90    3.750033    9.341794  (    4598   16856)
          91    3.750351   10.177329  (    4189   16856)
          92    3.751898    9.844173  (    7435   16856)
          93    3.752140   10.463442  (    9580   17791)
          94    3.752395    9.613576  (    6912   18398)
          95    3.753183    8.841702  (    1802   14339)
          96    3.753330    8.884166  (    2155   16856)
          97    3.754838   11.091449  (    6482   18398)
          98    3.755190    8.659048  (    6652   16856)
          99    3.756145    9.751301  (     711   16856)
         100    3.756630    8.299717  (    7782   16856)
