Model_ID, [(c_i,i=0,n)_j,j=1,ntask]
           1    0.1304121651E+01    0.2696430068E+02   -0.3597314087E+03
           2    0.1475500437E+02   -0.1408555102E+02    0.2358915040E+03
           3    0.1499020491E+02    0.1315726152E+02    0.2268430673E+03
           4    0.1420248282E+02   -0.1386447881E+02    0.2345665836E+03
           5    0.1540248017E+02    0.1487638761E+02    0.2273318679E+03
           6    0.3960831382E+01    0.1304572677E+02   -0.2767842963E+03
           7    0.1287903581E+01    0.2525029715E+02   -0.3930472983E+03
           8    0.1451115227E+02   -0.1420242922E+02    0.2337928646E+03
           9    0.1175789414E+02   -0.1198380068E+02    0.2339105852E+03
          10    0.1515423152E+02    0.1328656506E+02    0.2264617584E+03
          11    0.1455159357E+02   -0.1406624418E+02    0.2343097193E+03
          12    0.1570365493E+02    0.1471604347E+02    0.2294071996E+03
          13    0.1446433255E+02   -0.1472716420E+02   -0.1054768462E+03
          14    0.1542629148E+02    0.1316075508E+02    0.2283235395E+03
          15    0.3246870460E+01   -0.1113428165E+02   -0.2657274419E+03
          16    0.1388740572E+02   -0.1448548572E+02   -0.1046022660E+03
          17    0.3891679334E+01    0.1276370706E+02   -0.2708469123E+03
          18    0.1507951663E+02   -0.1240239899E+02    0.2280957715E+03
          19    0.1238519585E+02    0.1066757236E+02    0.2271183202E+03
          20    0.2252033443E+01    0.3976651317E+02   -0.2906948721E+03
          21    0.4066850676E+01    0.4001512100E+02   -0.2652484451E+03
          22    0.1026307831E+02    0.9424732286E+01    0.2207211862E+03
          23    0.2297681640E+01   -0.3943814912E+02   -0.2780835388E+03
          24    0.4206662052E+01    0.1227745252E+02   -0.2708322670E+03
          25    0.5234395947E+01    0.2245890258E+02    0.1920559521E+03
          26    0.4395456303E+01    0.1513921142E+02    0.4173576717E+03
          27    0.4396722804E+01    0.1515037054E+02    0.4157002392E+03
          28    0.3450250290E+01   -0.1140743812E+02    0.1987511246E+03
          29    0.3741123308E+01   -0.1647383537E+02   -0.8904184522E+02
          30    0.5237497391E+01    0.2202912834E+02   -0.1616255646E+03
          31    0.4403061659E+01    0.1514996298E+02    0.3962776871E+03
          32    0.1063097577E+01   -0.2556605916E+02   -0.3838931191E+03
          33    0.1031425537E+02   -0.9662598472E+01    0.2184490429E+03
          34    0.4405046541E+01    0.1515929239E+02    0.3945340369E+03
          35    0.1038242216E+01    0.2589312919E+02   -0.3852947742E+03
          36    0.9519904133E+00    0.2600736463E+02   -0.3708276441E+03
          37    0.9972951236E+01   -0.9639602435E+01    0.2168323144E+03
          38    0.1506662494E+02    0.1255705080E+02    0.2304586043E+03
          39    0.1036941576E+02   -0.9599043248E+01    0.2189029456E+03
          40    0.1056751430E+02    0.9451139680E+01    0.2217282943E+03
          41    0.1222761222E+01   -0.2536584116E+02   -0.3849352220E+03
          42    0.1002992251E+02   -0.9577232415E+01    0.2172934958E+03
          43    0.1588884149E+02    0.1484218432E+02    0.2290390855E+03
          44    0.1101186321E+01    0.2555351471E+02   -0.3794518564E+03
          45    0.1058507924E+02    0.9429702789E+01    0.2218699661E+03
          46    0.1152864470E+01    0.2551086018E+02   -0.3778859318E+03
          47    0.1208285645E+02    0.1065160461E+02    0.2175299467E+03
          48    0.1040890253E+01    0.2559358794E+02   -0.3829751801E+03
          49    0.1145519995E+01    0.2543254726E+02   -0.3838320070E+03
          50    0.1045431036E+01    0.2558653555E+02   -0.3830151669E+03
          51    0.1050040080E+01    0.2557933107E+02   -0.3830559459E+03
          52    0.3254405515E+01    0.8416623879E+01   -0.3878800721E+03
          53    0.3015556367E+01    0.8540287274E+01   -0.3836030496E+03
          54    0.5281810842E+01    0.2189774087E+02   -0.2584885320E+03
          55    0.1651816692E+02   -0.1488310853E+02    0.2285387460E+03
          56    0.1500232494E+02    0.1219481889E+02    0.2287407715E+03
          57    0.1022963624E+01    0.2628007107E+02   -0.3832428426E+03
          58    0.3278052793E+01    0.8407031110E+01   -0.3854938633E+03
          59    0.1559024121E+02    0.1326502023E+02    0.2279827291E+03
          60    0.1028040728E+02   -0.9677321963E+01    0.2178263593E+03
          61    0.4220759907E+01    0.2801598809E+02   -0.1284927510E+04
          62    0.4028640425E+01    0.2839391666E+02   -0.1276777765E+04
          63    0.1224202244E+02    0.1061357710E+02    0.2265911005E+03
          64    0.5018669182E+01    0.2188973687E+02   -0.2534183299E+03
          65    0.5242515522E+01    0.2220565203E+02    0.1933030261E+03
          66    0.9579776337E+00    0.2571194524E+02   -0.3823473794E+03
          67    0.2881210787E+01    0.1092202351E+02    0.1428161465E+04
          68    0.4283885771E+01    0.2622150220E+02    0.1425481210E+04
          69    0.4259229030E+01    0.2625783100E+02    0.1426447472E+04
          70    0.1028763229E+01   -0.2560478291E+02   -0.3821476834E+03
          71    0.5167840634E+01    0.1281659514E+02   -0.3861988853E+03
          72    0.6232088905E+01    0.3692737479E+02    0.2036198695E+03
          73    0.1035484294E+02   -0.9589519546E+01    0.2184416515E+03
          74    0.4080295750E+01    0.2662031748E+02    0.1417286687E+04
          75    0.4303033590E+01    0.2618108468E+02    0.1425106033E+04
          76    0.1500686527E+01    0.2705983513E+02   -0.1690068438E+03
          77    0.1243203411E+02    0.1069538882E+02    0.2186367665E+03
          78    0.2624204823E+01   -0.3917109418E+02   -0.2772888776E+03
          79    0.5242757902E+01    0.2217829538E+02    0.1930415727E+03
          80    0.4276381788E+01    0.2624201872E+02    0.1423339703E+04
          81    0.4108478840E+01    0.2657822879E+02    0.1414677862E+04
          82    0.4297272599E+01    0.4095974960E+02    0.1973801792E+03
          83    0.1103027323E+01    0.2485061128E+02   -0.3832181030E+03
          84    0.4318877207E+01    0.4015417985E+02   -0.1661049756E+03
          85    0.4126838512E+01    0.2653905923E+02    0.1414758119E+04
          86    0.1015314272E+01    0.2556301924E+02   -0.3868750196E+03
          87    0.1081793357E+02   -0.1153653381E+02    0.2235957512E+03
          88    0.2548482841E+01   -0.3926601959E+02   -0.2784038328E+03
          89    0.1452720640E+02    0.1649639910E+02    0.2365819409E+04
          90    0.4276026843E+01    0.3818921835E+02    0.1427778797E+04
          91    0.4251077636E+01    0.3824284969E+02    0.1428856443E+04
          92    0.3011181420E+01    0.5932489636E+01    0.1337051896E+04
          93    0.1045491031E+02   -0.1145960182E+02    0.2224242242E+03
          94    0.4564016103E+01    0.2587351237E+02    0.1399427461E+04
          95    0.8936598746E+00   -0.2574833620E+02   -0.3813909877E+03
          96    0.4099536497E+01    0.2660121918E+02    0.1413161402E+04
          97    0.4250290764E+01    0.2630725438E+02    0.1420272338E+04
          98    0.4295140059E+01    0.3813034422E+02    0.1427451030E+04
          99    0.1497697675E+02    0.1223040096E+02    0.2284470938E+03
         100    0.5373014538E+01   -0.2213262170E+02   -0.3808595402E+03
