        Rank        RMSE       MaxAE  Feature_ID
           1    3.619385   11.777223  (      62   10002)
           2    3.637689   10.935465  (    8615   10060)
           3    3.644627   13.456948  (    1512   10060)
           4    3.652791   11.151997  (    7764   10060)
           5    3.654246   12.146197  (    1799   10060)
           6    3.655464   10.193042  (    6446   10001)
           7    3.674740   11.560193  (    6310   10002)
           8    3.675201   10.552525  (    8312   10060)
           9    3.679317   13.564671  (    8859   10060)
          10    3.680290   13.503284  (    1982   10060)
          11    3.680734   10.626485  (    9775   10060)
          12    3.694717   12.173946  (    4182   10060)
          13    3.699721   13.611940  (    8615   10298)
          14    3.714333   13.513170  (    4134   10060)
          15    3.716014   11.426635  (    1693   10001)
          16    3.724147   13.830395  (    7764   10298)
          17    3.725326   12.025398  (    4616   10001)
          18    3.726692   13.094630  (    4541   10060)
          19    3.729199   13.718883  (    3789   10060)
          20    3.731057   12.588523  (    5696   10020)
          21    3.732147   11.378872  (    1831   10001)
          22    3.733244   12.578255  (    1155   10060)
          23    3.738749   12.397533  (     891   10020)
          24    3.739697   11.151758  (    5324   10001)
          25    3.744423    9.683003  (     442   10003)
          26    3.744866   12.367652  (    2825   11859)
          27    3.745974   12.349280  (    2825   11914)
          28    3.746633   11.593947  (    1693   10003)
          29    3.746966   13.105552  (    4549   11704)
          30    3.747178    9.465999  (     442   10013)
          31    3.750291   13.459859  (     502   11859)
          32    3.751434   11.528614  (    4404   10002)
          33    3.752450   12.555811  (     967   10060)
          34    3.752646   13.444382  (     502   11914)
          35    3.752857   11.750733  (    5303   10002)
          36    3.753432   11.686391  (     965   10002)
          37    3.754873   12.577779  (     763   10060)
          38    3.755449   13.312918  (    9900   10060)
          39    3.755975   12.593574  (    1060   10060)
          40    3.757172   12.587707  (    1776   10060)
          41    3.757289   11.545267  (    5317   10002)
          42    3.757484   12.614224  (     834   10060)
          43    3.757912   12.240941  (    7700   10060)
          44    3.758842   11.538353  (    2671   10002)
          45    3.759850   12.601640  (    1863   10060)
          46    3.760374   11.551872  (    2255   10002)
          47    3.760479   14.168922  (     894   10060)
          48    3.761282   11.522737  (    4349   10002)
          49    3.762596   11.512419  (    4912   10002)
          50    3.763010   11.522255  (    4459   10002)
          51    3.764785   11.521732  (    4582   10002)
          52    3.765308   12.878509  (    8436   10002)
          53    3.766081   12.885364  (    4951   10002)
          54    3.767154    9.383537  (     442   10005)
          55    3.767622   11.338833  (    7727   10060)
          56    3.767779   13.324232  (    8037   10060)
          57    3.767867   11.135830  (    4824   10002)
          58    3.768119   12.871403  (    6450   10002)
          59    3.768196   13.580469  (    6951   10060)
          60    3.769291   12.575158  (    1011   10060)
          61    3.770153   11.420533  (    7723   10294)
          62    3.770880   11.428516  (    5606   10294)
          63    3.771468   13.268874  (    5410   10060)
          64    3.772127    9.534664  (     442   10001)
          65    3.772369    9.551624  (     442   10006)
          66    3.772990   11.524314  (    4575   10002)
          67    3.773340   11.170443  (    4827   10189)
          68    3.773820   10.662186  (    7723   10370)
          69    3.774234   10.658974  (    7723   10363)
          70    3.775280   11.515297  (    4570   10002)
          71    3.776174   12.448895  (    7722   10002)
          72    3.776251    7.841211  (    7067   10003)
          73    3.777239   12.629257  (    1197   10060)
          74    3.777339   10.670269  (    5606   10363)
          75    3.777434   10.658359  (    7723   10388)
          76    3.777867   11.664452  (      62   10105)
          77    3.778459   14.175088  (    1267   10060)
          78    3.779419   12.595122  (    1135   10020)
          79    3.779551    9.534052  (     442   10007)
          80    3.782497   10.663398  (    7723   10389)
          81    3.782877   10.671726  (    5606   10370)
          82    3.783334   11.531417  (    1831   10003)
          83    3.783698   11.866794  (    5667   10002)
          84    3.784136   11.272734  (    1831   10013)
          85    3.784864   10.668381  (    5606   10388)
          86    3.785001   11.491421  (    9153   10002)
          87    3.785436   14.114239  (    3435   10060)
          88    3.785573   12.570818  (    1443   10020)
          89    3.785851   12.718330  (     516   10283)
          90    3.786067   11.488639  (    9462   10370)
          91    3.786089   11.502515  (    9462   10363)
          92    3.786632   11.830766  (    8688   10357)
          93    3.787703   14.131065  (    2787   10060)
          94    3.788163   10.715678  (    7723   10194)
          95    3.788409   11.482690  (    4769   10002)
          96    3.789177   10.673667  (    5606   10389)
          97    3.789442   10.669750  (    7723   10390)
          98    3.789507   11.470941  (    9462   10388)
          99    3.790462   13.325941  (    9621   10060)
         100    3.791198   14.728864  (    4610   10002)
