     Index              y_true              y_pred        descriptor_1        descriptor_2
         1    0.2466500000E+03    0.2672684940E+03    0.2711433200E+00    0.5060335447E-01
         2    0.3387000000E+03    0.3732117948E+03    0.5005530800E+00   -0.1345922222E+00
         3    0.4097000000E+03    0.3852395278E+03    0.8979202400E+00    0.8174955712E-01
         4    0.4380000000E+03    0.4381292664E+03    0.8234232600E+00   -0.1315385616E+00
         5    0.2401500000E+03    0.2387760902E+03    0.1823576000E-01   -0.2182077300E-01
         6    0.3275000000E+03    0.3532342534E+03    0.5518317000E+00   -0.3923698680E-01
         7    0.2561000000E+03    0.2541039926E+03    0.1090833000E+00   -0.1175812658E-01
         8    0.2720000000E+03    0.2758811141E+03    0.2712517000E+00    0.2369539956E-01
         9    0.2396000000E+03    0.2428442226E+03    0.5030284000E-01   -0.1406453400E-01
        10    0.9034100000E+02    0.1261288429E+03   -0.4984824900E+00    0.7121531200E-03
        11    0.3891500000E+03    0.3950519328E+03    0.6818619200E+00   -0.8710059450E-01
        12    0.3260000000E+03    0.3183939474E+03    0.4424954000E+00   -0.4036194934E-16
        13    0.2561000000E+03    0.2259548197E+03    0.7965720000E-01    0.5760271296E-01
        14    0.4920000000E+03    0.4700559949E+03    0.8538681600E+00   -0.2120805407E+00
        15    0.2680300000E+03    0.2956368588E+03    0.5282640000E-02   -0.2082055285E+00
        16    0.3945000000E+03    0.3592336257E+03    0.5760597400E+00   -0.4254104422E-01
        17    0.3990000000E+03    0.3794940089E+03    0.7935519600E+00    0.3302898720E-01
        18    0.3091000000E+03    0.3446693247E+03    0.1504323000E+00   -0.2690028793E+00
        19    0.3281500000E+03    0.3059454997E+03    0.4168858300E+00    0.2262130112E-01
        20    0.9070000000E+02    0.2400492064E+02   -0.1000000000E+01    0.0000000000E+00
        21    0.2566500000E+03    0.2130831939E+03   -0.1797818000E-01    0.3550717939E-01
        22    0.4460000000E+03    0.4507151407E+03    0.8062173800E+00   -0.1819600120E+00
        23    0.1588000000E+03    0.1829861357E+03   -0.2231599600E+00   -0.1382095320E-02
        24    0.2634000000E+03    0.2794101743E+03    0.0000000000E+00   -0.1607557400E+00
        25    0.4780000000E+03    0.4947274266E+03    0.8531270700E+00   -0.2898323958E+00
        26    0.4240000000E+03    0.4058572033E+03    0.6022734600E+00   -0.1718226115E+00
        27    0.3380000000E+03    0.3338427825E+03    0.1428942400E+00   -0.2399096832E+00
        28    0.2744000000E+03    0.2616904107E+03    0.1732251000E+00    0.5481515214E-02
        29    0.3334000000E+03    0.4002726068E+03    0.7763496800E+00   -0.4305216000E-01
        30    0.3602000000E+03    0.3578624566E+03    0.5058064200E+00   -0.8315543414E-01
        31    0.5132000000E+03    0.4746316161E+03    0.8432954400E+00   -0.2331713096E+00
        32    0.1693000000E+03    0.1980070835E+03   -0.5546175000E-01    0.5876865590E-01
        33    0.4711500000E+03    0.4315530426E+03    0.6671199600E+00   -0.2108564769E+00
        34    0.4150000000E+03    0.3986033405E+03    0.7935391800E+00   -0.2683517866E-01
        35    0.2990000000E+03    0.2843007167E+03    0.3197302000E+00    0.2831253247E-01
        36    0.2480000000E+03    0.2362266613E+03    0.4452969000E-01    0.2973122340E-02
        37    0.4680000000E+03    0.4415352594E+03    0.6531520900E+00   -0.2510526218E+00
        38    0.1743000000E+03    0.2065554702E+03    0.1063835600E+00    0.1354519008E+00
        39    0.2530000000E+03    0.3075146360E+03    0.4104536200E+00    0.1359453186E-01
        40    0.4010000000E+03    0.4207561680E+03    0.7413913600E+00   -0.1295596784E+00
        41    0.3632000000E+03    0.3654921302E+03    0.2297202000E+00   -0.2835413473E+00
        42    0.8950000000E+02    0.9008881235E+02   -0.6796564500E+00   -0.2215050450E-02
