Model_ID, [(c_i,i=0,n)_j,j=1,ntask]
           1    0.9128648690E+01    0.2149144706E+02   -0.5391961077E+01
           2    0.1332921168E+02    0.2144932068E+02   -0.6838972533E+01
           3    0.1927404649E+02    0.1774648267E+02   -0.6020968140E+02
           4    0.1272857484E+02    0.2290729466E+02   -0.5966766023E+01
           5    0.1069856639E+02    0.2233459035E+02   -0.5508932264E+01
           6    0.1612137839E+02   -0.1838690473E+02   -0.1075407156E+03
           7    0.1606062988E+02    0.1862223388E+02   -0.1152050450E+03
           8    0.1987138880E+02    0.1073691088E+02    0.7747849299E+02
           9    0.1482950566E+02    0.2334808373E+02   -0.7799415268E+01
          10    0.1615930249E+02   -0.1827121806E+02   -0.1068142354E+03
          11    0.1937531933E+02    0.1732647111E+02    0.6130992703E+02
          12    0.1609877513E+02    0.1849869972E+02   -0.1143799861E+03
          13    0.1577004059E+02   -0.1683402044E+02   -0.8093078064E+02
          14    0.1610014239E+02    0.1841444804E+02   -0.1137257662E+03
          15    0.2414683261E+02    0.1151830888E+02    0.4014976154E+02
          16    0.1371797097E+02    0.6385704882E+01    0.1951051923E+02
          17    0.1225464481E+02    0.2220150966E+02   -0.6277107306E+01
          18    0.1580939916E+02   -0.1674767433E+02   -0.8077867712E+02
          19    0.1826441465E+02    0.8945748911E+01    0.7020782936E+02
          20    0.1682667024E+02    0.1391810901E+02    0.7348180260E+02
          21    0.1612595912E+02    0.1828428456E+02   -0.1147720387E+03
          22    0.1860071871E+02    0.9637100775E+01    0.6305725696E+02
          23    0.1287660215E+02    0.2281740399E+02   -0.6140359264E+01
          24    0.2401397589E+02    0.1143226048E+02    0.4079509937E+02
          25    0.8441007702E+01    0.2336339813E+02   -0.5377917273E+01
          26    0.1613808360E+02    0.1829714743E+02   -0.1129486819E+03
          27    0.8450957121E+01    0.2294607033E+02   -0.4780769542E+01
          28    0.1446042003E+02    0.1277970404E+02    0.2122322087E+02
          29    0.1976763285E+02    0.1071471729E+02   -0.7268553362E+02
          30    0.1394221956E+02    0.2288513225E+02   -0.1282923409E+02
          31    0.1505448529E+02   -0.1690354502E+02   -0.8637178416E+02
          32    0.1853927947E+02    0.1813808783E+02    0.6415549012E+02
          33    0.1577085451E+02    0.2280547572E+02   -0.4650196096E+01
          34    0.1987293328E+02    0.1093835532E+02    0.7736859034E+02
          35    0.1614948909E+02   -0.1830465948E+02   -0.1110786619E+03
          36    0.1598824457E+02    0.1856448869E+02   -0.1160526985E+03
          37    0.1113932587E+02    0.6370877639E+01    0.2030741561E+02
          38    0.1600873555E+02    0.1867662034E+02   -0.7891548175E+02
          39    0.1538306081E+02   -0.1577143677E+02    0.1647562363E+02
          40    0.1177847761E+02    0.2291037941E+02   -0.4100801556E+01
          41    0.1145690829E+02   -0.5996484932E+01    0.1981575604E+02
          42    0.9033892411E+01    0.2153244455E+02    0.5147904361E+01
          43    0.8795094505E+01    0.2344541065E+02   -0.5081343889E+01
          44    0.1713191907E+02    0.1896799227E+02   -0.3334688424E+02
          45    0.1556116327E+02   -0.5038715172E+01    0.2105418284E+02
          46    0.2011975759E+02    0.1093004347E+02    0.8285719637E+02
          47    0.1195799072E+02    0.2333516800E+02   -0.5706136916E+01
          48    0.9871805903E+01    0.2349796358E+02   -0.4943644411E+01
          49    0.1590821577E+02    0.1871889554E+02   -0.1154293995E+03
          50    0.1483109702E+02    0.2270771499E+02   -0.4861323051E+01
          51    0.1247954294E+02    0.4355387198E+01    0.2036669540E+02
          52    0.1354769262E+02    0.2239089216E+02    0.4555159769E+01
          53    0.1132872945E+02   -0.5578409200E+01    0.2076954935E+02
          54    0.1249758459E+02    0.1708020234E+02    0.8091391898E+02
          55    0.7419834873E+01    0.2325898054E+02    0.4542242595E+01
          56    0.1381479263E+02    0.2313818627E+02    0.1067940486E+02
          57    0.1120772977E+02    0.2324465479E+02   -0.3906296793E+01
          58    0.1604675307E+02    0.1854969817E+02   -0.7829310974E+02
          59    0.1694003320E+02    0.1506432458E+02   -0.2066662374E+02
          60    0.1604970368E+02    0.1847121380E+02   -0.7794966361E+02
          61    0.1262753645E+02    0.2236991570E+02    0.5850451640E+01
          62    0.1602823250E+02   -0.1835637894E+02   -0.1145550911E+03
          63    0.9059488657E+01    0.2232479442E+02    0.4816627706E+01
          64    0.1594679259E+02    0.1572123122E+02   -0.8566773215E+02
          65    0.1481750848E+02   -0.1689003135E+02   -0.9565380688E+02
          66    0.1655642608E+02    0.1274255667E+02    0.7920310851E+02
          67    0.1610871066E+02   -0.1839919144E+02   -0.7681373512E+02
          68    0.1959193306E+02    0.9982794350E+01    0.5367042568E+02
          69    0.1046017486E+02    0.2289441049E+02   -0.5476072286E+01
          70    0.1305053634E+02    0.2347218137E+02   -0.4195131712E+01
          71    0.1619806233E+02   -0.1868366545E+02   -0.7234693715E+02
          72    0.1381608369E+02    0.2256008482E+02    0.1320680028E+02
          73    0.1029084259E+02    0.2328540566E+02    0.3795387055E+01
          74    0.1841748410E+02    0.8866208995E+01    0.5832883387E+02
          75    0.1059215739E+02    0.2206387880E+02    0.5341184573E+01
          76    0.9248529488E+01    0.2227166661E+02   -0.5112800240E+01
          77    0.1613043996E+02    0.2336768727E+02   -0.4633227383E+01
          78    0.1609443416E+02    0.1828804575E+02   -0.1142700115E+03
          79    0.1625266112E+02    0.1794362524E+02   -0.1122599479E+03
          80    0.1612955866E+02    0.1814402214E+02   -0.1117197331E+03
          81    0.1001067022E+02    0.2345166586E+02   -0.8140822362E+01
          82    0.1316266005E+02    0.6647688519E+01    0.2097260536E+02
          83    0.1283351930E+02    0.2276311832E+02    0.4322946707E+01
          84    0.1446456953E+02    0.2346125094E+02   -0.4542993356E+01
          85    0.1380486594E+02    0.2258899594E+02    0.1085238447E+02
          86    0.1709456460E+02    0.1843811481E+02    0.1168029495E+02
          87    0.6624571953E+01    0.2154747195E+02    0.4258895969E+01
          88    0.1586698802E+02    0.1848710127E+02    0.5746562592E+02
          89    0.1348468266E+02    0.2352364606E+02    0.1121339863E+02
          90    0.1609824658E+02    0.2139598766E+02   -0.5098611080E+01
          91    0.1615683953E+02    0.1817540070E+02   -0.1118261107E+03
          92    0.7931864994E+01    0.2159796055E+02   -0.4483078756E+01
          93    0.1461033497E+02   -0.1705501737E+02   -0.1045111127E+03
          94    0.1631183865E+02    0.1437217041E+02   -0.3781930244E+02
          95    0.1603419327E+02    0.1850266047E+02    0.9648292075E+02
          96    0.1610657386E+02    0.1830117289E+02   -0.1124480729E+03
          97    0.1608750987E+02    0.1835063337E+02   -0.7736184126E+02
          98    0.1594071139E+02    0.1864359026E+02   -0.7993150500E+02
          99    0.1588300343E+02    0.1849769644E+02    0.5654487528E+02
         100    0.1599669408E+02    0.1841524896E+02    0.5755038631E+02
