        Rank        RMSE       MaxAE  Feature_ID
           1   32.355583  101.787104  (      31   15550)
           2   32.534195  100.291689  (     557   15496)
           3   32.773133  101.158810  (      31   11958)
           4   32.811797  101.656418  (     557   18381)
           5   32.823711   99.932881  (       6   10164)
           6   32.843795   97.028845  (       6   10004)
           7   32.859031  103.436860  (       6   10578)
           8   32.899211   92.419829  (      72   15768)
           9   33.022704   94.275812  (     557   10578)
          10   33.067403   96.031511  (       6   10003)
          11   33.084518  104.659406  (       3   10014)
          12   33.162131   98.452979  (      31   19060)
          13   33.166797  103.656612  (       3   10038)
          14   33.167328   94.152923  (     475   18904)
          15   33.251327   95.242673  (      31   10758)
          16   33.260186  101.671077  (       2   10004)
          17   33.303409   95.654099  (      31   10014)
          18   33.320407   94.503275  (     557   11785)
          19   33.334967  101.627762  (     378   18381)
          20   33.337442  100.745221  (       2   10003)
          21   33.343420  106.769972  (     197   15496)
          22   33.355085   96.474874  (      31   14859)
          23   33.363738   99.878604  (      60   10578)
          24   33.414166   98.129860  (      40   10014)
          25   33.417943   95.920736  (    1009   18904)
          26   33.464197   96.184239  (      60   10164)
          27   33.480440   87.093241  (     378   15768)
          28   33.490184   96.912867  (     557   12840)
          29   33.522509   98.810329  (      12   10004)
          30   33.544255   89.860517  (      31   10051)
          31   33.552512   93.158092  (      72   12953)
          32   33.566409  103.686813  (     932   15496)
          33   33.602389   90.070018  (     557   10164)
          34   33.609619   89.379614  (    7914   19196)
          35   33.622162   97.873211  (      12   10003)
          36   33.622860  100.759952  (     557   17375)
          37   33.624132   89.003570  (      31   10047)
          38   33.634650   91.591207  (      31   10013)
          39   33.695109   94.462465  (    1290   17172)
          40   33.695182   96.696599  (      31   14931)
          41   33.696465   96.994873  (      40   10038)
          42   33.699916  102.957376  (     429   15910)
          43   33.729898   94.454637  (      31   10038)
          44   33.731512  109.497119  (    2520   16201)
          45   33.737419   89.856137  (      31   17466)
          46   33.747856   93.810584  (      72   11982)
          47   33.760112   91.391284  (       6   10031)
          48   33.769979   95.244052  (      72   10038)
          49   33.778806  107.839704  (     197   18381)
          50   33.790251   98.964929  (    1290   14647)
          51   33.793133   90.965286  (     158   10164)
          52   33.794580   91.479485  (     475   15768)
          53   33.796314   99.748099  (     378   15496)
          54   33.804354   97.149875  (     378   12840)
          55   33.812610  104.842145  (      12   10578)
          56   33.813016  101.353522  (     197   11785)
          57   33.824818  100.878579  (      31   18164)
          58   33.826366   88.082902  (      31   10137)
          59   33.832098   84.825408  (     429   10086)
          60   33.851396  101.406390  (      12   10164)
          61   33.868194   96.939858  (      31   18634)
          62   33.875530   94.569398  (     158   10578)
          63   33.887373  128.788271  (     557   14727)
          64   33.890259  106.302529  (       3   19060)
          65   33.897854   95.412992  (      31   16864)
          66   33.912548  100.131423  (       6   10014)
          67   33.921898  128.192122  (     557   15382)
          68   33.923104   96.440935  (      72   19981)
          69   33.927319   89.258615  (      31   10061)
          70   33.934586   95.918812  (     598   19781)
          71   33.941216  104.933794  (     932   18381)
          72   33.946178   99.503555  (       3   10003)
          73   33.960722  116.312913  (    1389   18808)
          74   33.961374  100.801659  (      31   19807)
          75   33.972526  111.334242  (      39   10004)
          76   33.989505  106.652645  (     481   15496)
          77   33.997466   89.028835  (      60   10006)
          78   34.004006  104.988539  (     557   16505)
          79   34.010177  100.003851  (     209   10578)
          80   34.010842  103.655914  (     924   15496)
          81   34.026034   97.448599  (      31   11066)
          82   34.030803   90.824783  (      31   16371)
          83   34.031680  116.496001  (     598   18808)
          84   34.035801   88.307456  (     475   14047)
          85   34.035979  102.243816  (      12   10014)
          86   34.049851  127.935354  (     557   16491)
          87   34.051011   89.088620  (      31   10124)
          88   34.056690  107.580189  (    3699   11801)
          89   34.068890   89.108573  (      31   10151)
          90   34.069150  105.045778  (     321   15910)
          91   34.080742   95.131721  (       3   12953)
          92   34.081995  100.218655  (      31   12901)
          93   34.082515   89.035300  (      31   10149)
          94   34.084337  114.963056  (     304   15496)
          95   34.086974   94.526538  (       6   10944)
          96   34.088568   98.243790  (       6   10945)
          97   34.089268   84.393684  (    7914   14063)
          98   34.092652   94.796276  (       6   10954)
          99   34.100041   88.971565  (      31   10086)
         100   34.105744  101.409416  (     417   15496)
