Model_ID, [(c_i,i=0,n)_j,j=1,ntask]
           1    0.5620820813E+02   -0.4419961273E+02   -0.4164468406E+04
           2    0.2119188170E+02    0.4875100420E+02   -0.7458741570E+04
           3    0.5979689659E+02   -0.4623101156E+02   -0.3154605490E+04
           4    0.5632527169E+02   -0.4492881604E+02   -0.4246958945E+04
           5    0.1443423838E+02    0.6013411818E+02   -0.7641207702E+04
           6    0.5959233127E+02    0.4721157590E+02   -0.3198176155E+04
           7    0.2012141903E+02   -0.5969406631E+02   -0.6946552717E+04
           8    0.5602601214E+02    0.4576340341E+02   -0.4278917897E+04
           9    0.5958261429E+02   -0.4666278500E+02   -0.3144794110E+04
          10    0.1660936971E+02    0.4584632724E+02   -0.7308891387E+04
          11    0.5698625203E+02   -0.4478348998E+02   -0.3270794044E+04
          12    0.5581682319E+02   -0.4328393418E+02   -0.2898938798E+04
          13    0.1944073310E+02    0.5455331969E+02   -0.7442172475E+04
          14    0.5612685132E+02    0.4516404158E+02   -0.4191047918E+04
          15    0.1837820357E+02    0.3861135172E+02    0.8831492561E+04
          16    0.2094260459E+02   -0.4241838008E+02   -0.7103711490E+04
          17    0.1966374377E+02    0.5189215337E+02   -0.7253967035E+04
          18    0.1820575667E+02   -0.4845245550E+02   -0.7217223337E+04
          19    0.5603932909E+02   -0.4512968689E+02   -0.4179873783E+04
          20    0.2187133659E+02   -0.2512015837E+02   -0.6977648402E+04
          21    0.5554477279E+02    0.4413556207E+02   -0.2933989126E+04
          22    0.5671138275E+02    0.4566327063E+02   -0.3306663256E+04
          23    0.5601705824E+02   -0.4511545721E+02   -0.4176396902E+04
          24    0.5916967752E+02   -0.4662272744E+02   -0.3038533026E+04
          25    0.5601443403E+02   -0.4511365616E+02   -0.4175972860E+04
          26    0.5568145603E+02    0.4367854816E+02   -0.2895904119E+04
          27    0.2049769841E+02    0.4871918158E+02    0.3437568624E+05
          28    0.5524161598E+02   -0.4378725205E+02   -0.2802595903E+04
          29    0.5568248130E+02   -0.4352270645E+02   -0.3658291504E+04
          30    0.5683447085E+02    0.4516364308E+02   -0.3260578262E+04
          31    0.5536824368E+02    0.4319066078E+02   -0.3921667947E+04
          32    0.2312324345E+02    0.2387028080E+02   -0.4094575847E+04
          33    0.5559603178E+02   -0.4364324045E+02   -0.2887217924E+04
          34    0.5561172988E+02   -0.4508352272E+02   -0.4009792326E+04
          35    0.2000097440E+02    0.5174442023E+02   -0.7395725517E+04
          36    0.5557448655E+02   -0.4362952218E+02   -0.2884683626E+04
          37    0.5632700561E+02   -0.4518682507E+02   -0.3142880399E+04
          38    0.5557195215E+02   -0.4362779845E+02   -0.2884377659E+04
          39    0.5526694471E+02   -0.4315372803E+02   -0.3910981733E+04
          40    0.1996801507E+02    0.5205469567E+02   -0.7138244748E+04
          41    0.5983931277E+02   -0.4626096802E+02   -0.3209994607E+04
          42    0.5526454181E+02   -0.4315228570E+02   -0.3910666665E+04
          43    0.2290121406E+02    0.2441922672E+02   -0.4594674375E+04
          44    0.2199456991E+02    0.2640359063E+02   -0.7167276434E+03
          45    0.5673534341E+02   -0.4510372925E+02   -0.3246001725E+04
          46    0.2010749799E+02   -0.5189163151E+02   -0.7060028029E+04
          47    0.1954475466E+02   -0.5241306633E+02   -0.7180703184E+04
          48    0.2007837759E+02    0.2501762772E+02   -0.6950741158E+04
          49    0.1969233201E+02    0.5352919764E+02   -0.7230238115E+04
          50    0.5631918993E+02    0.4500257849E+02   -0.4188249155E+04
          51    0.5671021777E+02   -0.4508351006E+02   -0.3241913504E+04
          52    0.5670725943E+02   -0.4508101504E+02   -0.3241423206E+04
          53    0.5949565128E+02    0.4590551511E+02   -0.3072508459E+04
          54    0.1822727351E+02    0.6200787273E+02   -0.7282624739E+04
          55    0.1979658330E+02    0.4285369985E+02   -0.7356096699E+04
          56    0.5636022115E+02   -0.4416956726E+02    0.3242530947E+04
          57    0.1985758856E+02    0.5214279184E+02   -0.7213266887E+04
          58    0.2150036276E+02    0.4999982786E+02   -0.7082890484E+04
          59    0.5585162532E+02    0.4496050938E+02   -0.4144884766E+04
          60    0.5705630645E+02    0.4507976482E+02   -0.3276156332E+04
          61    0.1943125065E+02    0.5250637448E+02   -0.7256510788E+04
          62    0.5689517460E+02   -0.4347309787E+02    0.3303961609E+04
          63    0.1893609407E+02    0.3814846149E+02    0.9072350284E+04
          64    0.5633498103E+02    0.4495409572E+02   -0.4183952783E+04
          65    0.1959939618E+02   -0.5235971846E+02   -0.7219274156E+04
          66    0.5587761648E+02    0.4355166694E+02   -0.2901008287E+04
          67    0.1959136075E+02    0.5241151103E+02   -0.7232387738E+04
          68    0.5905802159E+02   -0.4407871562E+02   -0.3326009207E+04
          69    0.5707508504E+02    0.4504074945E+02   -0.3274979544E+04
          70    0.2375268264E+02    0.2713059532E+02    0.2106859753E+05
          71    0.2091044832E+02    0.5700854514E+02   -0.7358315043E+04
          72    0.5888339399E+02   -0.4664622735E+02   -0.3030612978E+04
          73    0.2117907748E+02    0.5473483092E+02    0.3431842396E+05
          74    0.5773827897E+02   -0.4519447687E+02   -0.2693646825E+04
          75    0.5538321138E+02    0.4430448079E+02   -0.3681599787E+04
          76    0.1904638864E+02   -0.5284111445E+02   -0.7340172704E+04
          77    0.1681664654E+02    0.6417823529E+02    0.4281260061E+03
          78    0.5589498534E+02    0.4351082376E+02   -0.2899347064E+04
          79    0.2044099151E+02    0.5144128625E+02   -0.7033430474E+04
          80    0.1948587973E+02    0.5245340183E+02   -0.7295101207E+04
          81    0.5929426620E+02    0.4406968672E+02   -0.3348892391E+04
          82    0.2216091869E+02    0.2887297972E+02   -0.3745842710E+04
          83    0.1954563794E+02    0.5244063840E+02   -0.7244966045E+04
          84    0.2209460056E+02    0.2411149507E+02    0.2864770334E+04
          85    0.1903768540E+02    0.5289396778E+02   -0.7353532890E+04
          86    0.1569602098E+02    0.5921243216E+02    0.4279451361E+03
          87    0.5541613196E+02    0.4348511188E+02   -0.2862946355E+04
          88    0.1947753970E+02    0.5250582606E+02   -0.7308335719E+04
          89    0.5816443244E+02   -0.4647938377E+02   -0.3848636009E+04
          90    0.5598347454E+02   -0.4283789476E+02   -0.3053453931E+04
          91    0.5826393974E+02   -0.4389336722E+02   -0.4219189803E+04
          92    0.5642705030E+02   -0.4426824718E+02   -0.4393169989E+04
          93    0.1821035747E+02   -0.5360102096E+02   -0.7251940815E+04
          94    0.5759096739E+02    0.4399077469E+02   -0.3386551575E+04
          95    0.6193526493E+02   -0.4813571719E+02   -0.2923200392E+04
          96    0.2164223841E+02    0.4870746708E+02   -0.7066633652E+04
          97    0.2051644265E+02   -0.5133299044E+02   -0.7017556587E+04
          98    0.5556923644E+02    0.4299670622E+02   -0.3913808484E+04
          99    0.1859861687E+02   -0.4805127698E+02   -0.7146548625E+04
         100    0.1840286746E+02    0.4588215026E+02    0.3331778932E+05
