     Index              y_true              y_pred        descriptor_1        descriptor_2
         1    0.1338500000E+03    0.1555105220E+03   -0.1334000000E+00   -0.1284100000E-01
         2    0.2234200000E+03    0.2067085580E+03   -0.1481000000E+00    0.3202434900E-02
         3    0.1744500000E+03    0.1603998712E+03    0.2545000000E+00    0.2036657952E-02
         4    0.3540000000E+03    0.3460159794E+03   -0.1052100000E+01    0.1723743840E-01
         5    0.2606000000E+03    0.2331043923E+03   -0.1319000000E+00    0.1228899150E-01
         6    0.2800000000E+03    0.2786472766E+03   -0.9077000000E+00    0.4137764400E-03
         7    0.1839000000E+03    0.2015484344E+03   -0.1154000000E+00    0.2655639864E-02
         8    0.7620000000E+02    0.1063794917E+03    0.6810000000E+00   -0.8022571600E-03
         9    0.4610000000E+03    0.3805168979E+03   -0.1842900000E+01    0.1279219500E-02
        10    0.2300000000E+03    0.2454675195E+03   -0.8652000000E+00   -0.8853098976E-02
        11    0.3116500000E+03    0.3134657468E+03   -0.1000400000E+01    0.8489407784E-02
        12    0.3124500000E+03    0.3249926467E+03   -0.1293700000E+01    0.2160465808E-02
        13    0.1875850000E+03    0.1924951124E+03   -0.8990000000E-01    0.6037318560E-03
        14    0.3092000000E+03    0.3052604268E+03   -0.8110000000E+00    0.1233015040E-01
        15    0.3474000000E+03    0.3602233758E+03   -0.1638000000E+01    0.1744366838E-02
        16    0.2482000000E+03    0.2335613677E+03   -0.2587000000E+00    0.8089920000E-02
        17    0.3520000000E+03    0.3616153859E+03   -0.1183700000E+01    0.1776789950E-01
        18    0.3410000000E+03    0.3556559831E+03   -0.1393100000E+01    0.8663466132E-02
        19    0.3200000000E+03    0.3110004073E+03   -0.1185600000E+01    0.1343854200E-02
        20    0.1721500000E+03    0.1922635805E+03   -0.2600000000E-02    0.3521587664E-02
        21    0.1984000000E+03    0.2234122329E+03   -0.2843000000E+00    0.3932108520E-02
        22    0.2443500000E+03    0.2560862482E+03   -0.5628000000E+00    0.4945328856E-02
        23    0.3535000000E+03    0.3480473194E+03   -0.1362700000E+01    0.7246450470E-02
        24    0.1114000000E+03    0.1420696734E+03    0.4420000000E+00    0.2539876872E-02
        25    0.1399000000E+03    0.1415827281E+03    0.3725000000E+00    0.0000000000E+00
        26    0.3670000000E+03    0.3831482814E+03   -0.1430400000E+01    0.1627039650E-01
        27    0.3410000000E+03    0.3871388410E+03   -0.1980900000E+01   -0.1311257600E-02
        28    0.3137600000E+03    0.2870727350E+03   -0.9971000000E+00    0.7223313600E-04
        29    0.2375000000E+03    0.2140024367E+03   -0.2971000000E+00    0.4520439000E-03
        30    0.3410000000E+03    0.3375161554E+03   -0.1715700000E+01   -0.8258269472E-02
        31    0.1516000000E+03    0.1671078416E+03    0.7570000000E-01   -0.1924659240E-02
        32    0.4062400000E+03    0.4184634236E+03   -0.1770900000E+01    0.1601184598E-01
        33    0.2256100000E+03    0.2080854334E+03   -0.2545000000E+00    0.0000000000E+00
        34    0.1832000000E+03    0.1930587075E+03   -0.8430000000E-01    0.9778582920E-03
        35    0.2195740000E+03    0.1762444039E+03    0.9150000000E-01    0.1569936890E-02
        36    0.3340000000E+03    0.3300248009E+03   -0.2000000000E+01   -0.2042544358E-01
        37    0.2362500000E+03    0.2101079870E+03   -0.2678000000E+00    0.1977647400E-03
        38    0.2930000000E+03    0.3032939594E+03   -0.1032300000E+01    0.4108307760E-02
        39    0.3958500000E+03    0.3873866097E+03   -0.1861500000E+01    0.2861913600E-02
        40    0.3590000000E+03    0.3672330214E+03   -0.1843100000E+01   -0.3021025175E-02
        41    0.8981300000E+02    0.6684267578E+02    0.9168000000E+00   -0.5497332480E-02
        42    0.2677000000E+03    0.2759435085E+03   -0.6113000000E+00    0.9700650510E-02
