Model_ID, [(c_i,i=0,n)_j,j=1,ntask]
           1    0.6143972918E+02   -0.4666542946E+02    0.5298927988E+03
           2    0.6405366029E+02   -0.4592050188E+02    0.1742833518E+04
           3    0.6508654816E+02   -0.4938088391E+02    0.5119524221E+03
           4    0.6118253801E+02   -0.4640420981E+02    0.5419617794E+03
           5    0.6516417534E+02   -0.4750384159E+02    0.1225703151E+04
           6    0.6139304410E+02   -0.4533803144E+02    0.5489831752E+03
           7    0.6201411553E+02   -0.4748627154E+02    0.4818458580E+03
           8    0.6495569969E+02   -0.4805253236E+02    0.5319720769E+03
           9    0.6456601366E+02   -0.4863863591E+02    0.9597395665E+03
          10    0.6567515621E+02   -0.5016266788E+02    0.4634583550E+03
          11    0.6200504895E+02   -0.4633799983E+02   -0.4988401155E+03
          12    0.6300900640E+02   -0.4998829008E+02    0.9440241968E+03
          13    0.6171611317E+02   -0.4712139162E+02    0.4894430099E+03
          14    0.6106497136E+02   -0.4487730186E+02    0.5542635619E+03
          15    0.6093624781E+02   -0.4597160419E+02    0.5441906305E+03
          16    0.6101808008E+02   -0.4609516412E+02    0.5432458713E+03
          17    0.6559478219E+02   -0.4902204661E+02   -0.4810801197E+03
          18    0.6084507502E+02   -0.4581950167E+02    0.5446043796E+03
          19    0.4802461043E+02    0.2645209786E+02   -0.3498569033E+04
          20    0.4750302296E+02    0.2534796471E+02   -0.3468754937E+04
          21    0.6274930138E+02   -0.4973665055E+02    0.9643130121E+03
          22    0.6478223497E+02   -0.4736310392E+02    0.1251775007E+04
          23    0.6072626647E+02   -0.4535509014E+02    0.9525616150E+03
          24    0.4928241488E+02    0.2754333828E+02   -0.3420243742E+04
          25    0.6356999583E+02   -0.4556227768E+02    0.1753692726E+04
          26    0.6668576148E+02   -0.5243051067E+02    0.8923442919E+03
          27    0.6240227306E+02   -0.4321704900E+02    0.1189114018E+04
          28    0.6163129664E+02   -0.4578002831E+02   -0.5003537806E+03
          29    0.4810766354E+02    0.2619220911E+02   -0.3233349823E+04
          30    0.6339415803E+02   -0.4490091707E+02    0.1777112509E+04
          31    0.6443365991E+02   -0.4844279322E+02    0.5246608584E+03
          32    0.6495799177E+02   -0.4679707377E+02    0.1007571276E+03
          33    0.6081769029E+02   -0.4601230479E+02    0.5136791851E+03
          34    0.6154639066E+02   -0.4680061261E+02    0.4902811126E+03
          35    0.6090022597E+02   -0.4456003610E+02    0.5551960475E+03
          36    0.2599512608E+02    0.4489007908E+02   -0.1051221010E+04
          37    0.6143358525E+02   -0.4660320709E+02    0.4888959476E+03
          38    0.6075913798E+02   -0.4255071073E+02    0.3344269885E+03
          39    0.6045074548E+02   -0.4504378737E+02    0.9723799423E+03
          40    0.6099938650E+02   -0.4503906302E+02   -0.3366662818E+03
          41    0.6058157765E+02   -0.4580105035E+02    0.5264225035E+03
          42    0.6078539654E+02   -0.4435669771E+02    0.5528982956E+03
          43    0.6447629911E+02   -0.4643252941E+02    0.1245121704E+04
          44    0.5896526185E+02    0.3785056178E+02    0.8900553053E+02
          45    0.3629994374E+02    0.7030891927E+02    0.8820747677E+03
          46    0.3608425950E+02    0.6680100285E+02    0.8335231717E+03
          47    0.6131074603E+02   -0.4637599005E+02    0.4869925379E+03
          48    0.4935612304E+02    0.2725002993E+02   -0.3145358977E+04
          49    0.6066278190E+02   -0.4412950165E+02    0.5501549827E+03
          50    0.6135967472E+02    0.2038583216E+02   -0.6982373580E+03
          51    0.4801180529E+02    0.2491994484E+02   -0.3422327517E+04
          52    0.4447186625E+02    0.2866570493E+02   -0.3425581732E+04
          53    0.6245673188E+02   -0.4342931435E+02    0.1210351427E+04
          54    0.4851825935E+02    0.2598489704E+02   -0.3438915721E+04
          55    0.6062749692E+02    0.4534607462E+02    0.5427302891E+03
          56    0.6075507595E+02   -0.4477819840E+02   -0.3450802407E+03
          57    0.6096135114E+02   -0.4417215965E+02   -0.3443598343E+03
          58    0.4676223817E+02    0.2587440891E+02   -0.3947484326E+03
          59    0.4428864327E+02    0.2828529682E+02   -0.3470356984E+04
          60    0.6245446378E+02   -0.4920159927E+02    0.9633797680E+03
          61    0.6471474967E+02   -0.4613197529E+02    0.6520998581E+03
          62    0.6253454034E+02   -0.4931686452E+02    0.9609797287E+03
          63    0.4976838026E+02    0.2710529010E+02   -0.3390218475E+04
          64    0.2803541610E+02    0.6319534437E+02    0.4123823220E+03
          65    0.5995653767E+02   -0.3787667594E+02    0.8658882366E+02
          66    0.6388750158E+02   -0.4764266247E+02    0.9802247542E+03
          67    0.4742265116E+02    0.3246683308E+02   -0.3526526602E+04
          68    0.6236010740E+02   -0.4904645845E+02    0.9643940696E+03
          69    0.5760468355E+02   -0.4004262563E+02    0.3405749949E+03
          70    0.4727991262E+02    0.3257594867E+02   -0.3534591811E+04
          71    0.4404610616E+02    0.2922585628E+02   -0.4085413137E+03
          72    0.6221161211E+02   -0.4657228931E+02   -0.5173594980E+03
          73    0.6454589084E+02   -0.4673032735E+02   -0.3349091212E+03
          74    0.4898921907E+02    0.3485035887E+02   -0.4096787452E+03
          75    0.6445678953E+02   -0.4755225492E+02   -0.3213616805E+03
          76    0.6071830941E+02   -0.4457589401E+02    0.5263738372E+03
          77    0.6144741571E+02   -0.4524561412E+02    0.5579922002E+03
          78    0.4857676783E+02    0.2580208069E+02   -0.3198799613E+04
          79    0.6146052549E+02   -0.4545124153E+02   -0.5008617768E+03
          80    0.6130445151E+02   -0.4665903539E+02    0.4622934744E+03
          81    0.6353276194E+02   -0.4391769482E+02    0.6608738409E+03
          82    0.6548820171E+02   -0.5244780886E+02    0.5331685723E+03
          83    0.6454984565E+02   -0.4545393072E+02    0.1210898522E+03
          84    0.6472510190E+02   -0.4701073453E+02    0.1271541348E+03
          85    0.4898726999E+02    0.3207351582E+02   -0.3933180179E+03
          86    0.6417652925E+02   -0.4681531305E+02    0.5342212522E+03
          87    0.2912173395E+02    0.6498363012E+02    0.3351828938E+03
          88    0.2840531512E+02    0.6645445367E+02    0.3352722145E+03
          89    0.6572438325E+02   -0.5256822448E+02    0.5162251447E+03
          90    0.4801722871E+02    0.3323579053E+02   -0.3975949779E+03
          91    0.4529032135E+02    0.3063289533E+02   -0.3966720826E+03
          92    0.6031360643E+02   -0.4480047646E+02    0.9792420176E+03
          93    0.4982072876E+02    0.2688625513E+02   -0.3141022009E+04
          94    0.4771913316E+02    0.3276407597E+02   -0.4046308136E+03
          95    0.4568165306E+02    0.2992430616E+02   -0.3374267967E+04
          96    0.6938483000E+02   -0.2694868766E+02    0.3511960701E+03
          97    0.6027431774E+02   -0.4528775323E+02    0.5302343353E+03
          98    0.6492173085E+02   -0.4900751596E+02    0.4686018946E+03
          99    0.6035187743E+02   -0.4540368606E+02    0.5291958429E+03
         100    0.6353407090E+02   -0.4536247819E+02    0.6029357781E+03
