Model_ID, [(c_i,i=0,n)_j,j=1,ntask]
           1    0.1919030104E+03    0.1495807794E+03   -0.1985392252E+04
           2    0.2654317291E+03   -0.2316553863E+03   -0.1425943791E+04
           3    0.2657424223E+03   -0.2322370091E+03   -0.1416629568E+04
           4    0.1937956594E+03    0.1430678480E+03   -0.2016977553E+04
           5    0.2504975057E+03    0.2482055327E+03   -0.1453859043E+04
           6    0.2487553149E+03    0.2485976442E+03   -0.1357854833E+04
           7    0.2669086677E+03    0.2349482998E+03   -0.2262430862E+04
           8    0.2659544863E+03    0.2353225105E+03   -0.1292915404E+04
           9    0.1551868436E+03   -0.1395357239E+03    0.2124820752E+04
          10    0.2701711873E+03    0.2327708922E+03   -0.1282897227E+04
          11    0.2670210966E+03    0.2293100080E+03   -0.1247529523E+04
          12    0.2664521300E+03   -0.2338703799E+03   -0.1374084229E+04
          13    0.1754861459E+03    0.1571238508E+03   -0.2086045256E+04
          14    0.2685958701E+03    0.2288584243E+03   -0.1330707983E+04
          15    0.2651343722E+03    0.2160072541E+03   -0.1280078140E+04
          16    0.1895180095E+03    0.1529314025E+03   -0.1232849905E+04
          17    0.2673059458E+03    0.2353960824E+03   -0.1233884664E+04
          18    0.1905926054E+03    0.1523180840E+03    0.1262626869E+04
          19    0.2519001100E+03    0.2523219138E+03   -0.1385635668E+04
          20    0.2691964131E+03    0.2387904538E+03   -0.1321860552E+04
          21    0.1905814700E+03    0.1522045359E+03    0.1262511632E+04
          22    0.1907304888E+03    0.1532739188E+03    0.1250213844E+04
          23    0.2667591146E+03   -0.2344680553E+03   -0.1365587813E+04
          24    0.1908857510E+03    0.1515229282E+03   -0.1259625273E+04
          25    0.1908543276E+03    0.1515543207E+03   -0.1259774666E+04
          26    0.1911582045E+03    0.1512474045E+03   -0.1257538585E+04
          27    0.2683350564E+03    0.2192508023E+03   -0.1312309602E+04
          28    0.1913069214E+03    0.1519194320E+03   -0.6435521896E+03
          29    0.2640685518E+03    0.2209740515E+03   -0.1323477996E+04
          30    0.1905547211E+03    0.1518592931E+03   -0.1260006330E+04
          31    0.2675908590E+03    0.2346318712E+03   -0.1369560610E+04
          32    0.1936748742E+03    0.1506147068E+03   -0.1888735370E+04
          33    0.1931218142E+03    0.1532073283E+03   -0.1358300982E+04
          34    0.1438602982E+03    0.1107573668E+03   -0.2518690794E+04
          35    0.1546395128E+03   -0.1395876433E+03    0.2065785365E+04
          36    0.2699268751E+03    0.2346815843E+03    0.2490158639E+04
          37    0.1902630819E+03    0.1521665940E+03   -0.1258032502E+04
          38    0.1902333930E+03    0.1521984929E+03   -0.1257701855E+04
          39    0.1889643579E+03    0.1494135681E+03    0.1281835301E+04
          40    0.1906062691E+03    0.1431247361E+03    0.1321057728E+04
          41    0.2660417208E+03    0.2181975063E+03   -0.1242637692E+04
          42    0.2673810453E+03   -0.2357951615E+03   -0.1292241882E+04
          43    0.2667566284E+03    0.2154106112E+03   -0.1357385761E+04
          44    0.1899714600E+03    0.1524779822E+03   -0.1256687581E+04
          45    0.1905392664E+03    0.1515203526E+03   -0.1254270937E+04
          46    0.1925453155E+03    0.1468236977E+03    0.1281749021E+04
          47    0.2668859722E+03    0.2375255113E+03   -0.1247409341E+04
          48    0.2677320495E+03    0.2395484115E+03   -0.1179645043E+04
          49    0.1907500888E+03    0.1532313087E+03   -0.1220214608E+04
          50    0.2676849261E+03   -0.2364163543E+03   -0.1285027852E+04
          51    0.2495747845E+03    0.2509045686E+03   -0.1307442611E+04
          52    0.1905366827E+03    0.1514115759E+03   -0.1251709904E+04
          53    0.1922909210E+03    0.1533056781E+03    0.1283143584E+04
          54    0.1924945768E+03    0.1468905865E+03   -0.1258326682E+04
          55    0.1924209670E+03    0.1458421159E+03    0.1291397518E+04
          56    0.2679165578E+03    0.2381458209E+03   -0.1354544523E+04
          57    0.2695696406E+03    0.2273119571E+03    0.2458282684E+04
          58    0.2649947432E+03    0.2232950077E+03   -0.1285775971E+04
          59    0.2672372021E+03   -0.2302435044E+03   -0.1485716641E+04
          60    0.2648419693E+03    0.2324012880E+03   -0.1311455690E+04
          61    0.1924118517E+03    0.1457251979E+03    0.1290915662E+04
          62    0.1913550618E+03    0.1464070860E+03   -0.1258626349E+04
          63    0.2687551792E+03    0.2333151828E+03   -0.1137747230E+04
          64    0.1925532513E+03    0.1473670827E+03   -0.1241857726E+04
          65    0.1929895778E+03    0.1447872648E+03   -0.1285805228E+04
          66    0.2480245737E+03    0.2403859868E+03   -0.2012954124E+04
          67    0.2663179967E+03    0.2385389224E+03   -0.1266192355E+04
          68    0.2679314299E+03    0.2313881753E+03   -0.1202398967E+04
          69    0.1927192629E+03    0.1450501410E+03   -0.1287452643E+04
          70    0.1926881341E+03    0.1450799706E+03   -0.1287549662E+04
          71    0.2673565036E+03    0.2242031433E+03   -0.1349317516E+04
          72    0.2655070446E+03    0.2302847857E+03   -0.1318507051E+04
          73    0.2650170898E+03    0.2208523833E+03   -0.2277653191E+04
          74    0.1938148152E+03    0.1487525610E+03    0.2432762447E+04
          75    0.1742361068E+03    0.1593337377E+03   -0.1347362737E+04
          76    0.1908352571E+03    0.1536589910E+03   -0.1200608242E+04
          77    0.2932299547E+03    0.2781592711E+03   -0.1772130247E+04
          78    0.1923917998E+03    0.1453692780E+03   -0.1287244748E+04
          79    0.2689670889E+03   -0.2344687117E+03   -0.1427952487E+04
          80    0.2675348429E+03   -0.2308249366E+03   -0.1475442555E+04
          81    0.1551047358E+03   -0.1400307073E+03    0.2035929517E+04
          82    0.1920341825E+03    0.1550649798E+03    0.2352026681E+04
          83    0.1734913136E+03    0.1616735236E+03   -0.1314576324E+04
          84    0.1743375395E+03    0.1600595387E+03   -0.6887559782E+03
          85    0.1723479877E+03    0.1611415132E+03   -0.1316167525E+04
          86    0.2966118445E+03    0.2852956817E+03   -0.1247318047E+04
          87    0.1931895702E+03    0.1453839722E+03   -0.6558867714E+03
          88    0.1908859658E+03    0.1533574499E+03   -0.1233527663E+04
          89    0.1921042047E+03    0.1456599198E+03   -0.1284679517E+04
          90    0.1739668458E+03    0.1595670366E+03   -0.1345165822E+04
          91    0.1735795622E+03    0.1604344902E+03    0.1346883040E+04
          92    0.2692596620E+03   -0.2350726596E+03   -0.1419206710E+04
          93    0.1734875491E+03    0.1622218456E+03   -0.1297708533E+04
          94    0.2413232859E+03   -0.2314459514E+03   -0.1798805467E+04
          95    0.1920749783E+03    0.1456900396E+03   -0.1284284566E+04
          96    0.1739320118E+03    0.1595988373E+03   -0.1345149146E+04
          97    0.2688096233E+03    0.2338057686E+03   -0.1350414857E+04
          98    0.1544796544E+03   -0.1401628675E+03    0.1991453266E+04
          99    0.1735826205E+03    0.1603043215E+03    0.1346659034E+04
         100    0.2657514166E+03    0.2201408152E+03   -0.1394498697E+04
