        Rank        RMSE       MaxAE  Feature_ID
           1    3.132766    8.415552  (    6490   10722)
           2    3.138723    8.320496  (    9578   10722)
           3    3.163217    8.349927  (    8335   10722)
           4    3.178478    8.656489  (    1172   11472)
           5    3.182469    8.707199  (    1172   11642)
           6    3.182807    8.288838  (    9053   10722)
           7    3.189076    8.258963  (    7188   10722)
           8    3.191591    8.377366  (    8525   10722)
           9    3.198454    8.371886  (    9659   10722)
          10    3.200140    8.245094  (    8634   10722)
          11    3.217772    8.239858  (    8702   10722)
          12    3.218940    8.241537  (    8716   10722)
          13    3.219892    7.495966  (     495   17740)
          14    3.224558    8.239611  (    7940   10722)
          15    3.225480    8.860138  (    3293   10722)
          16    3.226099    7.622182  (     495   17664)
          17    3.237040    7.522871  (     614   17664)
          18    3.237759    8.250778  (    8129   10722)
          19    3.238902    8.249042  (    8144   10722)
          20    3.239746    7.410727  (     614   17740)
          21    3.240628    9.869562  (    5077   10722)
          22    3.241183    7.532545  (     442   17740)
          23    3.241524    8.441751  (    6832   10722)
          24    3.242602    7.650520  (     442   17664)
          25    3.253610    8.378712  (    6085   10722)
          26    3.256171    8.288014  (    9328   10722)
          27    3.256393    9.840895  (    4148   10722)
          28    3.257102    9.853849  (    1065   10722)
          29    3.257776    8.289799  (    9372   10722)
          30    3.259395    8.291588  (    9406   10722)
          31    3.261068    9.300451  (    1864   10722)
          32    3.263049    8.867409  (    1172   12577)
          33    3.270039    8.675973  (     604   11305)
          34    3.273018    9.886476  (    4207   10722)
          35    3.275468    7.774471  (     442   18386)
          36    3.276855    8.255386  (    8735   10722)
          37    3.278497    9.890445  (    3214   10722)
          38    3.279579    6.768241  (    5661   17740)
          39    3.279975    9.646727  (     566   10722)
          40    3.281047    7.780882  (     495   18386)
          41    3.281352    8.787396  (    1172   12018)
          42    3.285417    6.978489  (     149   11483)
          43    3.286023    7.672498  (     614   18386)
          44    3.287293    8.886755  (    1172   14419)
          45    3.287830    7.204720  (     149   10722)
          46    3.287943    9.912518  (    4290   10722)
          47    3.290293    7.696690  (     495   18271)
          48    3.293888    9.906327  (    4633   10722)
          49    3.294672    9.462432  (    5900   10722)
          50    3.295901    9.926526  (    3874   10722)
          51    3.296161    7.155168  (    1734   17740)
          52    3.296301    7.947358  (     495   14710)
          53    3.296366    8.767476  (    2137   10722)
          54    3.296528    8.935107  (    1412   11305)
          55    3.297537    8.751199  (     849   11305)
          56    3.297806    8.904245  (    1172   13056)
          57    3.298024    7.951991  (     442   14710)
          58    3.300895    7.908035  (    6490   11483)
          59    3.301050   10.007508  (    3301   10722)
          60    3.301054    9.957896  (    3660   10722)
          61    3.301313    8.766133  (     801   11305)
          62    3.301347    8.766591  (     803   11305)
          63    3.301349    7.717022  (     442   18271)
          64    3.301688    8.839507  (    1172   14622)
          65    3.302009    8.966517  (    1172   13428)
          66    3.302530    8.851102  (    1172   13735)
          67    3.302572    7.803126  (     495   14999)
          68    3.303383    8.920470  (    1172   13196)
          69    3.304173    8.977907  (    2543   11305)
          70    3.306204    9.995379  (    6277   10722)
          71    3.306805    7.256377  (    1623   17740)
          72    3.307080    9.568342  (    3817   10722)
          73    3.307123    8.782443  (     772   11305)
          74    3.307205    8.806554  (    1172   15048)
          75    3.307958    7.063771  (    2162   17740)
          76    3.310408    7.296061  (    1734   17664)
          77    3.310664    7.613581  (     614   18271)
          78    3.311014    8.750579  (     544   10722)
          79    3.311091    7.856857  (     614   14710)
          80    3.311123    9.879559  (    6890   10722)
          81    3.311206   10.187194  (    2429   10722)
          82    3.312271    9.831042  (    7610   10722)
          83    3.317525    8.128995  (     442   19470)
          84    3.317676    7.197610  (    2162   17664)
          85    3.317752    9.929443  (    5247   10722)
          86    3.319392    8.758209  (     773   11305)
          87    3.319407    8.774098  (    1172   11846)
          88    3.320092    9.488719  (    1172   10362)
          89    3.320215    8.980634  (    1172   15759)
          90    3.320448   11.759500  (    1854   10001)
          91    3.321784    8.962510  (    1172   13459)
          92    3.322147    9.739432  (    2928   10722)
          93    3.322617   10.012768  (    4561   10722)
          94    3.323582    9.918941  (    6802   10722)
          95    3.324098    8.965974  (    1172   13536)
          96    3.324104    8.824142  (    3333   10722)
          97    3.325362    7.725035  (     614   14999)
          98    3.326692    7.843876  (     442   14999)
          99    3.327126    8.894376  (    1172   13493)
         100    3.327212    8.970398  (    1172   13626)
