        Rank        RMSE       MaxAE  Feature_ID
           1   20.450320   53.423611  (      69   10893)
           2   20.714404   50.504595  (     717   11590)
           3   20.953240   54.570826  (      69   10532)
           4   21.033559   55.414929  (     605   12514)
           5   21.033815   48.689532  (     717   15535)
           6   21.034374   46.848180  (      69   10013)
           7   21.096004   50.283398  (     717   13137)
           8   21.101031   48.094640  (      61   19162)
           9   21.152595   48.256287  (     214   12014)
          10   21.163606   50.983230  (     717   11168)
          11   21.181882   48.264185  (      69   11804)
          12   21.182845   48.874819  (     717   18725)
          13   21.191948   46.419950  (       8   15631)
          14   21.216792   52.990130  (      61   19959)
          15   21.217281   48.307051  (      69   14526)
          16   21.245125   55.773592  (     535   12514)
          17   21.266873   48.471308  (      69   18703)
          18   21.274796   52.795767  (      37   14446)
          19   21.289191   52.115678  (     717   18182)
          20   21.303897   52.191156  (      69   10965)
          21   21.307400   47.933605  (      69   10771)
          22   21.344886   49.882154  (      40   14446)
          23   21.348253   48.756862  (     214   12371)
          24   21.357117   46.682922  (      69   11019)
          25   21.392424   48.799911  (     717   14944)
          26   21.392694   47.359019  (      69   10974)
          27   21.440660   53.422477  (     717   11084)
          28   21.452360   47.874953  (       3   11951)
          29   21.473448   48.202784  (       3   11858)
          30   21.487281   56.479948  (      69   10095)
          31   21.505659   50.859565  (      34   12014)
          32   21.508564   50.483091  (     717   11258)
          33   21.519781   45.519318  (       8   11940)
          34   21.538318   53.020393  (    3436   12019)
          35   21.560414   58.222199  (     214   15368)
          36   21.569553   49.449513  (     717   15972)
          37   21.581090   48.049278  (      45   12514)
          38   21.591141   50.191102  (     717   15321)
          39   21.591451   46.480968  (      69   11963)
          40   21.593279   56.507300  (     214   10535)
          41   21.594409   45.641350  (      69   10337)
          42   21.598915   50.210664  (     717   15328)
          43   21.609411   49.052322  (      20   12014)
          44   21.613286   50.722711  (      53   12014)
          45   21.614161   50.244680  (     717   15354)
          46   21.623489   50.438080  (      42   12514)
          47   21.630075   50.278746  (     717   15392)
          48   21.638948   50.298397  (     717   15399)
          49   21.649827   46.038256  (       8   13202)
          50   21.654565   48.804826  (      26   10194)
          51   21.657231   48.772894  (       8   16711)
          52   21.658014   51.547662  (      69   15258)
          53   21.663580   50.308389  (       3   12514)
          54   21.684460   48.392531  (      21   17718)
          55   21.691424   61.148983  (     214   15346)
          56   21.696057   48.121283  (      20   15631)
          57   21.704031   51.735947  (      69   14009)
          58   21.708910   49.706565  (       8   19162)
          59   21.717168   50.485854  (    2261   14072)
          60   21.729046   43.865446  (      46   18560)
          61   21.732274   47.377405  (       3   18123)
          62   21.760548   46.852328  (      69   10414)
          63   21.769301   56.472308  (       1   10003)
          64   21.769670   48.954019  (    3176   14526)
          65   21.770405   44.374352  (      45   10893)
          66   21.773663   49.499986  (      20   12371)
          67   21.776721   55.779987  (      69   11027)
          68   21.778663   47.338008  (       3   18633)
          69   21.778713   54.155715  (       8   19959)
          70   21.780986   60.493790  (      69   13976)
          71   21.781923   53.155970  (      69   12019)
          72   21.783567   51.293719  (      34   12371)
          73   21.787358   58.501664  (     214   10361)
          74   21.795624   56.835157  (     214   19129)
          75   21.799676   47.356111  (       3   18795)
          76   21.812332   49.811279  (      34   15631)
          77   21.814237   52.508811  (      69   10054)
          78   21.817503   51.176196  (      53   12371)
          79   21.817580   50.771782  (      41   12014)
          80   21.818874   50.923599  (      45   10095)
          81   21.821390   48.109542  (      43   10441)
          82   21.827285   44.889156  (      21   14446)
          83   21.828418   50.781964  (     717   10057)
          84   21.828779   45.435528  (       3   14945)
          85   21.829260   58.394973  (       5   15982)
          86   21.838073   49.021252  (     717   18444)
          87   21.840173   53.590097  (     717   11621)
          88   21.843828   47.837860  (       3   14147)
          89   21.851355   51.309638  (       1   14421)
          90   21.851768   45.675906  (     202   10033)
          91   21.861167   55.233769  (    3996   18703)
          92   21.864080   53.425332  (     392   10033)
          93   21.864328   47.909289  (      45   12019)
          94   21.881965   44.536380  (      69   17753)
          95   21.884336   44.176722  (      69   19018)
          96   21.885070   56.075434  (      69   10596)
          97   21.899197   51.444476  (       1   15716)
          98   21.901462   52.409238  (      69   10038)
          99   21.908119   49.062672  (       3   15368)
         100   21.909359   48.427452  (       1   10012)
