     Index              y_true              y_pred        descriptor_1        descriptor_2
         1    0.4390000000E+01    0.2883294612E+01   -0.8086142680E-02   -0.6708683454E-02
         2    0.3850000000E+02    0.3068551822E+02    0.2524420098E+00    0.4098196983E-02
         3    0.9540000000E+01    0.9355330876E+01    0.4809441063E-01   -0.6513647474E-02
         4    0.2977000000E+02    0.3217404649E+02    0.2574476696E+00    0.3116784576E-04
         5    0.2141000000E+02    0.2332312414E+02    0.2153995351E+00    0.1783288307E-01
         6    0.5980000000E+01    0.6144713634E+01    0.1808768304E-01   -0.7720481093E-02
         7    0.1546000000E+02    0.1376502769E+02    0.6464807076E-01   -0.1766614304E-01
         8    0.1012000000E+02    0.1455931034E+02    0.1846913841E+00    0.4113522427E-01
         9    0.4660000000E+01    0.9851913442E+01    0.3461806639E-01   -0.1573848593E-01
        10    0.1337000000E+02    0.1272880124E+02    0.1043802903E+00    0.7615012662E-02
        11    0.4200000000E+00    0.5211245799E+01    0.2490104743E-01    0.0000000000E+00
        12    0.6140000000E+01    0.4217509616E+01    0.1107587536E-01   -0.2730698384E-02
        13    0.4810000000E+01    0.4377338652E+01    0.3643066627E-01    0.9724494239E-02
        14    0.1576000000E+02    0.1571598305E+02    0.1301350980E+00    0.7613893983E-02
        15    0.5650000000E+01    0.2854444629E+01    0.4269254400E-02   -0.1611846830E-03
        16    0.2347000000E+02    0.1860963757E+02    0.1705027055E+00    0.1562262899E-01
        17    0.6650000000E+01    0.1217994440E+02    0.2200220000E-01   -0.3271964431E-01
        18    0.4090000000E+02    0.3162073968E+02    0.2601241068E+00    0.3899839072E-02
        19    0.7350000000E+01    0.2935980453E+01   -0.4201825709E-01   -0.2457143436E-01
        20    0.2280000000E+01    0.2108209195E+01   -0.1854871200E-02    0.0000000000E+00
        21    0.4060000000E+01    0.1049565052E+01   -0.2485615104E-01   -0.7206692287E-02
        22    0.1470000000E+02    0.1139139112E+02    0.1243504638E+00    0.2397939407E-01
        23    0.2218000000E+02    0.2542617242E+02    0.2130532779E+00    0.7194222072E-02
        24    0.1040000000E+01    0.3135416166E+01    0.1606463330E+00    0.7981372756E-01
        25    0.2455000000E+02    0.2206342299E+02    0.1412107171E+00   -0.1506370986E-01
        26    0.2492000000E+02    0.2687336841E+02    0.3561421965E+00    0.7504263249E-01
        27    0.1000000000E+00    0.2323329195E+01    0.0000000000E+00    0.0000000000E+00
        28    0.7980000000E+01    0.2353197882E+01    0.1416119292E-01    0.7222548968E-02
        29    0.1316000000E+02    0.1319333876E+02    0.4000663706E-01   -0.2790598890E-01
        30    0.3600000000E+01    0.4090936149E+01   -0.1111891896E-01   -0.1369331944E-01
        31    0.1128000000E+02    0.9756428865E+01    0.6572681275E-01    0.8493074913E-03
        32    0.2638000000E+02    0.2681801776E+02    0.1544541600E+00   -0.2948061488E-01
        33    0.1560000000E+01    0.1303738593E+01    0.1323000324E-01    0.1143949751E-01
        34    0.1262000000E+02    0.1436701061E+02    0.1144772628E+00    0.5522332359E-02
        35    0.4660000000E+01    0.7222595998E+01    0.3377626599E-01   -0.4398696527E-02
        36    0.1002000000E+02    0.2041535257E+02    0.1612889659E+00    0.2748304513E-02
        37    0.7530000000E+01    0.1364965874E+02    0.9574935568E-01   -0.9931607403E-03
        38    0.2309000000E+02    0.1436301854E+02    0.1615442829E+00    0.2999018518E-01
        39    0.2213000000E+02    0.2304486666E+02    0.1941596557E+00    0.8045726943E-02
        40    0.3140000000E+01    0.4013045010E+01    0.1529590608E-01    0.3773125370E-03
        41    0.6970000000E+01    0.5961876156E+01    0.1825253620E-01   -0.6815889943E-02
        42    0.1799000000E+02    0.2217213863E+02    0.1803545067E+00    0.4783417505E-02
