        Rank        RMSE       MaxAE  Feature_ID
           1   25.237762   80.164744  (    7653   11503)
           2   25.843474   85.484115  (    7653   14549)
           3   26.494655   77.458245  (    9343   14549)
           4   26.721830   79.636277  (      70   10014)
           5   26.733038   85.020815  (    7653   13886)
           6   26.734449   85.034573  (    7653   13884)
           7   26.740833   83.059259  (    7653   14043)
           8   26.742196   83.071956  (    7653   14040)
           9   26.746779   88.313199  (    7653   17174)
          10   26.755674   62.169843  (    5751   17009)
          11   26.766329   84.878812  (    7653   17722)
          12   26.792488   74.959360  (    7653   15514)
          13   26.797039   74.966683  (    7653   15526)
          14   26.805143   84.512186  (    7653   11646)
          15   26.826542   82.964056  (    4122   11503)
          16   26.854371   81.286397  (    7653   18471)
          17   26.904335   66.527211  (    1970   17009)
          18   26.909042   77.601182  (    7653   16932)
          19   26.912751   72.334450  (    7653   15296)
          20   26.916613   81.908451  (    7653   16933)
          21   26.918559   81.920189  (    7653   16935)
          22   26.943358   80.286760  (    7653   13943)
          23   26.951171   96.071800  (    5247   19046)
          24   26.969206   81.649146  (    7653   17843)
          25   26.970785   78.919150  (    7653   19015)
          26   26.971085   81.660749  (    7653   17847)
          27   26.985566   67.173705  (    8820   12650)
          28   26.989096   81.570396  (    7653   19966)
          29   26.989180   64.013523  (    4669   17009)
          30   27.005918   81.581674  (    7653   17953)
          31   27.007749   81.593242  (    7653   17958)
          32   27.013708   78.993572  (     134   10014)
          33   27.014149   82.145774  (    7653   13775)
          34   27.031604   81.598701  (    7653   17841)
          35   27.032869   86.613316  (    7653   17995)
          36   27.033451   81.610265  (    7653   17844)
          37   27.036035   81.622084  (    7653   17661)
          38   27.037878   81.633661  (    7653   17663)
          39   27.057846   81.581149  (    7653   17790)
          40   27.059681   81.592700  (    7653   17793)
          41   27.080871   81.540119  (    7653   17926)
          42   27.082698   81.551642  (    7653   17933)
          43   27.090407   81.563042  (    7653   17773)
          44   27.092238   81.574573  (    7653   17776)
          45   27.121004   85.087590  (    1970   19046)
          46   27.123592   81.579344  (    7653   17675)
          47   27.125448   81.590866  (    7653   17677)
          48   27.126616   82.777369  (    7653   19054)
          49   27.135745   78.893089  (    7653   17341)
          50   27.148218   78.911815  (    7653   17281)
          51   27.150799   78.942453  (    7653   17121)
          52   27.161223   73.162387  (    7653   13951)
          53   27.169051   86.245226  (    7653   13527)
          54   27.169256   81.640856  (      70   10045)
          55   27.171910   78.895961  (    7653   17250)
          56   27.172217  102.403874  (    1954   10639)
          57   27.173735   76.090165  (    8309   11503)
          58   27.178707   81.510472  (    7653   17858)
          59   27.180277   90.066842  (    1433   18037)
          60   27.180539   81.521946  (    7653   17860)
          61   27.194612   78.849544  (    7653   17380)
          62   27.201213   78.880372  (    7653   17228)
          63   27.210623   87.929693  (     520   10483)
          64   27.215528   78.899160  (    7653   17166)
          65   27.224653   65.133016  (    1042   12650)
          66   27.228226   84.845490  (    1970   18344)
          67   27.261860   92.572011  (     199   12546)
          68   27.276368   72.808328  (    9343   11503)
          69   27.278025   81.247603  (    7653   19020)
          70   27.278779   95.080718  (     199   12533)
          71   27.279849   81.258904  (    7653   19022)
          72   27.299509   77.852531  (     481   10749)
          73   27.302231   87.855495  (    4122   14549)
          74   27.318832   81.737224  (    7653   13223)
          75   27.341791  108.246136  (       7    7770)
          76   27.352627   67.100773  (     147   15730)
          77   27.357147   84.876147  (     520   10277)
          78   27.359179   79.121704  (    7653   17467)
          79   27.360240   75.854493  (    3608   11232)
          80   27.361983   82.184394  (    7653   18583)
          81   27.369858   65.942165  (    4122   19096)
          82   27.374549   86.340307  (    7653   10647)
          83   27.376669   86.354260  (    7653   10644)
          84   27.379841   84.651867  (    4669   16934)
          85   27.393857   85.093127  (    4669   18344)
          86   27.396400   86.008719  (    1970   19239)
          87   27.400883   84.767380  (    4669   16877)
          88   27.401176   86.658877  (    7653   19900)
          89   27.407381   83.798037  (    7653   11683)
          90   27.412096   79.038789  (     481   16016)
          91   27.419481   73.364659  (      62   18037)
          92   27.434571   85.428410  (    4669   15214)
          93   27.439337   79.645966  (    9343   12217)
          94   27.440662   78.109778  (     481   14598)
          95   27.444676   88.703699  (    7653   19154)
          96   27.458089   92.728983  (      93   13339)
          97   27.468985   81.032764  (     134   10045)
          98   27.473829   76.276780  (    7653   14071)
          99   27.477509   88.652211  (    7653   14617)
         100   27.477658   78.877691  (    7653   16052)
