Model_ID, [(c_i,i=0,n)_j,j=1,ntask]
           1    0.8192245235E+01    0.5855578511E+02    0.5096472168E+03
           2    0.1960301516E+02   -0.1078913805E+03   -0.1701778169E+03
           3    0.1131553906E+02    0.1317665038E+03    0.1002186475E+03
           4    0.1743687335E+02    0.8358175997E+02    0.1066539130E+04
           5    0.1838091974E+02   -0.1115447637E+03   -0.1621500254E+03
           6    0.3706963990E+02    0.3044510904E+03    0.2184233990E+03
           7    0.1686804816E+02   -0.1150411207E+03   -0.2301893265E+03
           8    0.1081700891E+02    0.6259565287E+02    0.7562510332E+02
           9    0.1695125651E+02    0.1158042722E+03   -0.2360842642E+03
          10    0.1170652688E+02    0.6260898346E+02    0.8291542644E+02
          11    0.1852732606E+02    0.1109461907E+03   -0.1541685329E+03
          12    0.1520163229E+02    0.1212380627E+03    0.6691902989E+02
          13    0.4071225960E+02    0.3031586371E+03   -0.5148519474E+02
          14    0.1769283816E+02    0.1066983039E+03    0.1825667189E+03
          15    0.1866769304E+02   -0.1030643198E+03    0.1975322842E+03
          16    0.2033070385E+02    0.1063061366E+03   -0.1514366897E+03
          17    0.4325391933E+02    0.2961905161E+03    0.2149594000E+02
          18    0.2414514142E+02    0.9915713491E+02   -0.3003230400E+03
          19    0.3670021793E+02    0.2670585738E+03    0.9405430971E+03
          20    0.1165921366E+02    0.1000226388E+03    0.4824941249E+03
          21    0.3824702219E+02    0.2965602208E+03    0.1050930677E+03
          22    0.1449640972E+02    0.1211041854E+03    0.6073919386E+02
          23    0.3688623937E+02    0.3050443811E+03    0.2141871374E+03
          24    0.1654959412E+02    0.1097169544E+03    0.1819979109E+03
          25    0.1818341010E+02   -0.1112844468E+03   -0.2782768980E+03
          26    0.7673210495E+01    0.1386442927E+03    0.1448842556E+04
          27    0.1392755089E+02    0.1228555126E+03    0.8503854209E+02
          28    0.1595627964E+02    0.1178674400E+03   -0.2090873174E+03
          29    0.1972780300E+02   -0.1421392651E+03    0.8798698310E+03
          30    0.2090460116E+02    0.1042888006E+03   -0.1440236442E+03
          31    0.4217578688E+02    0.2896527430E+03    0.9120421826E+02
          32    0.1353611985E+02    0.1239091578E+03    0.8069878276E+02
          33    0.1920666425E+02   -0.1130084744E+03    0.1298603948E+03
          34    0.2639228626E+02    0.1934327413E+03    0.1149519381E+03
          35    0.2152596409E+02    0.1037829896E+03   -0.1625109253E+03
          36    0.1873274813E+02   -0.1111231203E+03   -0.1525030070E+03
          37    0.1746526180E+02   -0.1061891268E+03    0.1971920766E+03
          38    0.1814005250E+02   -0.1107892755E+03   -0.1656666692E+03
          39    0.1717619160E+02    0.1144352889E+03   -0.2543601790E+03
          40    0.1853830243E+02   -0.1110104301E+03   -0.2633225142E+03
          41    0.1736305456E+02    0.1145247187E+03   -0.1471229101E+03
          42    0.1399801118E+02    0.1241849150E+03    0.7341594153E+02
          43    0.1215683038E+02    0.1288863118E+03    0.1050234098E+03
          44    0.4017602586E+02    0.3177197458E+03    0.1701261419E+03
          45    0.3805967652E+02    0.2972056526E+03    0.1031576730E+03
          46    0.1659123048E+02   -0.1176071504E+03    0.6864289128E+02
          47    0.2131786271E+02    0.1036252499E+03   -0.2800180687E+03
          48    0.1784125060E+02   -0.1061926969E+03    0.1870987720E+03
          49    0.1087601252E+02    0.1021946306E+03    0.6303627644E+03
          50    0.1266780558E+02    0.1280666013E+03    0.1097733260E+03
          51    0.1164772830E+02    0.1001645177E+03    0.4648798493E+03
          52    0.1685691941E+02    0.1087115610E+03    0.2957464467E+03
          53    0.1386176089E+02    0.1221118804E+03   -0.4803980005E+02
          54    0.1988446641E+02   -0.1073123796E+03   -0.1574740476E+03
          55    0.2003807446E+02    0.1069123454E+03   -0.1582706568E+03
          56    0.1976550918E+02    0.1078432574E+03   -0.1697734463E+03
          57    0.1732463689E+02   -0.1143224108E+03   -0.2152122639E+03
          58    0.3206905417E+02    0.1523563416E+03    0.9421899155E+02
          59    0.2239559976E+02    0.1052408066E+03    0.1306667514E+03
          60    0.1665945306E+02    0.1094399594E+03   -0.1803695847E+03
          61    0.9619916974E+01    0.6470668114E+02    0.1316548552E+03
          62    0.1441458722E+02    0.1215206723E+03    0.7209847201E+02
          63    0.1698135536E+02    0.1087473695E+03    0.1788894802E+03
          64    0.1898773274E+02   -0.1030805857E+03    0.1861954959E+03
          65    0.4104214400E+02    0.2996925601E+03    0.1077329232E+03
          66    0.2019900621E+02    0.1068454118E+03   -0.1636175381E+03
          67    0.1334312598E+02    0.1237205442E+03    0.6570143008E+02
          68    0.3999840754E+02    0.2997149084E+03   -0.5362305045E+02
          69    0.1968227827E+02    0.1078669804E+03   -0.1587851709E+03
          70    0.1672806959E+02    0.1134655591E+03    0.8018140231E+02
          71    0.1814557010E+02   -0.1052078223E+03    0.3045137677E+03
          72    0.6668456636E+01    0.1339473210E+03   -0.2087749602E+03
          73    0.4035006835E+02    0.2937164041E+03   -0.5247837624E+02
          74    0.1923942553E+02    0.1095905229E+03   -0.1435657230E+03
          75    0.1976193958E+02    0.1008790275E+03    0.1901464486E+03
          76    0.1758979535E+02   -0.1058766697E+03   -0.1955496159E+03
          77    0.1492950991E+02    0.1127671940E+03    0.2631255644E+03
          78    0.1953146461E+02   -0.1277606777E+03   -0.3583562028E+03
          79    0.1420739563E+02    0.1144978960E+03    0.2467090649E+03
          80    0.2229553027E+02    0.1058184727E+03    0.1263187034E+03
          81    0.4008119595E+02    0.2913577356E+03    0.2028544008E+03
          82    0.1682024997E+02    0.1080511226E+03    0.2586561380E+03
          83    0.4068492613E+02    0.2940511768E+03   -0.3041033005E+02
          84    0.1827390234E+02   -0.1052532379E+03    0.1843542917E+03
          85    0.1944813145E+02    0.1021272775E+03    0.1767868100E+03
          86    0.1795252084E+02   -0.1059204651E+03   -0.1856019987E+03
          87    0.1793466491E+02   -0.1051387440E+03    0.1937927836E+03
          88    0.1474687700E+02   -0.1198634727E+03    0.9219966301E+02
          89    0.1918881425E+02    0.1087884666E+03   -0.1539213847E+03
          90    0.4093225260E+02    0.2920970695E+03   -0.5971974687E+02
          91    0.1358623990E+02    0.9669954357E+02    0.4040164958E+03
          92    0.6127173083E+01    0.1442893080E+03    0.2258617013E+03
          93    0.1806870658E+02   -0.1099761908E+03    0.8276444327E+02
          94    0.1909040014E+02   -0.1134520393E+03    0.1246182881E+03
          95    0.1587939802E+02   -0.1173604939E+03    0.6200372447E+02
          96    0.1792379657E+02    0.1125918170E+03   -0.2024315217E+03
          97    0.1354775723E+02    0.1249635136E+03    0.6587589722E+02
          98    0.1737834919E+02   -0.4840312368E+02   -0.7926777805E+03
          99    0.3129003754E+02    0.9630329765E+02    0.1224632908E+03
         100    0.1926243698E+02    0.1024239833E+03    0.1927294465E+03
