        Rank        RMSE       MaxAE  Feature_ID
           1    3.666866   12.093525  (       1   10001)
           2    3.675979   12.223175  (       1   10002)
           3    3.747735   12.155674  (      31    3723)
           4    3.766987   11.355296  (       1   10021)
           5    3.768042   12.177686  (       1   10005)
           6    3.769666   11.038889  (       1   10003)
           7    3.771807   11.085012  (       1   10004)
           8    3.784399   12.278775  (       1   10006)
           9    3.800617   11.972856  (     969   16849)
          10    3.800620   11.987549  (     757   16849)
          11    3.804404   11.118337  (       1   10009)
          12    3.809261   11.161666  (       1   10010)
          13    3.811678   10.389245  (      42   16348)
          14    3.815047   13.963843  (     346   10606)
          15    3.819172   12.016655  (    1338   16849)
          16    3.825106   14.064853  (      98   17491)
          17    3.825348   11.759578  (       1   10007)
          18    3.827836   14.439810  (       1   10008)
          19    3.829133   10.407545  (       1   13671)
          20    3.832085   12.006807  (     734   16849)
          21    3.834552   12.073234  (     653   16849)
          22    3.840248   10.687078  (      38   16348)
          23    3.840838   11.113802  (     150   16849)
          24    3.840852   13.704359  (       1   10012)
          25    3.845420   12.406677  (       1   12606)
          26    3.846867   13.835210  (     685   10606)
          27    3.847044   11.858247  (       1   10011)
          28    3.847249   11.992487  (    7158    8737)
          29    3.847703   12.271536  (    2248    7158)
          30    3.847766   12.635287  (       1   10023)
          31    3.849374   13.107571  (       1   10178)
          32    3.850174    9.768775  (    3723    9067)
          33    3.855372   10.190189  (    3699    8499)
          34    3.861176   12.245147  (       1   10013)
          35    3.863543   13.966204  (     150   17491)
          36    3.864208   11.711664  (     869   16849)
          37    3.865463   14.080202  (       1   10016)
          38    3.865700   14.029921  (       1   10017)
          39    3.865704   11.960823  (    2255   16849)
          40    3.866573   14.000952  (       1   10022)
          41    3.868202   12.125305  (       1   10014)
          42    3.869337   14.039215  (       1   10019)
          43    3.870196   12.424998  (       1   10020)
          44    3.870433   11.654924  (      31    1583)
          45    3.874296   11.705140  (     757   12391)
          46    3.875226   11.688101  (     969   12391)
          47    3.875747   12.818097  (       1   10606)
          48    3.876482   14.489340  (       1   10069)
          49    3.877244   14.044526  (       1   10025)
          50    3.877567   12.536830  (       1   10036)
          51    3.878334   10.040381  (    1583    9887)
          52    3.878607   12.071096  (       1   10513)
          53    3.880205   12.373395  (       1   10018)
          54    3.881530   13.074516  (       1   10015)
          55    3.882371   14.468916  (       1   10045)
          56    3.882477   13.933457  (       1   10034)
          57    3.882645   10.436309  (       1   15803)
          58    3.883005   11.146953  (       1   10027)
          59    3.883119   11.520122  (       1   10049)
          60    3.883612    9.568088  (     862   10027)
          61    3.884504   12.894203  (    7565    8637)
          62    3.885502   11.808918  (     665   16849)
          63    3.885725   14.048485  (       1   10033)
          64    3.886613   13.376368  (       1   10527)
          65    3.887050    9.670523  (     936    3802)
          66    3.887682    9.885683  (    8499    8578)
          67    3.889487   15.247480  (       1   10502)
          68    3.889854   14.945056  (       1   10919)
          69    3.891109   11.731767  (    1338   12391)
          70    3.891225   14.053648  (       1   10039)
          71    3.891374   12.452955  (       1   10026)
          72    3.892199   14.792416  (       1   10065)
          73    3.893227   11.923696  (       1   10094)
          74    3.893818   12.031041  (     876   16849)
          75    3.895042   10.549461  (     141   16849)
          76    3.898558   13.692268  (       1   10140)
          77    3.898872   10.798748  (       1   10024)
          78    3.899031   11.348068  (     301    3723)
          79    3.899284   14.209335  (       1   10061)
          80    3.899421   12.500655  (       1   18664)
          81    3.899809   12.432028  (       1   10029)
          82    3.900828   12.164733  (       1   10388)
          83    3.900879   11.454726  (     869   12391)
          84    3.901037    9.158055  (    1583    5661)
          85    3.901251   11.672128  (       1    8737)
          86    3.901336   14.684174  (       1   10109)
          87    3.901649   14.065011  (       1   10047)
          88    3.902905   11.418560  (       1   11649)
          89    3.903766   11.727271  (     734   12391)
          90    3.904104   13.449940  (       1   10332)
          91    3.904243   14.679518  (       1   10106)
          92    3.904279   12.377176  (       1   10035)
          93    3.904295   13.330729  (       1   10221)
          94    3.904928   11.639788  (       1   14209)
          95    3.905164   14.092687  (       1   10073)
          96    3.905520   13.540582  (    8974   10140)
          97    3.905797   12.866984  (       1   10126)
          98    3.905828   12.225152  (       1   10028)
          99    3.906083   11.944770  (       1   10042)
         100    3.907276   11.155453  (    2487   16348)
