Model_ID, [(c_i,i=0,n)_j,j=1,ntask]
           1    0.1481333370E+03    0.1147910633E+03    0.3193394025E+04
           2    0.2097822106E+03    0.9434602926E+02   -0.2406405897E+03
           3    0.2097702432E+03    0.9482284749E+02   -0.2358126958E+03
           4    0.1384143426E+03    0.1222172286E+03    0.2700756106E+04
           5    0.1344493008E+03    0.1218489081E+03    0.2481532778E+04
           6    0.2730282749E+03   -0.1260796718E+03   -0.4457178752E+03
           7    0.1500145604E+03    0.1182072500E+03    0.2827000263E+04
           8    0.1386252802E+03    0.1178583944E+03    0.3013811420E+04
           9    0.1389930791E+03    0.1169999127E+03    0.2857729140E+04
          10    0.1373732626E+03    0.1151781191E+03    0.3143328819E+04
          11    0.1407887349E+03    0.1148282660E+03    0.3524795546E+04
          12    0.1393003059E+03    0.1154713572E+03    0.3529421158E+04
          13    0.1405921996E+03    0.1148970480E+03    0.3508870250E+04
          14    0.1401525207E+03    0.1150938533E+03    0.3525669014E+04
          15    0.1401300736E+03    0.1151196142E+03    0.3523676839E+04
          16    0.1400727189E+03    0.1151475442E+03    0.3524459702E+04
          17    0.1400171683E+03    0.1151746812E+03    0.3524923602E+04
          18    0.1399954360E+03    0.1152001117E+03    0.3522821878E+04
          19    0.1552622860E+03    0.1076559448E+03   -0.1234610124E+04
          20    0.1360341913E+03    0.1149369419E+03    0.4398656342E+04
          21    0.1418396562E+03    0.1168348965E+03    0.3022733347E+04
          22    0.1483713874E+03    0.1144162621E+03   -0.1217564451E+04
          23    0.1340884897E+03    0.1196096070E+03    0.2621734696E+04
          24    0.1423473378E+03    0.1144395225E+03    0.3427754335E+04
          25    0.1777197200E+03    0.9091505105E+02   -0.7868187311E+02
          26    0.1396734440E+03    0.1153452128E+03    0.3518803091E+04
          27    0.1352811023E+03    0.1184547538E+03    0.2465901140E+04
          28    0.1351966901E+03    0.1184420163E+03    0.2664369469E+04
          29    0.1410355380E+03    0.1147397500E+03    0.3484526055E+04
          30    0.1392380606E+03    0.1146924102E+03    0.3401822209E+04
          31    0.2748849358E+03   -0.1211402896E+03   -0.2168423312E+03
          32    0.2712702530E+03    0.1206776431E+03    0.2315582488E+03
          33    0.1391541850E+03    0.1125245578E+03    0.3916290023E+04
          34    0.1527041183E+03    0.1019893150E+03    0.3319445556E+04
          35    0.1474528320E+03    0.1095270231E+03   -0.1078051731E+04
          36    0.1408042500E+03    0.1123225391E+03    0.4201020018E+04
          37    0.1474792004E+03    0.1109309299E+03    0.3010738020E+04
          38    0.1397611618E+03    0.1152887809E+03    0.3455812548E+04
          39    0.1427722129E+03    0.1056503497E+03    0.5318535903E+04
          40    0.2061037399E+03    0.9050558146E+02   -0.2062351233E+03
          41    0.2216812317E+03    0.9296944025E+02    0.3710417475E+04
          42    0.2216716584E+03    0.9566526867E+02    0.3691022744E+04
          43    0.1462637298E+03    0.1013609281E+03    0.6132961442E+04
          44    0.2103655881E+03    0.9152321902E+02    0.2294082594E+03
          45    0.1448272083E+03    0.9941874425E+02    0.4713036463E+04
          46    0.1369996784E+03    0.1205295291E+03    0.3240188444E+04
          47    0.1450214594E+03    0.1141676627E+03    0.4522940662E+04
          48    0.2218217343E+03    0.9318324315E+02    0.3656791386E+04
          49    0.2097429136E+03    0.9190707327E+02    0.2324148645E+03
          50    0.1461887981E+03    0.1105532804E+03   -0.1634198236E+04
          51    0.2098559208E+03    0.9181575479E+02    0.2308429434E+03
          52    0.1499918303E+03    0.1128817054E+03    0.2782509771E+04
          53    0.1359668217E+03    0.1201144949E+03    0.4449643179E+04
          54    0.1313987403E+03    0.1200775046E+03    0.3256783185E+04
          55    0.2206647962E+03   -0.9178410349E+02    0.4128571128E+04
          56    0.2719939699E+03   -0.1225513287E+03   -0.2189010997E+03
          57    0.1295600916E+03    0.1108410207E+03    0.4227253245E+04
          58    0.1370258172E+03    0.1189465722E+03    0.2497327786E+04
          59    0.1350548651E+03    0.1196251240E+03    0.2530940240E+04
          60    0.1378212377E+03    0.1105241344E+03    0.3408746994E+04
          61    0.1425466439E+03    0.1031700160E+03    0.3796904886E+04
          62    0.1544329919E+03    0.1055349686E+03    0.3001217310E+04
          63    0.1361908023E+03    0.1191312030E+03    0.2537133274E+04
          64    0.1495158080E+03    0.1138136781E+03    0.2866898815E+04
          65    0.1495206557E+03    0.1138216300E+03    0.2864059151E+04
          66    0.1391080055E+03    0.1206194345E+03    0.3095359190E+04
          67    0.1357731738E+03    0.1193120475E+03    0.2533790021E+04
          68    0.1402083951E+03    0.1162456689E+03    0.2327157374E+04
          69    0.1353413201E+03   -0.1209677685E+03    0.2525456121E+04
          70    0.1302863995E+03    0.1137834501E+03    0.3847713356E+04
          71    0.1399537726E+03    0.1216454062E+03   -0.6795487424E+03
          72    0.1357122304E+03    0.1193269489E+03    0.2531565223E+04
          73    0.1356827277E+03    0.1193520315E+03    0.2531148814E+04
          74    0.1356462115E+03    0.1193677277E+03    0.2529780455E+04
          75    0.1356102962E+03    0.1193828959E+03    0.2528252233E+04
          76    0.2222396849E+03    0.9535144082E+02    0.3569063705E+04
          77    0.1442710671E+03    0.1024694792E+03    0.3771878924E+04
          78    0.1355810291E+03    0.1194077724E+03    0.2527785302E+04
          79    0.2062299980E+03    0.9173789479E+02    0.1935371536E+03
          80    0.1349266834E+03    0.1243425410E+03    0.2475220225E+04
          81    0.1373705321E+03    0.1167469673E+03    0.3161628878E+03
          82    0.2135157404E+03    0.8896221652E+02   -0.3921334106E+04
          83    0.1369578008E+03    0.1185122811E+03    0.2467974259E+04
          84    0.1355262371E+03    0.1194172679E+03    0.2523912067E+04
          85    0.1403173510E+03    0.1124572578E+03    0.4236945230E+04
          86    0.1385770076E+03    0.1145450287E+03    0.4147191669E+04
          87    0.2093020724E+03    0.9213761532E+02    0.2293073571E+03
          88    0.1482349169E+03    0.1021820304E+03    0.4951409541E+04
          89    0.1350973451E+03    0.1172969512E+03    0.2505828311E+04
          90    0.1350976533E+03    0.1172869130E+03    0.2507791021E+04
          91    0.1385954059E+03    0.1145567978E+03    0.4133494705E+04
          92    0.1413329012E+03    0.1111814024E+03    0.3083209507E+04
          93    0.1457767777E+03    0.1021824186E+03    0.3688689021E+04
          94    0.1374385473E+03    0.1292735455E+03   -0.1367464872E+03
          95    0.1373870812E+03    0.1147811105E+03    0.2466867667E+03
          96    0.2114367960E+03    0.9182857560E+02    0.2200655471E+03
          97    0.1755622017E+03    0.8899284007E+02   -0.7974495835E+02
          98    0.1373078455E+03    0.1186468976E+03    0.3215598009E+04
          99    0.1362932312E+03    0.1190573491E+03    0.2511227921E+04
         100    0.1455347426E+03    0.1055192895E+03    0.4524669574E+04
