     Index              y_true              y_pred        descriptor_1        descriptor_2
         1    0.2677000000E+03    0.2713793221E+03   -0.2799048700E+00    0.3615925490E-01
         2    0.2287000000E+03    0.2451162948E+03   -0.2118131700E+00   -0.8250550000E-01
         3    0.2800000000E+03    0.2884337979E+03   -0.1113730000E-01   -0.1382175614E+00
         4    0.3520000000E+03    0.3648629699E+03   -0.7688592000E-01    0.1007446172E+00
         5    0.2195740000E+03    0.1907451829E+03   -0.5084357600E+00    0.2336377428E-01
         6    0.8981300000E+02    0.8308939502E+02   -0.8057328600E+00    0.0000000000E+00
         7    0.1114000000E+03    0.1131090529E+03   -0.4454508600E+00   -0.2163177324E+00
         8    0.1399000000E+03    0.1126134618E+03   -0.7162247000E+00    0.0000000000E+00
         9    0.2050000000E+02    0.1901081255E+02   -0.1000000000E+01    0.0000000000E+00
        10    0.3200000000E+03    0.3280728119E+03    0.1076740300E+00   -0.1371231394E+00
        11    0.4260000000E+03    0.3717036907E+03    0.6065491000E-01    0.6912498582E-02
        12    0.2362500000E+03    0.2074561531E+03   -0.3385028900E+00   -0.7245131216E-01
        13    0.3474000000E+03    0.3621402745E+03   -0.7661264000E-01    0.9389395006E-01
        14    0.1832000000E+03    0.2105710750E+03   -0.4300170600E+00    0.8652514176E-02
        15    0.1984000000E+03    0.1985010050E+03   -0.3574097000E+00   -0.7907290276E-01
        16    0.3590000000E+03    0.3257424928E+03   -0.9139417000E-01    0.1712176000E-01
        17    0.2138000000E+03    0.2646397567E+03   -0.2732159000E+00    0.1437148350E-01
        18    0.3116500000E+03    0.3121646014E+03   -0.2574248700E+00    0.1174326768E+00
        19    0.7620000000E+02    0.6689849475E+02   -0.7120272600E+00   -0.1147108659E+00
        20    0.2234200000E+03    0.2173424205E+03   -0.4449142000E+00    0.3711167610E-01
        21    0.2606000000E+03    0.2222820780E+03   -0.3686329600E+00   -0.1213791464E-01
        22    0.3670000000E+03    0.3782729200E+03    0.3689946000E-01    0.4199568309E-01
        23    0.3137600000E+03    0.3295799923E+03   -0.5703335000E-01   -0.1135588608E-02
        24    0.3535000000E+03    0.3414905135E+03   -0.9377369000E-01    0.5738766422E-01
        25    0.3540000000E+03    0.3470874828E+03   -0.6518933000E-01    0.4805599590E-01
        26    0.1591000000E+03    0.1967770028E+03   -0.4728383700E+00    0.9457304340E-02
        27    0.1744500000E+03    0.1961244647E+03   -0.4630442600E+00    0.0000000000E+00
        28    0.3410000000E+03    0.3197537764E+03   -0.8823708000E-01    0.0000000000E+00
        29    0.3410000000E+03    0.3665626063E+03   -0.4515740000E-01    0.7939514405E-01
        30    0.2930000000E+03    0.3025725448E+03   -0.1996246400E+00    0.4763769595E-01
        31    0.2720000000E+03    0.3340719771E+03   -0.7065288000E-01    0.2074582541E-01
        32    0.3340000000E+03    0.3449277391E+03   -0.1278534600E+00    0.9313683727E-01
        33    0.1839000000E+03    0.1701112846E+03   -0.4993315000E+00   -0.3420397725E-01
        34    0.3124500000E+03    0.3014137942E+03   -0.3277121100E+00    0.1477139548E+00
        35    0.1875850000E+03    0.2104762439E+03   -0.4552042100E+00    0.2865551773E-01
        36    0.1721500000E+03    0.1891392357E+03   -0.4359785600E+00   -0.3875562460E-01
        37    0.3410000000E+03    0.3464508276E+03   -0.2621846500E+00    0.2047605791E+00
        38    0.2256100000E+03    0.2040312747E+03   -0.4830124200E+00    0.3529836471E-01
        39    0.1338500000E+03    0.1413504590E+03   -0.6291027000E+00    0.0000000000E+00
        40    0.2482000000E+03    0.2693135090E+03   -0.3905765100E+00    0.1200354457E+00
        41    0.4610000000E+03    0.3730449302E+03   -0.4083908000E-01    0.9171375444E-01
        42    0.3525250000E+03    0.3481592771E+03    0.3980613000E-01   -0.3368120000E-01
