        Rank        RMSE       MaxAE  Feature_ID
           1   23.172436   64.306777  (       1   10001)
           2   23.367900   62.874575  (       1   10002)
           3   23.437273   53.418151  (       1   10005)
           4   23.509799   52.412864  (       1   10004)
           5   23.569945   56.289404  (       1   10003)
           6   23.592151   66.017182  (       1   10012)
           7   23.632486   51.133695  (       1   10006)
           8   23.637220   52.139640  (       1   10007)
           9   23.661823   52.728187  (       1   10008)
          10   23.821809   64.245878  (       1   10009)
          11   23.881554   62.837196  (    2662    7716)
          12   23.937393   62.624728  (    6419    7243)
          13   23.999128   62.888811  (    1911    5449)
          14   24.008857   66.652694  (     932    4566)
          15   24.026939   66.210690  (    9134    9756)
          16   24.028407   53.712865  (       1   10011)
          17   24.052316   54.411914  (       1   10010)
          18   24.060433   65.046887  (       7    6540)
          19   24.067439   65.003632  (       1   10026)
          20   24.075766   63.507289  (    3258    4109)
          21   24.088158   53.708434  (       1   10013)
          22   24.100555   65.049734  (       4    5762)
          23   24.122543   62.478413  (    7140    7188)
          24   24.133949   67.181388  (    1520    2662)
          25   24.137966   65.412600  (      26    5617)
          26   24.148711   66.605367  (     184    3323)
          27   24.177256   64.256559  (       1   10014)
          28   24.185898   64.819178  (     421    2003)
          29   24.200979   65.595290  (      24    2903)
          30   24.207606   64.968026  (       1   10136)
          31   24.220367   57.292211  (       1   10015)
          32   24.225358   65.316939  (      19    7283)
          33   24.233730   67.400834  (    1724    3905)
          34   24.238688   66.820500  (     998    7188)
          35   24.243197   65.905764  (      58    2449)
          36   24.258035   65.744178  (       9    9037)
          37   24.261067   52.804593  (       1   10016)
          38   24.262923   65.715320  (     503     539)
          39   24.271889   66.412751  (    1036    5853)
          40   24.271993   53.437262  (       1   10022)
          41   24.277255   66.535718  (      10    6352)
          42   24.279600   66.411435  (     668    8239)
          43   24.279725   66.405683  (       2      75)
          44   24.281477   67.637407  (       1   10075)
          45   24.289572   53.663414  (       1   10017)
          46   24.296600   52.678882  (       1   10018)
          47   24.303530   64.469591  (       1   10019)
          48   24.309676   68.802878  (       1   10028)
          49   24.310032   54.191910  (       1   10020)
          50   24.327190   60.891631  (      11   13649)
          51   24.352175   61.986243  (       1   10413)
          52   24.363187   55.153122  (       1   10029)
          53   24.369376   61.418159  (     452    4566)
          54   24.375101   56.974474  (       1   10024)
          55   24.385031   61.121393  (      54   15218)
          56   24.390273   66.096404  (       1   10021)
          57   24.399035   73.767616  (       1   10450)
          58   24.403479   53.778312  (       1   10040)
          59   24.410367   62.914590  (       1   10023)
          60   24.412914   58.893313  (       1   10031)
          61   24.414526   69.868785  (       1   10025)
          62   24.421461   60.901314  (    6042    6419)
          63   24.440404   70.375871  (       1   10214)
          64   24.441528   60.886863  (    4555    5853)
          65   24.442772   55.225647  (      33   13708)
          66   24.445594   63.803684  (    7777    8808)
          67   24.446082   57.858567  (       1   10027)
          68   24.449599   53.077569  (       1   10053)
          69   24.462419   66.045577  (       1   10036)
          70   24.471077   58.246580  (       1   10030)
          71   24.473929   61.562924  (      53      75)
          72   24.480122   52.045082  (       1   10035)
          73   24.487529   66.679208  (      59   10214)
          74   24.488976   66.060766  (       1   10038)
          75   24.494174   61.324836  (     166    3323)
          76   24.494791   59.236530  (     100    3715)
          77   24.511261   62.307741  (    2693    5762)
          78   24.512972   61.054644  (    1911    8479)
          79   24.514389   52.356610  (       1   10032)
          80   24.516971   65.003718  (       1   10807)
          81   24.517806   64.508308  (       1   10039)
          82   24.519918   62.220988  (       1   10816)
          83   24.524079   68.824752  (       1   10041)
          84   24.537757   65.006640  (       1   13626)
          85   24.539025   66.030973  (       1   10846)
          86   24.539624   63.108145  (     950    4566)
          87   24.542930   66.270597  (       1   10048)
          88   24.549717   63.394389  (    3151    7283)
          89   24.552102   61.858090  (       1   10034)
          90   24.552159   62.199684  (    6289    6352)
          91   24.552284   60.926623  (    3015    8239)
          92   24.552620   62.394603  (       7    8505)
          93   24.553146   63.056236  (     477    3323)
          94   24.555558   66.501988  (       1   10043)
          95   24.556087   62.609013  (     753    9037)
          96   24.557654   67.919759  (       1   10084)
          97   24.563779   63.351070  (     179     648)
          98   24.564083   53.308958  (       1   10033)
          99   24.571453   61.937510  (    3258    4445)
         100   24.572940   66.876402  (       1   10042)
