        Rank        RMSE       MaxAE  Feature_ID
           1    9.136631   28.199737  (    4861   10309)
           2    9.231938   28.431855  (    5289   10029)
           3    9.272662   28.567785  (    5289   10015)
           4    9.294489   28.359639  (    5289   10003)
           5    9.298334   27.855361  (    2571   10490)
           6    9.314492   21.045080  (    6622   12677)
           7    9.314672   21.062638  (    7052   12677)
           8    9.324190   27.592858  (    2571   10060)
           9    9.352724   27.873147  (    4861   12642)
          10    9.357799   21.612167  (    2048   12677)
          11    9.358280   27.113319  (    2571   10015)
          12    9.387877   21.230398  (    6241   12677)
          13    9.395559   26.886142  (    2571   10136)
          14    9.404494   27.089686  (    2571   10103)
          15    9.407612   22.631438  (       3   12677)
          16    9.409593   21.292167  (    4767   12677)
          17    9.417067   27.551071  (    2571   10101)
          18    9.419016   27.256791  (    6165   10065)
          19    9.421995   21.282665  (    8313   12677)
          20    9.425982   26.760188  (    5528   11174)
          21    9.428828   26.841003  (    7877   10136)
          22    9.434218   28.472971  (    2571   14135)
          23    9.434473   28.289940  (    5289   10073)
          24    9.435241   28.465776  (    2571   14026)
          25    9.436571   27.486091  (    2571   10509)
          26    9.443487   28.038661  (     381   10490)
          27    9.444404   27.774392  (    5528   18578)
          28    9.444976   27.378856  (    2571   10199)
          29    9.447127   27.587953  (    2571   10203)
          30    9.447607   32.093618  (    4861   11113)
          31    9.448177   27.787061  (    2571   13379)
          32    9.448637   27.778736  (    2571   13264)
          33    9.450481   31.270140  (    9107   12128)
          34    9.452401   27.118692  (    2897   10003)
          35    9.452881   27.156326  (    2571   10349)
          36    9.452993   26.971770  (    2571   10003)
          37    9.463096   27.833967  (    5528   13619)
          38    9.464015   27.988197  (    2571   10038)
          39    9.464503   27.827673  (    5528   13521)
          40    9.465540   27.919362  (    2571   13737)
          41    9.466323   28.687986  (    5289   10006)
          42    9.471870   27.277919  (    2897   10015)
          43    9.472644   27.009751  (    2571   10029)
          44    9.475739   27.852036  (    7877   10490)
          45    9.478688   31.194847  (    4861   19681)
          46    9.481316   27.197398  (    9492   10060)
          47    9.482728   28.334491  (    5289   10045)
          48    9.484639   27.360596  (    6165   10001)
          49    9.486028   27.589265  (    2571   11296)
          50    9.486152   26.873382  (    5528   10165)
          51    9.487310   27.032535  (    6554   10165)
          52    9.488688   27.233422  (    2571   10413)
          53    9.491175   28.621086  (    2571   13076)
          54    9.491325   21.642865  (     564   12677)
          55    9.491805   27.444889  (    3003   10065)
          56    9.492741   28.614264  (    2571   12976)
          57    9.493023   27.121879  (    7877   10349)
          58    9.495889   27.194248  (    5528   11736)
          59    9.498202   27.206646  (    9074   10060)
          60    9.498648   27.981056  (    2571   11248)
          61    9.500673   27.235463  (    2571   10314)
          62    9.500772   27.628447  (    5528   11279)
          63    9.502227   27.718229  (    5528   10960)
          64    9.503670   26.564298  (     287   18390)
          65    9.503944   27.550117  (    2571   10351)
          66    9.505160   29.222222  (    5289   10512)
          67    9.505946   27.677621  (       2   12662)
          68    9.508562   28.248876  (    2571   19405)
          69    9.509202   30.124483  (    2048   17133)
          70    9.509409   28.241337  (    2571   19159)
          71    9.510181   26.852807  (    2571   10073)
          72    9.511075   21.310776  (    9319   12677)
          73    9.512596   26.575026  (    9353   11457)
          74    9.513960   28.164920  (    2571   17536)
          75    9.514721   27.089847  (    7877   10015)
          76    9.514749   28.157242  (    2571   17348)
          77    9.515630   27.400770  (    2571   10313)
          78    9.516095   27.534557  (    5528   15167)
          79    9.516369   27.356429  (     381   10015)
          80    9.517030   27.085643  (    5528   13104)
          81    9.517530   27.627870  (    2571   11189)
          82    9.518158   27.551975  (    2571   10268)
          83    9.518204   31.397982  (    9710   17591)
          84    9.518290   27.399544  (    2897   10011)
          85    9.518971   27.246880  (    2571   10011)
          86    9.519553   27.318241  (    2571   10235)
          87    9.520415   27.345108  (    2571   10334)
          88    9.521035   27.075225  (    9353   10123)
          89    9.521610   27.410291  (    8453   10060)
          90    9.522884   28.043860  (    2571   19370)
          91    9.522975   27.091691  (    9493   10065)
          92    9.523647   28.035995  (    2571   19124)
          93    9.523819   31.945670  (    4861   14910)
          94    9.525417   26.467955  (    9492   10136)
          95    9.525420   28.558464  (    3003   13619)
          96    9.526227   27.738361  (    2571   10522)
          97    9.527200   27.454290  (    9492   10490)
          98    9.527745   28.552317  (    3003   13521)
          99    9.527843   27.649406  (    5528   17177)
         100    9.527864   31.832221  (    9107   13064)
