        Rank        RMSE       MaxAE  Feature_ID
           1   30.148983  100.511611  (     490   10114)
           2   30.225672  105.079213  (     490   10135)
           3   30.228558  105.674703  (     484   11771)
           4   30.412095  102.280834  (     490   10343)
           5   30.425078   99.429541  (     291   10135)
           6   30.517540   99.598938  (    1641   11178)
           7   30.544034   94.824818  (     291   10114)
           8   30.566589   96.795219  (     291   10298)
           9   30.619826  102.325356  (     490   10372)
          10   30.641525   98.406405  (     260   10298)
          11   30.673628   96.587002  (     291   10343)
          12   30.709486   91.284250  (      96   10271)
          13   30.728797  102.559499  (      19   10005)
          14   30.753597  102.309462  (    1054   10990)
          15   30.772360  102.147615  (     490   10397)
          16   30.879465   96.521129  (     260   10114)
          17   30.885727   96.633902  (     291   10372)
          18   30.923445  102.310064  (     490   10421)
          19   30.970203  102.458118  (     490   10298)
          20   30.972768  101.019962  (     260   10135)
          21   31.032205   95.393241  (    2952   14976)
          22   31.043049  102.165154  (     490   10456)
          23   31.075534  102.367313  (    9470   10786)
          24   31.120301   96.441976  (     291   10397)
          25   31.134389  104.345856  (    7253   11026)
          26   31.138683  105.327814  (    3508   11102)
          27   31.182050  107.786798  (     484   10114)
          28   31.187485   96.623438  (     291   10421)
          29   31.192944   96.502897  (     291   10456)
          30   31.195124  101.474605  (    3104   15861)
          31   31.211345   98.257323  (     260   10343)
          32   31.248609  109.425402  (     484   10343)
          33   31.262692  101.601372  (    2340   14976)
          34   31.262797   96.589436  (     938   11178)
          35   31.275591  104.771847  (    1913   10135)
          36   31.322782  105.719248  (    1773   11771)
          37   31.331171   98.178154  (     641   10114)
          38   31.369412  103.347218  (     490   12636)
          39   31.372532   98.295739  (     260   10372)
          40   31.410555   97.328634  (     291   12636)
          41   31.436748  109.458490  (     484   10372)
          42   31.477409   88.682638  (    1248   14005)
          43   31.482692  101.303155  (    1641   10135)
          44   31.487037   98.358446  (    1641   10343)
          45   31.515035  107.377834  (    3104   10298)
          46   31.529751  101.896453  (    1913   10343)
          47   31.532454  105.392270  (      19   10001)
          48   31.535736   98.851306  (     291   17130)
          49   31.537041  113.240565  (    3517   10206)
          50   31.537756   98.104655  (     260   10397)
          51   31.556973  105.536391  (    3104   10114)
          52   31.593102  100.120385  (    1913   10114)
          53   31.598882  109.310100  (     484   10397)
          54   31.600036   91.027769  (     291   15861)
          55   31.604135   96.845454  (     490   15861)
          56   31.617050  110.132461  (    3104   10135)
          57   31.619801   98.276321  (     260   10421)
          58   31.633452  100.745064  (    6265   15861)
          59   31.637339   91.487449  (      48   10033)
          60   31.670804  109.467463  (     484   10298)
          61   31.672733   95.312073  (     938   10343)
          62   31.695414   98.411483  (    1641   10372)
          63   31.713966  109.428344  (     484   10421)
          64   31.715949  105.338687  (      86   10976)
          65   31.719064   98.158595  (     260   10456)
          66   31.732990  103.015762  (     635   11771)
          67   31.752251   99.030842  (     260   12636)
          68   31.757008  102.729512  (     641   10135)
          69   31.768361   91.691950  (      48   10052)
          70   31.774234  103.595446  (     490   11178)
          71   31.776645   98.244478  (     938   10135)
          72   31.776845   92.109580  (      48   10042)
          73   31.792734  101.951593  (    1913   10372)
          74   31.793818   91.685899  (    5914   14976)
          75   31.799446  102.416236  (     119   10005)
          76   31.807960  109.247912  (     484   10456)
          77   31.817967   91.682954  (      48   10049)
          78   31.819160   91.563407  (    3645   14976)
          79   31.828521  109.630802  (    6265   10135)
          80   31.837783   95.355866  (    8312   11026)
          81   31.853834   99.947072  (    8291   10298)
          82   31.860589   99.954373  (     641   10343)
          83   31.876841   96.878803  (      19   10535)
          84   31.878107   98.215926  (    1641   10397)
          85   31.878999  101.260140  (     490   11026)
          86   31.884376   97.930312  (     291   11178)
          87   31.886212   91.219029  (      48   10069)
          88   31.886301   95.289836  (    2952   10298)
          89   31.909531   95.367141  (     938   10372)
          90   31.922207   92.814007  (     260   15861)
          91   31.935973   99.629841  (     291   11607)
          92   31.944378   91.569319  (      48   10056)
          93   31.944411  107.336570  (    3104   10343)
          94   31.954428   92.306435  (     184   10271)
          95   31.963946   91.777332  (      48   13211)
          96   31.980835   97.185927  (    2340   11771)
          97   31.983382   97.269395  (    8312   14976)
          98   31.990186   98.629643  (    1641   10298)
          99   31.999395   98.407460  (    1641   10421)
         100   32.000346   94.490371  (    1913   15671)
