Model_ID, [(c_i,i=0,n)_j,j=1,ntask]
           1    0.6716129235E+02    0.6226440850E+02   -0.2228206277E+03
           2    0.6718186720E+02    0.6578189063E+02   -0.2216286364E+03
           3    0.6751079084E+02    0.6261760738E+02   -0.2237038899E+03
           4    0.7373579444E+02   -0.5829963711E+02    0.2182213770E+03
           5    0.6874644992E+02    0.6485580838E+02    0.7127306112E+03
           6    0.6716951450E+02   -0.6323136367E+02   -0.2115528230E+03
           7    0.6741261275E+02    0.6188215484E+02   -0.2235867371E+03
           8    0.6917015928E+02    0.6535111831E+02    0.7197326763E+03
           9    0.6912020883E+02    0.6469788458E+02    0.7235061137E+03
          10    0.6875883904E+02   -0.6592311269E+02    0.6816773578E+03
          11    0.6678933292E+02    0.6348163430E+02   -0.2264449607E+03
          12    0.6685830610E+02    0.6401894407E+02   -0.2227400204E+03
          13    0.6816428724E+02   -0.6351578738E+02    0.5910793231E+03
          14    0.6860138060E+02    0.6615017364E+02    0.2088450520E+03
          15    0.6777600470E+02    0.6206310023E+02   -0.2235544432E+03
          16    0.6953312960E+02    0.6495988081E+02    0.7257675588E+03
          17    0.6733894896E+02   -0.6593205373E+02   -0.2115895570E+03
          18    0.7328948834E+02   -0.6835680850E+02    0.2587406123E+03
          19    0.6754363412E+02   -0.6462294233E+02   -0.2243728666E+03
          20    0.7497994435E+02   -0.5932950666E+02    0.1976478924E+03
          21    0.6882400672E+02   -0.6655248358E+02    0.2024020704E+03
          22    0.6815057565E+02   -0.6329430868E+02    0.1457083988E+03
          23    0.6859354725E+02   -0.6655529385E+02    0.3675865753E+03
          24    0.6848163703E+02    0.6529616313E+02    0.3803735087E+03
          25    0.6835707348E+02   -0.6397755441E+02    0.2958048945E+03
          26    0.6692338952E+02   -0.6517221503E+02   -0.2118374820E+03
          27    0.6676102345E+02    0.6495509934E+02   -0.2108983617E+03
          28    0.1604730621E+02    0.5886827038E+02   -0.2079158215E+03
          29    0.6692018630E+02   -0.6522659229E+02   -0.2111003700E+03
          30    0.6830920535E+02    0.6443139838E+02    0.2105528397E+03
          31    0.4569929458E+02    0.4169228663E+02    0.1404653042E+03
          32    0.6691599077E+02   -0.6527792368E+02   -0.2103628751E+03
          33    0.6823120431E+02    0.6555628889E+02    0.2015923319E+03
          34    0.6839892386E+02   -0.6577237287E+02    0.2024322722E+03
          35    0.1376718900E+02    0.6439156705E+02    0.3714402900E+03
          36    0.6892285822E+02    0.6583556650E+02    0.3850848419E+03
          37    0.6822919599E+02    0.6382375158E+02    0.2132931015E+03
          38    0.6839696081E+02   -0.6583837007E+02    0.2018803399E+03
          39    0.6705406855E+02   -0.6541616015E+02   -0.2113255581E+03
          40    0.1592796745E+02    0.6122815110E+02    0.5891277770E+03
          41    0.6839395187E+02   -0.6590118875E+02    0.2013277648E+03
          42    0.4532577832E+02    0.4150793539E+02    0.1388396746E+03
          43    0.6928656212E+02    0.6556168796E+02    0.2146468754E+03
          44    0.4509819230E+02    0.4134291676E+02    0.1375994744E+03
          45    0.4593941209E+02    0.4172455858E+02    0.1402131450E+03
          46    0.6853731731E+02   -0.6603803032E+02    0.2021816556E+03
          47    0.6786584717E+02    0.6186620060E+02    0.5962362271E+03
          48    0.4488758688E+02    0.3402584662E+02   -0.2258732770E+03
          49    0.6707223386E+02    0.6347278727E+02   -0.2235381172E+03
          50    0.6765917403E+02    0.6479949075E+02   -0.2227781634E+03
          51    0.6883819881E+02    0.6510662920E+02    0.3855747801E+03
          52    0.6812703918E+02   -0.6356268960E+02   -0.2261559521E+03
          53    0.6866016779E+02    0.6414538612E+02    0.2144634942E+03
          54    0.1667155246E+02    0.5708646992E+02   -0.2057982075E+03
          55    0.6900845551E+02   -0.6503928434E+02    0.2120907256E+03
          56    0.4623969503E+02    0.4167043252E+02    0.1423442018E+03
          57    0.6761100035E+02   -0.6582840480E+02   -0.2126583088E+03
          58    0.1462072838E+02    0.6332825407E+02    0.6688893345E+03
          59    0.6827772745E+02    0.6233478471E+02    0.6036989331E+03
          60    0.7360985418E+02   -0.7226787938E+02    0.1989478705E+03
          61    0.6808844960E+02   -0.6187716448E+02    0.1441613659E+03
          62    0.1528594288E+02    0.6066186818E+02   -0.2064591259E+03
          63    0.6926662973E+02    0.6540116545E+02    0.3874712046E+03
          64    0.6910575234E+02   -0.6645240205E+02    0.2033707718E+03
          65    0.1683671034E+02    0.5900629785E+02    0.5749750838E+03
          66    0.6906086108E+02    0.6435946803E+02    0.2156999991E+03
          67    0.6873262545E+02    0.6546977856E+02    0.2059203401E+03
          68    0.6821914889E+02    0.6168064117E+02    0.6064819723E+03
          69    0.6785658823E+02    0.6165351974E+02    0.1470823752E+03
          70    0.6986884610E+02   -0.6646205841E+02    0.7292943559E+03
          71    0.1575145431E+02    0.6163851503E+02    0.2939876487E+03
          72    0.6831577416E+02    0.6632494497E+02    0.1962185271E+03
          73    0.4487074705E+02    0.4098413728E+02    0.1370901929E+03
          74    0.6632189183E+02    0.6163805033E+02   -0.2238414738E+03
          75    0.4470498262E+02   -0.3429944155E+02   -0.2197876665E+03
          76    0.6805548352E+02    0.6231540587E+02    0.2982709692E+03
          77    0.6741496464E+02    0.6357550858E+02   -0.2235110564E+03
          78    0.4284880571E+02    0.4318399984E+02   -0.1024634124E+03
          79    0.6682943989E+02    0.6560242245E+02   -0.2035658743E+03
          80    0.6826747105E+02    0.6211738523E+02    0.1489568228E+03
          81    0.7340207080E+02   -0.6855122864E+02    0.2771876051E+03
          82    0.6840682977E+02    0.6772922285E+02    0.6770508122E+03
          83    0.6860541299E+02    0.6190819355E+02    0.6082653853E+03
          84    0.1481854696E+02    0.6186005784E+02    0.3585860459E+03
          85    0.6913370072E+02    0.6566783981E+02    0.2071546688E+03
          86    0.1614723483E+02    0.6085546673E+02    0.1435073503E+03
          87    0.6852587875E+02    0.6141505398E+02    0.2141187717E+03
          88    0.6633325423E+02    0.6396861204E+02   -0.2107744878E+03
          89    0.6836311925E+02    0.6866492674E+02    0.3711474489E+03
          90    0.6848114737E+02    0.6280815431E+02    0.3024145051E+03
          91    0.1758849546E+02    0.5673609810E+02   -0.2077618329E+03
          92    0.6691814311E+02    0.6071694576E+02   -0.2225128739E+03
          93    0.4333313351E+02    0.4343217205E+02   -0.1021330393E+03
          94    0.4176206950E+02   -0.4123380429E+02   -0.1017796973E+04
          95    0.1505323945E+02    0.6222656123E+02    0.2615622964E+03
          96    0.6820524156E+02    0.6145653222E+02    0.1495791499E+03
          97    0.7078533517E+02   -0.6323697409E+02    0.1477348186E+03
          98    0.6861596989E+02    0.6234233327E+02    0.2025877636E+03
          99    0.4470014845E+02    0.3890332456E+02    0.1341198922E+03
         100    0.1629490905E+02    0.6108474198E+02    0.1953225028E+03
