     Index              y_true              y_pred        descriptor_1        descriptor_2
         1    0.2744000000E+03    0.2068619651E+03   -0.4424003300E+00   -0.1225666304E+00
         2    0.2516000000E+03    0.2792217191E+03   -0.1779992100E+00   -0.2485778067E-01
         3    0.3281500000E+03    0.3232679316E+03   -0.3391901500E+00    0.3981416019E+00
         4    0.3260000000E+03    0.3150850895E+03   -0.2126094000E-01   -0.5426157500E-02
         5    0.8950000000E+02    0.1142845304E+03   -0.7840120100E+00   -0.2438117221E+00
         6    0.2466500000E+03    0.2588235637E+03   -0.4532682200E+00    0.1741231331E+00
         7    0.2480000000E+03    0.2378811948E+03   -0.4640904800E+00    0.7170223872E-01
         8    0.4240000000E+03    0.3756264143E+03    0.3689672800E+00   -0.1144019955E+00
         9    0.1743000000E+03    0.1778089669E+03   -0.6919358700E+00    0.0000000000E+00
        10    0.3674300000E+03    0.3891838880E+03    0.3845266900E+00   -0.5775005957E-01
        11    0.3602000000E+03    0.3621063691E+03    0.2076658600E+00   -0.6382088856E-02
        12    0.2720000000E+03    0.2521802607E+03   -0.3179073600E+00   -0.1499278972E-01
        13    0.2886400000E+03    0.2691310126E+03   -0.3618699600E+00    0.1274025602E+00
        14    0.2561000000E+03    0.2558419655E+03   -0.1001876000E+00   -0.2406419100E+00
        15    0.4711500000E+03    0.4954807785E+03    0.6395327400E+00    0.2363248406E+00
        16    0.2401500000E+03    0.2463679531E+03   -0.3618511400E+00    0.2781690100E-02
        17    0.3387000000E+03    0.3682722070E+03    0.2811424900E+00   -0.5554866240E-01
        18    0.2566500000E+03    0.2065695324E+03   -0.5524309200E+00    0.0000000000E+00
        19    0.3275000000E+03    0.3564564691E+03    0.2294730200E+00   -0.6191725972E-01
        20    0.3632000000E+03    0.3486571962E+03    0.2855657400E+00   -0.1679081668E+00
        21    0.5132000000E+03    0.4054577174E+03    0.4805274900E+00   -0.7700594497E-01
        22    0.3334000000E+03    0.4120974584E+03    0.4804078300E+00   -0.4052653090E-01
        23    0.2396000000E+03    0.2537622369E+03   -0.3645444800E+00    0.4629564072E-01
        24    0.3860000000E+03    0.3826556398E+03    0.5325101200E+00   -0.2604805200E+00
        25    0.3380000000E+03    0.3781784071E+03    0.4544352800E+00   -0.1968819300E+00
        26    0.3990000000E+03    0.3895806656E+03    0.4718406100E+00   -0.1541102195E+00
        27    0.3945000000E+03    0.3836922863E+03    0.3012821700E+00    0.6129993870E-02
        28    0.3091000000E+03    0.3782236048E+03    0.2779059200E+00    0.2575352736E-02
        29    0.2990000000E+03    0.2604848360E+03   -0.3260737000E+00    0.3968005412E-01
        30    0.4680000000E+03    0.4488669467E+03    0.6228480800E+00    0.0000000000E+00
        31    0.9070000000E+02    0.1188335245E+03   -0.9780000000E+00    0.0000000000E+00
        32    0.3891500000E+03    0.4041889793E+03    0.4480793000E+00   -0.4733358000E-01
        33    0.2490000000E+03    0.2465276828E+03   -0.2869892900E+00   -0.8082410000E-01
        34    0.4010000000E+03    0.4125455753E+03    0.5438851900E+00   -0.1097065863E+00
        35    0.1693000000E+03    0.2000644632E+03   -0.4220680800E+00   -0.1827190975E+00
        36    0.4920000000E+03    0.4302711714E+03    0.5450813200E+00   -0.1403065264E-01
        37    0.4150000000E+03    0.3884391702E+03    0.4971186000E+00   -0.1888842067E+00
        38    0.2530000000E+03    0.2844713756E+03   -0.3471094000E+00    0.1947150985E+00
        39    0.1588000000E+03    0.1783437043E+03   -0.5394516400E+00   -0.1691484023E+00
        40    0.4380000000E+03    0.4447096733E+03    0.6577633100E+00   -0.6215708070E-01
        41    0.2561000000E+03    0.2273827049E+03   -0.5752242800E+00    0.1396482643E+00
        42    0.3010000000E+03    0.3292831684E+03    0.1558383500E+00   -0.1275622500E+00
