        Rank        RMSE       MaxAE  Feature_ID
           1   23.911005   73.256622  (    4619   11789)
           2   24.714417   71.229475  (     961   11789)
           3   24.748503   69.956769  (    2260   11789)
           4   25.600376   61.375594  (     941   11461)
           5   25.667926   66.361736  (    1181   10086)
           6   25.780977   75.706442  (    4329   11789)
           7   25.816819   58.444323  (    4619   16812)
           8   25.901858   77.303477  (    2326   12369)
           9   25.980258   58.241142  (    1181   10052)
          10   25.989303   60.897965  (     941   10993)
          11   26.023471   61.276414  (     941   10973)
          12   26.035023   54.380171  (     941   15038)
          13   26.133566   82.117963  (     337   11446)
          14   26.183296   78.298957  (    1181   11789)
          15   26.206237   64.015785  (     941   10956)
          16   26.296393   62.415942  (     941   14809)
          17   26.314737   85.484183  (    1181   10092)
          18   26.354564   60.203911  (     337   12514)
          19   26.369501   66.790136  (    2394   10345)
          20   26.400851   68.122166  (     941   11176)
          21   26.422833   63.914322  (     941   14086)
          22   26.450060   61.376390  (     941   18100)
          23   26.452890   60.917435  (     941   11748)
          24   26.456954   77.016866  (    2326   11176)
          25   26.476955   66.079956  (     199   13262)
          26   26.488062   80.078448  (     654   11789)
          27   26.502652   63.927779  (    2002   10462)
          28   26.535209   76.926126  (    2326   10956)
          29   26.566186   60.789821  (     941   11335)
          30   26.573792   62.012158  (     941   10997)
          31   26.577827   79.192416  (     847   11967)
          32   26.585094   60.750750  (     941   11302)
          33   26.586633   69.441185  (     794   12369)
          34   26.588594   54.914188  (     941   11241)
          35   26.603777   62.853347  (     941   10680)
          36   26.616088   61.297403  (     941   11910)
          37   26.618112   61.302858  (     941   11898)
          38   26.621360   61.311298  (     941   11879)
          39   26.624837   61.319980  (     941   11863)
          40   26.627265   61.325859  (     941   11849)
          41   26.659214   61.797169  (     941   19554)
          42   26.669169   69.575036  (     273   11789)
          43   26.677017   60.588534  (     794   11176)
          44   26.677867   60.515886  (     794   10956)
          45   26.707831   70.167621  (    9157   10973)
          46   26.713980   74.816055  (    1181   11842)
          47   26.748290   69.908292  (    7015   10052)
          48   26.748721   53.974428  (     941   14042)
          49   26.755865   64.138855  (    2002   10451)
          50   26.780350   62.939117  (     941   11842)
          51   26.790625   83.405988  (     941   14348)
          52   26.802241   67.230241  (      47   15549)
          53   26.811086   67.431702  (     337   12380)
          54   26.813173   78.146430  (     941   15095)
          55   26.826376   76.731913  (     337   10220)
          56   26.859887   54.581184  (     703   10973)
          57   26.862981   64.516487  (     337   10294)
          58   26.864077   80.402659  (     847   10667)
          59   26.883906   67.848987  (     941   12796)
          60   26.891604   70.971340  (    1181   13262)
          61   26.892334   68.869151  (    1181   10110)
          62   26.896640   75.121830  (    1181   10196)
          63   26.920415   68.479984  (     941   15723)
          64   26.926496   60.721133  (     961   16812)
          65   26.932598   88.688837  (     337   14410)
          66   26.947057   60.934037  (     941   13761)
          67   26.947480   63.200429  (    2260   16812)
          68   26.962744   69.138293  (     941   11123)
          69   26.973477   77.731341  (    2394   12369)
          70   26.976894   99.865774  (      66   13633)
          71   26.978169   78.902541  (    6304   11789)
          72   26.978968   79.420848  (     847   17344)
          73   26.983351   68.777910  (     941   11172)
          74   27.001460   54.375909  (     703   10993)
          75   27.028553   62.209506  (     941   13221)
          76   27.029200   52.579477  (     703   15038)
          77   27.036006   70.906767  (    9157   11461)
          78   27.057975   68.759811  (     941   12995)
          79   27.073059   55.046917  (     703   11461)
          80   27.084854   70.323472  (     941   16664)
          81   27.090160   67.513227  (    2382   10345)
          82   27.096188   90.513463  (     337   12280)
          83   27.099445   77.659861  (    1181   11368)
          84   27.105912   62.352012  (     941   13503)
          85   27.126603   81.093708  (     847   10534)
          86   27.131942   67.936506  (     941   10645)
          87   27.138223   70.021644  (    9157   10993)
          88   27.142566   87.612599  (    1181   10003)
          89   27.145898   85.989529  (     337   10487)
          90   27.149808   68.762082  (     941   11560)
          91   27.150993   68.329316  (     941   10922)
          92   27.155627   63.255467  (    2394   14905)
          93   27.158978   68.943361  (     941   11161)
          94   27.174813   61.657113  (     941   10328)
          95   27.182538   57.355044  (    1004   10462)
          96   27.184647   69.053629  (     941   11105)
          97   27.185899   69.118757  (    1181   10328)
          98   27.189975   81.240771  (    1181   16812)
          99   27.192964   63.229130  (    2394   15131)
         100   27.196092   82.695528  (    1181   10338)
