     Index              y_true              y_pred        descriptor_1        descriptor_2
         1    0.3674300000E+03    0.3992422797E+03    0.2441200000E+01    0.0000000000E+00
         2    0.3387000000E+03    0.3797665211E+03    0.2124500000E+01    0.3890339009E-02
         3    0.2516000000E+03    0.2833508109E+03    0.1196500000E+01    0.1109522567E-02
         4    0.2720000000E+03    0.2675313348E+03    0.1063400000E+01   -0.6812108402E-05
         5    0.2744000000E+03    0.2431680565E+03    0.8072000000E+00    0.3811906684E-04
         6    0.1588000000E+03    0.1526607998E+03    0.1094000000E+00   -0.8542916836E-02
         7    0.3275000000E+03    0.3580282503E+03    0.2000500000E+01    0.3274809178E-03
         8    0.9070000000E+02    0.7240170768E+02   -0.9783000000E+00    0.0000000000E+00
         9    0.5132000000E+03    0.4726583473E+03    0.3209300000E+01    0.0000000000E+00
        10    0.3334000000E+03    0.3335358272E+03    0.3376500000E+01   -0.5589749314E-01
        11    0.2561000000E+03    0.2888279397E+03    0.1286000000E+01    0.4630080000E-06
        12    0.3450000000E+03    0.3791917727E+03    0.2404200000E+01   -0.5951442652E-02
        13    0.4010000000E+03    0.4196658671E+03    0.2453400000E+01    0.6940166246E-02
        14    0.4150000000E+03    0.4001786997E+03    0.2594500000E+01   -0.4943153961E-02
        15    0.8950000000E+02    0.1244171015E+03   -0.4341000000E+00    0.0000000000E+00
        16    0.3091000000E+03    0.3365547235E+03    0.1862700000E+01   -0.2664606770E-02
        17    0.3281500000E+03    0.2787667466E+03    0.1274300000E+01   -0.3222445827E-02
        18    0.3945000000E+03    0.3691209230E+03    0.2126600000E+01   -0.1854214757E-04
        19    0.2396000000E+03    0.2502848914E+03    0.8748000000E+00    0.2743650599E-03
        20    0.2401500000E+03    0.2465211140E+03    0.8598000000E+00   -0.5653588989E-03
        21    0.2566500000E+03    0.2115013083E+03    0.4770000000E+00    0.0000000000E+00
        22    0.4380000000E+03    0.4383033577E+03    0.2922200000E+01   -0.2491567017E-02
        23    0.3380000000E+03    0.3943457803E+03    0.3269200000E+01   -0.3028623198E-01
        24    0.3860000000E+03    0.3736826335E+03    0.3188500000E+01   -0.3495315624E-01
        25    0.2490000000E+03    0.2538438652E+03    0.9200000000E+00    0.0000000000E+00
        26    0.2530000000E+03    0.2721546433E+03    0.1171000000E+01   -0.2047057337E-02
        27    0.3260000000E+03    0.3237820290E+03    0.1566700000E+01    0.2928394976E-02
        28    0.4460000000E+03    0.4384837970E+03    0.2945100000E+01   -0.3215360714E-02
        29    0.2990000000E+03    0.2594979921E+03    0.1028300000E+01   -0.1692863346E-02
        30    0.2634000000E+03    0.2820786086E+03    0.1215400000E+01    0.0000000000E+00
        31    0.3891500000E+03    0.3832304967E+03    0.2274100000E+01   -0.1446319325E-04
        32    0.4780000000E+03    0.4826561610E+03    0.3313900000E+01    0.0000000000E+00
        33    0.2466500000E+03    0.2405896016E+03    0.8596000000E+00   -0.2696114381E-02
        34    0.1693000000E+03    0.2550274781E+03    0.9319000000E+00    0.1664785852E-04
        35    0.2480000000E+03    0.2352469163E+03    0.7246000000E+00    0.2870675249E-04
        36    0.2561000000E+03    0.2351983440E+03    0.8158000000E+00   -0.3130306940E-02
        37    0.3990000000E+03    0.3639780894E+03    0.2810200000E+01   -0.2541949434E-01
        38    0.4680000000E+03    0.4590966025E+03    0.3059900000E+01    0.2587999800E-03
        39    0.4920000000E+03    0.4723620450E+03    0.3206200000E+01    0.0000000000E+00
        40    0.3632000000E+03    0.3130947705E+03    0.1539900000E+01    0.0000000000E+00
        41    0.4240000000E+03    0.3921946999E+03    0.2334900000E+01    0.1121787146E-02
        42    0.4711500000E+03    0.4692070655E+03    0.2611800000E+01    0.1933790542E-01
