Model_ID, [(c_i,i=0,n)_j,j=1,ntask]
           1    0.3708687971E+03    0.3680597921E+03   -0.7064154648E+02
           2    0.3681857425E+03    0.3742051144E+03   -0.9872946338E+02
           3    0.3591328597E+03    0.3743469045E+03   -0.8471979691E+02
           4    0.3414102806E+03    0.3408035068E+03   -0.9029893890E+02
           5    0.3610730115E+03    0.3727004609E+03   -0.9191514253E+02
           6    0.3602562203E+03    0.3731225050E+03   -0.9050901576E+02
           7    0.3152948415E+03    0.3122364101E+03   -0.1150986400E+03
           8    0.3431493056E+03    0.3217371705E+03   -0.7588442562E+02
           9    0.3159090045E+03    0.3124534973E+03   -0.1178360502E+03
          10    0.3177838676E+03    0.3249905669E+03   -0.1161668903E+03
          11    0.3213562318E+03    0.3141972498E+03   -0.1505597070E+03
          12    0.3142178970E+03    0.3200617924E+03   -0.1270584669E+03
          13    0.3215875633E+03    0.3115915616E+03   -0.5428783600E+02
          14    0.3223153660E+03    0.3137803199E+03   -0.1544621651E+03
          15    0.3585395641E+03    0.3469860091E+03   -0.9635991466E+02
          16    0.3164919819E+03    0.3044575409E+03   -0.1574173908E+03
          17    0.3574343989E+03    0.3629197884E+03   -0.8382976952E+02
          18    0.3271941768E+03    0.3317318380E+03   -0.1142789470E+03
          19    0.3576612117E+03    0.3627500087E+03   -0.8478302901E+02
          20    0.3337361401E+03    0.3029396465E+03    0.1461770344E+03
          21    0.3280665376E+03    0.3323869027E+03   -0.1167970008E+03
          22    0.3530260876E+03    0.3449885727E+03   -0.8565978437E+02
          23    0.3145300231E+03    0.3148557055E+03   -0.1420173252E+03
          24    0.3171513215E+03    0.3151322749E+03   -0.8804033203E+02
          25    0.3733455024E+03    0.3620954441E+03   -0.7339210534E+02
          26    0.3159689779E+03    0.3148402796E+03   -0.9765897229E+02
          27    0.3157528368E+03    0.3101554577E+03   -0.7889400296E+02
          28    0.3179163177E+03    0.3242710249E+03   -0.1348005933E+03
          29    0.3208760847E+03    0.3310721052E+03   -0.1121695094E+03
          30    0.3590804660E+03    0.3386514168E+03   -0.6402376866E+02
          31    0.3211206495E+03    0.2976808618E+03   -0.1131102381E+03
          32    0.3197565370E+03    0.3245340092E+03   -0.8490107584E+02
          33    0.3176592292E+03    0.3113526493E+03   -0.7667774810E+02
          34    0.3203891866E+03    0.2979282454E+03   -0.1099253419E+03
          35    0.3178491624E+03    0.3200180866E+03   -0.8665926778E+02
          36    0.3186599973E+03    0.3089819038E+03   -0.9861870183E+02
          37    0.3269216847E+03    0.3242596412E+03   -0.1675869863E+03
          38    0.3175149077E+03    0.3078032293E+03   -0.1116958800E+03
          39    0.2996531917E+03    0.3536636505E+03   -0.5580530467E+02
          40    0.3529643714E+03    0.3434034836E+03   -0.8725600369E+02
          41    0.3167013735E+03    0.3064023400E+03   -0.1513511847E+03
          42    0.3185535188E+03    0.3064237045E+03   -0.1308721192E+03
          43    0.3262596313E+03    0.3298246192E+03   -0.8535145688E+02
          44    0.3148520625E+03    0.3139286692E+03   -0.9946456878E+02
          45    0.3168484576E+03    0.3084207138E+03   -0.1006488821E+03
          46    0.3165944355E+03    0.3240011470E+03   -0.1167975906E+03
          47    0.3298018385E+03    0.3092015113E+03   -0.1127998316E+03
          48    0.3268043100E+03    0.3210179682E+03   -0.9653182969E+02
          49    0.3307696162E+03    0.3093248196E+03   -0.1156518254E+03
          50    0.3154869016E+03    0.3151250176E+03   -0.9753029672E+02
          51    0.3154544516E+03    0.3142727091E+03   -0.9753034603E+02
          52    0.3175016488E+03    0.3070723008E+03    0.1502801609E+03
          53    0.3172563187E+03    0.3092191489E+03   -0.1655193344E+03
          54    0.3173694313E+03    0.3080092338E+03   -0.1504097106E+03
          55    0.3134390312E+03    0.3061667358E+03   -0.1525197883E+03
          56    0.3783794383E+03    0.3665915881E+03   -0.9293586267E+02
          57    0.3158264910E+03    0.3170102758E+03   -0.1389853997E+03
          58    0.3246278360E+03    0.3337954657E+03   -0.7698727406E+02
          59    0.3154234249E+03    0.3134302822E+03   -0.9735589564E+02
          60    0.3175721293E+03    0.3217591630E+03   -0.1358511265E+03
          61    0.3161957160E+03    0.3133247720E+03   -0.9516998140E+02
          62    0.3193426238E+03    0.3083369890E+03   -0.5740322290E+02
          63    0.3258913051E+03    0.3342319804E+03   -0.1371494604E+03
          64    0.3201933313E+03    0.3327514979E+03   -0.1046576093E+03
          65    0.3158521423E+03    0.3272225253E+03   -0.1538600400E+03
          66    0.3248926011E+03    0.3248275419E+03   -0.7753587888E+02
          67    0.3172895759E+03    0.3063289407E+03   -0.1505831795E+03
          68    0.3162666315E+03    0.3066576678E+03   -0.1136104656E+03
          69    0.3153900117E+03    0.3184813240E+03   -0.1243340396E+03
          70    0.3194989642E+03    0.3271271224E+03   -0.1175078752E+03
          71    0.3555798695E+03    0.3518050824E+03   -0.7845448518E+02
          72    0.3132104022E+03    0.3054120977E+03   -0.1527277131E+03
          73    0.3160063132E+03    0.3210119027E+03   -0.1315883375E+03
          74    0.3153335168E+03    0.3202811925E+03   -0.1209328033E+03
          75    0.3625015501E+03    0.3573416109E+03   -0.8714059991E+02
          76    0.3556444159E+03    0.3516389938E+03   -0.7880977713E+02
          77    0.3278225092E+03    0.3276063366E+03   -0.2264635602E+03
          78    0.3162289144E+03    0.3155840712E+03   -0.7339520810E+02
          79    0.3211964412E+03    0.3162380088E+03   -0.4915640990E+02
          80    0.3186389001E+03    0.3106904482E+03   -0.1160590758E+03
          81    0.3683601086E+03    0.3600127308E+03   -0.7032737444E+02
          82    0.3188173526E+03    0.3185397898E+03   -0.1083980300E+03
          83    0.3297276301E+03    0.3353720951E+03   -0.1096623948E+03
          84    0.3165425684E+03    0.3287182666E+03   -0.1531789156E+03
          85    0.3201725146E+03    0.3196620868E+03    0.1335994769E+03
          86    0.3231359337E+03    0.2900858311E+03    0.1420124672E+03
          87    0.3225864060E+03    0.2906412440E+03   -0.1331090169E+03
          88    0.3380023858E+03    0.3275972725E+03   -0.2177183472E+03
          89    0.3169198862E+03    0.3072368624E+03   -0.1108453577E+03
          90    0.3170687431E+03    0.3055862124E+03   -0.1507738206E+03
          91    0.3214277124E+03    0.2906951981E+03   -0.1315835179E+03
          92    0.3168837909E+03    0.3062532568E+03   -0.1109760084E+03
          93    0.4279366168E+03    0.3363876540E+03   -0.7729477843E+02
          94    0.3160598297E+03    0.3022574294E+03   -0.1705302725E+03
          95    0.3215077391E+03    0.2897207943E+03   -0.1328092582E+03
          96    0.3173754584E+03    0.3078984443E+03    0.1487369917E+03
          97    0.3169541671E+03    0.3082432780E+03   -0.1104556824E+03
          98    0.3262319678E+03    0.3289587563E+03   -0.9353277723E+02
          99    0.3172014426E+03    0.3047025010E+03   -0.1504371933E+03
         100    0.3163185554E+03    0.3072260106E+03   -0.1076892904E+03
