Model_ID, [(c_i,i=0,n)_j,j=1,ntask]
           1    0.8836588468E+01    0.6788161104E+02   -0.1545005376E+03
           2    0.9303498877E+01    0.6273672465E+02   -0.1229095114E+03
           3    0.8789378181E+01    0.6521785514E+02   -0.1459795057E+03
           4    0.7927094668E+01    0.6585902803E+02    0.1295428116E+03
           5    0.1095973847E+02    0.6126289419E+02   -0.1018538148E+03
           6    0.1000734463E+02    0.6340879900E+02   -0.1256797393E+03
           7    0.5694067813E+01    0.7484849077E+02   -0.2030834000E+03
           8    0.1168160551E+02    0.5867556207E+02   -0.8307011400E+02
           9    0.2022736000E+02   -0.6652373474E+02   -0.4734876162E+03
          10    0.5541614206E+01    0.7474964253E+02   -0.1950943529E+03
          11    0.5580638009E+01    0.7471315673E+02   -0.1996266553E+03
          12    0.2590225489E+02    0.2614095718E+02   -0.2021797505E+03
          13    0.8560331550E+01    0.6357462774E+02    0.1048751615E+03
          14    0.1906426736E+02   -0.8295415631E+02   -0.4727646479E+03
          15    0.6792542454E+01    0.7339394071E+02   -0.1760821935E+03
          16    0.2211948236E+02   -0.3052035945E+02   -0.9332270502E+03
          17    0.9918515019E+01    0.6736361914E+02   -0.1248857902E+03
          18    0.5608511203E+01    0.7517428162E+02   -0.1572363225E+03
          19    0.9578496894E+01    0.6702194100E+02   -0.1156701013E+03
          20    0.1060101046E+02    0.6488670235E+02   -0.1058529395E+03
          21    0.6875148076E+01    0.6734648935E+02    0.1428307976E+03
          22    0.7948232938E+01    0.6672963482E+02    0.1402237162E+03
          23    0.2656519993E+02   -0.2669065938E+02   -0.3899905332E+03
          24    0.3922073845E+02   -0.3630875953E+02   -0.1806658632E+03
          25    0.3867667189E+02    0.3519341155E+02    0.1941499309E+03
          26    0.3869977461E+02    0.3523114376E+02    0.1937790873E+03
          27    0.1247221988E+02    0.5849573120E+02   -0.8896742055E+02
          28    0.9210036543E+01    0.6769017252E+02   -0.1621052721E+03
          29    0.9182659658E+01    0.6368354617E+02    0.1179551370E+03
          30    0.5906202060E+01    0.7429895414E+02   -0.1504068589E+03
          31    0.1042155777E+02    0.6318022767E+02   -0.1276658541E+03
          32    0.2018690150E+02   -0.6706216820E+02   -0.5869888935E+03
          33    0.8116064392E+01    0.6612077151E+02    0.1536403140E+03
          34    0.8487723032E+01    0.6515729015E+02    0.1287390694E+03
          35    0.6639312007E+01    0.7428333334E+02   -0.1746160907E+03
          36    0.1121267824E+02    0.6178632588E+02   -0.1055896270E+03
          37    0.3989550307E+02    0.3262696291E+02   -0.9692926052E+03
          38    0.8835387323E+01    0.6487738928E+02    0.1078630185E+03
          39    0.1268615643E+02    0.6086470356E+02    0.5798836996E+03
          40    0.9371781721E+01    0.6406602145E+02    0.1273587466E+03
          41    0.9230664238E+01    0.6902478417E+02   -0.2819402942E+03
          42    0.4317475205E+02    0.3782989693E+02   -0.4768062474E+03
          43    0.7959087033E+01    0.6818724978E+02    0.1782957824E+03
          44    0.3907705215E+02    0.3552178726E+02    0.1922703456E+03
          45    0.3910043100E+02    0.3555932737E+02    0.1918952516E+03
          46    0.6735334884E+01    0.7334533655E+02   -0.1994044953E+03
          47    0.6840722431E+01    0.6888508934E+02    0.1688959799E+03
          48    0.5819382287E+01    0.7534982306E+02    0.1754569771E+03
          49    0.5552808853E+01    0.7199085228E+02   -0.1786062774E+03
          50    0.1025850677E+02    0.6223706051E+02    0.9019172946E+02
          51    0.4207994805E+01    0.7271661954E+02    0.1557920671E+03
          52    0.3974477793E+02    0.3873840709E+02   -0.4348291482E+03
          53    0.1300585333E+02    0.6420655422E+02   -0.4897363052E+03
          54    0.9607100381E+01    0.6477150018E+02    0.1203569589E+03
          55    0.6315136662E+01    0.7070978518E+02    0.1603757402E+03
          56    0.6076259030E+01    0.7448215004E+02    0.2090349323E+03
          57    0.1326902147E+02    0.6345036810E+02    0.1176575402E+04
          58    0.1038369895E+02    0.6572758058E+02   -0.1331908367E+03
          59    0.3919891146E+02    0.3924469806E+02   -0.8034253759E+03
          60    0.8884951651E+01    0.6491789871E+02    0.1252664970E+03
          61    0.6943276671E+01    0.7372623531E+02   -0.1659226696E+03
          62    0.7894515044E+01    0.7008476994E+02   -0.2980415243E+03
          63    0.2250490536E+02   -0.2994747071E+02   -0.5196414717E+03
          64    0.4060910900E+02    0.3191619285E+02   -0.5147853364E+03
          65    0.7995941419E+01    0.6817166183E+02    0.1517697347E+03
          66    0.8851365404E+01    0.6499999509E+02    0.1247747025E+03
          67    0.3763535758E+02    0.3687110744E+02    0.1832071749E+03
          68    0.3761524896E+02    0.3683112814E+02    0.1835265007E+03
          69    0.5870837970E+01    0.7258618015E+02   -0.1677879311E+03
          70    0.4242727498E+02    0.4074234997E+02   -0.9209994706E+03
          71    0.9834862225E+01    0.6365570428E+02    0.1241345318E+03
          72    0.3906235134E+02    0.3343669038E+02   -0.7657165718E+03
          73    0.9321092686E+01    0.6415381208E+02    0.1267595570E+03
          74    0.9253212171E+01    0.6625213180E+02   -0.1453031604E+03
          75    0.9480970713E+01    0.6400319818E+02    0.1263427376E+03
          76    0.3223057570E+02    0.3059463630E+02    0.2234557888E+03
          77    0.4312705840E+02    0.4033924290E+02   -0.4145030777E+03
          78    0.7322827840E+01    0.7289337643E+02    0.1317161263E+03
          79    0.2866894592E+02    0.2425641190E+02   -0.1019899841E+04
          80    0.9147015191E+01    0.6288170859E+02    0.1038852398E+03
          81    0.9479901073E+01    0.6396761554E+02    0.1263477343E+03
          82    0.8544888221E+01    0.3729672705E+02   -0.6034012922E+03
          83    0.5885552076E+01    0.7174687443E+02   -0.1369574001E+03
          84    0.9480143540E+01    0.6393332757E+02    0.1263039542E+03
          85    0.3792019522E+02    0.3848767075E+02    0.1916252995E+03
          86    0.1036773321E+02    0.6255822614E+02    0.9661655378E+02
          87    0.3794174619E+02    0.3853052367E+02    0.1912866348E+03
          88    0.1328768082E+02    0.6023208647E+02    0.3165105026E+03
          89    0.3862315158E+02    0.3510000844E+02   -0.9831391737E+03
          90    0.1334419463E+02    0.6016458130E+02   -0.2192687481E+03
          91    0.1330836999E+02    0.6020674330E+02    0.3164011554E+03
          92    0.2984121301E+02   -0.2376357432E+02   -0.1031151713E+04
          93    0.9860413415E+01    0.6370130109E+02    0.1236626228E+03
          94    0.3708779139E+02    0.3578060347E+02   -0.7924512317E+03
          95    0.3757980848E+02    0.3531641550E+02   -0.9277541690E+03
          96    0.3772670561E+02    0.3606451311E+02   -0.7824666007E+03
          97    0.3926287150E+02   -0.3386410405E+02   -0.9990442460E+03
          98    0.2880809107E+02    0.2676087830E+02    0.2268337183E+03
          99    0.9921969652E+01    0.6367631268E+02    0.1229034990E+03
         100    0.7342341711E+01    0.6841505762E+02    0.1294111495E+03
