        Rank        RMSE       MaxAE  Feature_ID
           1    9.332862   25.385362  (       1   10001)
           2    9.340801   24.210573  (       1   10003)
           3    9.366121   22.725165  (       1   10002)
           4    9.530112   23.882136  (       1   10004)
           5    9.539527   21.595359  (       1   10011)
           6    9.543279   25.741112  (       1   10005)
           7    9.544291   28.404294  (       1   10017)
           8    9.565849   24.402947  (       1   10037)
           9    9.570249   25.651737  (    4899   13599)
          10    9.570670   28.170424  (       1   10023)
          11    9.596917   27.879565  (       1   10030)
          12    9.607732   28.419814  (     798   13308)
          13    9.624525   24.030403  (       1   10012)
          14    9.627704   24.186912  (    5880   13599)
          15    9.634456   28.261147  (       1   10024)
          16    9.635155   24.228133  (    1134   15364)
          17    9.636588   26.810691  (       1   10006)
          18    9.641068   27.832856  (       1   10052)
          19    9.648346   27.189162  (       1   10007)
          20    9.648889   25.283573  (       1   10009)
          21    9.663865   24.571276  (       1   10008)
          22    9.670240   24.259444  (       1   10010)
          23    9.671287   26.909320  (    1134   19657)
          24    9.676555   26.363459  (     418   11306)
          25    9.679441   26.718184  (     424   10927)
          26    9.681122   26.747806  (     424   11015)
          27    9.685192   25.264028  (       1   10104)
          28    9.691461   26.225387  (       1   10013)
          29    9.695896   24.921927  (       1   10016)
          30    9.699325   27.694964  (       1   10058)
          31    9.701282   25.859246  (       1   10022)
          32    9.713415   25.624891  (    4899   13639)
          33    9.714944   24.430728  (       1   10014)
          34    9.715576   23.750143  (       1   10015)
          35    9.716268   28.955573  (       1   10070)
          36    9.723863   22.432552  (       1   10040)
          37    9.725533   30.435698  (     436   10298)
          38    9.727238   24.699159  (       1   10019)
          39    9.733959   26.633626  (       1   10066)
          40    9.742561   23.537865  (       1   10027)
          41    9.743793   29.129055  (       1   10020)
          42    9.744381   29.932905  (    3773   10159)
          43    9.744529   23.500826  (       1   10018)
          44    9.744618   26.522851  (     390   10927)
          45    9.746513   26.552074  (     390   11015)
          46    9.747070   27.293449  (       1   10064)
          47    9.747071   24.213321  (       1   10021)
          48    9.748676   28.240830  (       1   10132)
          49    9.749242   25.091335  (       1   10038)
          50    9.749577   22.399140  (       1   10044)
          51    9.750741   26.393707  (       1   10051)
          52    9.756263   30.429722  (    3546   11103)
          53    9.757250   29.816837  (       1   10031)
          54    9.760526   23.183785  (       1   10028)
          55    9.763048   26.034844  (       1   10035)
          56    9.765028   28.977868  (       1   10101)
          57    9.767212   26.188927  (       1   10036)
          58    9.767345   27.460655  (       1   10025)
          59    9.769212   29.989068  (    3546   10417)
          60    9.769483   23.626978  (       1   10029)
          61    9.770961   27.636580  (       1   10080)
          62    9.771831   28.229417  (       1   10034)
          63    9.772468   24.313759  (    1134   15385)
          64    9.772834   31.013108  (     436   10986)
          65    9.774097   21.707775  (       1   10026)
          66    9.775961   23.633834  (       1   10032)
          67    9.778034   24.807305  (      49   11015)
          68    9.778216   24.781971  (      49   10927)
          69    9.783756   24.664942  (       1   10068)
          70    9.783956   30.821497  (    3773   17664)
          71    9.787709   23.435502  (       1   10043)
          72    9.789124   29.768624  (     436   10417)
          73    9.793218   23.562899  (       1   10039)
          74    9.793323   24.174264  (       1   10033)
          75    9.796218   23.504784  (       1   10042)
          76    9.800880   26.526702  (      78   11060)
          77    9.801322   30.100939  (    3773   19863)
          78    9.802399   28.306552  (       1   10079)
          79    9.803575   31.744573  (    6579   10298)
          80    9.803610   24.287597  (       1   10060)
          81    9.803830   23.525759  (       1   10046)
          82    9.806762   26.809971  (     791   10031)
          83    9.807828   25.748912  (       1   10065)
          84    9.812505   23.546641  (       1   10048)
          85    9.815471   25.661645  (     539   10927)
          86    9.815672   22.561884  (       1   10072)
          87    9.815875   25.689322  (     539   11015)
          88    9.816466   26.491918  (       1   10160)
          89    9.817366   30.659573  (    1628   10298)
          90    9.817504   25.726866  (       1   10167)
          91    9.817638   26.500776  (       1   10165)
          92    9.818070   28.971017  (    6836   10329)
          93    9.818643   23.403049  (       1   10055)
          94    9.820286   28.164409  (    2597   10417)
          95    9.820980   26.080564  (      49   10329)
          96    9.823755   29.985362  (    1628   10417)
          97    9.824344   29.998865  (    3171   10298)
          98    9.824562   24.280199  (     207   11060)
          99    9.829411   23.385954  (       1   10063)
         100    9.829428   25.607662  (       1   10041)
