Model_ID, [(c_i,i=0,n)_j,j=1,ntask]
           1    0.1795907695E+02    0.1863777497E+02   -0.5992417788E+02
           2    0.1865822217E+02    0.1885035840E+02   -0.6120780688E+02
           3    0.1739034399E+02   -0.1724858992E+02   -0.6135422769E+02
           4    0.1902330459E+02   -0.1893953551E+02   -0.6373439478E+02
           5    0.1777135597E+02    0.1842663618E+02   -0.6204060030E+02
           6    0.1766353846E+02    0.1829201833E+02   -0.6224777831E+02
           7    0.1772536705E+02    0.1832594204E+02   -0.6210726031E+02
           8    0.1851820161E+02    0.1841872415E+02   -0.5963351101E+02
           9    0.1773578777E+02    0.1832672447E+02   -0.6207862189E+02
          10    0.1835306184E+02    0.1830467172E+02   -0.6175311914E+02
          11    0.1819901549E+02   -0.1812551122E+02   -0.6203139568E+02
          12    0.1824031413E+02    0.1816685574E+02   -0.6195963389E+02
          13    0.1667333268E+02   -0.1700571332E+02   -0.6177120473E+02
          14    0.1767820302E+02    0.1821973558E+02   -0.6217127797E+02
          15    0.1812762986E+02   -0.1803307835E+02   -0.6213269208E+02
          16    0.1825305826E+02   -0.1810192199E+02   -0.6006972651E+02
          17    0.1809653575E+02   -0.1800669036E+02   -0.6215481941E+02
          18    0.1833747252E+02   -0.1873740217E+02   -0.6205980008E+02
          19    0.1809785829E+02    0.1798863200E+02   -0.6216854114E+02
          20    0.1830351853E+02    0.1820287546E+02   -0.6182024259E+02
          21    0.1830453003E+02   -0.1820307327E+02   -0.6181760109E+02
          22    0.1807340664E+02   -0.1786460067E+02   -0.6236405080E+02
          23    0.1883786004E+02   -0.1932284499E+02   -0.6311449297E+02
          24    0.1777444049E+02    0.1830957240E+02   -0.6195225985E+02
          25    0.1655762495E+02   -0.1714343930E+02   -0.1058686733E+03
          26    0.1721986494E+02   -0.1691274835E+02   -0.6151040398E+02
          27    0.1881843838E+02    0.1919253256E+02    0.5196727352E+02
          28    0.1743812441E+02   -0.1742306936E+02   -0.1034744189E+03
          29    0.1805023653E+02   -0.1791189932E+02   -0.6221976884E+02
          30    0.1806575515E+02   -0.1786935332E+02   -0.6227281454E+02
          31    0.1751596369E+02   -0.1794575763E+02   -0.6054870315E+02
          32    0.1676062943E+02   -0.1698713430E+02   -0.5983457191E+02
          33    0.1803243122E+02   -0.1794666412E+02   -0.6216412026E+02
          34    0.1802243052E+02   -0.1797944696E+02   -0.6215354202E+02
          35    0.1807286652E+02   -0.1782719358E+02   -0.6228015187E+02
          36    0.1829468456E+02   -0.1808447409E+02   -0.5938004823E+02
          37    0.1803817885E+02   -0.1815601958E+02   -0.5368719114E+02
          38    0.1851717585E+02   -0.1893583258E+02   -0.6112277419E+02
          39    0.1803071407E+02   -0.1787869475E+02   -0.6223887322E+02
          40    0.1944538492E+02    0.2032061647E+02   -0.6215571524E+02
          41    0.1825266034E+02    0.1809571452E+02   -0.6188482940E+02
          42    0.1809463448E+02    0.1893640390E+02    0.5044570322E+02
          43    0.2107206556E+02    0.2051007655E+02   -0.6385330703E+02
          44    0.1756383909E+02   -0.1795213547E+02   -0.5986842415E+02
          45    0.1738134970E+02   -0.1714999736E+02   -0.6099915243E+02
          46    0.1800262778E+02   -0.1782934684E+02   -0.6226464662E+02
          47    0.1858524902E+02   -0.1866166075E+02   -0.6091493866E+02
          48    0.1802055563E+02   -0.1793635675E+02   -0.6206804484E+02
          49    0.1800269624E+02    0.1781188240E+02   -0.6228215290E+02
          50    0.1817626732E+02   -0.1811538889E+02   -0.6178359782E+02
          51    0.1712122110E+02   -0.1776563904E+02   -0.6133634016E+02
          52    0.1722080711E+02   -0.1720401819E+02   -0.1021886569E+03
          53    0.1835252991E+02    0.1818940568E+02   -0.6166724194E+02
          54    0.1920088660E+02   -0.1889275001E+02   -0.6256801138E+02
          55    0.1629621973E+02   -0.1747629575E+02   -0.6967315051E+02
          56    0.1660829792E+02   -0.1684264064E+02   -0.6177544677E+02
          57    0.1720497556E+02   -0.1717871078E+02   -0.1020757596E+03
          58    0.1734603182E+02   -0.1777504934E+02   -0.6258865095E+02
          59    0.1791878883E+02    0.1877071785E+02    0.5275791209E+02
          60    0.1733157752E+02   -0.1764703995E+02   -0.6279533745E+02
          61    0.1938747673E+02    0.1941115739E+02   -0.6149343706E+02
          62    0.1773736849E+02   -0.1873825917E+02   -0.6160737107E+02
          63    0.1781968033E+02   -0.1781474137E+02   -0.6084587587E+02
          64    0.1637434874E+02   -0.1679109787E+02   -0.2354130840E+03
          65    0.1657397814E+02   -0.1676765074E+02   -0.6184044333E+02
          66    0.1661737260E+02   -0.1708364858E+02   -0.9933270775E+02
          67    0.1724115089E+02   -0.1707300335E+02   -0.2301026261E+03
          68    0.1553974935E+02   -0.1970111348E+02    0.2417187547E+03
          69    0.1650291888E+02    0.1677807738E+02   -0.6227926418E+02
          70    0.1954164924E+02    0.1922419450E+02    0.5437644181E+02
          71    0.1872209492E+02   -0.1790202476E+02   -0.6058544585E+02
          72    0.1889991534E+02   -0.1853135872E+02   -0.6174639171E+02
          73    0.1727790173E+02   -0.1776493400E+02   -0.6259202307E+02
          74    0.2017265563E+02    0.1963684499E+02   -0.6035916787E+02
          75    0.1780284845E+02    0.1860923215E+02    0.5267587215E+02
          76    0.1649994226E+02   -0.1700728712E+02   -0.1052165826E+03
          77    0.1729768036E+02   -0.1723509591E+02   -0.5905870465E+02
          78    0.1649749508E+02   -0.2009356478E+02    0.1188458577E+03
          79    0.1644414502E+02    0.2028543127E+02    0.1190839783E+03
          80    0.1715003631E+02   -0.1675171747E+02   -0.6151718571E+02
          81    0.1640909665E+02    0.2085821577E+02    0.9483821999E+02
          82    0.2117661901E+02    0.2055194179E+02    0.5555306836E+02
          83    0.1814870315E+02   -0.1797720795E+02    0.7883118955E+02
          84    0.1574025499E+02   -0.1516966718E+02   -0.6161996410E+02
          85    0.1728789487E+02   -0.1682198894E+02   -0.5957305354E+02
          86    0.2005817460E+02    0.2013544254E+02    0.4763816617E+02
          87    0.1653888202E+02    0.1668814353E+02   -0.6190330463E+02
          88    0.1743947167E+02   -0.1776678404E+02   -0.6056606619E+02
          89    0.1733824602E+02   -0.1786026837E+02   -0.5150509034E+02
          90    0.1720780220E+02   -0.1772783968E+02   -0.5931136033E+02
          91    0.1786948226E+02    0.1865853539E+02    0.5270375134E+02
          92    0.1645939754E+02   -0.2064559797E+02    0.9443390566E+02
          93    0.1917544649E+02   -0.1864759440E+02   -0.1112063915E+03
          94    0.1140807589E+02    0.1175121324E+02   -0.6068923506E+02
          95    0.1790926754E+02   -0.1807673671E+02   -0.6221428769E+02
          96    0.1742412779E+02   -0.1763798956E+02   -0.6078701642E+02
          97    0.1703291024E+02   -0.1687130353E+02   -0.2277728787E+03
          98    0.1917995228E+02   -0.1924410197E+02    0.5371467919E+02
          99    0.1788080275E+02    0.1866215167E+02    0.5270637937E+02
         100    0.1576434015E+02    0.1989133266E+02    0.2447536083E+03
