        Rank        RMSE       MaxAE  Feature_ID
           1   25.165078   77.758262  (     539   17075)
           2   25.571655   76.009564  (     539   13832)
           3   25.732976   81.072221  (     539   16834)
           4   26.082909   77.910121  (     539   15762)
           5   26.239516   77.993084  (     539   16440)
           6   26.645217   81.894386  (     539   14068)
           7   26.696893   79.626463  (     539   11618)
           8   26.735155   78.765056  (     539   17542)
           9   26.781637   84.506638  (     282   10007)
          10   26.931975   83.434078  (     539    8722)
          11   27.015030   80.170905  (     539   15478)
          12   27.046197   81.325719  (    8932   10100)
          13   27.060419  104.613906  (      90   10057)
          14   27.064949  107.286789  (      90   10008)
          15   27.118932  104.722071  (       1   10004)
          16   27.141676   84.465845  (     266   10007)
          17   27.147542   82.920385  (     539   13961)
          18   27.154520   86.083430  (      93   10007)
          19   27.179171   81.433338  (     539   15547)
          20   27.180653   95.214782  (      67   10116)
          21   27.184654   92.065770  (     185   10116)
          22   27.185557  103.095858  (      90   10093)
          23   27.193546  110.808451  (     266   10004)
          24   27.245724   85.333029  (      66   10007)
          25   27.252399   85.034658  (      70   10007)
          26   27.253576   91.880232  (     190   10116)
          27   27.253576   69.800603  (     539   10804)
          28   27.287276   77.612237  (     539   10496)
          29   27.294314  108.979370  (      90   10004)
          30   27.302740   86.724299  (     266   10001)
          31   27.322538   91.993158  (     231   10116)
          32   27.328946  102.421686  (       1   10008)
          33   27.330621  109.650645  (      58   10004)
          34   27.336967   90.513847  (     218   10040)
          35   27.342299   71.298772  (     539   10789)
          36   27.345398   84.800810  (      29   10007)
          37   27.347525  108.418000  (     282   10027)
          38   27.351437   83.608670  (     154   10007)
          39   27.361048   85.182029  (     155   10007)
          40   27.365521   84.693986  (      25   10007)
          41   27.372589  107.451827  (      30   10004)
          42   27.380488  108.116190  (      53   10004)
          43   27.382555   84.581283  (      46   10007)
          44   27.425160  105.568353  (      42   10027)
          45   27.425922  105.449272  (      93   10083)
          46   27.427074   71.831177  (     539   11479)
          47   27.429227   75.593353  (     539   13821)
          48   27.429342   74.940231  (     539   15409)
          49   27.430829   97.326870  (     185   10091)
          50   27.438754   84.905279  (      42   10007)
          51   27.444043   94.059603  (       1   10029)
          52   27.444617  108.609562  (      21   10004)
          53   27.446596   86.090721  (     218   10100)
          54   27.448288  108.825330  (      39   10004)
          55   27.454272   87.398860  (     282   10006)
          56   27.455590   85.097072  (      38   10007)
          57   27.463609  105.205185  (       1   10011)
          58   27.465583   92.352115  (    7928   12072)
          59   27.467085  105.346237  (      38   10027)
          60   27.467107  101.453254  (       1   10032)
          61   27.470014   72.053043  (     539   17228)
          62   27.476717   95.473257  (      53   10116)
          63   27.482944  107.405336  (      70   10027)
          64   27.484558  105.690731  (      90   10032)
          65   27.484777  105.961926  (      67   10027)
          66   27.489259   85.498176  (     282   10012)
          67   27.492389  106.446111  (      16   10004)
          68   27.497277   94.232012  (    3152   10600)
          69   27.499278   85.362637  (     154   10001)
          70   27.500729   97.969109  (     892   10091)
          71   27.504214   98.954920  (      93   10091)
          72   27.511355   88.924274  (      93   10006)
          73   27.516104   90.826905  (    3630   10100)
          74   27.523323   73.613758  (     539   10851)
          75   27.525281   83.761962  (     539   19182)
          76   27.526513  109.726666  (     333   10027)
          77   27.531139   97.542468  (     190   10091)
          78   27.533107  107.014591  (     155   10004)
          79   27.533885   74.397850  (     539   19111)
          80   27.535477  106.677813  (      29   10027)
          81   27.537725  108.458505  (      50   10004)
          82   27.539409   98.854139  (      90   10308)
          83   27.540148   84.066053  (     539    7650)
          84   27.545769  102.277695  (     218   10116)
          85   27.550258  106.349827  (      93   10175)
          86   27.557728   97.279322  (     170   10057)
          87   27.557838   78.309414  (     539   10406)
          88   27.558648  108.697972  (      76   10004)
          89   27.558839   92.565719  (     170   10345)
          90   27.558873   99.362710  (      90   10345)
          91   27.562030   85.017083  (      58   10007)
          92   27.562322   84.063153  (      64   10007)
          93   27.562834  104.392994  (      66   10083)
          94   27.573333  108.952129  (     286   10004)
          95   27.576268   74.995891  (     539   11366)
          96   27.577662   93.938831  (    3152   10566)
          97   27.578499  107.595131  (      11   10004)
          98   27.578807  102.056391  (       1   10027)
          99   27.578935  106.454334  (      25   10027)
         100   27.579775   79.586415  (     539   19727)
