        Rank        RMSE       MaxAE  Feature_ID
           1    9.070353   19.856210  (     206   10818)
           2    9.073770   22.161695  (     928   10010)
           3    9.172638   20.272108  (     406   13788)
           4    9.236783   20.407048  (     928   10818)
           5    9.262929   33.024894  (    4319   14410)
           6    9.273259   22.064859  (    1118   10010)
           7    9.292209   25.639698  (     928   10011)
           8    9.311515   19.486489  (     463   10818)
           9    9.312633   26.963503  (      32   10348)
          10    9.327187   26.578815  (     928   10919)
          11    9.344631   21.189856  (     928   11090)
          12    9.352096   21.193465  (     406   13082)
          13    9.354014   27.013770  (      32   10138)
          14    9.372540   22.679890  (    2073   10010)
          15    9.380310   29.445184  (     184   13053)
          16    9.380943   25.790343  (    1550   10365)
          17    9.395018   25.658175  (    1550   10350)
          18    9.406186   21.402906  (     406   11432)
          19    9.406564   22.516783  (    2611   10010)
          20    9.415537   22.740389  (       5   16620)
          21    9.416275   25.851388  (    1550   10431)
          22    9.427831   22.514543  (     928   10673)
          23    9.434471   20.499222  (    1118   10818)
          24    9.443024   32.242148  (    4319   17145)
          25    9.449841   26.553923  (      32   10782)
          26    9.454843   28.653026  (     928   10051)
          27    9.454887   32.601890  (    4445   14410)
          28    9.462520   29.965588  (      99   13053)
          29    9.466283   25.492745  (    1118   10011)
          30    9.468348   22.924054  (       6   10015)
          31    9.476151   22.047798  (    1675   10010)
          32    9.480036   22.448269  (    3043   10010)
          33    9.481964   22.351307  (    8838   18998)
          34    9.483048   22.033869  (    1544   10010)
          35    9.485921   22.024089  (    1552   10010)
          36    9.489227   22.014400  (    1558   10010)
          37    9.490083   22.012093  (    1562   10010)
          38    9.490435   20.715243  (       6   10135)
          39    9.492939   32.716868  (    4319   18487)
          40    9.495256   29.687173  (      93   13053)
          41    9.499945   22.533851  (     854   10818)
          42    9.500206   22.214846  (    1661   10010)
          43    9.502873   26.820702  (       1   10002)
          44    9.503598   26.094935  (    2073   10011)
          45    9.505332   22.002743  (    1470   10010)
          46    9.506978   22.699622  (    2388   10010)
          47    9.509458   23.268482  (     928   15724)
          48    9.510223   26.037011  (    2308   10365)
          49    9.510442   21.831375  (    4557   15888)
          50    9.511321   22.963095  (       6   10170)
          51    9.512234   23.216272  (       1   10001)
          52    9.516089   27.337548  (      32   10433)
          53    9.516231   31.913453  (    4445   17145)
          54    9.519570   25.902293  (    2308   10350)
          55    9.522966   20.915522  (     406   15900)
          56    9.523012   28.424956  (       6   10968)
          57    9.526967   21.255009  (    7202   15888)
          58    9.527300   24.223784  (     120   16620)
          59    9.527411   21.945304  (    1693   10010)
          60    9.528474   20.720875  (      32   10350)
          61    9.529917   26.174019  (       6   11373)
          62    9.531244   27.416985  (      32   10876)
          63    9.533217   23.701507  (       6   10317)
          64    9.533271   26.325833  (    1118   10919)
          65    9.534114   27.339821  (      32   10371)
          66    9.538304   20.633004  (    1341   10135)
          67    9.538412   20.856200  (      32   10365)
          68    9.540720   23.590168  (      32   10230)
          69    9.540874   24.376851  (     928   10665)
          70    9.541051   26.699327  (       1   10003)
          71    9.542237   29.686084  (       6   10870)
          72    9.543196   21.405212  (     406   14003)
          73    9.544708   19.998948  (    2073   10818)
          74    9.546031   23.787091  (       6   10106)
          75    9.547189   26.098982  (    2308   10431)
          76    9.548943   22.927605  (       6   10053)
          77    9.549507   28.018933  (      32   10727)
          78    9.555279   24.095006  (    1341   10317)
          79    9.555692   29.926899  (     184   14103)
          80    9.556255   22.915532  (       6   10215)
          81    9.556583   21.122538  (    1118   11090)
          82    9.557322   34.347754  (    4319   18743)
          83    9.557773   25.278473  (    3888   10938)
          84    9.559913   24.457335  (     100   16620)
          85    9.564988   19.232583  (     709   10818)
          86    9.565206   32.386243  (    4445   18487)
          87    9.568108   22.333838  (    1984   10010)
          88    9.571028   31.348339  (     206   10004)
          89    9.571394   21.383756  (     406   18998)
          90    9.571761   23.113208  (    7673   10818)
          91    9.573097   30.103369  (     114   13053)
          92    9.573535   25.966322  (    2611   10011)
          93    9.574617   26.177000  (     928   10448)
          94    9.574628   20.918722  (      32   10431)
          95    9.576078   28.083970  (      82   13082)
          96    9.576739   27.605219  (     928   10068)
          97    9.577808   20.775464  (      32   10145)
          98    9.582821   27.720636  (     928   10072)
          99    9.586237   20.292811  (     406   15756)
         100    9.586755   22.702094  (     928   10054)
