     Index              y_true              y_pred        descriptor_1        descriptor_2
         1    0.2530000000E+03    0.2453484556E+03   -0.4824000000E+00    0.2130120000E-01
         2    0.2990000000E+03    0.2746384427E+03   -0.7211000000E+00   -0.4892900000E-03
         3    0.4150000000E+03    0.3894373634E+03   -0.1757800000E+01   -0.4699650000E-01
         4    0.2634000000E+03    0.2770407756E+03   -0.5765000000E+00   -0.6541822000E-01
         5    0.2396000000E+03    0.2534946774E+03   -0.5042000000E+00   -0.1907470000E-02
         6    0.1743000000E+03    0.1534186503E+03   -0.7643000000E+00    0.4862415600E+00
         7    0.3891500000E+03    0.4000734688E+03   -0.1525800000E+01   -0.1774712100E+00
         8    0.3990000000E+03    0.3768151003E+03   -0.2213400000E+01    0.1771759800E+00
         9    0.3010000000E+03    0.3444719524E+03   -0.1509700000E+01    0.3197148000E-01
        10    0.2516000000E+03    0.2889297137E+03   -0.8604000000E+00   -0.2340090000E-02
        11    0.2480000000E+03    0.2443230332E+03   -0.4080000000E+00   -0.3335720000E-02
        12    0.3281500000E+03    0.3318727235E+03   -0.8461000000E+00   -0.1743820000E+00
        13    0.2490000000E+03    0.2739826244E+03   -0.5035000000E+00   -0.8163335000E-01
        14    0.4460000000E+03    0.4394418407E+03   -0.1929800000E+01   -0.1747746000E+00
        15    0.2466500000E+03    0.2405860567E+03   -0.4020000000E+00    0.8849520000E-02
        16    0.3091000000E+03    0.3125282000E+03   -0.1446000000E+01    0.1313576400E+00
        17    0.3450000000E+03    0.3625574074E+03   -0.1586200000E+01   -0.8746430000E-02
        18    0.3334000000E+03    0.4247016606E+03   -0.2629500000E+01    0.1514908000E+00
        19    0.3674300000E+03    0.3914016789E+03   -0.1793000000E+01   -0.4107686000E-01
        20    0.2561000000E+03    0.2626178854E+03   -0.8981000000E+00    0.1142020000E+00
        21    0.4010000000E+03    0.4019264104E+03   -0.2026900000E+01    0.8062300000E-02
        22    0.9070000000E+02    0.9823963355E+02    0.1000000000E+01    0.2170000000E-01
        23    0.4097000000E+03    0.3965918473E+03   -0.1764000000E+01   -0.7235865000E-01
        24    0.2401500000E+03    0.2607649152E+03   -0.4961000000E+00   -0.3321822000E-01
        25    0.3602000000E+03    0.3464634056E+03   -0.1420400000E+01   -0.1009597000E-01
        26    0.2561000000E+03    0.2304180965E+03   -0.4728000000E+00    0.7551225000E-01
        27    0.4680000000E+03    0.4699396327E+03   -0.2145600000E+01   -0.2100564000E+00
        28    0.4240000000E+03    0.3774212914E+03   -0.1768200000E+01    0.3604180000E-02
        29    0.4780000000E+03    0.4686420273E+03   -0.2584000000E+01   -0.3641838000E-01
        30    0.2720000000E+03    0.2698223889E+03   -0.6691000000E+00   -0.1810440000E-02
        31    0.3632000000E+03    0.3306201981E+03   -0.1003700000E+01   -0.1089125600E+00
        32    0.3387000000E+03    0.3780611008E+03   -0.1756800000E+01   -0.3261500000E-02
        33    0.3945000000E+03    0.3799993319E+03   -0.1664100000E+01   -0.4643016000E-01
        34    0.3260000000E+03    0.3108987383E+03   -0.1088500000E+01    0.1850000000E-03
        35    0.4711500000E+03    0.4473244924E+03   -0.2145300000E+01   -0.1224654000E+00
        36    0.2566500000E+03    0.2766364975E+03   -0.1862000000E+00   -0.2139570400E+00
        37    0.4380000000E+03    0.4073589030E+03   -0.2071300000E+01    0.4069860000E-02
        38    0.2744000000E+03    0.2423543816E+03   -0.4479000000E+00    0.1964440000E-01
        39    0.2680300000E+03    0.2442095614E+03   -0.1020300000E+01    0.2325907200E+00
        40    0.1693000000E+03    0.2002368317E+03   -0.5770000000E+00    0.2326362900E+00
        41    0.9034100000E+02    0.8937546286E+02    0.6740000000E+00    0.1814545200E+00
        42    0.4920000000E+03    0.4810141410E+03   -0.2703600000E+01   -0.3840276000E-01
