Model_ID, [(c_i,i=0,n)_j,j=1,ntask]
           1    0.3589546010E+03    0.3211480252E+03    0.4368839663E+03
           2    0.3370938520E+03    0.2947550437E+03   -0.2655874258E+03
           3    0.3383011490E+03   -0.3015705511E+03   -0.2535638075E+03
           4    0.3378100795E+03    0.2973487135E+03   -0.2689449425E+03
           5    0.3389468275E+03    0.2936589571E+03   -0.2799560655E+03
           6    0.3563039397E+03    0.3170803412E+03    0.4378169071E+03
           7    0.3581388100E+03    0.3204515885E+03    0.4196579882E+03
           8    0.3566636658E+03    0.3176269402E+03    0.4272899814E+03
           9    0.3355136534E+03   -0.2972069086E+03   -0.2526786985E+03
          10    0.3345962217E+03   -0.3009795312E+03    0.2395394119E+03
          11    0.2196229804E+03    0.2224959420E+03   -0.1249520016E+04
          12    0.3672801839E+03    0.3284374791E+03   -0.1788064711E+04
          13    0.3361312824E+03   -0.2960955666E+03   -0.2478332406E+03
          14    0.3371368472E+03    0.2920328642E+03   -0.2843913462E+03
          15    0.3636848857E+03    0.3219055968E+03   -0.1754643517E+04
          16    0.3168244949E+03    0.3085902907E+03    0.4159237177E+03
          17    0.3148550855E+03    0.3050453622E+03    0.1879107382E+03
          18    0.3163531917E+03   -0.3075586507E+03   -0.4165623152E+03
          19    0.3521274828E+03   -0.3034081038E+03    0.3804582468E+03
          20    0.2927716779E+03    0.2454271049E+03   -0.3887093278E+03
          21    0.3590279710E+03    0.3226880958E+03    0.4033296803E+03
          22    0.3186247975E+03   -0.3121058224E+03    0.3850534469E+03
          23    0.3357077471E+03   -0.2950500891E+03    0.2551014669E+03
          24    0.2399980152E+03    0.9942201085E+02   -0.3840350019E+03
          25    0.3356664756E+03   -0.2950193506E+03    0.2547290911E+03
          26    0.3315665205E+03   -0.3056971753E+03   -0.1526609403E+03
          27    0.3452983007E+03    0.1461682909E+03   -0.4346014729E+03
          28    0.3356249762E+03   -0.2949893226E+03   -0.2543498762E+03
          29    0.3159694300E+03    0.3077589405E+03    0.4330433515E+03
          30    0.3526285400E+03    0.3022952310E+03   -0.3911649841E+03
          31    0.2917752561E+03    0.2425151866E+03   -0.3948148741E+03
          32    0.3171062468E+03    0.3051070025E+03    0.4323271028E+03
          33    0.2761316952E+03    0.2276512114E+03    0.1029146840E+04
          34    0.3391903722E+03   -0.3078164610E+03   -0.2263087818E+03
          35    0.3398309638E+03   -0.3270176742E+03   -0.2204327609E+03
          36    0.3386527987E+03    0.3209209060E+03   -0.2327488999E+03
          37    0.3281117703E+03    0.2855432826E+03   -0.2647134254E+03
          38    0.2113220404E+03    0.9062780818E+02   -0.2291284561E+03
          39    0.3392969266E+03    0.3180778063E+03   -0.2382303195E+03
          40    0.3400396962E+03    0.3184044103E+03   -0.2434820829E+03
          41    0.3356948896E+03   -0.3141966851E+03   -0.2314127737E+03
          42    0.3403558120E+03   -0.3241700038E+03   -0.2248409110E+03
          43    0.3354060419E+03   -0.3105176010E+03   -0.2040906607E+03
          44    0.3148459749E+03    0.3039896545E+03    0.4460868843E+03
          45    0.2946955014E+03    0.2304760544E+03   -0.4200752237E+03
          46    0.3223863830E+03   -0.3037602043E+03    0.3175221563E+03
          47    0.2764415772E+03    0.2285673230E+03    0.9924293928E+03
          48    0.3167301317E+03    0.3097280514E+03    0.4389956874E+03
          49    0.3155668872E+03    0.3105982305E+03   -0.4505276458E+03
          50    0.3394482245E+03    0.3240863449E+03   -0.2359135476E+03
          51    0.2396662182E+03    0.9821000559E+02    0.2529185234E+03
          52    0.2979495820E+03    0.2296725018E+03   -0.4148964310E+03
          53    0.3150309151E+03    0.3093857255E+03   -0.4582186791E+03
          54    0.3587653403E+03    0.3214717958E+03    0.3951987057E+03
          55    0.2984325872E+03    0.2318524626E+03   -0.4460963952E+03
          56    0.2603739936E+03   -0.3252639338E+03   -0.6090344094E+02
          57    0.2941475142E+03   -0.2310831418E+03    0.4009675845E+03
          58    0.3381107640E+03    0.2973458699E+03   -0.2735092377E+03
          59    0.2448213228E+03    0.9400910598E+02   -0.4480255483E+03
          60    0.2431217553E+03    0.9518142291E+02   -0.4062374095E+03
          61    0.3408291608E+03    0.3214824565E+03   -0.2465645776E+03
          62    0.3400692197E+03    0.3211381450E+03   -0.2411638613E+03
          63    0.3288102475E+03    0.2824532266E+03   -0.2689872860E+03
          64    0.2967335358E+03    0.2324852361E+03   -0.4000691007E+03
          65    0.2972644950E+03    0.2287703607E+03   -0.4540652301E+03
          66    0.2394796507E+03   -0.9803415067E+02   -0.2549638474E+03
          67    0.3590924097E+03    0.3218469924E+03    0.3884334518E+03
          68    0.3260718348E+03   -0.3108955625E+03    0.9864003652E+03
          69    0.2911727512E+03    0.2544188523E+03   -0.3445900178E+03
          70    0.3500029683E+03   -0.3004174014E+03    0.3675606411E+03
          71    0.2911366297E+03    0.2428250600E+03   -0.3893076728E+03
          72    0.2378182547E+03    0.9776137728E+02   -0.1246197133E+03
          73    0.3341975492E+03    0.3074681300E+03   -0.2415953460E+03
          74    0.3349958814E+03    0.3104354956E+03   -0.2462346709E+03
          75    0.3012496412E+03    0.2839512865E+03    0.1344646821E+04
          76    0.2948600909E+03    0.2404168909E+03   -0.4286963767E+03
          77    0.3561761673E+03    0.3185114337E+03    0.4105537058E+03
          78    0.3579367683E+03    0.3216098015E+03    0.3956919845E+03
          79    0.2436759261E+03   -0.9497657856E+02    0.4205658471E+03
          80    0.2923692150E+03    0.2913919559E+03   -0.1417334294E+03
          81    0.2767144619E+03    0.2367978434E+03   -0.1133483843E+03
          82    0.3295315465E+03    0.2826265803E+03   -0.2737228750E+03
          83    0.3401005548E+03   -0.3020341561E+03   -0.2387410296E+03
          84    0.2992838960E+03    0.2974988725E+03   -0.9122374008E+02
          85    0.2959164048E+03    0.2340410230E+03   -0.3977472599E+03
          86    0.2781754738E+03    0.2536941484E+03   -0.1542969638E+03
          87    0.2980186729E+03    0.2963608130E+03   -0.9336497331E+02
          88    0.2849023971E+03    0.2612492276E+03   -0.1326167460E+03
          89    0.3186349605E+03   -0.3092230628E+03   -0.3683000448E+03
          90    0.3339051388E+03    0.3053715637E+03   -0.2417131403E+03
          91    0.3407670560E+03   -0.3240927411E+03   -0.2264317120E+03
          92    0.2790931036E+03    0.2545715958E+03   -0.2151366352E+03
          93    0.3173118694E+03    0.3063695324E+03   -0.3888575364E+03
          94    0.2743925347E+03    0.2304505384E+03   -0.8543748694E+03
          95    0.3473928274E+03    0.1619789768E+03   -0.2841418105E+03
          96    0.2807556585E+03    0.2409361465E+03   -0.3719370507E+03
          97    0.3465154153E+03    0.1611700785E+03   -0.3036026768E+03
          98    0.2917543103E+03    0.2554468126E+03   -0.3486575295E+03
          99    0.3628630216E+03    0.3246656065E+03    0.4552795075E+03
         100    0.2747532468E+03    0.2310799057E+03   -0.8352319463E+03
