Model_ID, [(c_i,i=0,n)_j,j=1,ntask]
           1    0.2093066408E+03    0.1270786460E+03    0.3099654929E+03
           2    0.2126866903E+03    0.1249368390E+03   -0.4651630376E+03
           3    0.2105957880E+03    0.1283784623E+03    0.4667348686E+03
           4    0.2100725562E+03    0.1286612160E+03   -0.4675145431E+03
           5    0.2125435851E+03    0.1246040599E+03   -0.4601554618E+03
           6    0.2066610927E+03    0.1142908976E+03    0.6685961649E+03
           7    0.2110546489E+03    0.1279691255E+03   -0.2464484993E+03
           8    0.2126059307E+03    0.1250598689E+03   -0.4634930839E+03
           9    0.2133456632E+03    0.1244129833E+03   -0.4052684009E+03
          10    0.2417615044E+03    0.1283779394E+03    0.9396049811E+03
          11    0.2163032240E+03    0.1227111984E+03   -0.1021738516E+04
          12    0.2143517661E+03    0.1247400976E+03   -0.3245804943E+03
          13    0.2126832274E+03    0.1254276088E+03   -0.4614552313E+03
          14    0.2128182708E+03    0.1250594630E+03   -0.4625810518E+03
          15    0.2130522528E+03    0.1250095419E+03   -0.4610413016E+03
          16    0.2169979018E+03    0.1230963724E+03   -0.1037274166E+04
          17    0.2098606218E+03    0.1294489871E+03   -0.3780712580E+03
          18    0.2764952297E+03    0.1709059703E+03    0.2436545126E+03
          19    0.2419580304E+03    0.1291007012E+03   -0.9407144660E+03
          20    0.2335316556E+03    0.1224646110E+03    0.7462600420E+03
          21    0.2132433828E+03    0.1237583698E+03    0.4547477341E+03
          22    0.2125149346E+03    0.1249996051E+03   -0.4596387176E+03
          23    0.3124352466E+03    0.1080240455E+03   -0.1135655113E+04
          24    0.2086717069E+03    0.1301376150E+03   -0.4989196594E+03
          25    0.2128728792E+03    0.1245690352E+03   -0.4586130834E+03
          26    0.3077317328E+03    0.1111265175E+03   -0.4978928662E+03
          27    0.2130158511E+03    0.1250378895E+03   -0.4608096764E+03
          28    0.2122949165E+03    0.1268738624E+03    0.4476662885E+03
          29    0.2169388465E+03    0.1235173413E+03   -0.1043204800E+04
          30    0.2078778983E+03    0.1019842758E+03    0.1508469983E+04
          31    0.2327961671E+03    0.1106780325E+03    0.1524022862E+04
          32    0.3080295090E+03    0.1108061162E+03    0.4958333733E+03
          33    0.2122186559E+03    0.1261086762E+03   -0.4596396855E+03
          34    0.3988949965E+03   -0.1490049769E+03    0.2341371248E+03
          35    0.2099318192E+03    0.1289059702E+03   -0.4316965641E+03
          36    0.2117161236E+03    0.1283368833E+03   -0.3419616464E+03
          37    0.2752960234E+03    0.8402229106E+02   -0.3537341835E+03
          38    0.2347437075E+03    0.1174140473E+03    0.2199383462E+04
          39    0.2954491233E+03    0.1867023951E+03    0.2324106335E+03
          40    0.2418531107E+03    0.1286234739E+03   -0.7022057711E+03
          41    0.2086003924E+03    0.1302485736E+03   -0.4969706179E+03
          42    0.2085133838E+03    0.1295295789E+03   -0.4896426016E+03
          43    0.2570936335E+03    0.1279325993E+03    0.3192725927E+03
          44    0.2420177410E+03    0.1267521783E+03   -0.9334769238E+03
          45    0.2199861770E+03    0.1379055926E+03    0.6708362425E+03
          46    0.2128777791E+03    0.1250710290E+03   -0.4556189650E+03
          47    0.2958611281E+03    0.1888174384E+03    0.2332292556E+03
          48    0.2337235395E+03    0.1223613568E+03    0.7503691782E+03
          49    0.1846830778E+03    0.1128285644E+03    0.4217860901E+03
          50    0.3096808845E+03    0.1155722248E+03   -0.2250565409E+03
          51    0.2088370165E+03    0.1302398752E+03   -0.4960028399E+03
          52    0.2129455608E+03    0.1252840006E+03    0.4557330572E+03
          53    0.2170213069E+03    0.1224102500E+03   -0.7683101569E+03
          54    0.2090947633E+03    0.1301338817E+03   -0.4932106997E+03
          55    0.2086850290E+03    0.1305258661E+03   -0.4919208324E+03
          56    0.2179892061E+03    0.1209445171E+03   -0.1041230965E+04
          57    0.2111638206E+03    0.1157179525E+03    0.1878604348E+03
          58    0.3082413568E+03    0.1133897190E+03   -0.5380847908E+03
          59    0.2119351743E+03    0.1255797426E+03    0.5237779315E+03
          60    0.2101721348E+03    0.1215285148E+03    0.3391185796E+03
          61    0.2991570533E+03    0.2041990551E+03    0.2208578099E+03
          62    0.2173619818E+03    0.1234946864E+03   -0.1035566202E+04
          63    0.3115894607E+03    0.1188068123E+03    0.2427123453E+03
          64    0.2089468262E+03    0.1297365650E+03   -0.4935978460E+03
          65    0.2085418106E+03    0.1301556873E+03   -0.4930803337E+03
          66    0.2301891449E+03    0.1188464994E+03    0.5859110822E+03
          67    0.2093584644E+03    0.1287286357E+03    0.4862327916E+03
          68    0.3146244477E+03    0.1212078917E+03   -0.5386755653E+03
          69    0.2963156708E+03    0.9878124709E+02   -0.3567095963E+03
          70    0.1717574231E+03    0.1041486754E+03    0.2104478179E+03
          71    0.2759491236E+03    0.1715521759E+03    0.2481266347E+03
          72    0.2227555534E+03    0.1090091726E+03    0.1971475890E+04
          73    0.2426138993E+03    0.1297221215E+03   -0.9357261042E+03
          74    0.2137883274E+03    0.1212753297E+03   -0.4545212236E+03
          75    0.3111920674E+03    0.1173514378E+03   -0.2305298103E+03
          76    0.2400507278E+03    0.1094844110E+03    0.1656228114E+04
          77    0.2121104240E+03    0.1248934669E+03    0.4396706299E+03
          78    0.2158238094E+03    0.1213689699E+03    0.4830630347E+03
          79    0.2497554077E+03    0.8560151881E+02    0.2086258738E+03
          80    0.2090649538E+03    0.1301945292E+03   -0.4939381511E+03
          81    0.2892676252E+03    0.1672251238E+03   -0.1977803413E+03
          82    0.2108466479E+03    0.1263328007E+03   -0.4735739978E+03
          83    0.2285807313E+03    0.1269136883E+03    0.3644615142E+03
          84    0.2077123034E+03    0.1074286309E+03    0.1822030845E+03
          85    0.1904282872E+03    0.1094582173E+03   -0.9723739474E+03
          86    0.2146263816E+03    0.1212927626E+03   -0.5175501516E+03
          87    0.2895256023E+03    0.9489857861E+02   -0.3476637015E+03
          88    0.2413339096E+03    0.1280135318E+03   -0.3182866564E+03
          89    0.3282915792E+03    0.2110614797E+03    0.7872339001E+03
          90    0.3092107822E+03    0.1107746666E+03   -0.3637097902E+03
          91    0.2082184525E+03    0.1313087385E+03   -0.4920533059E+03
          92    0.2955490097E+03    0.1916253534E+03    0.2168007914E+03
          93    0.2888734502E+03    0.1988159722E+03    0.2230942021E+03
          94    0.3079603016E+03    0.1099939744E+03   -0.2573025116E+03
          95    0.2080544945E+03    0.1267221506E+03   -0.4418185024E+03
          96    0.2422635081E+03    0.1292832719E+03   -0.9271083341E+03
          97    0.2166105142E+03    0.1219011529E+03   -0.3509226544E+03
          98    0.2096249824E+03    0.1252435141E+03    0.3816141541E+03
          99    0.3353785204E+03    0.1003034646E+03    0.2229665143E+04
         100    0.2423180093E+03    0.1307600483E+03    0.9161716452E+03
