Model_ID, [(c_i,i=0,n)_j,j=1,ntask]
           1    0.2941964814E+03    0.1857834605E+03   -0.2346079291E+03
           2    0.2083924676E+03   -0.1277256053E+03    0.3096471509E+03
           3    0.2333291858E+03   -0.1217238734E+03    0.7422239176E+03
           4    0.2946749273E+03    0.1879499987E+03   -0.2354341426E+03
           5    0.2761236352E+03    0.2055928607E+03   -0.2500190286E+03
           6    0.2942542151E+03    0.1910369826E+03   -0.2196811371E+03
           7    0.2943870761E+03    0.1856316092E+03   -0.2372014037E+03
           8    0.2334966107E+03   -0.1216396358E+03    0.7459158307E+03
           9    0.2757783290E+03    0.1710908425E+03   -0.2455557683E+03
          10    0.2063441847E+03   -0.1150234387E+03    0.6828875396E+03
          11    0.2727394866E+03    0.8415240805E+02   -0.3439167193E+03
          12    0.2114279654E+03   -0.1248970902E+03    0.4532754892E+03
          13    0.2108352338E+03   -0.1090676096E+03    0.2110268997E+03
          14    0.1867548931E+03    0.1015768612E+03   -0.1951686856E+03
          15    0.2578446524E+03    0.1570192999E+03    0.2062939007E+03
          16    0.2105319378E+03   -0.1154478528E+03    0.1881234267E+03
          17    0.2113100995E+03   -0.1245359908E+03   -0.4483838230E+03
          18    0.2099580777E+03   -0.1214323410E+03    0.3413876153E+03
          19    0.2115524290E+03   -0.1109876889E+03    0.2062346095E+03
          20    0.2413259192E+03    0.1274813760E+03   -0.9200562785E+03
          21    0.2347757682E+03   -0.1192932223E+03   -0.2724287965E+03
          22    0.2103031988E+03   -0.1141352241E+03    0.1933045670E+03
          23    0.2095071131E+03   -0.1282601081E+03    0.4549012802E+03
          24    0.2113554441E+03   -0.1250168833E+03   -0.4515845664E+03
          25    0.2090365548E+03   -0.1285155565E+03   -0.4557949799E+03
          26    0.2080118659E+03   -0.1077983798E+03    0.1815929013E+03
          27    0.1964794531E+03    0.9418639705E+02   -0.1565725806E+03
          28    0.2119910753E+03   -0.1243985419E+03   -0.3942877824E+03
          29    0.2098950781E+03   -0.1278960033E+03   -0.2401042032E+03
          30    0.2117604235E+03   -0.1249180182E+03   -0.4525525204E+03
          31    0.2097410375E+03   -0.1083057766E+03    0.1522870049E+04
          32    0.2283335303E+03    0.1316298700E+03   -0.2523573731E+03
          33    0.2565710354E+03    0.1583713785E+03   -0.2135187601E+03
          34    0.2214866505E+03   -0.1091329891E+03    0.1959719585E+04
          35    0.2937439154E+03    0.1868576570E+03   -0.2232818664E+03
          36    0.2288011942E+03   -0.1259403286E+03    0.3615917257E+03
          37    0.2397949671E+03   -0.1145508097E+03   -0.4959918328E+03
          38    0.2756271186E+03    0.2063678296E+03   -0.2549917875E+03
          39    0.2072616817E+03    0.1021504135E+03    0.1501770267E+04
          40    0.2114217478E+03   -0.1254071912E+03   -0.4495769900E+03
          41    0.2115438294E+03   -0.1250300462E+03   -0.4505314932E+03
          42    0.2135962506E+03   -0.1325884662E+03    0.2376549695E+03
          43    0.2110847629E+03   -0.1251633148E+03   -0.4488121144E+03
          44    0.2414614310E+03   -0.1283622415E+03    0.9180438176E+03
          45    0.2128538567E+03   -0.1247892118E+03   -0.3153707779E+03
          46    0.2844460802E+03   -0.1762699318E+03   -0.2229532796E+03
          47    0.2123373441E+03   -0.1246592075E+03   -0.4520381786E+03
          48    0.1866167355E+03    0.1033652637E+03   -0.1810424961E+03
          49    0.1700281597E+03    0.1044652332E+03   -0.2067874350E+03
          50    0.2107285116E+03   -0.1253286432E+03   -0.4466008194E+03
          51    0.1859176453E+03    0.1044132597E+03   -0.1822035292E+03
          52    0.2119724667E+03   -0.1248284922E+03   -0.4498050159E+03
          53    0.2108851618E+03   -0.1251985615E+03    0.4473781956E+03
          54    0.2068884232E+03   -0.1069355591E+03    0.1464086874E+04
          55    0.1856758358E+03   -0.9858822800E+02    0.1394473167E+04
          56    0.2280863654E+03   -0.1268917439E+03    0.3541739351E+03
          57    0.2088873594E+03   -0.1293763279E+03   -0.3691339992E+03
          58    0.2277054203E+03   -0.1271437859E+03    0.3550338812E+03
          59    0.2145203106E+03   -0.1227807072E+03   -0.9891448505E+03
          60    0.2759557695E+03    0.8779034889E+02   -0.1246322084E+04
          61    0.2329539566E+03    0.1286468164E+03   -0.2466305784E+03
          62    0.2121413631E+03   -0.1247243834E+03   -0.4487721912E+03
          63    0.2078660011E+03   -0.1065355402E+03    0.1855412005E+03
          64    0.2840802077E+03   -0.1740109765E+03   -0.2203721244E+03
          65    0.2330317112E+03    0.1282797515E+03   -0.2477656730E+03
          66    0.2074543701E+03   -0.1072170722E+03    0.1799576819E+03
          67    0.2752843433E+03    0.1717314834E+03   -0.2503656991E+03
          68    0.2113160954E+03   -0.1251114771E+03   -0.4474760225E+03
          69    0.2106525436E+03   -0.1154096700E+03    0.1896761384E+03
          70    0.2157554002E+03   -0.1118888173E+03    0.4784546668E+03
          71    0.1869154837E+03    0.1015253480E+03   -0.1972929964E+03
          72    0.2116010121E+03   -0.1245169795E+03   -0.4464889242E+03
          73    0.2205091071E+03   -0.1100296848E+03    0.2691357885E+03
          74    0.2151113304E+03   -0.1232285681E+03    0.1003080014E+04
          75    0.2139222385E+03   -0.1146537731E+03    0.1942344723E+03
          76    0.2117200261E+03   -0.1250194319E+03   -0.4486317300E+03
          77    0.3056193349E+03    0.1106221983E+03   -0.4780610988E+03
          78    0.2870792440E+03    0.1967341765E+03   -0.2224606122E+03
          79    0.2117087690E+03   -0.1109041116E+03    0.2092648715E+03
          80    0.2348886537E+03   -0.1191870994E+03   -0.2694259440E+03
          81    0.2110795516E+03   -0.1269035447E+03    0.4367189535E+03
          82    0.2369853565E+03   -0.1185550265E+03   -0.2722022119E+03
          83    0.2338457774E+03    0.1168448978E+03    0.2181778207E+04
          84    0.2212745910E+03   -0.1009866233E+03    0.1697925348E+03
          85    0.3058767613E+03    0.1103268682E+03    0.4758514582E+03
          86    0.3034395892E+03    0.9321994764E+02    0.2042953732E+04
          87    0.3330234939E+03    0.1002408299E+03    0.2183873809E+04
          88    0.2413405369E+03   -0.1278861450E+03   -0.6846117684E+03
          89    0.2077295227E+03   -0.1299307159E+03    0.4861856328E+03
          90    0.1810909227E+03    0.1127999682E+03   -0.3451765408E+03
          91    0.2100333522E+03   -0.1146435966E+03    0.1846496927E+03
          92    0.2175918273E+03    0.1012650441E+03   -0.1547773539E+03
          93    0.2081264113E+03   -0.1077561918E+03    0.1828260338E+03
          94    0.2201904001E+03   -0.1020799668E+03    0.1634189324E+03
          95    0.2313411067E+03   -0.1187839820E+03    0.6033354978E+03
          96    0.2496004915E+03    0.8566715101E+02   -0.2061734082E+03
          97    0.2942056553E+03    0.9853766669E+02   -0.3485288151E+03
          98    0.2838764209E+03   -0.1789995001E+03   -0.2076098561E+03
          99    0.2413612312E+03    0.1259019905E+03   -0.9064296941E+03
         100    0.2045831271E+03   -0.1078145317E+03    0.1835940498E+03
