Model_ID, [(c_i,i=0,n)_j,j=1,ntask]
           1    0.1651976747E+03    0.1231289035E+03    0.4047297377E+04
           2    0.1668764523E+03    0.1223141435E+03    0.6924722784E+04
           3    0.3726302861E+03    0.1088418446E+03   -0.3600194466E+04
           4    0.3735115824E+03    0.1098441615E+03   -0.4132930520E+04
           5    0.2911118127E+03    0.2477632775E+03   -0.1827648412E+03
           6    0.1797228923E+03    0.1098048205E+03   -0.1343133804E+04
           7    0.1630955095E+03    0.1264406565E+03    0.7347421701E+04
           8    0.1630854809E+03    0.1264471091E+03    0.7349385465E+04
           9    0.3728608294E+03    0.1092342478E+03   -0.2703356351E+04
          10    0.1673182271E+03    0.1228284579E+03   -0.5020168424E+03
          11    0.2673498317E+03    0.2514068791E+03    0.9334697919E+04
          12    0.1633698911E+03    0.1243652061E+03   -0.1486878086E+05
          13    0.1612848294E+03    0.1267169645E+03    0.7609789531E+04
          14    0.2903771802E+03    0.2452008523E+03   -0.1856981956E+03
          15    0.1666425661E+03    0.1225094228E+03   -0.4709759929E+03
          16    0.3733203647E+03    0.1098320066E+03   -0.2922012987E+04
          17    0.1608268333E+03    0.1286384700E+03    0.7000512615E+04
          18    0.1664730420E+03    0.1246611577E+03   -0.4577194045E+03
          19    0.3731491615E+03    0.1100072544E+03   -0.4133697357E+04
          20    0.1638103634E+03    0.1251101261E+03   -0.5216282405E+04
          21    0.1664136845E+03    0.1213322664E+03    0.4493547360E+04
          22    0.1664136113E+03    0.1213322856E+03    0.4493542340E+04
          23    0.1663994822E+03    0.1213359550E+03    0.4492561830E+04
          24    0.1663853736E+03    0.1213395320E+03   -0.4491561414E+04
          25    0.1663853007E+03    0.1213395503E+03    0.4491556187E+04
          26    0.2413694731E+03    0.1795964113E+03   -0.1061283631E+04
          27    0.1683598433E+03    0.1203861153E+03   -0.4447386456E+04
          28    0.1638803398E+03    0.1240704596E+03    0.7896178470E+04
          29    0.3714625405E+03    0.1081937833E+03   -0.3154183505E+04
          30    0.1638688685E+03    0.1240797732E+03    0.7899039838E+04
          31    0.2923634856E+03    0.2425437476E+03   -0.1861484351E+03
          32    0.1665179494E+03   -0.1248864870E+03   -0.4558005375E+03
          33    0.2990622321E+03    0.2489825195E+03   -0.2012518055E+03
          34    0.1662505037E+03    0.1211423541E+03    0.5757466177E+04
          35    0.2702204232E+03    0.1255139869E+03    0.9225014293E+04
          36    0.1671902721E+03    0.1215170755E+03    0.6729571296E+04
          37    0.3748746273E+03    0.1131161210E+03   -0.5759648677E+04
          38    0.1618873339E+03    0.1222770212E+03   -0.2228776876E+04
          39    0.3705533925E+03    0.1094348521E+03   -0.3854994324E+04
          40    0.1626296104E+03    0.1239976668E+03    0.4763255229E+04
          41    0.3754270979E+03    0.1139455906E+03   -0.1179214825E+05
          42    0.2907739199E+03   -0.2507442969E+03    0.1924159202E+03
          43    0.2897020966E+03    0.2427496358E+03   -0.1876772648E+03
          44    0.1616695345E+03    0.1262223867E+03    0.4348951573E+04
          45    0.2355687061E+03    0.1005439192E+03   -0.5164994402E+04
          46    0.1369333382E+03    0.9743642648E+02   -0.1646533291E+04
          47    0.1621762574E+03    0.1254775523E+03    0.1081261715E+05
          48    0.1619845867E+03    0.1247720101E+03   -0.4862627853E+04
          49    0.3736431526E+03    0.1107656797E+03   -0.4062013727E+04
          50    0.2916216001E+03    0.2400237414E+03   -0.1894995618E+03
          51    0.3717444939E+03    0.1078919045E+03    0.2596079297E+04
          52    0.1648384940E+03    0.1239239932E+03    0.5125444562E+04
          53    0.2896339649E+03    0.2486736703E+03   -0.1489418304E+03
          54    0.1837319761E+03    0.1309167468E+03   -0.1105408512E+04
          55    0.1654801704E+03    0.1216887710E+03    0.4669566728E+04
          56    0.3734467198E+03    0.1106397592E+03   -0.4062457679E+04
          57    0.2396198777E+03    0.1821471880E+03   -0.8889575632E+03
          58    0.1668826710E+03    0.1200820710E+03    0.4026602700E+04
          59    0.2349892864E+03    0.1007495892E+03   -0.5128310300E+04
          60    0.1663407913E+03    0.1195099083E+03    0.4304230014E+04
          61    0.3723017122E+03    0.1109548497E+03   -0.4086053584E+04
          62    0.3735509636E+03    0.1111327165E+03   -0.1349213798E+05
          63    0.2379887322E+03    0.9948878914E+02   -0.5116804317E+04
          64    0.1612912573E+03    0.1267116514E+03    0.4393416297E+04
          65    0.3840326422E+03    0.1157751076E+03   -0.1355149205E+04
          66    0.3756075314E+03    0.1148087126E+03   -0.4749759481E+04
          67    0.1648298987E+03    0.1235648844E+03    0.4241087803E+04
          68    0.1879945857E+03    0.1227418210E+03   -0.1071313127E+04
          69    0.1766046561E+03    0.1171906507E+03   -0.8482679419E+03
          70    0.2347207092E+03    0.1008030830E+03   -0.5084817485E+04
          71    0.3730345365E+03    0.1102351217E+03   -0.6451320460E+04
          72    0.1633857659E+03    0.1245396582E+03    0.5090416043E+04
          73    0.1638464133E+03    0.1195183411E+03   -0.1522897021E+04
          74    0.1674872873E+03    0.1218360492E+03    0.5052659290E+04
          75    0.1666412899E+03    0.1222588830E+03   -0.4964134087E+04
          76    0.1687216944E+03    0.1197183096E+03   -0.5163931197E+03
          77    0.2898381662E+03    0.2421437077E+03    0.1683257923E+03
          78    0.1658370212E+03    0.1204953147E+03    0.4005831141E+04
          79    0.1644254391E+03    0.1142427497E+03   -0.1011723340E+04
          80    0.1639745661E+03    0.1243552545E+03   -0.5107967487E+04
          81    0.1639132418E+03    0.1125460580E+03    0.1632738640E+04
          82    0.1764567409E+03    0.1172978754E+03   -0.8530226216E+03
          83    0.3725912608E+03    0.1089760647E+03   -0.3986139220E+04
          84    0.2985942029E+03   -0.2527266916E+03    0.2057851240E+03
          85    0.1639692805E+03    0.1249814249E+03    0.6071979899E+04
          86    0.2875511217E+03    0.2508481008E+03    0.7408060727E+03
          87    0.1641285138E+03    0.1207490336E+03    0.3857952050E+04
          88    0.1616096185E+03   -0.1283557450E+03    0.7205147756E+04
          89    0.3720558551E+03    0.1098449610E+03   -0.3973104576E+04
          90    0.2903881961E+03   -0.2510351510E+03    0.1913503105E+03
          91    0.1638876549E+03    0.1243659046E+03    0.5097798848E+04
          92    0.1638875604E+03    0.1243659351E+03    0.5097792367E+04
          93    0.3725675096E+03    0.1089457639E+03   -0.3972530096E+04
          94    0.1638692812E+03    0.1243717842E+03    0.5096525666E+04
          95    0.1687582724E+03    0.1144010149E+03    0.2843928255E+04
          96    0.1638510076E+03    0.1243775310E+03    0.5095231460E+04
          97    0.1638509131E+03    0.1243775605E+03    0.5095224695E+04
          98    0.1662098089E+03    0.1203563235E+03    0.4005463082E+04
          99    0.1661972079E+03    0.1203596948E+03    0.4004657423E+04
         100    0.3650374375E+03    0.1062885795E+03    0.4625961020E+04
