        Rank        RMSE       MaxAE  Feature_ID
           1    9.365423   24.939993  (     795   17969)
           2    9.370256   24.941643  (       4   10238)
           3    9.377669   24.406753  (     795   19859)
           4    9.388094   24.409647  (     795   17119)
           5    9.404041   24.862709  (     795   15779)
           6    9.411196   24.339008  (     795   16997)
           7    9.416772   24.420666  (     795   15076)
           8    9.418641   25.420744  (     795   12255)
           9    9.420970   26.858915  (     795   16294)
          10    9.424360   26.864219  (     795   16458)
          11    9.443277   24.676842  (     795   18431)
          12    9.446037   24.420256  (     795   11327)
          13    9.447895   24.335895  (     795   10952)
          14    9.453959   25.202096  (     795   13613)
          15    9.456423   24.859891  (       4   10319)
          16    9.456504   24.846756  (       4   10324)
          17    9.462489   25.061519  (       4   11358)
          18    9.462706   25.340227  (       4   10116)
          19    9.465859   24.767327  (       4   10493)
          20    9.472325   24.404131  (     795   11319)
          21    9.475000   26.863203  (     795   17715)
          22    9.476239   24.325483  (     795   11866)
          23    9.476711   26.801560  (     795   19940)
          24    9.486706   25.438765  (     795   17761)
          25    9.490580   24.425395  (     795   11995)
          26    9.490651   25.963844  (     795   19606)
          27    9.493338   24.670669  (     795   16166)
          28    9.495267   26.483059  (     795   15170)
          29    9.495423   24.244306  (     795   12597)
          30    9.496238   25.773781  (       4   12638)
          31    9.496523   25.415150  (       4   10666)
          32    9.497033   24.850739  (     795   19478)
          33    9.502417   25.349153  (     795   15435)
          34    9.503939   25.434132  (      13   13007)
          35    9.507648   24.689618  (     795   18092)
          36    9.508003   25.431297  (       4   10724)
          37    9.508816   24.361966  (     795   14495)
          38    9.511913   24.619071  (     795   11463)
          39    9.524883   25.296325  (     795   16322)
          40    9.526263   24.605763  (     795   19785)
          41    9.527393   24.211344  (     795   11265)
          42    9.531855   24.334040  (     795   13582)
          43    9.533318   24.773034  (     795   16849)
          44    9.536927   24.238131  (     795   11781)
          45    9.537957   24.775162  (     795   11542)
          46    9.538575   24.462045  (     795   12200)
          47    9.539895   26.541813  (     795   16536)
          48    9.539944   25.950640  (     795   11706)
          49    9.540183   24.469115  (     795   12227)
          50    9.540748   24.461564  (     795   19720)
          51    9.541906   24.472682  (     795   12221)
          52    9.542176   24.471651  (     795   12201)
          53    9.543110   24.471311  (     795   12190)
          54    9.544639   24.471222  (     795   12193)
          55    9.545872   24.622258  (     795   19656)
          56    9.546085   24.473527  (     795   12155)
          57    9.546511   25.539081  (       4   10193)
          58    9.547159   24.527900  (     795   15529)
          59    9.547847   25.395831  (       4   10335)
          60    9.548098   24.480761  (     795   12189)
          61    9.548207   24.471584  (     795   12210)
          62    9.549027   25.389985  (       4   10331)
          63    9.549957   25.389998  (       4   10338)
          64    9.550344   24.397571  (     795   13292)
          65    9.550940   24.388375  (     795   13289)
          66    9.551086   24.395002  (     795   13321)
          67    9.551179   25.390008  (       4   10344)
          68    9.551625   25.412565  (       4   10102)
          69    9.552291   24.397254  (     795   13265)
          70    9.552487   24.697568  (     795   12874)
          71    9.552845   25.212820  (       4   10251)
          72    9.552906   24.173292  (     795   11514)
          73    9.553255   24.063048  (     795   11079)
          74    9.553403   25.384162  (       4   10345)
          75    9.553439   25.107682  (     795   11523)
          76    9.554347   24.397409  (     795   13270)
          77    9.555138   24.667847  (     795   12922)
          78    9.555205   24.526377  (     795   16540)
          79    9.555697   24.677418  (     795   12869)
          80    9.556098   24.651791  (     795   12903)
          81    9.557032   24.397844  (     795   13282)
          82    9.557459   25.389760  (       4   10342)
          83    9.557659   24.399839  (     795   13219)
          84    9.558239   24.406655  (     795   13260)
          85    9.558521   24.664763  (     795   12877)
          86    9.559046   24.591472  (     795   13074)
          87    9.559757   25.164029  (     795   11395)
          88    9.559781   26.420621  (     795   18259)
          89    9.560016   24.528306  (     795   16433)
          90    9.560158   24.621389  (     795   11810)
          91    9.561271   24.855776  (     795   11263)
          92    9.561406   24.677878  (     795   12862)
          93    9.561941   24.652314  (     795   12894)
          94    9.561953   24.661698  (     795   12831)
          95    9.562470   24.399079  (     795   13325)
          96    9.563084   25.172758  (     795   16027)
          97    9.563403   25.143075  (     795   15955)
          98    9.563963   24.326622  (     795   11522)
          99    9.564280   25.411659  (     795   12604)
         100    9.565215   26.447224  (    6865   18237)
