        Rank        RMSE       MaxAE  Feature_ID
           1    4.243610   15.643178  (     217   10355)
           2    4.251662   11.866052  (     923   19304)
           3    4.277139   15.166470  (     118   18780)
           4    4.280098   13.739594  (     485   19304)
           5    4.283760   14.181923  (      93   19175)
           6    4.292581   14.212741  (      69   19175)
           7    4.296038   14.474688  (     118   10007)
           8    4.296906   14.230531  (      64   19175)
           9    4.297268   14.181912  (     110   19175)
          10    4.298547   14.192149  (     159   19175)
          11    4.301556   15.129092  (     297   12168)
          12    4.303192   14.927890  (     118   19175)
          13    4.307206   14.251721  (     146   19175)
          14    4.308016   13.516273  (    2173   19304)
          15    4.310256   14.766282  (     118   19304)
          16    4.324442   15.889228  (     725   16702)
          17    4.325839   12.434187  (     923   19175)
          18    4.326916   14.201908  (     138   19175)
          19    4.327493   15.024729  (    1299   12168)
          20    4.328027   13.562456  (    1075   19304)
          21    4.328211   14.183142  (     195   19175)
          22    4.328657   14.033763  (     159   19304)
          23    4.329943   15.853460  (     857   16702)
          24    4.330133   14.040855  (      93   19304)
          25    4.330624   15.207661  (    4105   10346)
          26    4.331267   16.138180  (     217   16702)
          27    4.336579   15.948955  (    3929   16702)
          28    4.340124   14.261931  (      98   19175)
          29    4.340541   14.143437  (     987   12168)
          30    4.341141   15.442348  (    3610   10004)
          31    4.341842   13.512581  (     485   10007)
          32    4.341960   13.044176  (    1355   19175)
          33    4.342093   13.992297  (     485   19175)
          34    4.342511   14.980863  (    8350   12168)
          35    4.342927   14.039913  (     110   19304)
          36    4.343082   14.077603  (      69   19304)
          37    4.343396   15.692017  (    3610   10501)
          38    4.343488   15.742645  (     217   10346)
          39    4.344994   14.191198  (     243   19175)
          40    4.349164   14.097911  (      64   19304)
          41    4.350158   15.846418  (    3610   10428)
          42    4.351100   14.178601  (     112   19175)
          43    4.352961   15.880524  (     759   16702)
          44    4.352976   14.615145  (    2173   12998)
          45    4.355394   15.193154  (    1208   10346)
          46    4.356696   13.666155  (     923   15567)
          47    4.356816   13.552307  (    3053   19304)
          48    4.357423   15.420780  (     725   10355)
          49    4.357578   15.819453  (     217   13303)
          50    4.357676   14.183515  (     923   10346)
          51    4.357802   14.571579  (    3295   10355)
          52    4.359576   14.508757  (     485   11649)
          53    4.362236   16.008082  (    1619   16702)
          54    4.362404   15.060780  (    1523   12168)
          55    4.362407   13.614782  (    1718   19304)
          56    4.362602   15.806263  (     559   16702)
          57    4.363748   14.292317  (    2173   11649)
          58    4.364488   14.942569  (    5614   10355)
          59    4.364790   15.535354  (    1707   10346)
          60    4.364871   15.035723  (    1966   12168)
          61    4.364959   13.588495  (    2436   19304)
          62    4.365091   13.367589  (    1707   19304)
          63    4.366822   13.355945  (     987   11649)
          64    4.367353   15.882444  (     886   16702)
          65    4.367924   13.040749  (    2095   19175)
          66    4.368378   15.826768  (    3610   16702)
          67    4.368711   14.507296  (     485   19400)
          68    4.369202   16.479280  (     108   10355)
          69    4.369560   14.035063  (     195   19304)
          70    4.370264   15.909609  (     619   16702)
          71    4.370300   15.015904  (    4243   12168)
          72    4.370801   14.740348  (     159   11649)
          73    4.371051   15.816837  (    3610   10261)
          74    4.371270   15.904257  (     725   15418)
          75    4.372220   14.733538  (      93   11649)
          76    4.372280   14.059621  (     138   19304)
          77    4.372284   14.752908  (      69   11649)
          78    4.372498   15.470022  (     118   11649)
          79    4.372795   15.155669  (    4105   10355)
          80    4.373097   15.387163  (     857   10355)
          81    4.373908   14.766795  (      64   11649)
          82    4.376122   13.810037  (    1075   19175)
          83    4.376591   14.299461  (    2173   19400)
          84    4.377979   15.869193  (     857   15418)
          85    4.378168   14.640038  (    1075   12998)
          86    4.378711   15.534057  (    9807   10346)
          87    4.378925   15.509622  (     857   10004)
          88    4.378943   16.096445  (     217   15806)
          89    4.379292   12.725543  (     923   19400)
          90    4.380047   16.618623  (     835   10355)
          91    4.380271   13.483424  (     326   19304)
          92    4.380313   13.674813  (    1707   10007)
          93    4.380339   15.841659  (    3610   11539)
          94    4.380576   13.654849  (    2728   19304)
          95    4.380617   15.443028  (    3610   10039)
          96    4.380976   13.792210  (    2173   19175)
          97    4.381304   15.580821  (    3795   10346)
          98    4.381428   13.579948  (    3875   19304)
          99    4.381990   15.841407  (    3610   11560)
         100    4.382210   14.138412  (    8446   12168)
