Model_ID, [(c_i,i=0,n)_j,j=1,ntask]
           1    0.2315457226E+02   -0.2539248194E+02    0.7522970061E+02
           2    0.2777112973E+02   -0.3125279403E+02    0.1240567738E+03
           3    0.2710935180E+02    0.3094191126E+02    0.1319893199E+03
           4    0.2768669476E+02   -0.3113165836E+02    0.1236774417E+03
           5    0.2731249304E+02    0.3113247567E+02    0.1227128129E+03
           6    0.2758143778E+02    0.3085124278E+02    0.1237521619E+03
           7    0.2773897939E+02    0.3132016936E+02    0.1237653866E+03
           8    0.2758886180E+02    0.3098667736E+02    0.1233437122E+03
           9    0.2683944974E+02    0.3064211907E+02    0.6720774024E+02
          10    0.2751226209E+02   -0.3095769630E+02    0.6299862234E+02
          11    0.2742950907E+02   -0.3083920066E+02    0.6281486092E+02
          12    0.6098528601E+01   -0.4333258074E+02    0.1263687422E+03
          13    0.6116925042E+01   -0.4337241400E+02    0.1270179645E+03
          14    0.2732486174E+02    0.3056111690E+02    0.6285734297E+02
          15    0.2748080431E+02    0.3102534685E+02    0.6286249772E+02
          16    0.2551061071E+02   -0.2876615812E+02    0.1125950942E+03
          17    0.2733323382E+02    0.3069681574E+02    0.6265613893E+02
          18    0.2283809253E+02   -0.2427980353E+02    0.6883135171E+02
          19    0.2919017727E+02   -0.3101081322E+02    0.7071991924E+02
          20    0.5978772363E+01    0.2987720508E+02    0.9028176558E+02
          21    0.2825272556E+02   -0.3102945800E+02    0.1242460511E+03
          22    0.3807647974E+01   -0.9185618502E+01    0.8729849032E+02
          23    0.4217003996E+01    0.5911177656E+01    0.9127257649E+02
          24    0.2900669946E+02    0.3250519771E+02    0.7284542641E+02
          25    0.2272984754E+02   -0.2482407987E+02    0.6994279731E+02
          26    0.4493071590E+01    0.1523404130E+02    0.8265203948E+02
          27    0.4338228363E+01    0.2877270898E+02    0.8302812646E+02
          28    0.4291381368E+01    0.2844181214E+02    0.8004456632E+02
          29    0.2530169816E+02   -0.2851956583E+02    0.5701530762E+02
          30    0.4332972134E+01    0.1474790860E+02    0.8435690252E+02
          31    0.2798966721E+02   -0.3074863279E+02    0.6329229786E+02
          32    0.4214937715E+01    0.9015915999E+01    0.8678854603E+02
          33    0.2746389736E+02    0.3024021958E+02    0.1207992590E+03
          34    0.4045742626E+01    0.9089309103E+01    0.8685660455E+02
          35    0.4350387342E+01    0.2834702202E+02    0.7994106424E+02
          36    0.4466136773E+01    0.8893411047E+01    0.8388765066E+02
          37    0.3678043317E+01   -0.8863598231E+01    0.8839660716E+02
          38    0.2920302151E+02    0.3117606986E+02    0.7108053845E+02
          39    0.4598752133E+01    0.2794677891E+02    0.8067158682E+02
          40    0.4305494768E+01    0.8960271028E+01    0.8391780478E+02
          41    0.2760621010E+02    0.2969416670E+02    0.7751221906E+02
          42    0.4289060816E+01    0.8976838909E+01    0.8677803229E+02
          43    0.6146165085E+01    0.2989742681E+02    0.7192312234E+02
          44    0.4237303756E+01    0.8997161128E+01    0.8676661079E+02
          45    0.4384879632E+01    0.2828593665E+02    0.7987736247E+02
          46    0.4122490648E+01    0.9048227096E+01    0.8684118930E+02
          47    0.2727889860E+02    0.3135197699E+02    0.1307692155E+03
          48    0.4217722809E+01    0.9009029818E+01    0.8650655623E+02
          49    0.4266141156E+01    0.8985488219E+01    0.8666844835E+02
          50    0.4296678309E+01    0.2841772830E+02    0.8106289755E+02
          51    0.4048542661E+01    0.9082456546E+01    0.8657274541E+02
          52    0.4315611722E+01    0.8960662304E+01    0.8682480425E+02
          53    0.4313181511E+01    0.8598359015E+01    0.8527810346E+02
          54    0.2825809207E+02    0.3118294919E+02    0.1246209577E+03
          55    0.4098727424E+01    0.9057545112E+01    0.8673253931E+02
          56    0.4154277383E+01    0.8665697194E+01    0.8544593576E+02
          57    0.4368083565E+01    0.8978839264E+01    0.8813046207E+02
          58    0.1087390940E+02    0.1051548157E+02   -0.2554956214E+03
          59    0.4149985364E+01    0.9031333602E+01    0.8688669655E+02
          60    0.2813460592E+02    0.3028904914E+02    0.7103336882E+02
          61    0.2822809192E+02    0.3024854989E+02    0.6877181053E+02
          62    0.4245000451E+01    0.8992197620E+01    0.8655221014E+02
          63    0.4488778244E+01    0.2809833206E+02    0.7865869498E+02
          64    0.4421365753E+01    0.2821774473E+02    0.7980796298E+02
          65    0.4203778426E+01    0.9048460631E+01    0.8819817731E+02
          66    0.4076804070E+01    0.9064879070E+01    0.8661710727E+02
          67    0.4301248288E+01    0.8967009966E+01    0.8654797128E+02
          68    0.4070754691E+01    0.1485642239E+02    0.8504808615E+02
          69    0.4223316949E+01    0.7279505880E+01    0.8672887334E+02
          70    0.4407443400E+01    0.8897682981E+01    0.8277997327E+02
          71    0.4686168975E+01    0.2776801298E+02    0.8085503291E+02
          72    0.4072850898E+01    0.1485451474E+02    0.8504329759E+02
          73    0.2721395038E+02    0.2995883811E+02    0.6132334538E+02
          74    0.4615387310E+01    0.1506126779E+02    0.8000032631E+02
          75    0.4259322622E+01    0.1470036815E+02    0.8537091651E+02
          76    0.4423028554E+01    0.1518418325E+02    0.8345936175E+02
          77    0.2802101892E+02    0.2980779804E+02   -0.9801507755E+02
          78    0.4616064316E+01    0.8904094412E+01    0.6691189082E+02
          79    0.4248771773E+01    0.8613811270E+01    0.8457297534E+02
          80    0.2743050293E+02   -0.3047016448E+02    0.1228425227E+03
          81    0.4653246864E+01    0.1522877003E+02    0.6545317901E+02
          82    0.2766677756E+02   -0.3153408574E+02    0.1258509836E+03
          83    0.3914206193E+01    0.8767428302E+01    0.8778462666E+02
          84    0.4231599663E+01    0.1533676635E+02    0.8297590484E+02
          85    0.4233719844E+01    0.1533483010E+02    0.8297171801E+02
          86    0.2700703147E+02    0.3104472313E+02    0.6657669967E+02
          87    0.2785845766E+02    0.3061540640E+02   -0.9949076405E+02
          88    0.4081046710E+01    0.8694027556E+01    0.8758906674E+02
          89    0.2795501663E+02   -0.3085356271E+02   -0.1070412835E+03
          90    0.2799305393E+02    0.3089883490E+02    0.6349892904E+02
          91    0.4455312163E+01    0.8971007353E+01    0.6693505568E+02
          92    0.4502112901E+01    0.2875252974E+02    0.6565234701E+02
          93    0.4321055308E+01    0.8950893502E+01    0.8653470531E+02
          94    0.2905636523E+02    0.3277611301E+02    0.1263567928E+03
          95    0.3987618271E+01    0.2884984127E+02    0.7800283914E+02
          96    0.2937861280E+02    0.3254914507E+02   -0.8988513417E+02
          97    0.4265641596E+01    0.1467561826E+02    0.8471690264E+02
          98    0.2734976320E+02   -0.3035574834E+02    0.1224874209E+03
          99    0.4545122575E+01    0.8919286122E+01    0.6638103982E+02
         100    0.4155544717E+01    0.9021526419E+01    0.8659462619E+02
