Model_ID, [(c_i,i=0,n)_j,j=1,ntask]
           1    0.4565492582E+02   -0.4661887557E+02   -0.2106970828E+03
           2    0.4820018979E+02   -0.5217690145E+02   -0.2122506189E+03
           3    0.4546071658E+02   -0.4622336877E+02   -0.2094254357E+03
           4    0.4797121471E+02   -0.5189151810E+02   -0.2113246734E+03
           5    0.4563754227E+02   -0.3954562397E+02   -0.2284786663E+03
           6    0.4508973778E+02   -0.4637329496E+02   -0.2122219993E+03
           7    0.4777236157E+02   -0.4371668261E+02   -0.2323582731E+03
           8    0.4524619411E+02   -0.4671758969E+02   -0.2122011910E+03
           9    0.4545234341E+02   -0.4699134624E+02   -0.2115091468E+03
          10    0.4592764580E+02   -0.4575368782E+02   -0.2124525110E+03
          11    0.4761994393E+02   -0.5308164311E+02   -0.3049713285E+03
          12    0.4613386928E+02   -0.4603301236E+02   -0.2118225415E+03
          13    0.4497536518E+02   -0.4645626750E+02   -0.2120113696E+03
          14    0.4492564263E+02   -0.4647281820E+02   -0.2119044105E+03
          15    0.4507628679E+02   -0.4651856168E+02   -0.2125414726E+03
          16    0.5270274201E+02    0.4342774369E+02   -0.2037371263E+04
          17    0.4486373335E+02   -0.4647478000E+02   -0.2116778618E+03
          18    0.4512487900E+02   -0.4634087603E+02   -0.2121441591E+03
          19    0.4559011012E+02   -0.4673484605E+02   -0.1909525379E+03
          20    0.4739133405E+02   -0.5281096413E+02   -0.3039972376E+03
          21    0.5278419036E+02   -0.4302635419E+02   -0.2016219922E+04
          22    0.4511396589E+02   -0.4633889771E+02   -0.2120816616E+03
          23    0.4506047028E+02   -0.4620732906E+02   -0.2113531140E+03
          24    0.4568606733E+02   -0.4608344743E+02   -0.2123155926E+03
          25    0.4516764774E+02   -0.4644863680E+02   -0.2127522059E+03
          26    0.4590510808E+02   -0.4533918304E+02   -0.2129024746E+03
          27    0.4502089168E+02   -0.4704122841E+02   -0.2947951370E+03
          28    0.4510304981E+02   -0.4633592164E+02   -0.2120164315E+03
          29    0.5067211023E+02   -0.5226595252E+02   -0.2283166311E+03
          30    0.4728342329E+02    0.4635864774E+02   -0.3210811160E+03
          31    0.4521659168E+02   -0.4631522555E+02   -0.2124348029E+03
          32    0.4575108681E+02   -0.4546898081E+02   -0.2123283551E+03
          33    0.4578233372E+02   -0.4540632581E+02   -0.2123222330E+03
          34    0.4579258763E+02   -0.4538384438E+02   -0.2123150236E+03
          35    0.4580281364E+02   -0.4536047063E+02   -0.2123052521E+03
          36    0.4573825842E+02   -0.4525509009E+02   -0.2115936730E+03
          37    0.4584679565E+02   -0.4549211419E+02   -0.2129807404E+03
          38    0.4524541872E+02   -0.4616630179E+02   -0.2120821082E+03
          39    0.4520513535E+02    0.4029283748E+02   -0.3025696224E+03
          40    0.5065443659E+02   -0.5000522630E+02   -0.2178356597E+03
          41    0.4588105953E+02   -0.4514953049E+02   -0.2121435928E+03
          42    0.4563617038E+02   -0.4562534635E+02   -0.2121503491E+03
          43    0.4840407508E+02   -0.5087855653E+02   -0.2167227546E+03
          44    0.5279000010E+02    0.4293868652E+02   -0.2039274449E+04
          45    0.4576451923E+02   -0.4626192709E+02   -0.2113094972E+03
          46    0.4563767252E+02   -0.4603880047E+02   -0.2116972104E+03
          47    0.4354711890E+02    0.4190956153E+02   -0.3082231915E+03
          48    0.5287842522E+02   -0.4253548308E+02   -0.2018977802E+04
          49    0.4565190923E+02   -0.4608905103E+02   -0.2116077656E+03
          50    0.4579408235E+02    0.4628868563E+02   -0.2111779039E+03
          51    0.4792600740E+02   -0.4448398311E+02   -0.2146197374E+03
          52    0.4579602032E+02   -0.4629016252E+02   -0.2111684843E+03
          53    0.4462299152E+02    0.4025870574E+02   -0.3029042797E+03
          54    0.4562678876E+02   -0.4603553883E+02   -0.2116315351E+03
          55    0.4673488122E+02   -0.4675708353E+02   -0.2115026495E+03
          56    0.4517830835E+02   -0.4442750789E+02   -0.2026598269E+03
          57    0.4766521505E+02    0.4633805324E+02   -0.3188986585E+03
          58    0.4819951776E+02   -0.5314685582E+02   -0.2249618042E+03
          59    0.4652036070E+02   -0.4642914510E+02   -0.2120354806E+03
          60    0.4581621011E+02   -0.4549436376E+02   -0.2097793400E+03
          61    0.4583230689E+02   -0.4631143481E+02   -0.2109738554E+03
          62    0.4478429356E+02   -0.4124450800E+02   -0.3020972164E+03
          63    0.4561589172E+02   -0.4603129428E+02   -0.2115631629E+03
          64    0.4471050136E+02    0.4035754537E+02   -0.3048173101E+03
          65    0.4525636883E+02   -0.4597937023E+02   -0.2107325339E+03
          66    0.4456857327E+02    0.4049803065E+02   -0.3045634412E+03
          67    0.4588782881E+02   -0.4642930508E+02   -0.2116639383E+03
          68    0.4577665258E+02   -0.4617180952E+02   -0.2102265874E+03
          69    0.4467293653E+02   -0.4638746028E+02   -0.2108047058E+03
          70    0.4755196130E+02   -0.5215757823E+02   -0.2145749629E+03
          71    0.4602048239E+02   -0.4576640264E+02   -0.2091255549E+03
          72    0.4585804811E+02   -0.4631908392E+02   -0.2108144986E+03
          73    0.4454906436E+02    0.4024671654E+02   -0.3024360552E+03
          74    0.4558398353E+02   -0.3980934650E+02   -0.2101030610E+03
          75    0.4754663029E+02   -0.5174351187E+02   -0.2136337077E+03
          76    0.5264696812E+02    0.4328366286E+02   -0.2064229988E+04
          77    0.4461155338E+02   -0.4045509278E+02   -0.3045375169E+03
          78    0.4770082282E+02   -0.5197240066E+02   -0.2146209763E+03
          79    0.4757703428E+02   -0.5435419856E+02   -0.2252154357E+03
          80    0.4451494245E+02    0.4052462849E+02   -0.3042936849E+03
          81    0.4577072245E+02   -0.4536377839E+02   -0.1847262734E+03
          82    0.4567153350E+02   -0.4540028119E+02   -0.2111225741E+03
          83    0.4567405898E+02   -0.4539447053E+02   -0.2111114165E+03
          84    0.4551196258E+02   -0.4575388519E+02   -0.2115620116E+03
          85    0.4470850523E+02   -0.4123081505E+02   -0.3016122005E+03
          86    0.4817940591E+02   -0.5060143459E+02   -0.2157547841E+03
          87    0.4539567103E+02   -0.4633967259E+02   -0.1897734584E+03
          88    0.4774100308E+02   -0.5215915627E+02   -0.2135891635E+03
          89    0.4572224791E+02   -0.4527204755E+02   -0.2108667669E+03
          90    0.4844540733E+02   -0.5100009687E+02   -0.2139373593E+03
          91    0.4572370145E+02   -0.4526801088E+02   -0.2108584418E+03
          92    0.4572961322E+02   -0.4525138363E+02   -0.2108240063E+03
          93    0.4501017635E+02   -0.4598010964E+02   -0.2088843620E+03
          94    0.5124553008E+02   -0.3988077123E+02    0.1161681446E+04
          95    0.6880911408E+02   -0.6029034657E+02   -0.3769505709E+03
          96    0.4482917344E+02   -0.4665653145E+02   -0.2932443985E+03
          97    0.4550827269E+02   -0.4572441527E+02   -0.2115617755E+03
          98    0.4773343151E+02   -0.5170084536E+02   -0.2130690472E+03
          99    0.4571494886E+02   -0.4496059277E+02   -0.2116850900E+03
         100    0.4772317779E+02   -0.5176608904E+02   -0.2141703706E+03
