Model_ID, [(c_i,i=0,n)_j,j=1,ntask]
           1    0.2764573558E+03    0.9531947990E+02    0.4818721373E+03
           2    0.3530465557E+03   -0.1474304080E+03    0.2482446373E+03
           3    0.3343699632E+03   -0.1412837471E+03   -0.2483148727E+03
           4    0.3445581911E+03   -0.1295312037E+03    0.2300618353E+03
           5    0.3346602674E+03   -0.1312666473E+03    0.2940618240E+03
           6    0.3529904547E+03   -0.1336821490E+03    0.2500291503E+03
           7    0.1696865870E+03    0.9581416909E+02    0.4235132650E+03
           8    0.1716525352E+03    0.1011694948E+03    0.4389470146E+03
           9    0.1882955797E+03   -0.1282695218E+03    0.2431239128E+03
          10    0.1879953707E+03   -0.1289945897E+03    0.2225381112E+03
          11    0.2809115965E+03   -0.1077461082E+03    0.2181808216E+03
          12    0.3497172884E+03   -0.1351856936E+03    0.2450618483E+03
          13    0.2016136723E+03   -0.1200956099E+03    0.2195558451E+03
          14    0.3519134212E+03   -0.1364420284E+03    0.2397252221E+03
          15    0.3526993508E+03   -0.1341757030E+03    0.2412459064E+03
          16    0.2775741665E+03   -0.1109059758E+03    0.2166531313E+03
          17    0.1812165905E+03    0.8911537611E+02    0.3659174297E+03
          18    0.3495586568E+03   -0.1356304261E+03    0.2367268923E+03
          19    0.3490965026E+03   -0.1356794814E+03    0.2350533760E+03
          20    0.2113879531E+03   -0.1096189701E+03    0.2466469374E+03
          21    0.1581902461E+03    0.1051981093E+03    0.4325499458E+03
          22    0.2771952097E+03    0.9600136879E+02    0.3280625890E+03
          23    0.3585954487E+03    0.2989679562E+03   -0.1500870237E+03
          24    0.2125810645E+03   -0.1104812956E+03    0.3341892671E+03
          25    0.3506291367E+03   -0.1344740844E+03    0.2458576802E+03
          26    0.3507089420E+03   -0.1349059256E+03    0.2424199513E+03
          27    0.3502473710E+03    0.1361478045E+03    0.2451288533E+03
          28    0.3352475017E+03   -0.1353322988E+03    0.2216481804E+03
          29    0.3487647620E+03   -0.1320775388E+03    0.2440925858E+03
          30    0.3513028791E+03   -0.1335224257E+03    0.2446859715E+03
          31    0.3488797878E+03   -0.1334498852E+03    0.2358849267E+03
          32    0.1999083166E+03   -0.1203508293E+03    0.2154207712E+03
          33    0.3502069069E+03   -0.1350762378E+03    0.2370178664E+03
          34    0.5011910992E+03    0.2199639873E+03   -0.1666025251E+03
          35    0.2538825366E+03    0.1399953034E+03    0.3469386632E+03
          36    0.1891683966E+03   -0.1292753604E+03    0.2147191038E+03
          37    0.3504101083E+03   -0.1349204216E+03    0.2372532524E+03
          38    0.2616408751E+03   -0.1415923822E+03   -0.5928057938E+03
          39    0.2067046124E+03   -0.1244926624E+03    0.3310180336E+03
          40    0.2025407079E+03   -0.1188712073E+03    0.2212475230E+03
          41    0.3512436558E+03   -0.1345305370E+03    0.2372280379E+03
          42    0.3501682019E+03   -0.1309997019E+03    0.2252945930E+03
          43    0.1974365397E+03   -0.1207448977E+03    0.2113896361E+03
          44    0.1999838629E+03   -0.1185894357E+03    0.1940098900E+03
          45    0.1969746310E+03   -0.1207816303E+03    0.2098646802E+03
          46    0.3505128461E+03   -0.1346809987E+03    0.2367357833E+03
          47    0.1987818637E+03   -0.1212080268E+03    0.2126939875E+03
          48    0.3510555735E+03   -0.1339952658E+03   -0.2361193623E+03
          49    0.3487003959E+03   -0.1327951149E+03    0.2341600047E+03
          50    0.1974631406E+03    0.1211809589E+03   -0.2176754914E+03
          51    0.3490624785E+03   -0.1346681581E+03    0.2400071013E+03
          52    0.1857638437E+03   -0.1303431580E+03    0.2127640640E+03
          53    0.2502685957E+03   -0.1405447204E+03   -0.1422541915E+04
          54    0.3510073222E+03   -0.1515338613E+03   -0.2607728557E+03
          55    0.1974159378E+03    0.1212445134E+03    0.2185608423E+03
          56    0.3382797793E+03   -0.1192617238E+03    0.2723901086E+03
          57    0.3506276091E+03    0.1358999989E+03   -0.2466505415E+03
          58    0.3539098448E+03   -0.1351245024E+03    0.2501096402E+03
          59    0.2973439766E+03    0.1095224330E+03    0.4470132208E+03
          60    0.3452254060E+03   -0.1315595991E+03    0.2158494871E+03
          61    0.2003300021E+03   -0.1197015478E+03   -0.2128677052E+03
          62    0.3369277684E+03   -0.1221514623E+03    0.2630167951E+03
          63    0.2486825183E+03   -0.1426137436E+03   -0.1672490716E+04
          64    0.1915231132E+03   -0.1336286807E+03    0.2246807447E+03
          65    0.1996023866E+03   -0.1187746583E+03    0.1925036568E+03
          66    0.3506278652E+03    0.1359309788E+03    0.2473922606E+03
          67    0.1993115538E+03   -0.1153153120E+03    0.2021804199E+03
          68    0.2025997597E+03   -0.1171689771E+03    0.2027184021E+03
          69    0.2931150127E+03   -0.1218822170E+03   -0.1287190286E+03
          70    0.3062670108E+03    0.1067110533E+03    0.2189847718E+03
          71    0.1996938586E+03   -0.1133134347E+03    0.2346828920E+03
          72    0.1985479114E+03   -0.1203300551E+03    0.2118175021E+03
          73    0.3345748387E+03   -0.1207837914E+03    0.2676828037E+03
          74    0.3429415434E+03   -0.2596785641E+03    0.2773778720E+03
          75    0.1988811782E+03   -0.1202182423E+03    0.2121337143E+03
          76    0.3403193725E+03   -0.1373089385E+03    0.2515153962E+03
          77    0.3353088217E+03   -0.1219744236E+03    0.2486580149E+03
          78    0.3453061286E+03   -0.1321386181E+03    0.2100379584E+03
          79    0.3489269040E+03   -0.1351195658E+03    0.2319919353E+03
          80    0.1896469204E+03   -0.1172563107E+03    0.2599293052E+03
          81    0.3470805874E+03   -0.1347378150E+03   -0.2341938191E+03
          82    0.1992059610E+03   -0.1187703271E+03    0.2202592777E+03
          83    0.3415993354E+03   -0.2619633640E+03    0.2785213548E+03
          84    0.3474505588E+03    0.2813776090E+03   -0.1576307356E+03
          85    0.1992045671E+03   -0.1200443809E+03    0.2118030775E+03
          86    0.3415391648E+03   -0.2623382080E+03    0.2822665900E+03
          87    0.3194112200E+03   -0.1347250388E+03   -0.1277449228E+03
          88    0.3547485036E+03   -0.1305029399E+03    0.2400410603E+03
          89    0.3282159374E+03   -0.1165811777E+03    0.1771719135E+03
          90    0.3743765012E+03   -0.1626801384E+03   -0.1504582896E+03
          91    0.3287885837E+03   -0.1366267639E+03   -0.4720753137E+03
          92    0.2826811178E+03   -0.1140869979E+03    0.2222672318E+03
          93    0.3254850308E+03    0.1090358768E+03    0.1900510218E+03
          94    0.3005697982E+03    0.1076969917E+03    0.2146129751E+03
          95    0.3378983928E+03   -0.1197237072E+03    0.2628484954E+03
          96    0.1992735499E+03   -0.1198340510E+03    0.2140575077E+03
          97    0.3323009584E+03   -0.1282904607E+03    0.4003220566E+03
          98    0.2532741090E+03    0.1223102424E+03    0.3591056174E+03
          99    0.3557545914E+03   -0.1335998414E+03    0.2516798069E+03
         100    0.3492115166E+03   -0.1312568529E+03    0.2374139205E+03
