     Index              y_true              y_pred        descriptor_1        descriptor_2
         1    0.2362500000E+03    0.2079898150E+03   -0.4709000000E+00   -0.1954289501E-01
         2    0.3520000000E+03    0.3325503961E+03   -0.1471300000E+01   -0.1438192283E-01
         3    0.2256100000E+03    0.2132064531E+03   -0.4532000000E+00    0.0000000000E+00
         4    0.2720000000E+03    0.2563019335E+03   -0.2183500000E+01   -0.4470909702E+00
         5    0.2287000000E+03    0.2531276798E+03   -0.1067600000E+01   -0.9361440000E-01
         6    0.3200000000E+03    0.3172362623E+03   -0.1302000000E+01    0.0000000000E+00
         7    0.1984000000E+03    0.2103192225E+03   -0.4426000000E+00   -0.4201988000E-02
         8    0.1114000000E+03    0.9119305444E+02    0.1624000000E+00   -0.1232081436E+00
         9    0.3410000000E+03    0.3591184541E+03   -0.2258400000E+01   -0.1993330500E+00
        10    0.3958500000E+03    0.4478495607E+03   -0.2367700000E+01    0.0000000000E+00
        11    0.3535000000E+03    0.3410436397E+03   -0.1784200000E+01   -0.9337965156E-01
        12    0.4260000000E+03    0.3730143706E+03   -0.1827200000E+01   -0.2273121178E-01
        13    0.3092000000E+03    0.2947259728E+03   -0.1120900000E+01   -0.8321125120E-03
        14    0.1399000000E+03    0.1369489751E+03    0.1690000000E+00    0.0000000000E+00
        15    0.3474000000E+03    0.3686703808E+03   -0.1778700000E+01   -0.1849711001E-01
        16    0.2234200000E+03    0.2033087515E+03   -0.3723000000E+00    0.4626804000E-04
        17    0.2138000000E+03    0.2323448083E+03   -0.6444000000E+00   -0.1136518487E-01
        18    0.2800000000E+03    0.2918855487E+03   -0.1117700000E+01   -0.7310000880E-02
        19    0.4062400000E+03    0.3829186076E+03   -0.1614500000E+01    0.7245142800E-01
        20    0.3340000000E+03    0.3275436456E+03   -0.1386100000E+01    0.0000000000E+00
        21    0.1744500000E+03    0.1469009314E+03    0.8780000000E-01    0.0000000000E+00
        22    0.3670000000E+03    0.3847429138E+03   -0.1899600000E+01   -0.1517669951E-01
        23    0.3124500000E+03    0.3239474993E+03   -0.1405800000E+01   -0.1590373730E-01
        24    0.2195740000E+03    0.1749035480E+03   -0.1364000000E+00    0.1387619730E-02
        25    0.2300000000E+03    0.2402360743E+03   -0.7780000000E+00   -0.3381047488E-01
        26    0.2050000000E+02    0.3510075242E+02    0.1000000000E+01    0.0000000000E+00
        27    0.3410000000E+03    0.3380667757E+03   -0.1520000000E+01   -0.1557879921E-01
        28    0.1338500000E+03    0.1967465057E+03   -0.3189000000E+00    0.0000000000E+00
        29    0.2443500000E+03    0.2379046211E+03   -0.6777000000E+00   -0.7453069428E-02
        30    0.7620000000E+02    0.1034407873E+03    0.4424000000E+00    0.0000000000E+00
        31    0.1591000000E+03    0.1799484109E+03   -0.1703000000E+00    0.3742629975E-02
        32    0.2677000000E+03    0.2549472453E+03   -0.8571000000E+00   -0.2053682626E-01
        33    0.1875850000E+03    0.1938716169E+03   -0.2966000000E+00   -0.3751363000E-03
        34    0.1839000000E+03    0.1930745249E+03   -0.3531000000E+00   -0.2080659990E-01
        35    0.2930000000E+03    0.3355360537E+03   -0.1919400000E+01   -0.1517964838E+00
        36    0.1516000000E+03    0.1716901490E+03   -0.1103000000E+00    0.1349105625E-02
        37    0.3137600000E+03    0.3011862636E+03   -0.1297000000E+01   -0.4084602509E-01
        38    0.3590000000E+03    0.3649324741E+03   -0.2193100000E+01   -0.1627732973E+00
        39    0.8981300000E+02    0.7441833346E+02    0.6792000000E+00    0.0000000000E+00
        40    0.3410000000E+03    0.3279553084E+03   -0.1995600000E+01   -0.1965656651E+00
        41    0.4610000000E+03    0.4166087521E+03   -0.2112800000E+01    0.0000000000E+00
        42    0.3525250000E+03    0.3565699263E+03   -0.1205300000E+01    0.1354337316E+00
