Model_ID, [(c_i,i=0,n)_j,j=1,ntask]
           1    0.2653793401E+03    0.8933960077E+02   -0.2547513734E+03
           2    0.1727232442E+03    0.9623501873E+02    0.3416747930E+03
           3    0.2815288912E+03    0.1002404552E+03   -0.2546232014E+03
           4    0.3703262043E+03    0.2649222348E+03   -0.3266753551E+03
           5    0.2677120704E+03    0.8819803190E+02    0.2573586449E+03
           6    0.2039911574E+03   -0.1211749171E+03    0.4808518992E+03
           7    0.1677697285E+03    0.9116661321E+02    0.3303822815E+03
           8    0.1712975196E+03    0.9687753773E+02    0.3306972607E+03
           9    0.2700856608E+03    0.9076807499E+02    0.3674350311E+03
          10    0.1734845952E+03    0.8931640131E+02    0.3224642875E+03
          11    0.1728273493E+03    0.8978161222E+02    0.3191754721E+03
          12    0.2836568724E+03    0.9896304617E+02    0.2573070096E+03
          13    0.1969963224E+03    0.1086945842E+03    0.2428598008E+03
          14    0.2457433160E+03    0.1199318024E+03   -0.8833584995E+03
          15    0.1667807207E+03    0.9812497419E+02    0.3458583743E+03
          16    0.1940165702E+03    0.1098595217E+03   -0.2378741725E+03
          17    0.2920904015E+03    0.1073812339E+03    0.2659981514E+03
          18    0.4152063125E+03   -0.1698747828E+03    0.3532342909E+03
          19    0.2899574086E+03    0.1086866417E+03   -0.2614705039E+03
          20    0.2603660910E+03    0.8292966586E+02   -0.2487889428E+03
          21    0.1498613390E+03    0.7791200974E+02    0.3497522387E+03
          22    0.1711679873E+03    0.9085546137E+02    0.2488055557E+03
          23    0.2703553228E+03    0.9174211692E+02   -0.2777339556E+03
          24    0.2728658235E+03    0.9055820950E+02    0.2821017451E+03
          25    0.1691276793E+03    0.8552536556E+02   -0.2390170489E+03
          26    0.1889743906E+03    0.8494850649E+02    0.3507871287E+03
          27    0.1987978006E+03    0.1165476094E+03    0.3350707717E+03
          28    0.1678210557E+03    0.9186362044E+02   -0.2439305581E+03
          29    0.2919807806E+03    0.1046707671E+03    0.3250969245E+03
          30    0.1993069252E+03    0.1165046031E+03    0.3400104348E+03
          31    0.2646377404E+03    0.8534867820E+02   -0.2704021639E+03
          32    0.2705534405E+03   -0.9744186291E+02    0.2559520209E+03
          33    0.2740410820E+03    0.8857127243E+02    0.3547565780E+03
          34    0.1724450791E+03    0.8453490978E+02    0.2423650645E+03
          35    0.2817009251E+03    0.9807336664E+02   -0.1695222466E+03
          36    0.1755686161E+03    0.9100778634E+02    0.3440392483E+03
          37    0.2878846126E+03    0.1057091260E+03   -0.2522269556E+03
          38    0.2280980563E+03    0.1316438468E+03   -0.2018987506E+03
          39    0.2899574131E+03    0.1044592843E+03    0.2563538813E+03
          40    0.2054607337E+03   -0.1056599695E+03    0.3920880773E+03
          41    0.1984204822E+03    0.1186903636E+03    0.2509872560E+03
          42    0.1702703542E+03    0.9985799976E+02   -0.2173313207E+03
          43    0.2036822391E+03   -0.1230529644E+03   -0.4457439491E+03
          44    0.2619458422E+03    0.9488371733E+02   -0.1864902504E+03
          45    0.2923510451E+03    0.1029010997E+03    0.3266359729E+03
          46    0.2671362434E+03    0.8419483268E+02    0.2732842158E+03
          47    0.2057973087E+03   -0.1210775671E+03   -0.5121446767E+03
          48    0.2626909245E+03    0.8183456053E+02    0.2501968783E+03
          49    0.2473452439E+03    0.1369785835E+03    0.2371464363E+03
          50    0.1680720922E+03    0.9159377865E+02    0.3368129583E+03
          51    0.1723349226E+03    0.8859870628E+02   -0.2766567616E+03
          52    0.1732695365E+03    0.9881188891E+02    0.2206343838E+03
          53    0.2893935593E+03    0.1018350573E+03   -0.1959295429E+03
          54    0.3119522716E+03    0.1078153041E+03   -0.2588177884E+03
          55    0.2423852707E+03    0.1226993595E+03   -0.8015740056E+03
          56    0.3433167469E+03    0.2881753335E+03    0.2035842441E+03
          57    0.2652428114E+03    0.9211792168E+02    0.2873784519E+03
          58    0.2919795438E+03    0.1031953692E+03    0.3241337823E+03
          59    0.4195794158E+03   -0.1716119063E+03   -0.3736591100E+03
          60    0.2731480429E+03    0.8944421681E+02    0.3401719465E+03
          61    0.1783801953E+03    0.8779695958E+02    0.3354755057E+03
          62    0.1773141696E+03    0.9450199577E+02    0.3437657972E+03
          63    0.2907350670E+03    0.1013728929E+03   -0.3175139962E+03
          64    0.2436381384E+03    0.8289796151E+02   -0.2501489280E+03
          65    0.2053730270E+03   -0.1175401860E+03   -0.6970785675E+03
          66    0.2513636001E+03    0.8886203308E+02    0.3254493460E+03
          67    0.1677183702E+03    0.9113116163E+02   -0.3320183493E+03
          68    0.1676938726E+03    0.9115682598E+02    0.3320714640E+03
          69    0.3241604296E+03    0.1062026500E+03    0.3621073083E+03
          70    0.1676691033E+03    0.9118245519E+02    0.3321176717E+03
          71    0.3431690637E+03    0.2865365480E+03    0.2085606134E+03
          72    0.1778465954E+03    0.8811339781E+02    0.3610688380E+03
          73    0.2926211868E+03    0.1011977585E+03    0.3091422915E+03
          74    0.2027079993E+03    0.1072684048E+03    0.2977733962E+03
          75    0.2461141572E+03    0.8199216998E+02   -0.2795282669E+03
          76    0.1767185329E+03    0.8997918587E+02    0.3471041698E+03
          77    0.2026793317E+03    0.1052723284E+03   -0.2184369775E+03
          78    0.2938491724E+03    0.9834581114E+02    0.2496313600E+03
          79    0.2223554065E+03    0.8889601482E+02    0.3825616949E+03
          80    0.1669768633E+03    0.9164489998E+02    0.3273408330E+03
          81    0.3137352575E+03    0.1064276914E+03    0.2617972538E+03
          82    0.1730712523E+03    0.8945461716E+02    0.3350181617E+03
          83    0.2068371745E+03   -0.1155110938E+03    0.3998726507E+03
          84    0.2557810765E+03    0.9135601945E+02   -0.1603858309E+03
          85    0.2713816189E+03    0.8841263935E+02   -0.2992579827E+03
          86    0.2860191384E+03    0.9103559372E+02    0.2426719471E+03
          87    0.2691731654E+03    0.8938430732E+02   -0.2692347888E+03
          88    0.1916302099E+03    0.1078625426E+03   -0.2189839690E+03
          89    0.3223605602E+03    0.1133161911E+03    0.2613807866E+03
          90    0.3206285471E+03    0.1146797045E+03   -0.2569233063E+03
          91    0.2309411645E+03    0.1128407490E+03   -0.2309353999E+03
          92    0.1954280618E+03    0.1198431719E+03   -0.2437037085E+03
          93    0.3474865068E+03    0.2856842481E+03    0.1918010208E+03
          94    0.1729209384E+03    0.1070449303E+03    0.3158443444E+03
          95    0.2840020146E+03    0.9203998206E+02   -0.2381119565E+03
          96    0.2015634632E+03    0.9692156286E+02   -0.2147922397E+03
          97    0.2217808062E+03    0.8900921852E+02    0.3851004225E+03
          98    0.2716211909E+03    0.8824775514E+02    0.2733370501E+03
          99    0.2646894850E+03   -0.8995567027E+02    0.2483689519E+03
         100    0.1585033239E+03    0.1032595289E+03   -0.5414185267E+03
