        Rank        RMSE       MaxAE  Feature_ID
           1   31.521061   88.637775  (    1694   10005)
           2   31.689329   90.781164  (    1694   10014)
           3   31.691049   90.573259  (     771   14900)
           4   31.742276   89.984533  (     819   14900)
           5   31.866587   90.967251  (    1694   10028)
           6   31.909582   90.531484  (    1694   10043)
           7   31.916040   90.451083  (    1694   10051)
           8   31.917240   89.219909  (    1075   10005)
           9   31.926218   91.968145  (    1694   10772)
          10   31.980166   87.929227  (    2374   10005)
          11   32.070507   94.210905  (    1694   10025)
          12   32.085692   90.901278  (    1694   10047)
          13   32.124147   87.637398  (    5310   10005)
          14   32.138346   89.987065  (    5310   10028)
          15   32.161585   89.434659  (    5310   10051)
          16   32.189339   91.102171  (    8777   12376)
          17   32.195416  108.394340  (    1694   10717)
          18   32.289437   91.057967  (    1075   10043)
          19   32.294884   91.349204  (    1075   10014)
          20   32.301940   89.878226  (    5310   10014)
          21   32.304746   93.369239  (    5310   10025)
          22   32.322485   91.320417  (    1694   10048)
          23   32.322743   90.284207  (    2374   10028)
          24   32.376361   89.838867  (    2374   10043)
          25   32.396338   92.470689  (    1075   10772)
          26   32.408795   90.159091  (    2374   10014)
          27   32.411373   89.928267  (    5310   10047)
          28   32.424305   90.820253  (    1694   10067)
          29   32.450731   97.783273  (    8237   15088)
          30   32.452742   93.539124  (    2374   10025)
          31   32.472603  110.321287  (    3338   10319)
          32   32.487785   90.728976  (    1694   10073)
          33   32.493855   93.385288  (    5567   10005)
          34   32.502989   87.763661  (    5764   12376)
          35   32.504657   91.332810  (    2374   10772)
          36   32.505974   91.535558  (    1075   10028)
          37   32.524494   91.126677  (    5310   10772)
          38   32.525325   89.609875  (    5310   10043)
          39   32.548642   89.463860  (    1324   14900)
          40   32.549805   86.775030  (    5817   12376)
          41   32.552241  110.690166  (    3338   10324)
          42   32.604745   90.075640  (    8827   12376)
          43   32.607412   91.139216  (    1694   10069)
          44   32.610730   90.229058  (    2374   10047)
          45   32.627290   89.820129  (    2374   10051)
          46   32.658819   94.667980  (    1075   10025)
          47   32.664349   90.611201  (    2374   10048)
          48   32.679817   90.126807  (    5310   10069)
          49   32.714626   91.347143  (    8777   10484)
          50   32.719571   94.336412  (    5517   12376)
          51   32.730086   90.389912  (    5310   10048)
          52   32.731111   89.741122  (    5310   10073)
          53   32.745054   91.474598  (    1075   10047)
          54   32.746477   91.831123  (    1075   10048)
          55   32.761175   94.308419  (    8237   19636)
          56   32.809323   91.091284  (    1075   10051)
          57   32.815588   91.650878  (    4940   12376)
          58   32.833027   87.935707  (    5764   10484)
          59   32.833367   95.552876  (    5567   10014)
          60   32.843041   90.910013  (    3663   13660)
          61   32.849716  107.178719  (    1075   10061)
          62   32.852014   91.363845  (    2110   10005)
          63   32.853953   96.651029  (    5567   10772)
          64   32.879918   89.875628  (    5310   10067)
          65   32.884302   84.786606  (    1971   12376)
          66   32.889723   90.868246  (    1694   10159)
          67   32.891180  121.403005  (     738   10961)
          68   32.901220   90.037709  (    2374   10073)
          69   32.934503   90.663053  (    1694   10104)
          70   32.937484  105.056801  (    1694   10011)
          71   32.941973   89.448331  (    1694   10018)
          72   32.946645   90.410332  (     217   15088)
          73   32.952427  106.991876  (    1694   10061)
          74   32.964430   88.321215  (    5310   10018)
          75   32.972200   89.839423  (    5310   10159)
          76   32.984239   90.275545  (    8827   10484)
          77   32.985616   97.698882  (    2571   10004)
          78   33.000587   86.973780  (    5817   10484)
          79   33.010626   95.332255  (    5567   10043)
          80   33.041884  109.629272  (    1694   17461)
          81   33.044085  104.414253  (    2374   10011)
          82   33.048571   90.166978  (    2374   10067)
          83   33.067762   91.390565  (    1075   10067)
          84   33.073583   95.758547  (    5567   10028)
          85   33.074216   90.505874  (    1694   10112)
          86   33.077293   82.628405  (    2919   12376)
          87   33.086505   92.200883  (    2255   10005)
          88   33.088007  119.614672  (     334   10001)
          89   33.093998   91.718269  (    1694   10484)
          90   33.101891   91.294942  (    1075   10073)
          91   33.114249   99.572120  (    8383   10005)
          92   33.132236  122.209041  (      48   10001)
          93   33.134326   94.428622  (    1081   16904)
          94   33.137217   93.303054  (    8237   13160)
          95   33.146732  125.154102  (     166   10001)
          96   33.160894   88.678796  (    2374   10018)
          97   33.181977   90.486215  (    2374   10069)
          98   33.185410  118.602385  (       1   10001)
          99   33.188755  105.202270  (    1075   10011)
         100   33.189889   94.041400  (    5517   10484)
