Model_ID, [(c_i,i=0,n)_j,j=1,ntask]
           1    0.9429882332E+02   -0.8347761459E+02   -0.1734567746E+03
           2    0.9536507821E+02   -0.8452083444E+02   -0.1375800065E+03
           3    0.9548953836E+02   -0.8493430400E+02   -0.1371141350E+03
           4    0.9312486365E+02   -0.8336989442E+02   -0.1624960449E+03
           5    0.9551121632E+02   -0.8506104516E+02   -0.1357058950E+03
           6    0.9416339186E+02   -0.8324461738E+02   -0.1386272678E+03
           7    0.9428558726E+02   -0.8365978562E+02   -0.1381872005E+03
           8    0.9300275681E+02   -0.8202105004E+02   -0.1733683022E+03
           9    0.9430628014E+02   -0.8378691428E+02   -0.1367812359E+03
          10    0.9187632901E+02   -0.8200832367E+02   -0.1630773860E+03
          11    0.9555435458E+02   -0.8443660661E+02   -0.8207858616E+02
          12    0.9642654152E+02   -0.8442348251E+02   -0.1452563931E+03
          13    0.9428342121E+02   -0.8426991902E+02   -0.1292770870E+03
          14    0.9430646133E+02   -0.8307504378E+02   -0.8241485515E+02
          15    0.9652017370E+02   -0.8478419900E+02   -0.1443942112E+03
          16    0.9259946725E+02   -0.8136295460E+02   -0.1325528364E+03
          17    0.9336781278E+02   -0.8406301591E+02   -0.1220971388E+03
          18    0.9271630694E+02   -0.8176378789E+02   -0.1321460594E+03
          19    0.9155134412E+02   -0.8029615771E+02   -0.1665170685E+03
          20    0.9651537647E+02   -0.8486715635E+02   -0.1426864690E+03
          21    0.9431475666E+02   -0.8300841485E+02   -0.9905139319E+02
          22    0.9427865467E+02   -0.8292202983E+02   -0.9882616338E+02
          23    0.9274070511E+02   -0.8189428490E+02   -0.1308219485E+03
          24    0.9298152173E+02   -0.8281077605E+02   -0.1292534401E+03
          25    0.9316680422E+02   -0.8188818795E+02   -0.1380110237E+03
          26    0.9277843477E+02   -0.8144690475E+02   -0.1381582787E+03
          27    0.9328362717E+02   -0.8229427730E+02   -0.1375395342E+03
          28    0.9274739802E+02   -0.8136491594E+02   -0.1380123576E+03
          29    0.9271327271E+02   -0.8127795781E+02   -0.1378606777E+03
          30    0.9289377078E+02   -0.8185179895E+02   -0.1376895786E+03
          31    0.9041287434E+02   -0.8016326760E+02   -0.1557035195E+03
          32    0.9286169262E+02   -0.8176755219E+02   -0.1375343374E+03
          33    0.9210425826E+02   -0.8268123496E+02   -0.1224787243E+03
          34    0.9282650110E+02   -0.8167828355E+02   -0.1373731091E+03
          35    0.9324974586E+02   -0.8294751057E+02   -0.9255986001E+02
          36    0.9324882463E+02   -0.8294513999E+02   -0.9255350808E+02
          37    0.9330230150E+02   -0.8241769127E+02   -0.1361217572E+03
          38    0.9199390516E+02   -0.8063236403E+02   -0.1722729518E+03
          39    0.9226367673E+02   -0.8073454908E+02   -0.1378786692E+03
          40    0.9291193166E+02   -0.8197479273E+02   -0.1362716472E+03
          41    0.9287943782E+02   -0.8188961517E+02   -0.1361129268E+03
          42    0.9458198516E+02   -0.8242009285E+02   -0.5938999436E+02
          43    0.9237482005E+02   -0.8113237317E+02   -0.1373884605E+03
          44    0.9158448383E+02   -0.8014819825E+02   -0.1720917176E+03
          45    0.9284382218E+02   -0.8179939586E+02   -0.1359481513E+03
          46    0.9088905029E+02   -0.8064930148E+02   -0.1622533669E+03
          47    0.8652912520E+02   -0.8029217990E+02    0.1720638538E+03
          48    0.9155479289E+02   -0.8006814823E+02   -0.1719080219E+03
          49    0.9300672886E+02   -0.8152521413E+02   -0.9884851700E+02
          50    0.9152212973E+02   -0.7998330492E+02   -0.1717180206E+03
          51    0.8847894781E+02   -0.8177909928E+02    0.1844154633E+03
          52    0.9297196222E+02   -0.8144042982E+02   -0.9862519274E+02
          53    0.9049693957E+02   -0.8019865898E+02   -0.1623238841E+03
          54    0.8851430239E+02   -0.8054391577E+02    0.1839296574E+03
          55    0.9167007617E+02   -0.8133298823E+02   -0.1256120449E+03
          56    0.9046536893E+02   -0.8011221462E+02   -0.1621047127E+03
          57    0.9043088317E+02   -0.8002101006E+02   -0.1618796818E+03
          58    0.9239141539E+02   -0.8125255766E+02   -0.1359616784E+03
          59    0.9269385808E+02   -0.8111983510E+02   -0.7841485504E+02
          60    0.8765688367E+02   -0.8119960699E+02    0.1678043640E+03
          61    0.8655149397E+02   -0.7902584052E+02    0.1706161622E+03
          62    0.9105483680E+02   -0.7940214040E+02   -0.1713998371E+03
          63    0.9337877144E+02   -0.8111679745E+02   -0.5975265727E+02
          64    0.9199032041E+02   -0.8155723966E+02   -0.9276642958E+02
          65    0.9198942850E+02   -0.8155489723E+02   -0.9276007840E+02
          66    0.8998117907E+02   -0.7947233616E+02   -0.1618164703E+03
          67    0.7569990435E+02   -0.6917786780E+02   -0.8088462781E+02
          68    0.8239779686E+02   -0.4138942937E+02    0.2793260372E+03
          69    0.8767281805E+02   -0.7998792457E+02    0.1667743123E+03
          70    0.9076933245E+02   -0.8110036241E+02   -0.1184040711E+03
          71    0.9329623426E+02   -0.8169533100E+02   -0.8195196304E+02
          72    0.8217285956E+02   -0.4124974099E+02    0.2791815043E+03
          73    0.9627615313E+02   -0.8374306421E+02   -0.8476392589E+02
          74    0.9355616728E+02   -0.8225598465E+02   -0.1650725734E+03
          75    0.9430461465E+02   -0.8276907240E+02   -0.7557960626E+02
          76    0.9289186681E+02   -0.8122457071E+02   -0.8193375469E+02
          77    0.9299211824E+02   -0.8218223319E+02   -0.6889217780E+02
          78    0.9286151000E+02   -0.8114424132E+02   -0.8184960804E+02
          79    0.9282805752E+02   -0.8105894361E+02   -0.8176193773E+02
          80    0.9313565332E+02   -0.8263731950E+02   -0.6878158126E+02
          81    0.9366440171E+02   -0.8254126075E+02   -0.1354079177E+03
          82    0.8725779543E+02   -0.8019862528E+02    0.1262290029E+03
          83    0.8540898295E+02   -0.7883342324E+02    0.1665731562E+03
          84    0.9572827923E+02   -0.8248163017E+02   -0.6360671832E+02
          85    0.8570762393E+02   -0.7944005352E+02    0.1752362421E+03
          86    0.8696976090E+02   -0.7996930884E+02    0.7657134175E+02
          87    0.8324498048E+02   -0.6278497858E+02   -0.7290537535E+02
          88    0.9442945784E+02   -0.8319531447E+02   -0.7527241329E+02
          89    0.8078779115E+02   -0.4063721598E+02    0.2616324952E+03
          90    0.9219319916E+02   -0.8108267834E+02   -0.1701998897E+03
          91    0.8178361307E+02   -0.4107517483E+02    0.2834952213E+03
          92    0.8838471574E+02   -0.8115691145E+02    0.1233506902E+03
          93    0.8620189924E+02   -0.7903729930E+02    0.1240092772E+03
          94    0.8156524278E+02   -0.4094255334E+02    0.2834881048E+03
          95    0.7489461252E+02   -0.6810301885E+02   -0.8020357291E+02
          96    0.9236292356E+02   -0.8048705421E+02   -0.8166650569E+02
          97    0.9405656443E+02   -0.8412803383E+02   -0.1687748268E+03
          98    0.8809421378E+02   -0.8090929004E+02    0.7474865714E+02
          99    0.9256993130E+02   -0.8105618176E+02   -0.1718015326E+03
         100    0.8817751115E+02   -0.7581489698E+02    0.1373560126E+03
