        Rank        RMSE       MaxAE  Feature_ID
           1    8.590437   20.928969  (    4087   12870)
           2    8.685849   26.585526  (    2170   10722)
           3    8.705326   19.898330  (     196   17239)
           4    8.734666   28.229233  (      47   10714)
           5    8.751884   19.730286  (     937   17239)
           6    8.769340   24.192899  (    5950   11175)
           7    8.784234   19.680418  (    1014   17239)
           8    8.788580   20.081196  (    7213   19041)
           9    8.790800   19.512602  (    2021   17239)
          10    8.807951   24.103480  (    4087   14893)
          11    8.812624   20.149918  (    5232   19041)
          12    8.818369   23.208895  (     487   18166)
          13    8.819833   19.456311  (    2060   17239)
          14    8.820849   19.627355  (    1093   17239)
          15    8.823345   25.664326  (      47   10056)
          16    8.842486   25.831286  (     147   18166)
          17    8.848272   19.660588  (      52   17239)
          18    8.856011   19.459568  (    5232   15322)
          19    8.856353   19.394507  (    2115   17239)
          20    8.861838   19.552940  (    7213   15322)
          21    8.872068   19.842720  (     569   17239)
          22    8.884623   22.727041  (      10   18166)
          23    8.884795   21.624131  (      50   14449)
          24    8.886149   19.175543  (    4087   10261)
          25    8.887320   22.178760  (    5950   10058)
          26    8.891534   24.778201  (    3910   14287)
          27    8.893428   26.166484  (      10   10722)
          28    8.908114   26.544966  (      10   10764)
          29    8.910798   24.205816  (    4087   15199)
          30    8.916298   29.637367  (      24   13130)
          31    8.917427   24.320686  (    4087   19464)
          32    8.917454   24.726592  (    4087   15568)
          33    8.930135   24.259954  (    4087   14755)
          34    8.930886   24.180633  (    4087   16820)
          35    8.931689   25.659340  (     627   17397)
          36    8.933655   28.367872  (    5779   14893)
          37    8.934567   22.801836  (    1457   19423)
          38    8.936146   24.275906  (    4087   14616)
          39    8.937552   24.084114  (    4087   14453)
          40    8.938334   24.594468  (      60   10714)
          41    8.941873   24.558846  (    5950   18368)
          42    8.942488   23.464969  (     210   10722)
          43    8.944021   24.209323  (    4087   16756)
          44    8.944929   25.664708  (     506   17397)
          45    8.945008   24.320949  (    4087   18494)
          46    8.945818   21.542215  (     221   14449)
          47    8.950261   21.228637  (    4271   10722)
          48    8.952729   21.962901  (    1432   10199)
          49    8.954069   20.333347  (    6466   12815)
          50    8.954569   25.580530  (    1499   17397)
          51    8.960252   24.399746  (    3310   11175)
          52    8.960304   24.216295  (    4087   17458)
          53    8.964242   24.248129  (    4087   17749)
          54    8.965949   24.150457  (    4087   16814)
          55    8.967138   24.340684  (    4087   18923)
          56    8.967463   25.658476  (     427   17397)
          57    8.968401   25.709154  (    1159   17397)
          58    8.969367   20.153759  (    1049   13187)
          59    8.969476   21.755797  (    1105   18197)
          60    8.971705   24.204078  (    4087   17413)
          61    8.973771   24.195102  (    4087   17452)
          62    8.974292   23.877173  (    5950   10682)
          63    8.974551   19.379717  (    6373   19041)
          64    8.975644   24.280840  (    4087   18084)
          65    8.976200   21.160326  (    1432   17397)
          66    8.976434   28.936157  (     190   10023)
          67    8.976701   24.592166  (    5950   19423)
          68    8.979344   25.094833  (    6166   17397)
          69    8.981022   24.229039  (    4087   18288)
          70    8.983849   23.703275  (    2698   17397)
          71    8.983885   23.421551  (      93   10714)
          72    8.987388   21.905295  (      14   10714)
          73    8.988163   24.207038  (    4087   17529)
          74    8.988522   16.997591  (    6373   15322)
          75    8.990924   24.678719  (    4087   10232)
          76    8.991527   28.568333  (      88   10023)
          77    8.993085   23.552386  (      46   10056)
          78    8.995496   26.634126  (    3397   10722)
          79    8.995876   24.259986  (    4087   18239)
          80    8.999946   23.975084  (    6373   10684)
          81    9.000923   24.306651  (    4087   18332)
          82    9.001164   19.161107  (     339   11177)
          83    9.001668   24.154076  (    4087   16879)
          84    9.002012   24.146305  (    4087   16906)
          85    9.002088   24.342501  (    4087   18967)
          86    9.007999   25.474563  (    3020   17397)
          87    9.013125   28.346358  (    5779   15199)
          88    9.013217   28.232207  (    5779   14453)
          89    9.013223   22.465202  (     323   18197)
          90    9.016690   26.003880  (    4087   11175)
          91    9.016766   20.842736  (     339   10722)
          92    9.016842   24.470856  (    7077   17397)
          93    9.017718   21.707058  (      88   10468)
          94    9.021134   21.660245  (    1967   14449)
          95    9.021745   21.411005  (    3569   19442)
          96    9.022208   24.535760  (    9587   17397)
          97    9.022328   25.446830  (     190   11113)
          98    9.022986   28.843323  (      24   17397)
          99    9.023616   26.930205  (    2451   16510)
         100    9.024441   21.575752  (    1005   14449)
