     Index              y_true              y_pred        descriptor_1        descriptor_2
         1    0.1790000000E+02    0.3331042207E+02   -0.2857286000E+00   -0.6714033760E-02
         2    0.5100000000E+02    0.4405086657E+02   -0.4520142000E+00    0.3026297340E-02
         3    0.1464000000E+02    0.4312638222E+02   -0.4762356500E+00   -0.1119478644E-01
         4    0.4460000000E+02    0.3520312863E+02   -0.3219882500E+00   -0.7413467700E-02
         5    0.7420000000E+02    0.5178794485E+02   -0.5662998000E+00    0.1195348255E-01
         6    0.2720000000E+02    0.2209018240E+02   -0.1315417200E+00   -0.2367103536E-01
         7    0.2067000000E+02    0.2683583855E+02   -0.1738691500E+00   -0.8550649030E-02
         8    0.2796000000E+02    0.2386083509E+02   -0.1329524000E+00   -0.1303468502E-01
         9    0.3615000000E+02    0.2929521080E+02   -0.3481315200E+00   -0.5361642990E-01
        10    0.6660000000E+02    0.6905634431E+02   -0.6170000000E+00    0.1028553600E+00
        11    0.4307000000E+02    0.3949788141E+02   -0.4357601200E+00   -0.1993844160E-01
        12    0.6276000000E+02    0.5540344135E+02   -0.6754572000E+00   -0.3237176250E-02
        13    0.5060000000E+01    0.1109315191E+02   -0.3585344400E+00   -0.1716057185E+00
        14    0.5301000000E+02    0.4290034583E+02   -0.4963873000E+00   -0.1961362104E-01
        15    0.6524000000E+02    0.5135182153E+02   -0.5039555400E+00    0.3086461382E-01
        16    0.8285000000E+02    0.8347469160E+02   -0.7730000000E+00    0.1392786600E+00
        17    0.4263000000E+02    0.4474869170E+02   -0.4728200400E+00    0.1855456020E-03
        18    0.1850000000E+02    0.1858711990E+02    0.0000000000E+00    0.0000000000E+00
        19    0.6029000000E+02    0.5535173081E+02   -0.6235158600E+00    0.1447665219E-01
        20    0.6056000000E+02    0.6278735866E+02   -0.5923071000E+00    0.7203849939E-01
        21    0.3120000000E+02    0.2536837512E+02   -0.1585118500E+00   -0.1243830987E-01
        22    0.2681000000E+02    0.3521877120E+02   -0.3444016000E+00   -0.1509913020E-01
        23    0.5015000000E+02    0.4345237599E+02   -0.6044016000E+00   -0.5365722351E-01
        24    0.3187000000E+02    0.2503870033E+02   -0.1508332000E+00   -0.1184316402E-01
        25    0.6900000000E+02    0.7648498214E+02   -0.7117941600E+00    0.1166135977E+00
        26    0.5090000000E+02    0.5971117808E+02   -0.6738000000E+00    0.2440692000E-01
        27    0.3682000000E+02    0.5557988428E+02   -0.7221970800E+00   -0.1836080215E-01
        28    0.2078000000E+02    0.2445781508E+02   -0.2032641600E+00   -0.3370208119E-01
        29    0.7737000000E+02    0.7415051560E+02   -0.1000000000E+01    0.1853180000E-02
        30    0.2548000000E+02    0.1858711990E+02    0.0000000000E+00    0.0000000000E+00
        31    0.6383000000E+02    0.5651517897E+02   -0.6962630400E+00   -0.3477022164E-02
        32    0.5774000000E+02    0.5488600034E+02   -0.6494499000E+00    0.2543477310E-02
        33    0.3007000000E+02    0.2632818182E+02   -0.3579404500E+00   -0.7566693120E-01
        34    0.2680000000E+02    0.1858711990E+02    0.0000000000E+00    0.0000000000E+00
        35    0.3200000000E+01    0.1858711990E+02    0.0000000000E+00    0.0000000000E+00
        36    0.2622000000E+02    0.3649878293E+02   -0.3038904000E+00    0.7013268600E-02
        37    0.1790000000E+02    0.2512943640E+02   -0.2761430000E+00   -0.5479197682E-01
        38    0.7520000000E+02    0.7462404076E+02   -0.7117941600E+00    0.1049199830E+00
        39    0.6942000000E+02    0.7408084348E+02   -0.9787000000E+00    0.8812680000E-02
        40    0.6511000000E+02    0.6408964350E+02   -0.4823000000E+00    0.1184261600E+00
        41    0.2045000000E+02    0.2355117670E+02   -0.6752615000E-01    0.7741462680E-02
        42    0.4216000000E+02    0.3862936741E+02   -0.3900310500E+00   -0.9514634480E-02
