Model_ID, [(c_i,i=0,n)_j,j=1,ntask]
           1    0.4255987538E+03   -0.1500245797E+03   -0.2879481796E+03
           2    0.2117828842E+03   -0.1316210742E+03    0.3451985176E+03
           3    0.4260040778E+03   -0.1492548402E+03   -0.2909494123E+03
           4    0.2095566003E+03   -0.1224197113E+03   -0.3844560902E+03
           5    0.3891217312E+03    0.1738817227E+03    0.2916241911E+03
           6    0.2101719468E+03   -0.1317373274E+03    0.2501208777E+03
           7    0.4320300268E+03   -0.1542138025E+03   -0.2853064438E+03
           8    0.4237662629E+03   -0.1490350981E+03   -0.2819375810E+03
           9    0.4236102756E+03   -0.1490093385E+03   -0.2819780225E+03
          10    0.4320986779E+03   -0.1538145458E+03   -0.2862367636E+03
          11    0.2021948347E+03   -0.1376934780E+03    0.3456655865E+03
          12    0.2095415485E+03   -0.1320439376E+03    0.2485157785E+03
          13    0.4173343244E+03    0.1982768517E+03    0.2151854571E+03
          14    0.2091742364E+03   -0.1326127389E+03    0.3291566485E+03
          15    0.4232532873E+03   -0.1479841233E+03    0.2818268467E+03
          16    0.4237420409E+03   -0.1484154924E+03   -0.2828037953E+03
          17    0.4342349808E+03    0.1844368533E+03    0.1406547139E+03
          18    0.3957585964E+03    0.1762955863E+03    0.1758143672E+03
          19    0.4241955076E+03   -0.1488407575E+03   -0.2832643367E+03
          20    0.4255799911E+03    0.2129489549E+03    0.9763355576E+02
          21    0.2066253412E+03   -0.1348034406E+03    0.2749209831E+03
          22    0.2074862295E+03   -0.1338014119E+03    0.3076506955E+03
          23    0.4084759398E+03    0.1904650621E+03    0.2160940583E+03
          24    0.2071920958E+03   -0.1332979317E+03    0.2781149714E+03
          25    0.4422947474E+03    0.1918591064E+03    0.1388280552E+03
          26    0.4411896366E+03    0.1924535173E+03   -0.1326965773E+03
          27    0.2054263551E+03   -0.1353525710E+03    0.2579780107E+03
          28    0.2120331660E+03   -0.1297106620E+03    0.3475344104E+03
          29    0.4057844260E+03    0.1864878988E+03    0.2101044227E+03
          30    0.4031799854E+03    0.1885698902E+03    0.3490834487E+03
          31    0.4269114516E+03    0.1823090231E+03    0.1367654733E+03
          32    0.4009624998E+03    0.1855695611E+03    0.3558962534E+03
          33    0.3011924107E+03   -0.2232820396E+03    0.2768898185E+03
          34    0.4100272335E+03    0.1890734753E+03    0.2464049315E+03
          35    0.3931937285E+03    0.1739473654E+03    0.2013838221E+03
          36    0.2078112006E+03   -0.1328610842E+03    0.2394838483E+03
          37    0.4235288734E+03   -0.1477562699E+03   -0.2810586713E+03
          38    0.4236651962E+03   -0.1477784936E+03   -0.2807548921E+03
          39    0.2021698381E+03   -0.1406767232E+03   -0.4769362121E+03
          40    0.4050302622E+03    0.1837462219E+03    0.2250953525E+03
          41    0.4054313953E+03    0.1837748538E+03    0.1837878523E+03
          42    0.4023263986E+03    0.1879468069E+03    0.3392327967E+03
          43    0.4053236139E+03    0.1854427045E+03    0.2187532365E+03
          44    0.4062378719E+03    0.1869150915E+03    0.1764250976E+03
          45    0.3948206889E+03    0.1766256729E+03    0.1838714741E+03
          46    0.3093753180E+03   -0.1057927032E+03   -0.2944362415E+03
          47    0.3004242031E+03    0.1537221134E+03    0.1354629148E+04
          48    0.4187725773E+03    0.1750306541E+03    0.1371975478E+03
          49    0.3942553180E+03    0.1746954891E+03    0.1855322989E+03
          50    0.4008743560E+03    0.1858389931E+03    0.5562832286E+03
          51    0.3942350489E+03    0.1745441505E+03    0.1856618436E+03
          52    0.3936998809E+03   -0.1734497977E+03    0.1914929344E+03
          53    0.3972180927E+03    0.1807625725E+03    0.2824361781E+03
          54    0.3958177220E+03    0.1757287565E+03    0.1796503446E+03
          55    0.2423045899E+03    0.1277071599E+03   -0.1532532998E+04
          56    0.4032248732E+03    0.1815844163E+03    0.1846506225E+03
          57    0.3942644658E+03    0.1744138733E+03    0.1856195448E+03
          58    0.3937975263E+03   -0.1735125710E+03    0.1916651844E+03
          59    0.4056603474E+03    0.1848947550E+03    0.2192279609E+03
          60    0.4051602361E+03    0.1859577732E+03    0.2222148353E+03
          61    0.4134022819E+03    0.1911157496E+03    0.2216806168E+03
          62    0.3939262461E+03    0.1757059538E+03    0.1840095319E+03
          63    0.4054594376E+03    0.1875652712E+03    0.2164409944E+03
          64    0.3942962213E+03    0.1742929086E+03    0.1854740487E+03
          65    0.4301014263E+03   -0.1531472897E+03   -0.2787949207E+03
          66    0.4175593331E+03    0.1952804319E+03    0.2478794724E+03
          67    0.2083992206E+03   -0.1330480858E+03    0.2454644608E+03
          68    0.3943027384E+03    0.1748491449E+03    0.1834942617E+03
          69    0.3898495648E+03    0.1625642109E+03    0.8932525528E+02
          70    0.3942798666E+03    0.1741566660E+03    0.1854339419E+03
          71    0.4023165792E+03    0.1795352876E+03    0.1902482716E+03
          72    0.4127449919E+03    0.1897893541E+03    0.1851705899E+03
          73    0.4183897746E+03    0.1926516277E+03    0.1444373829E+03
          74    0.4046272630E+03    0.1851495365E+03    0.2214726863E+03
          75    0.4057093403E+03    0.1826411908E+03    0.2173189957E+03
          76    0.4105748857E+03    0.1856555306E+03    0.2032789578E+03
          77    0.4032980203E+03    0.1811104822E+03    0.1855576869E+03
          78    0.4030198387E+03    0.1838115540E+03    0.1812343580E+03
          79    0.3978403673E+03    0.1794924794E+03    0.1771940910E+03
          80    0.4035461540E+03    0.1818579176E+03    0.2125157115E+03
          81    0.4060811970E+03    0.1855668206E+03    0.2181910956E+03
          82    0.4024521390E+03    0.1820276132E+03    0.1814886019E+03
          83    0.3995189714E+03    0.1803289655E+03    0.2208693786E+03
          84    0.3961948458E+03    0.1676763444E+03    0.9054447706E+02
          85    0.4137567221E+03    0.1928436982E+03    0.2152495394E+03
          86    0.4049364490E+03    0.1867745761E+03    0.2156411878E+03
          87    0.3629996740E+03    0.2899542432E+03    0.6486295776E+03
          88    0.2116208922E+03   -0.1300169595E+03    0.2794600320E+03
          89    0.4021092955E+03    0.1828919073E+03    0.1817255570E+03
          90    0.4141048781E+03    0.1923279101E+03    0.2162270437E+03
          91    0.4301605067E+03   -0.1527432888E+03   -0.2796909836E+03
          92    0.4146007868E+03    0.1930731239E+03    0.2157862536E+03
          93    0.4002783412E+03    0.1861648445E+03    0.3477435889E+03
          94    0.4023698598E+03    0.1818237661E+03    0.1828179053E+03
          95    0.4059751482E+03    0.1843100352E+03    0.2114245876E+03
          96    0.4047983788E+03    0.1844608545E+03    0.2226053652E+03
          97    0.4039645391E+03    0.1828956633E+03    0.1771450682E+03
          98    0.3870974684E+03    0.1703735549E+03    0.2768300509E+03
          99    0.4136465196E+03    0.1934040307E+03    0.2189818315E+03
         100    0.3998096714E+03    0.1881066111E+03    0.3341728147E+03
