        Rank        RMSE       MaxAE  Feature_ID
           1   31.978635   98.785052  (     169   10010)
           2   32.097908   96.480120  (       6   10493)
           3   32.107744  113.260670  (     468   10072)
           4   32.171727   95.640209  (     622   10010)
           5   32.370373  106.514241  (      45   10002)
           6   32.425541  106.516111  (      45   10004)
           7   32.517671  121.377066  (    3959   10010)
           8   32.531590   96.395604  (       6   10806)
           9   32.537080   95.385304  (     622   10037)
          10   32.601994  106.873564  (     169   10002)
          11   32.606882  110.535158  (     859   13670)
          12   32.622450   95.119253  (      28   10002)
          13   32.623285  106.930131  (     169   10004)
          14   32.623483  114.536221  (     180   10072)
          15   32.640727   97.012783  (    8494   10010)
          16   32.651729  111.902428  (     648   10625)
          17   32.653176  106.817900  (     648   10072)
          18   32.664528  121.582077  (    4692   10010)
          19   32.666366  111.974353  (     859   12550)
          20   32.688979  107.132936  (    5384   10010)
          21   32.702847  104.931030  (      44   10002)
          22   32.703508   98.915863  (     169   10051)
          23   32.705445  121.152685  (    8636   10072)
          24   32.723369  112.153504  (     960   12550)
          25   32.724490   98.405684  (     169   10037)
          26   32.729761  110.737402  (     960   13670)
          27   32.754841  104.929571  (      44   10004)
          28   32.783537  111.031194  (     859   13943)
          29   32.796500   97.540688  (      45   10010)
          30   32.801054  111.072562  (     859   13978)
          31   32.802478   95.446869  (      28   10004)
          32   32.821756   99.709030  (       6   10451)
          33   32.830466  107.681835  (     169   10072)
          34   32.837757   88.235708  (     622   10002)
          35   32.902869  111.232631  (     960   13943)
          36   32.920090  111.273935  (     960   13978)
          37   32.941637   95.471051  (     622   10051)
          38   32.976340   88.822849  (    2286   10010)
          39   32.983620  104.859154  (     468   12830)
          40   33.015586  112.023997  (     859   13997)
          41   33.025920   87.988080  (     622   10004)
          42   33.036662   99.997497  (     648   10010)
          43   33.074592  112.204013  (     960   13997)
          44   33.079093   90.669903  (    4156   11071)
          45   33.083984  111.675327  (    8636   12830)
          46   33.085417   91.866237  (       1   10001)
          47   33.103682   96.912990  (      28   10001)
          48   33.120378  103.387276  (      45   10493)
          49   33.132854   86.289570  (      72   10002)
          50   33.133461   91.121230  (       1   10002)
          51   33.152356  122.510543  (    5518   10072)
          52   33.181456  121.677464  (    3959   10051)
          53   33.187654  120.863599  (    3959   10037)
          54   33.193644   90.817032  (    4148   11071)
          55   33.231018   90.190606  (    4148   18677)
          56   33.245393   91.666495  (     169   15268)
          57   33.249056   89.140957  (    2286   10037)
          58   33.260136   91.371174  (       1   10004)
          59   33.270075   97.420839  (      45   10037)
          60   33.313283  106.863535  (    5384   10037)
          61   33.321317  121.892487  (    4692   10051)
          62   33.321443  121.078745  (    4692   10037)
          63   33.322052   97.803372  (      45   10051)
          64   33.328079   86.606764  (      72   10004)
          65   33.346463   90.977018  (      28   11325)
          66   33.348772   86.105308  (    4148   13797)
          67   33.350953   96.801175  (    8494   10037)
          68   33.352884   95.741639  (      44   10010)
          69   33.361999   97.542333  (      39   10002)
          70   33.377871  126.537664  (     622   10145)
          71   33.382657  117.192140  (     648   11633)
          72   33.399604  107.415527  (    5384   10051)
          73   33.404086  106.352718  (    8494   10002)
          74   33.406681  114.131874  (     648   10803)
          75   33.413410   97.810476  (      60   14743)
          76   33.414903   88.428362  (      65   10002)
          77   33.421785   96.327077  (       6   12843)
          78   33.425511   80.319327  (     169   12698)
          79   33.428840   84.569936  (     169   12840)
          80   33.436939   97.252860  (    8494   10051)
          81   33.440314  113.652088  (     468   10507)
          82   33.446903   86.399179  (       4   10002)
          83   33.447699   81.581202  (     169   11034)
          84   33.449683   90.509627  (       1   10003)
          85   33.459609   98.297231  (     648   12830)
          86   33.475247  106.356958  (    8494   10004)
          87   33.482023   95.886032  (       6   12375)
          88   33.493694   95.255631  (      28   10003)
          89   33.494118  103.581052  (      44   10001)
          90   33.494978   97.460268  (      66   14743)
          91   33.496584  126.740979  (     622   10144)
          92   33.504344   98.899068  (      39   10001)
          93   33.508782  104.696968  (      45   10001)
          94   33.512996   96.558177  (       6   13645)
          95   33.516703   90.546066  (    4156   18677)
          96   33.526234   94.112842  (       2   10001)
          97   33.529273   97.628936  (       6   12800)
          98   33.537113  111.739304  (     859   16017)
          99   33.538949   91.890067  (      28   11410)
         100   33.539575   97.882001  (      39   10004)
