Model_ID, [(c_i,i=0,n)_j,j=1,ntask]
           1    0.2399263801E+03    0.9084681254E+02   -0.2596688385E+03
           2    0.2390165494E+03    0.9000643009E+02   -0.1996021245E+03
           3    0.1501242236E+03    0.1227112149E+03    0.2819633739E+03
           4    0.1492977803E+03    0.1230683955E+03    0.2754948035E+03
           5    0.2675623294E+03    0.1764141411E+03   -0.8816738418E+02
           6    0.1512036819E+03    0.1219135302E+03    0.2814695399E+03
           7    0.1505256747E+03    0.1199863869E+03    0.3227838701E+03
           8    0.1518042543E+03    0.1217261310E+03    0.2785243133E+03
           9    0.1509905170E+03    0.1221196603E+03    0.2806028094E+03
          10    0.1509638765E+03    0.1221366628E+03    0.2805532861E+03
          11    0.1509381043E+03    0.1221539337E+03    0.2804709559E+03
          12    0.1609219430E+03    0.1344726406E+03   -0.1808920389E+03
          13    0.1521885766E+03    0.1216366124E+03    0.2799173556E+03
          14    0.1507385273E+03    0.1223620040E+03    0.2791652773E+03
          15    0.1595263990E+03    0.1353590168E+03   -0.1647709960E+03
          16    0.1509634310E+03    0.1231999029E+03    0.2877565238E+03
          17    0.1599959352E+03    0.1348536018E+03   -0.1777148610E+03
          18    0.2374974599E+03    0.9274180020E+02   -0.9659169134E+03
          19    0.1590910328E+03    0.1354174090E+03   -0.1739257167E+03
          20    0.1587475450E+03    0.1353949888E+03   -0.1425718512E+03
          21    0.1518041296E+03    0.1218719538E+03    0.1860645879E+03
          22    0.2336436282E+03    0.8432225085E+02   -0.2630177211E+03
          23    0.2421046749E+03    0.9024490310E+02    0.2299815637E+03
          24    0.2660344952E+03    0.1050029586E+03   -0.2485486754E+03
          25    0.1600919703E+03    0.1349077609E+03   -0.1772707917E+03
          26    0.1501520641E+03    0.1227300914E+03    0.2674193252E+03
          27    0.1617895634E+03    0.1337092090E+03   -0.1789208717E+03
          28    0.1504513457E+03    0.1226342752E+03    0.2708389681E+03
          29    0.2402075769E+03    0.9387961075E+02   -0.2283918047E+03
          30    0.1681448411E+03    0.1301303909E+03   -0.1218325942E+03
          31    0.1603220088E+03    0.1346080528E+03    0.1623935824E+03
          32    0.1519454705E+03    0.1216357922E+03    0.2726844557E+03
          33    0.1573982488E+03    0.1254296623E+03   -0.3881624307E+03
          34    0.2416218942E+03    0.9135699709E+02   -0.2194354311E+03
          35    0.2416231980E+03    0.9137975682E+02   -0.2191158021E+03
          36    0.2416236022E+03    0.9138698768E+02   -0.2190137473E+03
          37    0.1608519165E+03    0.1340752593E+03   -0.1753706778E+03
          38    0.2416334907E+03    0.9160338452E+02   -0.2158469723E+03
          39    0.1614771795E+03    0.1339849705E+03   -0.1772047564E+03
          40    0.2416341261E+03    0.9162151748E+02   -0.2155717620E+03
          41    0.2416342630E+03    0.9162554174E+02   -0.2155104787E+03
          42    0.1506235741E+03    0.1203679431E+03    0.4562300617E+03
          43    0.1601757505E+03    0.1348971533E+03   -0.1757388835E+03
          44    0.2416372933E+03    0.9172948643E+02   -0.2139016992E+03
          45    0.1590661315E+03    0.1251700883E+03   -0.4428733611E+03
          46    0.2416381083E+03    0.9176515392E+02   -0.2133382064E+03
          47    0.1609909336E+03    0.1336124218E+03   -0.1745532888E+03
          48    0.2416404288E+03    0.9193712607E+02   -0.2105393053E+03
          49    0.2416405150E+03    0.9195448421E+02   -0.2102492536E+03
          50    0.2416405305E+03    0.9195833568E+02   -0.2101847088E+03
          51    0.2416405543E+03    0.9196507057E+02   -0.2100716783E+03
          52    0.2231810093E+03   -0.7843587812E+02    0.1486709478E+03
          53    0.1544612169E+03    0.1389607722E+03   -0.1334985687E+03
          54    0.1608559388E+03    0.1342277702E+03   -0.1754277713E+03
          55    0.2416395074E+03    0.9215747196E+02   -0.2067546146E+03
          56    0.1671458307E+03    0.1303554520E+03    0.1080207590E+03
          57    0.1516541635E+03    0.1214436031E+03    0.2478821372E+03
          58    0.1619987195E+03    0.1330421883E+03   -0.1643548769E+03
          59    0.2416391233E+03    0.9218263136E+02   -0.2063082613E+03
          60    0.1530108050E+03    0.1213599188E+03    0.2695018843E+03
          61    0.1557200284E+03    0.1380625683E+03   -0.1299000225E+03
          62    0.2342789217E+03    0.1753742329E+03   -0.6965562162E+02
          63    0.2406845125E+03    0.8891015416E+02   -0.2133629391E+03
          64    0.1609441259E+03    0.1341289956E+03   -0.1749086358E+03
          65    0.1540964696E+03    0.1183812287E+03    0.4161231951E+03
          66    0.1592786586E+03    0.1351564143E+03   -0.1710726908E+03
          67    0.1531470048E+03    0.1273185465E+03    0.2151320309E+03
          68    0.2246855213E+03    0.9797265790E+02    0.1179764106E+04
          69    0.1610307407E+03    0.1340271641E+03   -0.1743259710E+03
          70    0.2663609993E+03    0.1031296148E+03   -0.2158532916E+03
          71    0.1663805712E+03    0.1305236717E+03   -0.1011351954E+03
          72    0.1591111486E+03    0.1344738577E+03   -0.1269651417E+03
          73    0.1597903628E+03    0.1346047936E+03   -0.2410993625E+03
          74    0.2512574194E+03    0.1798671448E+03   -0.6842812907E+02
          75    0.1537620471E+03    0.1260317746E+03    0.3287564801E+03
          76    0.2416208132E+03    0.9266119323E+02   -0.1972572347E+03
          77    0.2531079783E+03    0.1790769125E+03   -0.7574843112E+02
          78    0.1547500446E+03    0.1386522477E+03   -0.1307436943E+03
          79    0.1541093339E+03    0.1390391632E+03   -0.1305440926E+03
          80    0.1595439920E+03    0.1315159951E+03   -0.1400297409E+03
          81    0.1526956845E+03    0.1165281706E+03    0.4004503645E+03
          82    0.2352029405E+03    0.1778578412E+03   -0.6276170325E+02
          83    0.1580544377E+03    0.1257895683E+03   -0.4003893555E+03
          84    0.1548150341E+03    0.1387667091E+03   -0.1306674326E+03
          85    0.1533630387E+03    0.1261586173E+03    0.2731126584E+03
          86    0.1582947086E+03    0.1234160746E+03   -0.3288878913E+03
          87    0.1610184618E+03    0.1341214104E+03   -0.1733493974E+03
          88    0.1514139186E+03    0.1394896769E+03   -0.1198156720E+03
          89    0.1536008109E+03    0.1390982762E+03   -0.1216130086E+03
          90    0.1559835064E+03    0.1350284837E+03   -0.1462459152E+03
          91    0.1527176571E+03    0.1194530450E+03    0.3642519908E+03
          92    0.2416063201E+03    0.9286784642E+02   -0.1930131334E+03
          93    0.2416039408E+03    0.9289708196E+02   -0.1923959499E+03
          94    0.1604276907E+03    0.1235749348E+03   -0.1566985956E+03
          95    0.1608471701E+03    0.1344541602E+03   -0.1719234564E+03
          96    0.1627766183E+03    0.1323611288E+03   -0.1627072771E+03
          97    0.1603865987E+03    0.1340959462E+03   -0.1696069507E+03
          98    0.1510912464E+03    0.1396984702E+03   -0.1259447224E+03
          99    0.1541987180E+03    0.1390428268E+03   -0.1300498414E+03
         100    0.1701800689E+03    0.1223379872E+03    0.3116168928E+03
