Model_ID, [(c_i,i=0,n)_j,j=1,ntask]
           1    0.1190505912E+02    0.4655734623E+02   -0.7586592011E+01
           2    0.2351439204E+01    0.5183042087E+02   -0.3462890649E+02
           3    0.2309576689E+01    0.5197178681E+02   -0.3438793166E+02
           4    0.2271699267E+01    0.5208973298E+02   -0.3415256000E+02
           5    0.4747508327E+01    0.2451260293E+02   -0.5913717390E+02
           6    0.8218608534E+01    0.3100310793E+02   -0.7327413831E+01
           7    0.4745205297E+01    0.2461263434E+02   -0.5783533685E+02
           8    0.2811155159E+01    0.4612957513E+02   -0.6929644356E+02
           9    0.2245089092E+01    0.5166948767E+02   -0.8904448844E+02
          10    0.8178249463E+01    0.3061952776E+02   -0.7840645887E+01
          11    0.2773760003E+01    0.4630401893E+02   -0.6857159146E+02
          12    0.2276148922E+01    0.5149108831E+02   -0.8951613106E+02
          13    0.1975008207E+01    0.5309751977E+02   -0.8474955674E+02
          14    0.1497218521E+02    0.2211326789E+02    0.1752184312E+02
          15    0.3065610909E+01    0.4566139276E+02   -0.6621021109E+02
          16    0.2672038701E+01    0.5100282577E+02   -0.3237771709E+02
          17    0.1508800749E+02    0.2261466580E+02   -0.1764633455E+02
          18    0.2166514762E+02    0.2217245633E+02   -0.8476064245E+01
          19    0.2697416743E+01   -0.1307315587E+02    0.6384429565E+02
          20    0.3022059581E+01   -0.4542945277E+02   -0.7018190707E+02
          21    0.2739882180E+01    0.4645246735E+02   -0.6790498728E+02
          22    0.2598056997E+01   -0.5110179071E+02   -0.3448291945E+02
          23    0.1331946203E+02    0.2095923392E+02   -0.8825741221E+01
          24    0.1372605226E+01    0.5509123131E+02   -0.7482507598E+02
          25    0.1905964221E+01    0.5250285110E+02   -0.3359201568E+02
          26    0.8651124026E+01    0.2964634514E+02   -0.4950028258E+01
          27    0.1387705222E+02    0.2325223889E+02   -0.1603168441E+02
          28    0.8856202332E+01    0.3145553618E+02    0.7968151360E+01
          29    0.2129128304E+01    0.5257498737E+02    0.3920259458E+02
          30    0.1872356625E+01    0.5263340399E+02   -0.3320747812E+02
          31    0.2089091363E+01    0.5271272575E+02    0.3888368274E+02
          32    0.5167358150E+01   -0.1749055290E+02   -0.1516346461E+02
          33    0.2992619472E+01    0.1317983500E+02   -0.1500901640E+02
          34    0.2293816938E+01    0.5216120263E+02   -0.8272204324E+02
          35    0.1992184083E+02    0.2212900506E+02   -0.7511072914E+01
          36    0.1752481504E+02    0.8242198411E+02   -0.1512011561E+02
          37    0.2053121023E+01    0.5282693502E+02    0.3856716197E+02
          38    0.1704227343E+01    0.5408424820E+02   -0.7347218448E+02
          39    0.2643005138E+01    0.5182762944E+02   -0.3619567417E+02
          40    0.1842749473E+01    0.5274076335E+02   -0.3282489734E+02
          41    0.1504184377E+02    0.8192039703E+02   -0.1257112051E+02
          42    0.1198544125E+02    0.2990483531E+02   -0.5624341074E+01
          43    0.2387382470E+01   -0.5142161925E+02   -0.8702282231E+02
          44    0.1451742903E+02    0.2118453515E+02   -0.6639368985E+01
          45    0.9986397092E+01    0.4820220080E+02   -0.6443493309E+01
          46    0.1357014932E+01    0.5937769413E+02   -0.5075758190E+02
          47    0.2647942912E+01    0.4706428019E+02   -0.5666667984E+02
          48    0.2139018104E+01    0.5101479845E+02   -0.4089357480E+02
          49    0.2100591710E+01    0.5116094110E+02   -0.4054874747E+02
          50    0.1343338215E+02    0.2086923587E+02   -0.8925258550E+01
          51    0.1307449229E+02    0.2114791702E+02   -0.8576339857E+01
          52    0.2309230557E+01    0.2226284280E+02    0.4710271184E+02
          53    0.9776317566E+01    0.4872327687E+02   -0.6391461666E+01
          54    0.2381534194E+01    0.4762868376E+02   -0.5858393932E+02
          55    0.2065939512E+01    0.5128370448E+02   -0.4021635458E+02
          56    0.9822055967E+01    0.4859895343E+02   -0.6395275259E+01
          57    0.2423996672E+01    0.5030189949E+02   -0.4060469413E+02
          58    0.2343711225E+01    0.4779147446E+02   -0.5812628535E+02
          59    0.1738958037E+02    0.8223293068E+02    0.1576910876E+02
          60    0.9737618882E+01    0.4813058476E+02   -0.6287023381E+01
          61    0.1654168039E+01    0.5368357442E+02   -0.7756360828E+02
          62    0.1079073898E+02    0.1236131398E+02   -0.1187747321E+02
          63    0.1479183288E+01    0.2799824801E+02   -0.6878480091E+02
          64    0.1551614130E+02    0.7976854295E+02   -0.1282114603E+02
          65    0.2236881706E+01    0.5254436421E+02   -0.3850296012E+02
          66    0.5777574287E+00    0.6138341193E+02   -0.4784886840E+02
          67    0.9784883110E+01    0.4800658510E+02   -0.6292735475E+01
          68    0.2384867275E+01    0.5045205641E+02   -0.4021120496E+02
          69    0.2414530999E+01    0.5025764983E+02   -0.4149775289E+02
          70    0.8925992213E+01    0.3002190274E+02   -0.8392910089E+01
          71    0.1411010414E+02    0.8140949283E+02   -0.1160767768E+02
          72    0.1691162977E+02    0.2189874489E+02   -0.7151954792E+01
          73   -0.3516927950E+00    0.1202014309E+02   -0.4805208983E+02
          74    0.2196558797E+01    0.5268182587E+02   -0.3815994835E+02
          75    0.1801311747E+02    0.8024738500E+02   -0.1537875721E+02
          76    0.1055465168E+02    0.2369358451E+02   -0.1021737817E+02
          77    0.2309264494E+01    0.4792871705E+02   -0.5771504151E+02
          78    0.1582562124E+01    0.5377353625E+02   -0.8195845415E+02
          79    0.9876866491E+01    0.4844931881E+02   -0.6403829478E+01
          80    0.3166701039E+01    0.1541187309E+02   -0.1255126630E+02
          81    0.2375716212E+01    0.5040826624E+02   -0.4108540557E+02
          82    0.3074337481E+01    0.1351115564E+02   -0.1429672402E+02
          83    0.1277270035E+01    0.2724351594E+02   -0.7331347446E+02
          84    0.2067083319E+01    0.2258134958E+02    0.4700601593E+02
          85    0.8902602352E+01    0.3022182920E+02   -0.8254559529E+01
          86    0.9841749029E+01    0.4785665281E+02   -0.6303650480E+01
          87    0.4731101457E+01    0.2459487404E+02    0.6466853610E+02
          88    0.2464763980E+01    0.2218107910E+02    0.3472374738E+02
          89    0.1531214045E+01    0.5845108677E+02   -0.4694315233E+02
          90    0.3490395457E+01   -0.1622640880E+02    0.1190385649E+02
          91    0.2349480670E+01    0.5057877588E+02   -0.3983424854E+02
          92    0.1693067639E+01    0.5776849631E+02   -0.4785037150E+02
          93    0.1686278378E+01    0.5350675765E+02   -0.7787526052E+02
          94    0.2160294843E+01    0.5279581392E+02   -0.3781954019E+02
          95    0.2044497546E+01    0.5254419123E+02   -0.9105056407E+02
          96    0.2549520491E+01    0.2235075412E+02   -0.3349314096E+02
          97   -0.1830449318E+01    0.9239647113E+01   -0.4798259950E+02
          98    0.1612145489E+02    0.4813357814E+02   -0.5966325380E+01
          99    0.2331784029E+01    0.5043063604E+02   -0.4165951279E+02
         100    0.2315973479E+01    0.5059000907E+02   -0.4072497233E+02
