        Rank        RMSE       MaxAE  Feature_ID
           1   27.950068   69.548003  (     831   16954)
           2   28.028774   74.961580  (     831   13769)
           3   28.106218   64.589174  (      12   12433)
           4   28.127882   68.752742  (      37   10017)
           5   28.161834   76.193890  (     831   14706)
           6   28.176957   88.175097  (      37   17002)
           7   28.399351   72.948528  (      12   13841)
           8   28.442173   73.044508  (       1   10001)
           9   28.450003   76.187507  (      21   10560)
          10   28.486923   73.377681  (      12   13101)
          11   28.519031   69.453041  (      12   10641)
          12   28.536463   72.084220  (      37   14540)
          13   28.548753   76.144157  (      12   16396)
          14   28.553956   69.159037  (      37   11394)
          15   28.567145   69.171125  (      37   11348)
          16   28.590729   64.008225  (      12   13405)
          17   28.597349   69.796632  (      12   14142)
          18   28.604349   73.372514  (      37   17670)
          19   28.622295   83.706638  (      12   10038)
          20   28.623317   70.598396  (      12   12430)
          21   28.623669   82.484765  (      12   10091)
          22   28.623938   80.899204  (       1   11354)
          23   28.632817   70.314207  (      12   12986)
          24   28.644652   68.269864  (       1   10004)
          25   28.647327   87.216273  (       9   19010)
          26   28.665636   80.342857  (       1   11373)
          27   28.666354   84.047937  (       1   10113)
          28   28.677536   68.231808  (       1   10002)
          29   28.726712   70.378364  (      12   14859)
          30   28.728322   69.345764  (       1   10005)
          31   28.743383   69.357875  (       1   10006)
          32   28.749408   73.518250  (       1   10003)
          33   28.765450   72.016511  (      37   10007)
          34   28.779892   72.022409  (      12   10922)
          35   28.785566   73.586586  (      12   12843)
          36   28.785627   74.069757  (     831   15095)
          37   28.804332   68.418836  (       1   10008)
          38   28.811914   70.844251  (      12   13794)
          39   28.819345   71.401839  (       1   10009)
          40   28.824123   71.059835  (      12   14388)
          41   28.829324   73.816349  (      37   12623)
          42   28.833082   71.559294  (     831   13974)
          43   28.838986   80.902408  (       1   10032)
          44   28.840035   85.337884  (      37   11794)
          45   28.844349   94.330568  (      37   15010)
          46   28.852789   71.312499  (      12   14330)
          47   28.880777   82.735977  (       1   10013)
          48   28.881247   78.077144  (     831   19779)
          49   28.881251   70.533202  (      37   10083)
          50   28.884187   65.629216  (      37   10560)
          51   28.888353   97.771347  (       1   10142)
          52   28.893528   71.615963  (      12   14322)
          53   28.894356   72.855355  (       1   13877)
          54   28.894746   81.106211  (       1   10010)
          55   28.897258   71.803461  (       1   10007)
          56   28.897646   71.836752  (      12   12882)
          57   28.904907   87.280883  (       9   14431)
          58   28.921524   72.515486  (      12   15446)
          59   28.927482   86.476928  (       1   10143)
          60   28.931237   86.395207  (       1   10137)
          61   28.941666   71.017386  (      12   15346)
          62   28.951655   79.120917  (       7   10001)
          63   28.953130   85.178990  (       1   10249)
          64   28.961385   75.487136  (      12   14598)
          65   28.981112   94.476721  (      12   10320)
          66   28.981292   61.185280  (      12   13349)
          67   28.987471   80.316610  (     831   11855)
          68   28.988040   71.153192  (      12   15766)
          69   28.988528   67.864165  (      37   10021)
          70   28.993275   85.235793  (       1   11808)
          71   28.994944   82.609942  (       1   10031)
          72   28.997015   80.394084  (       1   10061)
          73   28.998103   79.303796  (      76   14540)
          74   29.008347   70.289760  (     382   17102)
          75   29.011990   71.274190  (      12   17735)
          76   29.015602   73.449677  (       1   10011)
          77   29.032651   71.376712  (      12   18517)
          78   29.037356   68.266271  (      37   10002)
          79   29.039248   71.401619  (      12   14575)
          80   29.040428   83.048946  (       1   10022)
          81   29.040767   62.506497  (      12   15004)
          82   29.041227   71.322999  (      12   16307)
          83   29.049296   78.354494  (     831   18340)
          84   29.050798   81.171745  (      12   15366)
          85   29.055193   72.987934  (       1   14339)
          86   29.057971   71.401763  (     831   13870)
          87   29.066338   71.534057  (      12   14293)
          88   29.070592   83.160206  (      12   11867)
          89   29.071174   83.199743  (       1   10051)
          90   29.071853   81.175835  (      12   17126)
          91   29.076127   85.630993  (       1   10038)
          92   29.080538   74.857481  (       1   10021)
          93   29.086377   70.731340  (       1   14168)
          94   29.087101   64.670399  (    5660   11349)
          95   29.090772   73.827707  (     831   15530)
          96   29.097037   72.756841  (     879   17102)
          97   29.097222   73.856399  (     831   15124)
          98   29.106358   86.988548  (       7   10172)
          99   29.107169   80.556625  (       1   10016)
         100   29.109483   86.753371  (       1   10404)
