        Rank        RMSE       MaxAE  Feature_ID
           1   22.862404   62.375036  (    1703   11001)
           2   23.222841   49.530477  (       8   12011)
           3   23.329360   69.625511  (      15   14179)
           4   23.330049   59.666165  (    1703   10145)
           5   23.619922   65.431075  (      15   12212)
           6   23.664465   67.236123  (      15   14765)
           7   23.669918   71.771752  (    3908   16228)
           8   23.788414   58.508811  (    3617   10145)
           9   23.851751   49.018152  (     219   12011)
          10   23.862415   76.297617  (    3908   17098)
          11   23.915037   60.390855  (    1703   10195)
          12   23.952035   54.204612  (     329   10821)
          13   24.018707   55.369603  (    3070   10145)
          14   24.047651   59.266223  (     329   14179)
          15   24.052706   69.978929  (      15   11620)
          16   24.057226   68.536116  (      15   11696)
          17   24.059202   65.157735  (      15   10685)
          18   24.065134   67.553958  (      15   12800)
          19   24.087595   56.800347  (     306   12212)
          20   24.125475   50.510024  (      22   12011)
          21   24.150208   53.384029  (    3190   10821)
          22   24.166569   56.784816  (    1631   12011)
          23   24.166796   57.028994  (     192   12011)
          24   24.172932   51.850536  (    7858   12011)
          25   24.189145   72.020331  (    4491   16228)
          26   24.197269   73.709790  (      15   12578)
          27   24.215096   69.430577  (      15   10761)
          28   24.226783   53.543812  (     152   10103)
          29   24.232203   67.095084  (      15   10902)
          30   24.234543   48.739223  (     233   12011)
          31   24.245503   57.168234  (      11   13053)
          32   24.245532   68.549229  (     306   12772)
          33   24.252896   63.792563  (      20   10154)
          34   24.259148   71.905607  (      15   12597)
          35   24.268661   71.658609  (    5118   16228)
          36   24.281598   73.216920  (    3643   16228)
          37   24.285265   71.797204  (      15   18911)
          38   24.293325   64.483197  (      15   10821)
          39   24.293357   73.023945  (      15   15731)
          40   24.336142   73.730718  (      15   13837)
          41   24.343495   73.456019  (    3603   16228)
          42   24.344277   69.394407  (      15   11035)
          43   24.347893   52.228601  (      11   10899)
          44   24.356243   74.372225  (      15   11416)
          45   24.368880   78.603748  (    4948   17098)
          46   24.424490   71.486192  (      15   11851)
          47   24.428117   73.618795  (      15   14095)
          48   24.428298   68.862637  (      15   11842)
          49   24.432074   73.624720  (      15   14045)
          50   24.437455   74.574808  (      15   11195)
          51   24.438932   70.979774  (      15   12774)
          52   24.446302   76.576237  (    4491   17098)
          53   24.449736   73.652573  (      15   14596)
          54   24.455066   68.155713  (     306   12818)
          55   24.457557   73.648003  (      15   14653)
          56   24.464968   61.450247  (    3617   11001)
          57   24.470618   71.238454  (    6288   16228)
          58   24.472733   58.306093  (    3070   11001)
          59   24.473916   58.631200  (    1687   12011)
          60   24.474200   77.645691  (    3643   17098)
          61   24.483025   73.633739  (      15   14844)
          62   24.499042   62.200279  (      47   14765)
          63   24.503989   61.061740  (     866   10821)
          64   24.508489   69.028825  (      15   11854)
          65   24.509127   73.620043  (      15   15017)
          66   24.512389   73.390202  (      15   15963)
          67   24.517406   73.615884  (      15   15062)
          68   24.521948   77.859856  (    3603   17098)
          69   24.524976   74.461516  (    4948   16228)
          70   24.528136   75.197399  (      15   10127)
          71   24.531411   71.569518  (      15   14555)
          72   24.532607   69.125023  (      15   11358)
          73   24.532677   59.277160  (    3617   10195)
          74   24.537409   56.090394  (    3936   10059)
          75   24.537675   73.942332  (      15   14035)
          76   24.541671   76.253983  (    5118   17098)
          77   24.549103   53.521351  (      11   10563)
          78   24.557547   72.168384  (      15   10713)
          79   24.560785   69.120372  (      15   12127)
          80   24.566376   59.435573  (     306   14765)
          81   24.570931   69.127687  (      15   11716)
          82   24.574379   69.120527  (      15   11385)
          83   24.575120   56.838458  (      11   11273)
          84   24.591906   73.164816  (      15   16082)
          85   24.600867   69.462493  (      15   11583)
          86   24.609914   73.968361  (      15   16194)
          87   24.613924   57.186781  (     306   10685)
          88   24.622566   69.456139  (      15   11627)
          89   24.626674   52.916895  (     178   10563)
          90   24.632918   74.316960  (      15   14529)
          91   24.642698   73.825206  (    1390   14394)
          92   24.644620   69.450219  (      15   11666)
          93   24.652388   69.528481  (      15   11510)
          94   24.654012   73.558386  (      15   15977)
          95   24.660315   56.113280  (    3070   10195)
          96   24.661248   59.419060  (      11   13039)
          97   24.676556   72.451404  (     520   12166)
          98   24.684958   63.481378  (     306   14179)
          99   24.697024   62.521225  (     306   11222)
         100   24.702686   74.259874  (      15   14060)
