Model_ID, [(c_i,i=0,n)_j,j=1,ntask]
           1    0.2914113583E+03    0.2647236919E+03   -0.2309395677E+03
           2    0.2904841324E+03    0.2613736523E+03   -0.2390838968E+03
           3    0.2844119939E+03    0.2445555540E+03   -0.2029486276E+03
           4    0.2834218982E+03    0.2411257988E+03   -0.2116351550E+03
           5    0.3129953524E+03    0.2784960214E+03    0.1971992513E+03
           6    0.2924061357E+03    0.2681727495E+03   -0.2182889016E+03
           7    0.2826304212E+03    0.2382379918E+03   -0.2185023073E+03
           8    0.3007237426E+03    0.2807842970E+03    0.2001660421E+03
           9    0.2844226817E+03    0.2456940418E+03   -0.2029234818E+03
          10    0.2812825518E+03    0.2393995558E+03   -0.1960816695E+03
          11    0.2812379095E+03    0.2392522674E+03   -0.1963238934E+03
          12    0.2834254098E+03    0.2422214034E+03   -0.2114800443E+03
          13    0.3144349392E+03   -0.2906077754E+03    0.1953572046E+03
          14    0.3159784323E+03    0.2805361813E+03   -0.2233383482E+03
          15    0.2826288351E+03    0.2393006759E+03   -0.2182325390E+03
          16    0.2928711984E+03    0.2458279105E+03   -0.2277978604E+03
          17    0.2895835822E+03    0.2577924974E+03    0.2135965810E+03
          18    0.2813129736E+03    0.2405744321E+03   -0.1965883243E+03
          19    0.3188654350E+03    0.3182172900E+03   -0.9302360642E+03
          20    0.2812679968E+03    0.2404250782E+03   -0.1968269872E+03
          21    0.2913010141E+03    0.2649154604E+03   -0.2306015822E+03
          22    0.3170194460E+03    0.2835732971E+03   -0.2136165045E+03
          23    0.2892107643E+03    0.2572260780E+03    0.2226152574E+03
          24    0.2882845596E+03    0.2537282491E+03    0.2319628517E+03
          25    0.2886821189E+03    0.2544730229E+03    0.2210587918E+03
          26    0.2820113705E+03    0.2419217597E+03   -0.2204345758E+03
          27    0.3099612705E+03    0.2729246465E+03    0.2172162959E+03
          28    0.3162766863E+03    0.2898977314E+03   -0.2182076399E+03
          29    0.2831819177E+03    0.2460901072E+03   -0.1726712482E+03
          30    0.2903726010E+03    0.2615410854E+03   -0.2387219960E+03
          31    0.2883371005E+03    0.2576989119E+03    0.2175172142E+03
          32    0.1510959665E+03    0.1110154569E+03    0.1954876417E+04
          33    0.2929515530E+03    0.2471718771E+03   -0.2279630372E+03
          34    0.1376139796E+03    0.1008499726E+03    0.3385956298E+03
          35    0.2893939691E+03    0.2591917817E+03    0.2192979691E+03
          36    0.1478053331E+03    0.9756013484E+02   -0.1641396199E+03
          37    0.1477775979E+03    0.9760469490E+02   -0.1638172602E+03
          38    0.1408024891E+03    0.1007733807E+03    0.3614494969E+03
          39    0.2914964905E+03    0.2415601232E+03   -0.2347825074E+03
          40    0.2735572536E+03    0.2244532064E+03    0.5682972756E+03
          41    0.3134404857E+03   -0.2832291416E+03   -0.2048325485E+03
          42    0.2664845759E+03    0.2156963032E+03    0.2231419491E+03
          43    0.3133789013E+03    0.2732711019E+03    0.2199262901E+03
          44    0.3145675819E+03    0.2813856305E+03   -0.1984853154E+03
          45    0.3146260563E+03    0.2815407204E+03   -0.1981133771E+03
          46    0.3109099882E+03    0.2760901077E+03    0.2059781300E+03
          47    0.2896016452E+03    0.2571477874E+03    0.2018982540E+03
          48    0.2827836588E+03    0.2381225479E+03    0.1875147176E+03
          49    0.2900911936E+03    0.2558286948E+03   -0.2275809898E+03
          50    0.3181621692E+03    0.3174733457E+03   -0.8264892151E+03
          51    0.2832300459E+03    0.2473638520E+03   -0.1733177256E+03
          52    0.2884484030E+03   -0.2649294254E+03    0.2233617196E+03
          53    0.2889905228E+03    0.2589579403E+03    0.2187400051E+03
          54    0.2886762189E+03    0.2613819826E+03   -0.2066658131E+03
          55    0.2922968768E+03    0.2683899002E+03   -0.2179758878E+03
          56    0.2322241431E+03    0.1004157439E+03    0.2168382647E+03
          57    0.3144928056E+03   -0.2866762120E+03    0.1965177958E+03
          58    0.2886253151E+03    0.2612144005E+03   -0.2069428988E+03
          59    0.2802822357E+03    0.2436576615E+03   -0.1870858716E+03
          60    0.3189965017E+03    0.3185545966E+03   -0.4738420128E+03
          61    0.2754511637E+03    0.2253151671E+03    0.5657472704E+03
          62    0.2887386324E+03    0.2597991956E+03    0.2174014762E+03
          63    0.3182274854E+03    0.2869829612E+03   -0.2012038863E+03
          64    0.2734369101E+03   -0.2241316008E+03    0.5669303362E+03
          65    0.2035040667E+03    0.1514957633E+03   -0.3170364450E+03
          66    0.3109403506E+03    0.2780056908E+03    0.1666329670E+03
          67    0.2837834830E+03   -0.2450031323E+03    0.2227529302E+03
          68    0.2819445729E+03   -0.2457411293E+03    0.1961847105E+03
          69    0.2886464686E+03    0.2600583297E+03    0.2165180059E+03
          70    0.2880646000E+03    0.2555956063E+03    0.2274284171E+03
          71    0.2476717064E+03    0.2290356144E+03    0.1665735322E+03
          72    0.2815014925E+03    0.2346472992E+03    0.2014349283E+03
          73    0.2891818626E+03    0.2580857056E+03    0.2178703188E+03
          74    0.3125418584E+03   -0.2904690823E+03    0.1670431287E+03
          75    0.3144763810E+03    0.2765806497E+03    0.2090029932E+03
          76    0.3192761052E+03    0.3157824020E+03   -0.4348969256E+03
          77    0.1514118299E+03   -0.1117302464E+03   -0.1136106694E+04
          78    0.3209596081E+03    0.2958045878E+03    0.5679072361E+03
          79    0.3166214899E+03    0.2867080984E+03   -0.2202464458E+03
          80    0.2847826194E+03    0.2514389456E+03   -0.8501155499E+03
          81    0.2915640263E+03    0.2428415501E+03   -0.2347819813E+03
          82    0.2816662986E+03    0.2364501576E+03    0.1994567297E+03
          83    0.2744143369E+03    0.1334893881E+03    0.1220073796E+04
          84    0.1357014226E+03    0.1019404565E+03    0.3551479614E+03
          85    0.2892293529E+03    0.2578037731E+03    0.2171250595E+03
          86    0.2256441001E+03    0.1022880906E+03    0.2249932592E+03
          87    0.2877121082E+03    0.2567740491E+03    0.2248060595E+03
          88    0.2987081641E+03    0.2803937427E+03    0.1699745896E+03
          89    0.2020144997E+03    0.8288684800E+02   -0.6035422509E+04
          90    0.2727161623E+03    0.2225728005E+03    0.5622146635E+03
          91    0.1394844826E+03    0.1015890915E+03    0.3810689782E+03
          92    0.3128174746E+03    0.2869352280E+03    0.1903144007E+03
          93    0.3116837361E+03    0.2828045418E+03    0.2007677140E+03
          94    0.1495049030E+03    0.9703389281E+02   -0.1781166197E+03
          95    0.3113232723E+03   -0.2846715551E+03    0.2137511703E+03
          96    0.2820377357E+03    0.2354903080E+03    0.1919448980E+03
          97    0.2780339623E+03    0.2370478278E+03    0.5352521834E+03
          98    0.2807255161E+03    0.2316689840E+03    0.2092586306E+03
          99    0.2663636181E+03    0.2161454693E+03    0.2226764112E+03
         100    0.2053665328E+03   -0.1499443694E+03   -0.3158580661E+03
