        Rank        RMSE       MaxAE  Feature_ID
           1   33.375887   95.322277  (    7173   10001)
           2   33.558438   95.476888  (    1125   17889)
           3   33.599950   92.310690  (     916   11847)
           4   33.761948  101.258226  (    7173   10003)
           5   33.809764   91.734765  (    1125   13041)
           6   33.824937   91.022068  (    4495   11847)
           7   33.851263   95.562118  (     248   17889)
           8   33.899612   95.903119  (     288   19061)
           9   33.908360   91.633499  (    3961   19061)
          10   33.919422  100.574320  (     709   10004)
          11   33.943744  102.914298  (    9294   10307)
          12   33.957967  107.884287  (    8441   11847)
          13   33.974648   92.047790  (     916   16501)
          14   33.995804   82.863748  (     250   11408)
          15   34.003249  109.065073  (    9294   11298)
          16   34.005948   91.162871  (     728   11474)
          17   34.024880  103.411880  (    9294   10689)
          18   34.038188   91.528636  (    4495   16501)
          19   34.067941   89.178341  (      57   10013)
          20   34.069734   92.849555  (    1149   11474)
          21   34.074738  104.887557  (    1901   19061)
          22   34.079776   89.587569  (      79   12026)
          23   34.123065   99.568746  (    1747   10307)
          24   34.214738   89.269533  (     842   10521)
          25   34.266701   84.311854  (     370   10425)
          26   34.272388   90.694029  (    1792   12627)
          27   34.277612   99.945905  (    1747   10689)
          28   34.296685  103.306494  (     797   10004)
          29   34.311719   88.001988  (    1126   19061)
          30   34.312806   89.281039  (    3919   14466)
          31   34.337264  103.278131  (     742   10004)
          32   34.338323   92.168870  (     248   13041)
          33   34.338350   91.565654  (     416   10537)
          34   34.345397   92.094012  (     916   16010)
          35   34.359563   94.490259  (     859   19061)
          36   34.370507  101.050601  (     709   10002)
          37   34.382739  103.244771  (     707   10004)
          38   34.405883   89.810223  (     248   11425)
          39   34.408263  103.306818  (     803   10004)
          40   34.436817   96.699533  (     288   16478)
          41   34.438993   89.979103  (     842   11047)
          42   34.448091   90.082557  (    2809   14466)
          43   34.449746  102.996571  (     818   10004)
          44   34.457036   86.064218  (    2623   19061)
          45   34.458503   82.102016  (      18   10088)
          46   34.466510  100.804831  (       6   10018)
          47   34.477855   84.878193  (      18   11408)
          48   34.482304   90.003561  (     842   10773)
          49   34.487928   90.711406  (    8198   14466)
          50   34.498824   89.756716  (    4188   14466)
          51   34.511231   93.821063  (     465   16303)
          52   34.517301   89.044298  (    3919   17953)
          53   34.521232  103.188650  (     814   10004)
          54   34.521561   90.173270  (    3030   14466)
          55   34.530913   93.905933  (    2668   14532)
          56   34.531348   80.566420  (      18   11474)
          57   34.534870  103.521655  (    9294   10203)
          58   34.543922  107.679527  (    8441   16501)
          59   34.546676   91.368325  (    4495   16010)
          60   34.557516   85.120232  (     250   13217)
          61   34.559430   95.382491  (       5   10736)
          62   34.560467   96.247694  (     679   10002)
          63   34.569498  103.299012  (    9294   10171)
          64   34.569980   92.935468  (      15   10736)
          65   34.577656   90.592922  (    1125   13353)
          66   34.577806   92.529140  (    1889   11298)
          67   34.590892  101.585216  (     709   10005)
          68   34.611574  105.243063  (    9294   10534)
          69   34.611924  103.905803  (    9294   10415)
          70   34.612551   92.342842  (     304   12089)
          71   34.612950  100.504725  (    1747   10127)
          72   34.615601  102.493962  (     578   10004)
          73   34.617692   90.164658  (    2606   14466)
          74   34.621078   91.071958  (    1125   11722)
          75   34.621284   99.962750  (    1747   10171)
          76   34.624668  104.040352  (    9294   10483)
          77   34.626859   93.809334  (     465   11685)
          78   34.627185   94.685924  (     304   11474)
          79   34.635861   95.119902  (    3961   16478)
          80   34.639795  100.132719  (    1747   10203)
          81   34.650026   90.499339  (    1125   13817)
          82   34.650989  108.279077  (    8441   16010)
          83   34.651243  102.558569  (     608   10004)
          84   34.660963   94.025515  (    8198   13634)
          85   34.662476  103.802559  (    9294   10406)
          86   34.665274   89.823521  (    2809   17953)
          87   34.680194  103.374089  (    9294   10131)
          88   34.682292   98.438053  (     254   12026)
          89   34.682610   99.675114  (       6   10059)
          90   34.683983   86.383257  (     370   11187)
          91   34.687540  101.908698  (     692   10004)
          92   34.688743   99.697111  (     427   19061)
          93   34.696721   78.375467  (     465   11226)
          94   34.702575   89.512768  (    1203   14466)
          95   34.702681  103.821525  (     797   10002)
          96   34.704038   92.825863  (    7773   11412)
          97   34.705056  102.240738  (     676   10004)
          98   34.707499   77.306819  (     255   12089)
          99   34.715479  102.267095  (     571   10004)
         100   34.716477   92.550000  (     728   10088)
