Model_ID, [(c_i,i=0,n)_j,j=1,ntask]
           1    0.1888335189E+03   -0.1086368107E+03   -0.4361843281E+04
           2    0.1863612929E+03   -0.1179619588E+03    0.4113079561E+05
           3    0.1872488077E+03   -0.1108243529E+03   -0.4546505868E+04
           4    0.1865185584E+03   -0.1109562077E+03   -0.4505659430E+04
           5    0.1864859172E+03   -0.1109743744E+03   -0.4506065182E+04
           6    0.1832870425E+03   -0.1159351819E+03   -0.5682695081E+04
           7    0.1863039999E+03   -0.1110094227E+03   -0.4496566758E+04
           8    0.1860875569E+03   -0.1111154531E+03   -0.4492968474E+04
           9    0.1879254965E+03   -0.1096317713E+03   -0.4343298010E+04
          10    0.1859368496E+03   -0.1112195035E+03   -0.4485963602E+04
          11    0.1847923540E+03   -0.1118343642E+03   -0.4444774116E+04
          12    0.1857866224E+03   -0.1113198225E+03   -0.4477471494E+04
          13    0.1855723342E+03   -0.1113911376E+03   -0.4459005457E+04
          14    0.1832286819E+03   -0.1132299832E+03    0.3944900071E+04
          15    0.1870759288E+03   -0.1103970550E+03   -0.4433304672E+04
          16    0.1853974596E+03   -0.1113470055E+03   -0.4415751744E+04
          17    0.1853659972E+03   -0.1113508195E+03   -0.4410042686E+04
          18    0.1859695394E+03   -0.1097180875E+03   -0.4353685382E+04
          19    0.1833828715E+03   -0.1123145572E+03   -0.4269048294E+04
          20    0.1849212062E+03   -0.1107866620E+03    0.2900798567E+04
          21    0.1858963336E+03   -0.1120084606E+03   -0.4304996892E+04
          22    0.1838098977E+03    0.1100516089E+03    0.2889936989E+04
          23    0.1819450833E+03   -0.1115897495E+03    0.1079674842E+05
          24    0.1844805161E+03   -0.1109791986E+03    0.2828209908E+04
          25    0.1845026247E+03   -0.1214397588E+03   -0.1513859487E+05
          26    0.1843693052E+03   -0.1110254579E+03    0.2819267935E+04
          27    0.1979478314E+03   -0.1072805294E+03    0.1377094434E+04
          28    0.1834405850E+03   -0.1116635657E+03    0.2808739641E+04
          29    0.1842417554E+03   -0.1110937189E+03    0.2819080022E+04
          30    0.2538067480E+03    0.8985551570E+02   -0.4383446853E+04
          31    0.1841530196E+03   -0.1111741696E+03    0.2814987884E+04
          32    0.1829551388E+03   -0.1111429704E+03    0.2754393332E+04
          33    0.1835569353E+03   -0.1104282018E+03   -0.2548001829E+04
          34    0.1840651193E+03   -0.1112542093E+03    0.2810406624E+04
          35    0.1847120112E+03   -0.1111324223E+03   -0.4226056539E+04
          36    0.1839439154E+03   -0.1113203689E+03    0.2805280416E+04
          37    0.1841263198E+03   -0.1105129363E+03    0.2728400544E+04
          38    0.1884645443E+03   -0.1091119487E+03   -0.4245164579E+04
          39    0.1985771416E+03    0.1075378480E+03    0.2775434778E+04
          40    0.1970814430E+03   -0.1080446448E+03    0.1378149040E+04
          41    0.1902255534E+03   -0.1111174927E+03    0.2912087870E+05
          42    0.1903289999E+03   -0.1111347455E+03    0.2911844327E+05
          43    0.1838492520E+03   -0.1113607303E+03    0.2785238860E+04
          44    0.1848955164E+03   -0.1106779061E+03    0.2790179675E+04
          45    0.1888946157E+03   -0.1072511839E+03    0.2461294031E+04
          46    0.1890954329E+03   -0.1117197948E+03    0.2853689713E+05
          47    0.1842998576E+03   -0.1118173686E+03    0.2797193996E+04
          48    0.1815670600E+03   -0.1120905075E+03   -0.3913808885E+04
          49    0.1967815494E+03   -0.1084519294E+03    0.1353863668E+04
          50    0.1894152659E+03   -0.1076306944E+03    0.4309706040E+04
          51    0.1973203524E+03   -0.1079824974E+03    0.1323541690E+04
          52    0.1841955489E+03   -0.1082143963E+03   -0.2512162494E+04
          53    0.1864986857E+03   -0.1180360587E+03    0.1160350208E+06
          54    0.1896816334E+03   -0.1114632245E+03    0.2892357763E+05
          55    0.1833860712E+03   -0.1176769804E+03    0.3229804275E+04
          56    0.1896646571E+03   -0.1114674560E+03    0.2891242055E+05
          57    0.1792563355E+03   -0.1178616728E+03   -0.2007943180E+03
          58    0.1896476551E+03   -0.1114715801E+03    0.2890097868E+05
          59    0.1884964339E+03   -0.1120380136E+03    0.2856793506E+05
          60    0.1826598134E+03   -0.1161335869E+03    0.3136694581E+04
          61    0.1872856888E+03   -0.1099857025E+03    0.4616696570E+04
          62    0.1835208569E+03   -0.1115090484E+03    0.2669359471E+04
          63    0.1963232154E+03   -0.1088344191E+03    0.1350304622E+04
          64    0.1862854509E+03   -0.1103992438E+03    0.4556946013E+04
          65    0.1844302170E+03   -0.1099073076E+03   -0.4133425835E+04
          66    0.1864805697E+03   -0.1103207138E+03    0.4551953161E+04
          67    0.1838885531E+03   -0.1112228807E+03    0.2886953060E+04
          68    0.1907450808E+03   -0.1106598275E+03    0.2859023001E+05
          69    0.1840290944E+03   -0.1116547452E+03   -0.4138908159E+04
          70    0.1929374063E+03   -0.1107103216E+03    0.1308923535E+04
          71    0.1870121503E+03   -0.1100165120E+03    0.4494867850E+04
          72    0.1918283159E+03   -0.1090249581E+03   -0.3517346160E+04
          73    0.1835886588E+03   -0.1038149163E+03    0.5350777977E+04
          74    0.1861094819E+03   -0.1142603682E+03    0.3007874075E+04
          75    0.3394555189E+03   -0.2802135024E+03   -0.5573002952E+03
          76    0.1860799315E+03   -0.1105094677E+03    0.4553325453E+04
          77    0.1856206023E+03   -0.1060306513E+03   -0.4008109032E+04
          78    0.1890965050E+03   -0.1117634066E+03    0.2857415639E+05
          79    0.1957394699E+03   -0.1091606583E+03    0.1345509628E+04
          80    0.1860896223E+03   -0.1117546604E+03    0.4732382907E+04
          81    0.1841529920E+03   -0.1170700212E+03    0.3229422490E+04
          82    0.1990215626E+03   -0.1176199147E+03   -0.8224371229E+03
          83    0.1942872496E+03   -0.1091875494E+03    0.1334971287E+04
          84    0.1850359484E+03   -0.1156975091E+03    0.3136756207E+04
          85    0.1859334026E+03   -0.1106403917E+03    0.4539446178E+04
          86    0.1848090677E+03   -0.1114168186E+03    0.4470744642E+04
          87    0.1889713697E+03   -0.1116684894E+03    0.2836485826E+05
          88    0.1819640885E+03   -0.1116032382E+03    0.3097022582E+04
          89    0.1857885328E+03   -0.1107702606E+03    0.4523364653E+04
          90    0.1977777679E+03    0.1124436530E+03    0.2405205492E+04
          91    0.1977785920E+03    0.1124221284E+03    0.2406543367E+04
          92    0.1953576387E+03   -0.1093479683E+03    0.1333163966E+04
          93    0.1847033139E+03   -0.1131380089E+03    0.5676327894E+04
          94    0.1828565011E+03   -0.1098415700E+03    0.7403707982E+03
          95    0.1876721550E+03   -0.1089844627E+03    0.2356569060E+04
          96    0.1884263367E+03   -0.1089923531E+03    0.4172296210E+04
          97    0.1948759447E+03   -0.1097209029E+03    0.1347047163E+04
          98    0.1871676719E+03   -0.1095413425E+03    0.2441449043E+04
          99    0.1809020121E+03   -0.1135668034E+03    0.2459174397E+04
         100    0.1841017103E+03   -0.1123338765E+03   -0.2811322280E+04
