     Index              y_true              y_pred        descriptor_1        descriptor_2
         1    0.7420000000E+02    0.5740986849E+02   -0.1566076900E+00   -0.4770711732E-01
         2    0.4537000000E+02    0.3744402474E+02   -0.2959579400E+00    0.1057073075E-02
         3    0.5301000000E+02    0.4921277627E+02   -0.5525160600E+00   -0.7235719758E-01
         4    0.5100000000E+02    0.5078348384E+02   -0.1598484800E+00   -0.2585072665E-01
         5    0.2622000000E+02    0.3022265546E+02   -0.5580831000E+00   -0.9229705056E-02
         6    0.3007000000E+02    0.2840978805E+02   -0.5763132900E+00   -0.5537591951E-02
         7    0.6511000000E+02    0.4787566313E+02   -0.3005968000E-01    0.1045693922E-02
         8    0.6056000000E+02    0.6955459284E+02    0.1000776200E+00   -0.5469450756E-01
         9    0.3120000000E+02    0.2676153944E+02   -0.6991786200E+00   -0.1619931308E-01
        10    0.6524000000E+02    0.6783941717E+02   -0.1200246000E-01   -0.6370870283E-01
        11    0.1850000000E+02    0.2860772026E+02   -0.5285540000E+00    0.9571527000E-04
        12    0.1464000000E+02    0.4532716310E+02   -0.2323626800E+00   -0.1706554520E-01
        13    0.2078000000E+02    0.2534817636E+02   -0.6049929600E+00    0.9757403040E-03
        14    0.8872000000E+02    0.6568886493E+02    0.3687921500E+00   -0.6253953030E-02
        15    0.2680000000E+02    0.4236586884E+02   -0.8278080000E-02    0.2244729344E-01
        16    0.8285000000E+02    0.9235638571E+02    0.7140649800E+00   -0.5039620653E-01
        17    0.5774000000E+02    0.4226646521E+02   -0.3061279400E+00   -0.1650158582E-01
        18    0.5646000000E+02    0.6770198878E+02    0.4455008000E+00   -0.2906832880E-02
        19    0.6900000000E+02    0.7063296930E+02    0.3901863500E+00   -0.2005877916E-01
        20    0.2548000000E+02    0.1959720592E+02   -0.7547119000E+00    0.5693298000E-03
        21    0.5060000000E+01    0.2425711325E-01   -0.6519997000E+00    0.7993766614E-01
        22    0.3682000000E+02    0.5376288989E+02    0.6606554800E+00    0.7234541722E-01
        23    0.3187000000E+02    0.2603269495E+02   -0.6475542900E+00   -0.6939599136E-02
        24    0.7737000000E+02    0.6265418215E+02    0.1000000000E+01    0.8720082000E-01
        25    0.6942000000E+02    0.7080943645E+02    0.5461482800E+00   -0.8253377100E-04
        26    0.4307000000E+02    0.4960555585E+02    0.8333996000E-01    0.1018443298E-01
        27    0.4263000000E+02    0.5473700672E+02    0.1946083600E+00    0.7603012074E-02
        28    0.3615000000E+02    0.3895077895E+02   -0.3493375000E+00   -0.1105016299E-01
        29    0.1790000000E+02    0.3716362134E+02   -0.4059262800E+00   -0.1250359077E-01
        30    0.9080000000E+02    0.7458382212E+02    0.4899974400E+00   -0.2018107118E-01
        31    0.3200000000E+01    0.1014655810E+02   -0.1000000000E+01    0.0000000000E+00
        32    0.6660000000E+02    0.7169740463E+02    0.4481174400E+00   -0.1599787833E-01
        33    0.2067000000E+02    0.2065301406E+02   -0.8780340000E+00   -0.1924608504E-01
        34    0.6029000000E+02    0.6343118700E+02    0.1298305600E+00   -0.3017806549E-01
        35    0.5015000000E+02    0.3756303117E+02   -0.3006025000E+00    0.4430025600E-04
        36    0.7520000000E+02    0.7011240581E+02    0.4737724200E+00   -0.7284085200E-02
        37    0.6276000000E+02    0.5285453055E+02   -0.7266060000E-02   -0.1269146830E-01
        38    0.1790000000E+02    0.2730677956E+02   -0.6026063500E+00   -0.5296062720E-02
        39    0.2817000000E+02    0.1659993651E+02   -0.8980870400E+00   -0.8260801380E-02
        40    0.6383000000E+02    0.5904730117E+02    0.1724141400E+00   -0.9819219168E-02
        41    0.2720000000E+02    0.2661767452E+02   -0.5989862100E+00   -0.2501219774E-02
        42    0.5090000000E+02    0.5114931357E+02    0.7612600000E-01    0.4041499566E-02
