        Rank        RMSE       MaxAE  Feature_ID
           1    8.309844   17.483886  (     324   10005)
           2    8.375700   22.052549  (    1555   14778)
           3    8.450069   17.566594  (     324   10004)
           4    8.490418   18.772106  (     452   10024)
           5    8.514429   17.076953  (     324   10024)
           6    8.560736   20.493027  (     139   10005)
           7    8.634242   20.748136  (     139   10004)
           8    8.669123   21.518761  (      98   10004)
           9    8.673736   20.300735  (     191   10028)
          10    8.711967   19.285003  (    2390   14778)
          11    8.722478   21.034800  (      98   10005)
          12    8.733500   19.025162  (     452   10005)
          13    8.739170   21.783331  (     488   10004)
          14    8.740906   21.561233  (     488   10005)
          15    8.777844   20.817075  (     326   10028)
          16    8.789981   20.825358  (     326   10005)
          17    8.805676   20.969143  (     139   10024)
          18    8.814907   22.247510  (    2604   10005)
          19    8.824816   17.993905  (     452   10393)
          20    8.834879   26.274785  (    3273   11024)
          21    8.835618   17.658322  (     311   10621)
          22    8.839204   21.628437  (    7270   12448)
          23    8.853427   20.656353  (     326   10443)
          24    8.853709   21.690836  (    7270   12284)
          25    8.853789   19.641020  (     139   10028)
          26    8.861294   20.879649  (    7313   10028)
          27    8.865279   23.193719  (    3273   10303)
          28    8.877391   22.058436  (    1311   10005)
          29    8.892155   21.148377  (    6675   14763)
          30    8.892402   21.996772  (    1311   10028)
          31    8.895406   22.577889  (    2604   10024)
          32    8.898826   18.338798  (     452   10621)
          33    8.905867   17.003255  (     324   10393)
          34    8.916396   22.144712  (      47   10028)
          35    8.919157   20.370375  (     488   10028)
          36    8.920871   24.026581  (    2677   10005)
          37    8.924448   23.378596  (    3273   11104)
          38    8.925662   21.454278  (    6675   17840)
          39    8.937680   19.586111  (     139   10621)
          40    8.942300   21.187261  (    7270   10005)
          41    8.949424   20.477738  (     326   10024)
          42    8.952373   24.349298  (    2677   10004)
          43    8.957323   17.900490  (     311   10024)
          44    8.961175   22.638159  (    1311   10004)
          45    8.961504   26.657963  (    7359   10021)
          46    8.963247   22.861880  (     675   10005)
          47    8.966112   21.382820  (     326   10004)
          48    8.968075   26.644585  (    7611   10021)
          49    8.972849   17.757544  (     311   10443)
          50    8.972951   23.922505  (    2680   14778)
          51    8.975138   26.630672  (    7867   10021)
          52    8.985031   23.152802  (    7270   10054)
          53    8.987334   20.614926  (     182   14778)
          54    8.990812   18.775919  (     324   10441)
          55    9.005895   21.326063  (    5747   10028)
          56    9.007291   20.411820  (    1137   10028)
          57    9.008916   23.486814  (    3273   10870)
          58    9.008920   20.348230  (     326   10621)
          59    9.009273   21.461989  (     212   10004)
          60    9.010115   23.294929  (    3273   11325)
          61    9.010176   23.330934  (    3273   11175)
          62    9.010786   22.931289  (    7270   11574)
          63    9.012548   23.205930  (    3273   10950)
          64    9.016776   18.373965  (     311   10005)
          65    9.016939   23.330160  (     193   10024)
          66    9.020267   23.316095  (    3273   11237)
          67    9.021574   20.939062  (    1349   11854)
          68    9.024115   20.945652  (    1311   10441)
          69    9.024446   21.781807  (    2677   10028)
          70    9.024675   20.690571  (     452   11499)
          71    9.025107   20.333785  (    1573   10028)
          72    9.028813   17.559941  (     324   10621)
          73    9.034701   18.520949  (     452   10441)
          74    9.035629   23.193928  (    3273   10897)
          75    9.048541   23.084689  (    3273   10315)
          76    9.050810   20.808992  (    6134   13956)
          77    9.052636   21.786941  (    7270   10004)
          78    9.053346   20.386782  (     452   11059)
          79    9.053543   21.200383  (      47   10441)
          80    9.056064   21.643189  (    7270   10082)
          81    9.056319   22.314902  (    7270   15825)
          82    9.056633   20.511678  (     488   10621)
          83    9.056658   19.188864  (     139   10443)
          84    9.056774   23.729368  (     193   10005)
          85    9.058272   22.256134  (      47   10005)
          86    9.058676   22.353895  (    7270   14691)
          87    9.060527   21.027502  (    2604   10621)
          88    9.061343   24.379882  (    4579   10078)
          89    9.062516   22.699604  (    2604   10004)
          90    9.063388   20.763704  (      98   10024)
          91    9.064249   22.143643  (    7270   17405)
          92    9.064525   23.592588  (    4209   14778)
          93    9.064792   21.130318  (      98   10028)
          94    9.064912   20.673524  (     452   10652)
          95    9.065448   23.262216  (    3273   11518)
          96    9.065463   24.215695  (    2666   10004)
          97    9.066708   22.094565  (     488   10024)
          98    9.067612   23.259652  (    3273   11534)
          99    9.067813   16.944482  (     324   10028)
         100    9.068706   22.251047  (    7313   10443)
