     Index              y_true              y_pred        descriptor_1        descriptor_2
         1    0.3340000000E+03    0.3271405786E+03    0.3788941900E+00    0.2007401890E-01
         2    0.2720000000E+03    0.3484528707E+03    0.3081524900E+00   -0.6930405395E-02
         3    0.1744500000E+03    0.1666771059E+03   -0.4364962600E+00    0.0000000000E+00
         4    0.1721500000E+03    0.1900552443E+03   -0.3207191500E+00    0.2424428778E-02
         5    0.2050000000E+02    0.3643498375E+02   -0.1000000000E+01    0.0000000000E+00
         6    0.1984000000E+03    0.1989668915E+03   -0.2033438100E+00    0.1548627893E-01
         7    0.1875850000E+03    0.1910013462E+03   -0.3469120600E+00   -0.2594646281E-02
         8    0.8981300000E+02    0.8066370375E+02   -0.8086406400E+00    0.0000000000E+00
         9    0.2677000000E+03    0.2619620046E+03   -0.2808345000E-01   -0.6372795332E-03
        10    0.2300000000E+03    0.2412612190E+03    0.8092976000E-01    0.3227108261E-01
        11    0.4610000000E+03    0.4234198511E+03    0.3149077600E+00   -0.5956269093E-01
        12    0.1338500000E+03    0.1228695586E+03   -0.6260333800E+00    0.0000000000E+00
        13    0.3116500000E+03    0.2792420242E+03    0.4583965000E-01   -0.7765498509E-03
        14    0.3124500000E+03    0.3303966710E+03    0.5641452000E-01   -0.3570226131E-01
        15    0.3525250000E+03    0.3799012143E+03    0.2735685600E+00   -0.3521033900E-01
        16    0.2256100000E+03    0.2156331825E+03   -0.3274129000E+00   -0.1702440130E-01
        17    0.2482000000E+03    0.2588842337E+03    0.2413615000E-01    0.1022338327E-01
        18    0.2234200000E+03    0.2021578895E+03   -0.3115829900E+00   -0.4739187291E-02
        19    0.1832000000E+03    0.1822424011E+03   -0.3524440100E+00    0.2768809826E-02
        20    0.3590000000E+03    0.3520032304E+03    0.4110458300E+00    0.7575549054E-02
        21    0.3092000000E+03    0.3069035456E+03    0.1897229400E+00    0.3234450890E-02
        22    0.3958500000E+03    0.3652805565E+03    0.3109887000E+00   -0.1852593778E-01
        23    0.3410000000E+03    0.3585004868E+03    0.3587471200E+00   -0.5750015583E-02
        24    0.2138000000E+03    0.2577898559E+03   -0.3708355000E-01    0.8626709194E-03
        25    0.3535000000E+03    0.3486185730E+03    0.2684382800E+00   -0.1363069222E-01
        26    0.1839000000E+03    0.1611538006E+03   -0.3474115500E+00    0.1872344727E-01
        27    0.2375000000E+03    0.2289179290E+03   -0.4245376000E-01    0.2067405959E-01
        28    0.4062400000E+03    0.3940172368E+03    0.3513319500E+00   -0.3244458790E-01
        29    0.1591000000E+03    0.1822975575E+03   -0.3665049000E+00    0.3990781260E-03
        30    0.3474000000E+03    0.3619463487E+03    0.2465687400E+00   -0.2681102873E-01
        31    0.3410000000E+03    0.3535755480E+03    0.3721359200E+00    0.0000000000E+00
        32    0.3670000000E+03    0.3331255401E+03    0.4033232400E+00    0.1983117133E-01
        33    0.2606000000E+03    0.2268962351E+03   -0.1685107400E+00    0.1233341787E-02
        34    0.3200000000E+03    0.3367442316E+03    0.8710704000E-01   -0.3516710633E-01
        35    0.1114000000E+03    0.1456959054E+03   -0.3877053800E+00    0.2312931858E-01
        36    0.2287000000E+03    0.2590621476E+03    0.1177280000E+00    0.2560594974E-01
        37    0.2800000000E+03    0.2715608872E+03    0.2171434700E+00    0.3311950608E-01
        38    0.2362500000E+03    0.2021028396E+03   -0.1722134500E+00    0.1839673863E-01
        39    0.3410000000E+03    0.3197955334E+03    0.8919072000E-01   -0.2266947840E-01
        40    0.3137600000E+03    0.3155595454E+03    0.2058651200E+00   -0.2968553339E-03
        41    0.2443500000E+03    0.2197982069E+03   -0.6843217000E-01    0.2290778791E-01
        42    0.1516000000E+03    0.1619442848E+03   -0.4451436100E+00    0.1960413955E-02
