Model_ID, [(c_i,i=0,n)_j,j=1,ntask]
           1    0.3741302725E+03    0.2781192054E+03   -0.1008972877E+04
           2    0.3601962795E+03    0.2673035250E+03    0.3809356441E+03
           3    0.3626709044E+03    0.2717765551E+03    0.3656614153E+03
           4    0.3753335923E+03    0.2822161980E+03    0.9878529917E+03
           5    0.3648046169E+03    0.2723633800E+03    0.3432563318E+03
           6    0.3604998287E+03    0.2613185722E+03    0.2514191366E+03
           7    0.3614944105E+03    0.2659240785E+03    0.1669716354E+03
           8    0.3617876761E+03    0.2645800918E+03    0.1685322746E+03
           9    0.3619676271E+03    0.2643919354E+03    0.1681947704E+03
          10    0.3616451893E+03    0.2647996335E+03    0.1684186896E+03
          11    0.3757169828E+03    0.2840784811E+03    0.9698321777E+03
          12    0.3640913400E+03    0.2707340185E+03    0.1594545796E+03
          13    0.3644037458E+03    0.2694994274E+03    0.1607469083E+03
          14    0.3645677456E+03    0.2693089276E+03    0.1604775935E+03
          15    0.3642676897E+03    0.2697065312E+03    0.1606223104E+03
          16    0.3660745228E+03    0.2745208879E+03   -0.3321485678E+03
          17    0.3646628734E+03    0.2699488316E+03   -0.1596526083E+03
          18    0.3621097705E+03    0.2589565532E+03    0.1606271098E+03
          19    0.3136984713E+03    0.2526473568E+03   -0.1870843168E+04
          20    0.3631451188E+03    0.2602524605E+03    0.1661132490E+03
          21    0.3635257757E+03    0.2669219133E+03    0.2365874537E+03
          22    0.3645929099E+03    0.2639019028E+03    0.1535590169E+03
          23    0.3656608366E+03    0.2652987318E+03    0.1585861897E+03
          24    0.3633881427E+03    0.2669299472E+03    0.1662643187E+03
          25    0.3658644780E+03    0.2716638972E+03    0.1592103861E+03
          26    0.3715140738E+03    0.2750540732E+03    0.9822582013E+03
          27    0.3622773210E+03    0.2657818658E+03    0.1633080729E+03
          28    0.3648070485E+03    0.2705646330E+03    0.1562656251E+03
          29    0.3706385358E+03    0.2765136645E+03    0.9781044384E+03
          30    0.3609496178E+03    0.2628856080E+03    0.1620935928E+03
          31    0.3643780629E+03    0.2667899042E+03    0.1618974466E+03
          32    0.3600551722E+03    0.2685807449E+03    0.1764513372E+03
          33    0.3625459144E+03    0.2636440442E+03    0.1644477544E+03
          34    0.3639268467E+03    0.2654292929E+03    0.1635835078E+03
          35    0.3663391671E+03    0.2701507180E+03    0.1568041122E+03
          36    0.3635226028E+03    0.2677111860E+03    0.1546895353E+03
          37    0.3650618816E+03    0.2684879584E+03    0.1571046349E+03
          38    0.3617822843E+03    0.2679713098E+03    0.1577369931E+03
          39    0.3586841083E+03    0.2666916532E+03    0.9121486838E+02
          40    0.3626723073E+03    0.2566125652E+03    0.1519599523E+03
          41    0.3538655580E+03    0.2615387823E+03    0.1947080207E+03
          42    0.3545328071E+03    0.2582114249E+03    0.1961778125E+03
          43    0.3541465917E+03    0.2599375594E+03    0.1966360992E+03
          44    0.3540868059E+03    0.2598316299E+03    0.1968033878E+03
          45    0.3539488817E+03    0.2601699044E+03    0.1968182367E+03
          46    0.3734186686E+03    0.2755384860E+03    0.9927907746E+03
          47    0.3522587727E+03    0.2549892077E+03    0.9952110117E+02
          48    0.3544262077E+03    0.2597687166E+03    0.1957031188E+03
          49    0.3671770905E+03    0.2740573553E+03    0.1468856429E+03
          50    0.3542866681E+03    0.2577890283E+03    0.1896618300E+03
          51    0.3609997178E+03    0.2648154034E+03    0.1580040174E+03
          52    0.3614455791E+03    0.2695244853E+03    0.1593545995E+03
          53    0.3639117921E+03    0.2739657964E+03    0.1527422967E+03
          54    0.3597560388E+03    0.2597841445E+03    0.1662530727E+03
          55    0.3634930414E+03    0.2694302024E+03    0.1511490250E+03
          56    0.3536040230E+03    0.2573861385E+03    0.1452814082E+03
          57    0.3692986838E+03    0.2790443332E+03   -0.2291115870E+03
          58    0.3682118469E+03    0.2769267733E+03    0.2331138508E+03
          59    0.3675662147E+03    0.2757524364E+03   -0.1564674742E+03
          60    0.3604026227E+03    0.2598298689E+03    0.1518980664E+03
          61    0.3702422204E+03    0.2798009467E+03    0.9198480967E+03
          62    0.3650378482E+03    0.2756867080E+03    0.1564694320E+03
          63    0.3625666844E+03    0.2712115780E+03    0.1633185307E+03
          64    0.3652532775E+03    0.2713021894E+03   -0.1625879584E+03
          65    0.3139425505E+03    0.2561630096E+03   -0.2010453774E+04
          66    0.3628476659E+03    0.2644992473E+03    0.1453386670E+03
          67    0.3707071558E+03    0.2873628381E+03   -0.3402523330E+03
          68    0.3126044342E+03    0.2519291734E+03   -0.1874335462E+04
          69    0.3650272496E+03    0.2578323122E+03    0.1550527529E+03
          70    0.3715085006E+03    0.2887154002E+03    0.3337358967E+03
          71    0.3698837235E+03    0.2783525422E+03    0.9419790666E+03
          72    0.3539760660E+03    0.2601534099E+03    0.3015489937E+03
          73    0.3232096115E+03   -0.2174126393E+03    0.1163280089E+04
          74    0.3588600597E+03    0.2738959768E+03    0.3015773521E+03
          75    0.3620854477E+03    0.2643785087E+03    0.3845110021E+03
          76    0.3581202380E+03    0.2661842876E+03   -0.1806605423E+03
          77    0.3554459584E+03    0.2542298399E+03    0.1814123116E+03
          78    0.3568870874E+03    0.2702462206E+03    0.3112784460E+03
          79    0.3563647320E+03    0.2629062915E+03    0.1912477225E+03
          80    0.3609452693E+03    0.2638166298E+03    0.1552367490E+03
          81    0.3562795211E+03    0.2554290035E+03    0.1892410332E+03
          82    0.3579605671E+03    0.2659261805E+03    0.2924620656E+03
          83    0.3756204636E+03    0.2940498944E+03    0.1642536072E+03
          84    0.3570164557E+03    0.2706850750E+03    0.3091931870E+03
          85    0.3701110766E+03    0.2890503172E+03    0.3468186026E+03
          86    0.3564265966E+03    0.2697950993E+03    0.9698852471E+02
          87    0.3762058775E+03    0.2951106491E+03    0.1602633868E+03
          88    0.3578758360E+03    0.2599055107E+03    0.2540125666E+03
          89    0.3763332881E+03    0.2952726883E+03    0.1609815720E+03
          90    0.3682040590E+03    0.2910231378E+03    0.1086450475E+04
          91    0.3583531612E+03    0.2821183901E+03    0.1050468768E+03
          92    0.3767886811E+03    0.2951323149E+03    0.1598644967E+03
          93    0.3765048058E+03    0.2955470795E+03    0.1600170544E+03
          94    0.3996314806E+03   -0.1556566762E+03    0.8177471053E+03
          95    0.3580646248E+03    0.2651943888E+03    0.1802411550E+03
          96    0.3778320494E+03    0.2903406670E+03    0.1589686073E+03
          97    0.3607233757E+03    0.2763063339E+03   -0.2899357634E+03
          98    0.3753934742E+03    0.2928488879E+03    0.1570291920E+03
          99    0.3654519707E+03    0.2730745333E+03    0.1257804346E+03
         100    0.3735455377E+03    0.2747926557E+03    0.1676402792E+03
