Model_ID, [(c_i,i=0,n)_j,j=1,ntask]
           1    0.4029725625E+03    0.2585415816E+03   -0.5826097172E+02
           2    0.4024334526E+03    0.2574953123E+03   -0.5774304363E+02
           3    0.4269972176E+03    0.2844073482E+03   -0.7832521500E+02
           4    0.4359872478E+03    0.2916816461E+03   -0.8161784201E+02
           5    0.4217533532E+03    0.2569786877E+03    0.1111405791E+03
           6    0.3921311424E+03    0.3305488713E+03   -0.1964749545E+03
           7    0.3705885306E+03   -0.1537773335E+03   -0.8090603863E+03
           8    0.3706577929E+03   -0.1538661596E+03   -0.8075903053E+03
           9    0.4034594261E+03    0.2307007201E+03   -0.1078909172E+03
          10    0.3973668338E+03    0.2587936326E+03   -0.5481422401E+02
          11    0.4018251336E+03    0.2314470477E+03   -0.1065019711E+03
          12    0.4000776101E+03    0.2296989591E+03   -0.1038459994E+03
          13    0.3997559467E+03    0.2460624706E+03   -0.5690066821E+02
          14    0.4579528047E+03    0.1538239467E+03   -0.7929852132E+02
          15    0.3769273242E+03   -0.1514030676E+03    0.2809596315E+03
          16    0.3998639129E+03    0.2467316792E+03   -0.5706844302E+02
          17    0.4265756347E+03    0.2516612243E+03   -0.8079230569E+02
          18    0.4027439619E+03    0.2303104413E+03   -0.1068112602E+03
          19    0.3699362725E+03    0.1642356491E+03    0.1494740687E+03
          20    0.4141382575E+03    0.2449018409E+03   -0.8396574805E+02
          21    0.4621040866E+03    0.2451224909E+03   -0.6055008642E+02
          22    0.3335785038E+03    0.2707750412E+03    0.3594440075E+03
          23    0.3591166187E+03    0.3035460922E+03   -0.9732649934E+02
          24    0.3944399136E+03    0.2478250357E+03   -0.5379249673E+02
          25    0.4474621964E+03    0.2302245121E+03   -0.6292919583E+02
          26    0.4024503312E+03    0.2309433293E+03   -0.1058140530E+03
          27    0.3838187840E+03   -0.1605019484E+03   -0.2317095344E+03
          28    0.3857660512E+03    0.2253232972E+03   -0.9480296484E+02
          29    0.4308224929E+03    0.2725254867E+03   -0.7952987113E+02
          30    0.3222389613E+03    0.1268221805E+03   -0.8652154194E+03
          31    0.3222825823E+03    0.1269012714E+03   -0.8637794270E+03
          32    0.3876476778E+03    0.3078244427E+03   -0.1390554665E+03
          33    0.3738677411E+03    0.1745998386E+03    0.1457085523E+03
          34    0.4302733293E+03    0.2947102793E+03   -0.8244799089E+02
          35    0.3548933649E+03    0.2530896523E+03   -0.1204481491E+03
          36    0.3904995167E+03    0.3419306364E+03   -0.1329087451E+03
          37    0.3813180472E+03    0.1699267056E+03    0.1687695156E+03
          38    0.4012977886E+03    0.2325824890E+03   -0.1038348866E+03
          39    0.4102976036E+03    0.2398520110E+03   -0.7067624451E+02
          40    0.4224950302E+03    0.2213213176E+03   -0.5807397571E+02
          41    0.3704813340E+03    0.1645348883E+03    0.1499899527E+03
          42    0.3805572271E+03    0.3002315416E+03   -0.1639946841E+03
          43    0.4609088336E+03    0.2328295202E+03   -0.6257295246E+02
          44    0.4007503054E+03    0.2288461598E+03   -0.1020095490E+03
          45    0.3794290621E+03    0.3220952079E+03   -0.1294117334E+03
          46    0.3700080045E+03    0.2963405063E+03   -0.1534516972E+03
          47    0.4589665663E+03    0.2729177240E+03   -0.8385913412E+02
          48    0.3863479801E+03    0.2278099259E+03   -0.9224429591E+02
          49    0.3726568719E+03    0.1676330368E+03    0.1417880544E+03
          50    0.3991809393E+03   -0.1485919457E+03    0.2876700226E+03
          51    0.4431758955E+03    0.1402371667E+03   -0.8237944069E+02
          52    0.3535425912E+03    0.2788236685E+03   -0.1093766753E+03
          53    0.3911723137E+03   -0.1451949627E+03    0.2897656254E+03
          54    0.3727176865E+03    0.1679819387E+03    0.1413270043E+03
          55    0.4136423285E+03    0.2373128345E+03   -0.1024938348E+03
          56    0.3744694457E+03    0.1750035590E+03    0.1463977629E+03
          57    0.3699341920E+03    0.1527284646E+03    0.1660548998E+03
          58    0.3702021052E+03    0.1615912791E+03    0.1528841458E+03
          59    0.4379451968E+03   -0.2895453049E+03   -0.8389883885E+02
          60    0.3713937230E+03    0.1471864564E+03    0.1619278703E+03
          61    0.3822893457E+03    0.3052936857E+03   -0.1451154934E+03
          62    0.4501674004E+03    0.2756373672E+03   -0.7958538380E+02
          63    0.3785455910E+03    0.3005359654E+03    0.1381682657E+03
          64    0.3714511057E+03    0.1467210790E+03    0.1622677916E+03
          65    0.4018499632E+03    0.2403056039E+03   -0.8240815916E+02
          66    0.3773743162E+03    0.1595053854E+03    0.1719985756E+03
          67    0.4577641335E+03    0.2469513994E+03   -0.5866987678E+02
          68    0.3731739091E+03    0.3156582805E+03    0.1222086159E+03
          69    0.4001647442E+03    0.2367487555E+03   -0.1046238633E+03
          70    0.3995360809E+03    0.2343976711E+03   -0.1010707654E+03
          71    0.3709058317E+03    0.1454406150E+03    0.1554943814E+03
          72    0.3265327791E+03    0.2493917116E+03    0.3869835823E+03
          73    0.3995642810E+03    0.2304081465E+03   -0.1058399107E+03
          74    0.4371974426E+03    0.2535584079E+03   -0.8772656739E+02
          75    0.3624425480E+03    0.1238612580E+03    0.1651749623E+03
          76    0.4214587763E+03    0.2254335596E+03   -0.7556216049E+02
          77    0.4023862924E+03    0.2446998566E+03   -0.9924520992E+02
          78    0.3934309881E+03   -0.1471708926E+03    0.2862208313E+03
          79    0.3818951416E+03    0.3214929265E+03   -0.1442885384E+03
          80    0.3692558898E+03    0.2940152725E+03   -0.1536871326E+03
          81    0.3229470945E+03    0.2525603803E+03    0.1305979268E+03
          82    0.4011154200E+03    0.2715654917E+03   -0.5257007609E+02
          83    0.4145850548E+03    0.2390742391E+03   -0.1059485924E+03
          84    0.4006444061E+03    0.2705697487E+03   -0.5212980412E+02
          85    0.4295133618E+03    0.2574188245E+03   -0.8332508918E+02
          86    0.3998375767E+03    0.2463137290E+03   -0.7966078304E+02
          87    0.3972938118E+03    0.2351474017E+03   -0.5948680290E+02
          88    0.3984475441E+03    0.2374478714E+03   -0.1030841068E+03
          89    0.3753437078E+03    0.1394378351E+03    0.1739681545E+03
          90    0.4319906871E+03    0.2709925543E+03   -0.8000448449E+02
          91    0.3986195089E+03    0.2321241146E+03   -0.8438901162E+02
          92    0.3656191654E+03    0.1453324170E+03    0.1610585492E+03
          93    0.3967322202E+03   -0.1464470352E+03    0.2875976497E+03
          94    0.3991314682E+03   -0.1476668196E+03    0.2895478344E+03
          95    0.3772964578E+03    0.1779081875E+03    0.1538652587E+03
          96    0.3656710399E+03    0.1448799242E+03    0.1614170885E+03
          97    0.4114295252E+03    0.2380675263E+03   -0.1022641640E+03
          98    0.3538370337E+03    0.2623048860E+03   -0.1178792906E+03
          99    0.3973687539E+03    0.2357281028E+03   -0.5963258522E+02
         100    0.4701289993E+03    0.2883328561E+03    0.8883981398E+02
