        Rank        RMSE       MaxAE  Feature_ID
           1    4.274399   12.932023  (       1   10001)
           2    4.304461   13.191018  (       1   10002)
           3    4.314297   14.203203  (       1   10009)
           4    4.314567   13.745912  (       1   10013)
           5    4.314901   14.134849  (       1   10066)
           6    4.315233   14.188797  (       1   10003)
           7    4.316793   13.630470  (       1   10010)
           8    4.318441   13.981477  (       1   10118)
           9    4.323911   13.904254  (       1   10006)
          10    4.324171   13.832646  (       1   10005)
          11    4.325858   14.232583  (       1   10004)
          12    4.331366   14.433170  (       1   10041)
          13    4.332538   14.207488  (       1   10007)
          14    4.335003   15.164820  (       1   10032)
          15    4.336010   14.336485  (       1   10116)
          16    4.337001   14.149151  (       1   10083)
          17    4.337841   14.482768  (       1   10144)
          18    4.338725   14.523961  (       1   10090)
          19    4.340534   14.420241  (       1   10042)
          20    4.342193   14.050220  (       1   10051)
          21    4.345385   13.939825  (       1   10052)
          22    4.345877   14.453424  (       1   10070)
          23    4.346195   12.116589  (       1   10021)
          24    4.346848   14.953571  (       1   11082)
          25    4.346959   12.293587  (       1   10031)
          26    4.347280   13.746965  (       1   10055)
          27    4.348078   13.947283  (       1   10236)
          28    4.348092   14.468172  (       1   10069)
          29    4.348600   14.019722  (       1   10014)
          30    4.348913   12.695786  (       1   10019)
          31    4.349009   13.940851  (       1   10517)
          32    4.349556   14.554977  (       1   10149)
          33    4.349974   14.307909  (       1   10100)
          34    4.350155   14.457765  (       1   10089)
          35    4.350612   14.226410  (       1   10207)
          36    4.354001   14.504441  (       1   10308)
          37    4.354012   13.649801  (       1   10008)
          38    4.354201   14.031648  (       1   10250)
          39    4.354342   14.058866  (       1   10156)
          40    4.354678   14.461271  (       1   10112)
          41    4.354793   14.494218  (       1   10012)
          42    4.356167   13.937586  (       1   10299)
          43    4.356819   13.265685  (       1   10011)
          44    4.357212   14.032339  (       1   10017)
          45    4.358105   11.755424  (       1   10077)
          46    4.358197   14.163691  (       1   10133)
          47    4.358502   14.054485  (       1   10065)
          48    4.360051   14.532447  (       1   10307)
          49    4.361775   14.141616  (       1   10096)
          50    4.362771   14.209021  (       1   10145)
          51    4.363762   14.371513  (       1   10453)
          52    4.364622   14.479748  (       1   10192)
          53    4.365032   13.686538  (       1   10016)
          54    4.365189   14.219042  (       1   10093)
          55    4.365463   14.555552  (       1   10305)
          56    4.365572   14.550825  (       1   10258)
          57    4.365682   14.195233  (       1   10053)
          58    4.365803   14.040628  (       1   10067)
          59    4.366007   14.117334  (       1   10082)
          60    4.366097   14.195260  (       1   10202)
          61    4.366148   13.153940  (       1   10015)
          62    4.366484   14.454411  (       1   10346)
          63    4.366712   14.402647  (       1   10047)
          64    4.366782   14.846736  (    2456   18550)
          65    4.366870   13.824348  (       1   10105)
          66    4.367324   13.899351  (       1   10033)
          67    4.367909   13.636611  (       1   10025)
          68    4.369262   13.302093  (       1   11008)
          69    4.369350   14.036621  (       1   10157)
          70    4.369700   13.735455  (       1   10103)
          71    4.369888   14.010073  (       1   10023)
          72    4.369949   14.508556  (       1   10576)
          73    4.370047   14.191387  (       1   10110)
          74    4.370269   13.921192  (       1   10030)
          75    4.370580   14.215016  (       1   10227)
          76    4.370635   13.774134  (       1   10128)
          77    4.370957   13.555067  (       1   10020)
          78    4.371054   14.461725  (       1   11062)
          79    4.371416   14.181930  (       1   10224)
          80    4.371571   13.431845  (       1   10018)
          81    4.371611   14.068448  (       1   10113)
          82    4.371809   14.490277  (       1   10604)
          83    4.372082   13.966387  (       1   10129)
          84    4.372666   13.611556  (       1   10022)
          85    4.372695   13.848906  (       1   10135)
          86    4.373459   14.191938  (       1   10232)
          87    4.373542   14.497461  (       1   10690)
          88    4.373587   14.521572  (       1   10646)
          89    4.373865   12.494698  (       1   10024)
          90    4.373895   14.516676  (       1   10701)
          91    4.374158   14.506406  (       1   10967)
          92    4.374399   13.934420  (       1   10741)
          93    4.374410   14.942809  (       1   10061)
          94    4.374482   14.283870  (       1   10056)
          95    4.374531   13.036046  (       1   10086)
          96    4.374700   14.395171  (       1   10296)
          97    4.374776   12.382060  (       1   10026)
          98    4.374809   14.473168  (       1   10715)
          99    4.375016   14.165073  (       1   10279)
         100    4.375048   15.175330  (       1   10762)
