     Index              y_true              y_pred        descriptor_1        descriptor_2
         1    0.2622000000E+02    0.3145435539E+02   -0.4840290000E+00    0.2499390491E-01
         2    0.4537000000E+02    0.4455606545E+02   -0.2959579400E+00    0.1874862693E-01
         3    0.7520000000E+02    0.6736266272E+02    0.0000000000E+00   -0.9037330800E-03
         4    0.5060000000E+01   -0.5889936179E+00   -0.3730988800E+00    0.1997997463E+00
         5    0.2548000000E+02    0.1624560407E+02   -0.7547119000E+00    0.1761056990E-01
         6    0.2045000000E+02    0.1181454955E+02   -0.8886139600E+00    0.7952673400E-04
         7    0.4307000000E+02    0.5947008990E+02   -0.8036392000E-01    0.1206077973E-01
         8    0.4460000000E+02    0.4690991882E+02   -0.2915048400E+00    0.9429095995E-02
         9    0.6383000000E+02    0.6324585866E+02   -0.1904889000E-01    0.1224916137E-01
        10    0.2067000000E+02    0.2127197984E+02   -0.7620972000E+00   -0.7011105237E-02
        11    0.6276000000E+02    0.5486654264E+02   -0.1859949300E+00    0.3203856936E-02
        12    0.2680000000E+02    0.3069258145E+02   -0.8705780800E+00   -0.7960357387E-01
        13    0.6524000000E+02    0.6494084904E+02   -0.1020390000E+00   -0.1854834854E-01
        14    0.2681000000E+02    0.2908623020E+02   -0.5339954900E+00    0.2165934488E-01
        15    0.7420000000E+02    0.6365929056E+02   -0.1293962200E+00   -0.2044145264E-01
        16    0.5100000000E+02    0.5443686438E+02   -0.1350347900E+00    0.1937238345E-01
        17    0.6029000000E+02    0.6687170026E+02    0.2340340000E-02    0.1953643050E-02
        18    0.3120000000E+02    0.2624965469E+02   -0.6081163200E+00    0.1367752495E-01
        19    0.9080000000E+02    0.8039494323E+02   -0.1644894000E-01   -0.6398794646E-01
        20    0.8285000000E+02    0.8272238370E+02   -0.1233502000E-01   -0.7328371811E-01
        21    0.6942000000E+02    0.6898371490E+02   -0.5375172000E-01   -0.2319911604E-01
        22    0.5090000000E+02    0.5210509413E+02   -0.2126740000E+00    0.8141873712E-02
        23    0.5015000000E+02    0.5133747520E+02   -0.3043062000E+00   -0.1401857820E-01
        24    0.8872000000E+02    0.6625080582E+02   -0.7150045000E-01   -0.1589371114E-01
        25    0.5301000000E+02    0.5791000545E+02   -0.3505296600E+00   -0.5643209595E-01
        26    0.6511000000E+02    0.5393502351E+02   -0.2011596800E+00    0.3146837712E-02
        27    0.6900000000E+02    0.6581801213E+02   -0.1911727000E-01    0.6864476960E-03
        28    0.3615000000E+02    0.4607097090E+02   -0.8750626000E-01    0.7019904794E-01
        29    0.3200000000E+01    0.4896883851E+01   -0.1000000000E+01    0.0000000000E+00
        30    0.5646000000E+02    0.6452341252E+02   -0.3801520000E-01    0.1215712800E-02
        31    0.4216000000E+02    0.3826089292E+02   -0.4041300100E+00    0.1677350719E-01
        32    0.4263000000E+02    0.6235289018E+02   -0.7542800000E-01    0.5022980480E-03
        33    0.2817000000E+02    0.2512944550E+02   -0.5320800800E+00    0.3995229475E-01
        34    0.2551000000E+02    0.2778868631E+02   -0.5269691000E+00    0.2944604725E-01
        35    0.7737000000E+02    0.5361966562E+02    0.0000000000E+00    0.6077366744E-01
        36    0.3007000000E+02    0.1866836483E+02   -0.7793468900E+00   -0.1465106580E-03
        37    0.3682000000E+02    0.5671345320E+02   -0.1113872000E-01    0.4377643776E-01
        38    0.2796000000E+02    0.2810963572E+02   -0.5453817600E+00    0.2286046849E-01
        39    0.2720000000E+02    0.3204082917E+02   -0.5274998100E+00    0.1021449203E-01
        40    0.1850000000E+02    0.3422649245E+02   -0.5285540000E+00    0.1108413150E-03
        41    0.2078000000E+02    0.2762042491E+02   -0.5886050400E+00    0.1297780556E-01
        42    0.1464000000E+02    0.2380468987E+02   -0.6480492800E+00    0.1349155780E-01
