        Rank        RMSE       MaxAE  Feature_ID
           1    3.773064    8.959872  (     656    1853)
           2    3.775321   10.394230  (    4388   10084)
           3    3.775654   10.394651  (    4388   10082)
           4    3.810464   10.116062  (     147   13306)
           5    3.812319    9.827253  (    2908    8046)
           6    3.817915   10.082241  (     147   14353)
           7    3.821501   10.129201  (     147   14149)
           8    3.821873   11.625375  (    6736   16057)
           9    3.822360    9.198536  (     466   13306)
          10    3.823920   10.184763  (     147   13799)
          11    3.824029    9.221390  (     466   14149)
          12    3.824808   10.225497  (     147   13469)
          13    3.824818    9.289351  (     466   13799)
          14    3.824884    9.173723  (     466   14353)
          15    3.826930    9.340098  (     466   13469)
          16    3.834411   10.266761  (     147   13884)
          17    3.834905    9.418208  (     466   13884)
          18    3.836162    9.411577  (     466   14433)
          19    3.839613   10.255119  (     147   14433)
          20    3.841861    9.387378  (     466   16091)
          21    3.848706   10.784438  (     577   18811)
          22    3.849089    9.485216  (     466   16021)
          23    3.851821   12.742214  (     849   18636)
          24    3.852068    9.267139  (     466   17405)
          25    3.852177    9.296517  (     466   15777)
          26    3.852481    9.535874  (     466   15476)
          27    3.853096   12.569022  (     849   16937)
          28    3.853682   10.208461  (     147   16091)
          29    3.855701   10.303433  (     147   15476)
          30    3.857062   12.699060  (     849   18207)
          31    3.857971   10.269932  (     147   16021)
          32    3.859449    9.564094  (     466   16686)
          33    3.860163   10.328142  (     147   14448)
          34    3.865919   10.939234  (      25    1853)
          35    3.866661   10.300650  (     147   16686)
          36    3.866986    9.594422  (     466   17966)
          37    3.868352   10.682024  (    3886   10084)
          38    3.868635   10.682396  (    3886   10082)
          39    3.868810   10.687621  (    3813   10084)
          40    3.868880   10.684724  (    3899   10084)
          41    3.869093   10.687991  (    3813   10082)
          42    3.869165   10.685099  (    3899   10082)
          43    3.870318    9.413075  (     466   16099)
          44    3.870352    9.590797  (     466   19110)
          45    3.871339   10.684666  (    4020   10084)
          46    3.871626   10.685046  (    4020   10082)
          47    3.873729   11.273726  (     577   16057)
          48    3.873903    9.655740  (     466   17754)
          49    3.874850    9.646900  (     466   18642)
          50    3.875045   10.761457  (    2985   10084)
          51    3.875302   10.761791  (    2985   10082)
          52    3.876052   11.460432  (     765   16057)
          53    3.877237   10.297496  (     147   17966)
          54    3.877250   10.002506  (     147   12068)
          55    3.877465   10.341621  (     147   17198)
          56    3.878170    9.675934  (     466   14448)
          57    3.878198   10.326175  (     147   17754)
          58    3.879220    9.453482  (     466   12531)
          59    3.879261    9.477861  (     466   15369)
          60    3.879282   10.382921  (    4388   10049)
          61    3.880660    9.702254  (     466   17198)
          62    3.881644    8.929679  (    1853    7074)
          63    3.883256   10.313831  (     147   18642)
          64    3.883608   10.704343  (    4204   10084)
          65    3.883896   10.704727  (    4204   10082)
          66    3.884448   10.279924  (     147   19110)
          67    3.885911   11.349902  (     693   16057)
          68    3.886509   10.755403  (    3082   10084)
          69    3.886759   10.755724  (    3082   10082)
          70    3.887261   10.085929  (     147   12532)
          71    3.889365   10.887469  (    4388   11034)
          72    3.889590   11.023684  (    4626   16057)
          73    3.889712   10.887836  (    4388   11019)
          74    3.889882   10.844494  (    4388   10849)
          75    3.890334   10.773186  (     693   18811)
          76    3.892014   10.789592  (    1853    7081)
          77    3.894586   11.564929  (       1   10002)
          78    3.897093    9.574195  (     466   15411)
          79    3.897944   12.497329  (     849   18246)
          80    3.898325    9.568209  (     466   16182)
          81    3.898672   10.762896  (    3241   10084)
          82    3.898685   10.844985  (    1853    2745)
          83    3.898919   10.763211  (    3241   10082)
          84    3.900862    9.540052  (     466   18662)
          85    3.906217   10.736508  (     765   18811)
          86    3.906305   10.973179  (    4388   11650)
          87    3.913947   10.688255  (    6486   10084)
          88    3.914275   10.688709  (    6486   10082)
          89    3.918409   10.034519  (     147   13531)
          90    3.918762   12.588443  (     622   15136)
          91    3.918840   10.122281  (     147   15777)
          92    3.919620    9.655801  (     466   17640)
          93    3.921472   10.987718  (     231    1853)
          94    3.922220   10.093370  (     147   17405)
          95    3.923405   10.165132  (     147   12531)
          96    3.923405   10.706715  (    6910   10084)
          97    3.923739   10.707183  (    6910   10082)
          98    3.926142   10.683777  (    6654   10084)
          99    3.926462   10.684217  (    6654   10082)
         100    3.927477    9.712005  (     466   16511)
