Model_ID, [(c_i,i=0,n)_j,j=1,ntask]
           1    0.5306815230E+01   -0.2143760109E+02   -0.1369744227E+03
           2    0.5017380394E+01   -0.2170613271E+02    0.1791753049E+03
           3    0.1968460111E+02    0.1857054344E+02    0.1886431598E+03
           4    0.5200378078E+01   -0.2153863162E+02   -0.1375922356E+03
           5    0.2122603696E+02    0.1995367854E+02    0.1383684277E+03
           6    0.1963850596E+02    0.1867504247E+02    0.1412002826E+03
           7    0.4916857521E+01   -0.2178779131E+02    0.1794047129E+03
           8    0.6792699996E+01   -0.1991443100E+02   -0.1467568322E+03
           9    0.2040293257E+02    0.2047473310E+02    0.1670656648E+03
          10    0.2126139119E+02    0.1982205266E+02    0.1829513313E+03
          11    0.2071807949E+02   -0.1907171825E+02   -0.3683250187E+03
          12    0.2190074783E+02   -0.2120612707E+02   -0.2030862281E+04
          13    0.6890692122E+01   -0.1978962812E+02   -0.1450225811E+03
          14    0.2012629973E+02    0.1862689571E+02   -0.2199415962E+03
          15    0.1895786715E+02   -0.1659939623E+02    0.1833991428E+03
          16    0.2013950318E+02   -0.1696263518E+02    0.1378662342E+03
          17    0.2579148291E+02    0.2402179963E+02    0.1991196263E+03
          18    0.1853948918E+02   -0.1772502457E+02   -0.1758721967E+03
          19    0.1849604759E+02   -0.1732680004E+02   -0.1959496883E+03
          20    0.1850500530E+02   -0.1723794288E+02   -0.1938271300E+03
          21    0.1906251284E+02    0.1732923433E+02   -0.1816907703E+03
          22    0.1523473647E+02   -0.1423141821E+02   -0.1054728727E+03
          23    0.2066455756E+02   -0.1959442940E+02   -0.2382301262E+03
          24    0.1878871635E+02    0.1773285228E+02   -0.1787648003E+03
          25    0.2283756840E+02    0.2275835773E+02    0.1734149537E+03
          26    0.2022984067E+02    0.1866542445E+02   -0.1638933357E+03
          27    0.1784332516E+02   -0.1994521317E+02   -0.1371388818E+03
          28    0.4734405444E+01   -0.2177692345E+02    0.2213179447E+03
          29    0.1795517415E+02   -0.2012081779E+02   -0.1323003039E+03
          30    0.2600791385E+02    0.2412503548E+02    0.1860698469E+03
          31    0.1883390447E+02   -0.1751137542E+02   -0.1683552811E+03
          32    0.5257935618E+01   -0.2128383168E+02   -0.1683695889E+03
          33    0.1882935999E+02   -0.1709990166E+02   -0.1877609448E+03
          34    0.1785344660E+02   -0.1968500817E+02   -0.1098698919E+03
          35    0.2236582361E+02    0.2302177984E+02    0.1627283422E+03
          36    0.2163413903E+02   -0.1207799585E+02   -0.1143546043E+03
          37    0.1812770844E+02   -0.1917253342E+02   -0.7377245967E+02
          38    0.2088334917E+02    0.2014862241E+02    0.1732528288E+03
          39    0.1911387388E+02   -0.1713452764E+02   -0.1849392394E+03
          40    0.5253225086E+01   -0.2093721397E+02    0.1227407473E+03
          41    0.1856949255E+02   -0.1740495631E+02   -0.1740181166E+03
          42    0.2029832060E+02   -0.1146875407E+02   -0.1168810313E+03
          43    0.2122058864E+02    0.2115986910E+02   -0.5926006742E+02
          44    0.2254088072E+02   -0.2160653191E+02    0.5886337272E+03
          45    0.6255703199E+01   -0.2011198682E+02   -0.1735877418E+03
          46    0.2165725767E+02   -0.2084856967E+02   -0.1988796663E+04
          47    0.2028414020E+02    0.1910066445E+02    0.8551918780E+02
          48    0.6358410788E+01   -0.1999295107E+02   -0.1717888851E+03
          49    0.5142245568E+01   -0.2105062751E+02    0.1236485334E+03
          50    0.1882552254E+02   -0.1700031355E+02   -0.1850472354E+03
          51    0.1703194711E+02    0.1679428643E+02    0.3658831967E+03
          52    0.6413191148E+01   -0.1983647797E+02   -0.2387456691E+03
          53    0.2347772405E+02    0.2106890637E+02    0.1961619314E+03
          54    0.6998711972E+01   -0.1959689203E+02   -0.1907561810E+03
          55    0.1871816558E+02    0.1788280218E+02   -0.1336720497E+03
          56    0.1910852759E+02   -0.1703913010E+02   -0.1821392674E+03
          57    0.1859089900E+02   -0.1732159674E+02   -0.1738867645E+03
          58    0.6511941392E+01   -0.1972572145E+02   -0.2364871632E+03
          59    0.1965452201E+02   -0.1698885555E+02    0.1280003190E+03
          60    0.2219630115E+02    0.2233427399E+02    0.5357484537E+02
          61    0.5154814685E+01   -0.2137627944E+02   -0.1689479356E+03
          62    0.2192676839E+02    0.2054474254E+02    0.6071789725E+02
          63    0.2023875824E+02   -0.1697087000E+02    0.1382434856E+03
          64    0.5063717032E+01   -0.2095621417E+02   -0.1168380370E+03
          65    0.1853805119E+02   -0.1702377745E+02   -0.1956260176E+03
          66    0.2756893456E+02   -0.2787146550E+02   -0.8585081220E+02
          67    0.1844101710E+02   -0.1759361481E+02   -0.1411933434E+03
          68    0.7092024461E+01   -0.1948112580E+02   -0.1886364830E+03
          69    0.1845036069E+02   -0.1750013793E+02   -0.1396089342E+03
          70    0.1883042411E+02   -0.1763048586E+02   -0.1715239538E+03
          71    0.1848261457E+02   -0.1795708124E+02   -0.1258888619E+03
          72    0.6069056069E+01   -0.2002192107E+02    0.2256882783E+03
          73    0.5669688598E+01   -0.2043118497E+02    0.1400689383E+03
          74    0.1887929347E+02   -0.1681502870E+02   -0.1881550124E+03
          75    0.4638685592E+01   -0.2184616131E+02    0.2211794835E+03
          76    0.2030467505E+02    0.1923526881E+02    0.6196043597E+02
          77    0.2192930372E+02   -0.1834582156E+02    0.4397580348E+03
          78    0.1769822923E+02   -0.1019600111E+02   -0.8276316234E+02
          79    0.1880278725E+02   -0.1779720451E+02   -0.1710491779E+03
          80    0.1831213798E+02   -0.1778673388E+02   -0.5018467877E+03
          81    0.1894483842E+02   -0.1728983928E+02   -0.1898039647E+03
          82    0.2574471078E+02    0.2447863523E+02    0.1406437951E+03
          83    0.2180106838E+02    0.2152740401E+02   -0.6028460919E+02
          84    0.1885689649E+02   -0.1719202244E+02   -0.1663245587E+03
          85    0.2045567109E+02   -0.1717161585E+02    0.1399616452E+03
          86    0.6750502242E+01   -0.1933561426E+02   -0.1570253381E+03
          87    0.6605691354E+01   -0.1953020202E+02   -0.2300001216E+03
          88    0.1840365461E+02   -0.1769054168E+02    0.3870097047E+03
          89    0.6579025866E+01   -0.1974232985E+02   -0.2014617077E+03
          90    0.1882405452E+02   -0.1741690685E+02   -0.1782532841E+03
          91    0.2341725150E+02    0.2150975048E+02    0.1404677592E+03
          92    0.1904805961E+02   -0.1657797682E+02    0.1824285112E+03
          93    0.2027228844E+02    0.1910835333E+02    0.1738952866E+03
          94    0.1777046769E+02   -0.1961518372E+02   -0.1358264164E+03
          95    0.1514196761E+02   -0.1410565540E+02   -0.1095431992E+03
          96    0.2201485959E+02   -0.1817867606E+02    0.1787553559E+03
          97    0.1888138387E+02   -0.1711484553E+02   -0.1664791375E+03
          98    0.5259377677E+01   -0.2064495735E+02    0.1265555585E+03
          99    0.1785350744E+02   -0.1968813730E+02   -0.1352038738E+03
         100    0.6256505279E+01   -0.1944430867E+02   -0.1813661352E+03
