Model_ID, [(c_i,i=0,n)_j,j=1,ntask]
           1    0.1847486035E+02    0.3836719263E+02   -0.1709206354E+03
           2    0.1823436697E+02    0.3862023423E+02   -0.1954970159E+03
           3    0.1890752926E+02    0.3790151218E+02   -0.1693269299E+03
           4    0.1876006674E+02    0.3810728451E+02   -0.1926923202E+03
           5    0.1866939973E+02    0.3815311311E+02   -0.1936974036E+03
           6    0.1700984716E+02    0.1852954778E+02   -0.1919591498E+03
           7    0.1812582581E+02    0.3951825766E+02   -0.1903611948E+03
           8    0.1917433070E+02    0.3766515462E+02   -0.1911276429E+03
           9    0.1839398432E+02    0.3850644469E+02   -0.1965976315E+03
          10    0.1891723136E+02    0.3799601167E+02   -0.1938455449E+03
          11    0.1830056427E+02    0.3823985223E+02   -0.1733947781E+03
          12    0.1713392999E+02    0.1849881235E+02   -0.1934890193E+03
          13    0.1858006187E+02    0.3902067006E+02   -0.1884084311E+03
          14    0.1760478423E+02    0.1822884397E+02   -0.1902090079E+03
          15    0.1794761187E+02    0.3884978137E+02   -0.1923004372E+03
          16    0.1882349454E+02    0.3804575765E+02   -0.1948332257E+03
          17    0.1932625171E+02    0.3756009527E+02   -0.1923180155E+03
          18    0.1649376456E+02    0.1871577663E+02   -0.1930964996E+03
          19    0.1873798779E+02    0.3777115573E+02   -0.1716984157E+03
          20    0.4458549611E+02   -0.3629753921E+02   -0.2013826725E+03
          21    0.1772655742E+02    0.1819925063E+02   -0.1918607720E+03
          22    0.1839790631E+02    0.3836462289E+02   -0.1903349118E+03
          23    0.4448607529E+02    0.3663075668E+02   -0.2025714860E+03
          24    0.4485853768E+02   -0.3526781769E+02   -0.2133360409E+03
          25    0.4509763703E+02   -0.3489958531E+02   -0.2170544427E+03
          26    0.4506400840E+02   -0.3486943438E+02   -0.2168622539E+03
          27    0.1870626295E+02    0.3911887877E+02   -0.1770473348E+03
          28    0.1811216690E+02    0.3872831577E+02   -0.1931409507E+03
          29    0.1662509897E+02    0.1868094870E+02   -0.1945512984E+03
          30    0.4476108315E+02    0.3557464274E+02   -0.2143810907E+03
          31    0.4480770669E+02   -0.3586051299E+02   -0.2036527508E+03
          32    0.4477241399E+02   -0.3582493017E+02   -0.2033973998E+03
          33    0.4496965017E+02    0.3516002329E+02   -0.2179125358E+03
          34    0.4496156419E+02    0.3515426422E+02   -0.2178683760E+03
          35    0.1711914815E+02    0.1839837314E+02   -0.1910479469E+03
          36    0.1160571347E+02    0.3761682593E+02   -0.1842725189E+03
          37    0.1845564281E+02    0.7659571903E+02   -0.2061496272E+03
          38    0.1723858451E+02    0.3951460724E+02   -0.1864813250E+03
          39    0.4538158189E+02    0.3407007987E+02   -0.2154751380E+03
          40    0.1895336049E+02    0.1764248671E+02   -0.1779009706E+03
          41    0.4534063806E+02    0.3403486298E+02   -0.2152450068E+03
          42    0.4507250376E+02   -0.3648864378E+02   -0.2035783295E+03
          43    0.4467615541E+02    0.3613921487E+02   -0.2045694807E+03
          44    0.4466768202E+02    0.3613219195E+02   -0.2045109133E+03
          45    0.1958795199E+02    0.3845113127E+02   -0.3021737171E+03
          46    0.1914416682E+02    0.3863917577E+02   -0.1753353105E+03
          47    0.4509163340E+02   -0.3708975538E+02   -0.2047367418E+03
          48    0.1855666897E+02    0.3824981937E+02   -0.1912093877E+03
          49    0.1847231331E+02    0.7633042363E+02   -0.2055062214E+03
          50    0.1813810883E+02    0.1792507132E+02   -0.1620497236E+03
          51    0.1720488455E+02   -0.2970986790E+02   -0.1036131804E+03
          52    0.4493203186E+02   -0.3677195746E+02   -0.2044547584E+03
          53    0.1998164633E+02    0.3802949474E+02   -0.3001708080E+03
          54    0.4532906157E+02   -0.3541707560E+02   -0.2152190927E+03
          55    0.4509423334E+02    0.3497702375E+02   -0.2016386565E+03
          56    0.2301885855E+02    0.7520380110E+02   -0.1873634789E+03
          57    0.1724778151E+02    0.1836482731E+02   -0.1926210723E+03
          58    0.1813414709E+02    0.1762109529E+02   -0.1826354965E+03
          59    0.4505127277E+02    0.3493557259E+02   -0.2013335879E+03
          60    0.4535158144E+02   -0.3600202378E+02   -0.2165743781E+03
          61    0.1804672578E+02    0.7933075067E+02   -0.1981803838E+03
          62    0.4555560548E+02   -0.3558562219E+02   -0.2201338387E+03
          63    0.4789468597E+02   -0.3684673666E+02   -0.2250395912E+03
          64    0.4595407979E+02   -0.3448913075E+02   -0.2176262993E+03
          65    0.1650161024E+02    0.8193330791E+02   -0.1995918051E+03
          66    0.4800207351E+02    0.3644083724E+02   -0.2243645949E+03
          67    0.1262633188E+02    0.7589133050E+02    0.2241779805E+03
          68    0.1780274753E+02    0.1797546314E+02   -0.1668580844E+03
          69    0.2574045455E+02    0.7170758655E+02    0.2266615466E+03
          70    0.4498812845E+02   -0.3612234372E+02   -0.2030665538E+03
          71    0.4493136478E+02   -0.3604941501E+02   -0.2028422159E+03
          72    0.4485456212E+02   -0.3637983281E+02   -0.2017100104E+03
          73    0.4497224627E+02   -0.3616040290E+02   -0.2031662432E+03
          74    0.5137259835E+02    0.4096450519E+02    0.2083436188E+03
          75    0.4495284683E+02    0.3620483864E+02   -0.2032915933E+03
          76    0.4519265224E+02   -0.3568045136E+02   -0.2160330138E+03
          77    0.4501347243E+02   -0.3625784432E+02   -0.2034659643E+03
          78    0.1839331406E+02    0.1782124908E+02   -0.1830300045E+03
          79    0.4511813425E+02   -0.3575484701E+02   -0.2021363188E+03
          80    0.4527584185E+02   -0.3659282343E+02   -0.2067433135E+03
          81    0.4506560216E+02   -0.3488673079E+02   -0.1979564165E+03
          82    0.4500270302E+02   -0.3596206880E+02   -0.2006772998E+03
          83    0.1643407142E+02   -0.8225817815E+02   -0.1968254395E+03
          84    0.4532847011E+02   -0.3392874216E+02   -0.2103001533E+03
          85    0.4278773078E+02    0.3635657606E+02   -0.1982924274E+03
          86    0.4738382920E+02   -0.3856312854E+02   -0.2067976909E+03
          87    0.4502278506E+02   -0.3484567118E+02   -0.1976567996E+03
          88    0.4528774820E+02   -0.3389397855E+02   -0.2100765032E+03
          89    0.1722224413E+02    0.8121287812E+02   -0.2007482852E+03
          90    0.4483428308E+02   -0.3643757903E+02   -0.2042012641E+03
          91    0.4548009998E+02    0.3456002639E+02   -0.2184846416E+03
          92    0.1255156083E+02   -0.7551390535E+02    0.2236488069E+03
          93    0.1518116051E+02    0.8076828678E+02   -0.1994355844E+03
          94    0.4528076602E+02    0.3509443208E+02   -0.2175230615E+03
          95    0.4471274624E+02    0.3666686254E+02   -0.2025791002E+03
          96    0.4567971718E+02   -0.3542145292E+02   -0.2037435687E+03
          97    0.4500460131E+02    0.3611140157E+02   -0.2047770421E+03
          98    0.4482062335E+02    0.3646267387E+02   -0.2038936248E+03
          99    0.4326678999E+02    0.3526620125E+02   -0.1952768384E+03
         100    0.4479153662E+02   -0.3632413960E+02   -0.2036990654E+03
