        Rank        RMSE       MaxAE  Feature_ID
           1    9.201770   33.477566  (    7181   10311)
           2    9.255509   33.598016  (    7181   12405)
           3    9.262652   33.553840  (    6650   10311)
           4    9.281006   33.723742  (    7181   15852)
           5    9.313835   33.674133  (    6650   12405)
           6    9.314280   36.141478  (    5165   11291)
           7    9.328955   34.118832  (    7181   16396)
           8    9.330201   33.799271  (    6650   15852)
           9    9.346983   33.681060  (    7181   12248)
          10    9.368806   33.806570  (    7181   15662)
          11    9.375518   33.226344  (    7181   17727)
          12    9.380932   36.222583  (    5165   11215)
          13    9.393236   34.190491  (    6650   16396)
          14    9.393406   36.197988  (    5165   12405)
          15    9.393970   33.458842  (    7181   11291)
          16    9.401624   33.756672  (    6650   12248)
          17    9.414520   33.881723  (    6650   15662)
          18    9.420505   35.959226  (    8911   11291)
          19    9.436717   33.304413  (    6650   17727)
          20    9.439073   33.223518  (     267   10072)
          21    9.455626   36.279642  (    5165   12248)
          22    9.457450   33.535682  (    6650   11291)
          23    9.463663   33.153378  (     497   10072)
          24    9.464333   33.384741  (     267   10079)
          25    9.468610   33.596964  (     777   10079)
          26    9.473095   33.560618  (     766   10079)
          27    9.481757   34.309325  (    7181   12358)
          28    9.489214   33.539300  (    7181   11215)
          29    9.490416   36.039893  (    8911   11215)
          30    9.495989   33.313988  (     497   10079)
          31    9.497363   33.412035  (     777   10072)
          32    9.504644   33.373457  (     766   10072)
          33    9.508716   33.491612  (    1131   10079)
          34    9.509075   33.482999  (    1125   10079)
          35    9.510384   36.014861  (    8911   12405)
          36    9.511012   36.031377  (    4658   18923)
          37    9.515415   32.895259  (    1442   10072)
          38    9.518712   33.201511  (    6650   18923)
          39    9.523670   33.810014  (     755   10079)
          40    9.527948   36.433900  (    8911   16857)
          41    9.528833   33.765891  (     740   10079)
          42    9.530783   33.729180  (     918   10072)
          43    9.534098   33.304879  (    1131   10072)
          44    9.535094   33.295747  (    1125   10072)
          45    9.537976   34.789236  (    7181   18527)
          46    9.538432   34.379606  (    6650   12358)
          47    9.547059   33.799919  (    1259   10072)
          48    9.548931   33.615525  (    6650   11215)
          49    9.553463   32.811296  (    1525   10072)
          50    9.555509   36.001191  (    5165   10311)
          51    9.557223   36.893595  (     586   10264)
          52    9.568397   33.613439  (    1340   10072)
          53    9.570227   34.861527  (    6650   18527)
          54    9.570525   33.869683  (     918   10079)
          55    9.571797   33.622325  (     755   10072)
          56    9.574418   25.790990  (    8839   15852)
          57    9.575738   36.095905  (    8911   12248)
          58    9.579143   35.610666  (    5165   12694)
          59    9.580214   33.575528  (     740   10072)
          60    9.580605   33.942448  (    1259   10079)
          61    9.584130   31.318978  (     310   10072)
          62    9.588715   34.115409  (    2487   10079)
          63    9.591977   30.282850  (    5528   10079)
          64    9.592190   34.419734  (    1629   10079)
          65    9.593025   30.683303  (     523   10072)
          66    9.594753   30.424851  (    5045   10079)
          67    9.595161   32.905556  (    1284   11050)
          68    9.595457   35.787915  (    5165   17727)
          69    9.597142   26.932488  (    8839   15982)
          70    9.602096   33.613595  (    1175   10072)
          71    9.602796   33.550467  (    1129   10072)
          72    9.603137   33.499857  (     900   10072)
          73    9.604026   33.601013  (    1217   10072)
          74    9.605620   24.065694  (      11   10009)
          75    9.606851   33.585477  (    1271   10072)
          76    9.611433   33.756109  (    1340   10079)
          77    9.611757   33.650742  (    1363   10072)
          78    9.612985   36.222784  (    5165   15852)
          79    9.613237   33.711775  (    1040   10072)
          80    9.613496   33.945109  (    2487   10072)
          81    9.614656   33.581627  (     388   10072)
          82    9.615769   33.611850  (     773   10072)
          83    9.615834   30.725668  (     259   10072)
          84    9.619391   33.739722  (     388   10079)
          85    9.621257   36.214087  (     447   10072)
          86    9.621296   29.643002  (    2615   10072)
          87    9.622879   33.535013  (     377   10072)
          88    9.624307   33.695865  (     377   10079)
          89    9.627277   31.154092  (     841   10072)
          90    9.627887   33.487463  (    1683   10072)
          91    9.632737   33.952565  (    2255   10079)
          92    9.634424   32.654429  (    1435   11050)
          93    9.637611   36.115996  (     663   10072)
          94    9.637907   33.796847  (    1956   10079)
          95    9.638483   33.383073  (    1296   10072)
          96    9.639625   34.247501  (    1629   10072)
          97    9.640045   33.631258  (    1956   10072)
          98    9.640443   33.475520  (    1687   10072)
          99    9.640543   36.454832  (     205   10072)
         100    9.641033   33.434628  (    1628   10072)
