Model_ID, [(c_i,i=0,n)_j,j=1,ntask]
           1    0.2414199467E+03    0.1314942525E+03   -0.7040686722E+03
           2    0.2071638176E+03    0.1322394140E+03    0.4784721548E+03
           3    0.2066381957E+03    0.1325308209E+03   -0.4795766800E+03
           4    0.2428733717E+03    0.1276182729E+03   -0.8928155229E+03
           5    0.2057053865E+03    0.1165000200E+03    0.6956951693E+03
           6    0.2040559103E+03    0.1318049797E+03    0.3144054496E+03
           7    0.2071677078E+03    0.1320871467E+03   -0.2528161029E+03
           8    0.2084019029E+03    0.1291415079E+03   -0.4742303886E+03
           9    0.2199784011E+03    0.1410541706E+03    0.7124941940E+03
          10    0.2086716362E+03    0.1289647172E+03   -0.4160631845E+03
          11    0.2082611938E+03    0.1287971144E+03   -0.4689536889E+03
          12    0.2059288602E+03    0.1333624040E+03   -0.4488392116E+03
          13    0.2062917740E+03    0.1334186709E+03   -0.3867612328E+03
          14    0.2083326003E+03    0.1292649761E+03   -0.4727559833E+03
          15    0.2422477962E+03    0.1329022301E+03    0.8397138096E+03
          16    0.2143405953E+03    0.1190748856E+03   -0.1376940578E+04
          17    0.1373195654E+03    0.1740500790E+03    0.2617538795E+03
          18    0.2369417063E+03    0.1379010679E+03   -0.3151872321E+03
          19    0.2718437870E+03    0.1815014840E+03    0.2527547750E+03
          20    0.1355429543E+03    0.1757258272E+03    0.2713504219E+03
          21    0.2084354304E+03    0.1296328263E+03   -0.4710257441E+03
          22    0.2085617437E+03    0.1291936741E+03   -0.4725861779E+03
          23    0.2085524751E+03    0.1292627746E+03   -0.4718329160E+03
          24    0.2124199518E+03    0.1268102997E+03   -0.3213610331E+03
          25    0.1377048338E+03    0.1735188226E+03    0.2625249949E+03
          26    0.2080421404E+03    0.1294310649E+03   -0.4702137131E+03
          27    0.9804757861E+02    0.2188526883E+03   -0.2502030364E+03
          28    0.2934170675E+03    0.2186008567E+03    0.2436042515E+03
          29    0.2078208201E+03    0.1294815312E+03    0.4687966288E+03
          30    0.2411063378E+03    0.1270915626E+03   -0.6823369043E+03
          31    0.1359356456E+03    0.1751818892E+03    0.2722180486E+03
          32    0.2090310337E+03    0.1290285049E+03   -0.4709239362E+03
          33    0.2114664430E+03    0.1265949377E+03   -0.4544673705E+03
          34    0.2934716995E+03    0.2194624561E+03    0.2410505867E+03
          35    0.2978967190E+03    0.2248698670E+03    0.2376980081E+03
          36    0.2081543706E+03    0.1310717497E+03    0.4583060001E+03
          37    0.2092202885E+03    0.1289114981E+03   -0.4697910738E+03
          38    0.2187855033E+03    0.1062764976E+03    0.1965402252E+04
          39    0.3192119790E+03   -0.2279784514E+03    0.2502912658E+03
          40    0.2296293730E+03    0.1227325117E+03    0.6386379201E+03
          41    0.2080011735E+03    0.1303267591E+03   -0.4700644423E+03
          42    0.2087597770E+03    0.1292377506E+03   -0.4700359349E+03
          43    0.2089546091E+03    0.1279318985E+03    0.4626512546E+03
          44    0.2086019959E+03    0.1287609653E+03   -0.4674527988E+03
          45    0.2084733654E+03    0.1291895492E+03   -0.4656497656E+03
          46    0.3193721143E+03   -0.2288798858E+03    0.2475264839E+03
          47    0.2335029979E+03    0.1406450939E+03   -0.4104424308E+03
          48    0.9618480598E+02    0.2195266091E+03   -0.2486030431E+03
          49    0.2188550375E+03    0.1131880976E+03    0.2079993667E+04
          50    0.9155146969E+02    0.2226885470E+03    0.2472481198E+03
          51    0.2325167241E+03    0.1202442877E+03    0.2267106415E+04
          52    0.2367325030E+03    0.1359445607E+03   -0.3495068927E+03
          53    0.2289928982E+03    0.1341629616E+03   -0.2436859383E+04
          54    0.1848272467E+03    0.8995047189E+02    0.2000443288E+03
          55    0.2291189772E+03    0.1339057366E+03   -0.2459275564E+04
          56    0.2090348957E+03    0.1299281907E+03   -0.3430679484E+03
          57    0.2103917099E+03    0.1297428061E+03   -0.3333557943E+03
          58    0.9618830585E+02    0.2183035389E+03    0.2521649500E+03
          59    0.1849857180E+03    0.8975775383E+02    0.2008756422E+03
          60    0.1990914493E+03    0.1106508882E+03    0.1761547862E+04
          61    0.2310835422E+03    0.1201845119E+03    0.1794363366E+04
          62    0.2188847309E+03    0.1057727611E+03    0.1935739654E+03
          63    0.9324406318E+02    0.2214982479E+03    0.2418291706E+03
          64    0.2505070647E+03    0.1521211997E+03    0.2509394886E+03
          65    0.1306820234E+03    0.1775594673E+03    0.2630624154E+03
          66    0.2086422303E+03    0.1292647927E+03   -0.4649818109E+03
          67    0.1754479007E+03    0.1182523981E+03   -0.3751441887E+03
          68    0.2406061581E+03    0.1286523434E+03    0.8994619045E+03
          69    0.2712436594E+03    0.1823237617E+03    0.2588702780E+03
          70    0.2296701787E+03    0.1196702750E+03   -0.1844635678E+04
          71    0.2863037975E+03    0.1839195799E+03   -0.1988301978E+03
          72    0.2087956395E+03    0.9910677980E+02    0.1599061476E+04
          73    0.2660786698E+03   -0.1884550062E+03    0.2494770909E+03
          74    0.2768036812E+03    0.1900020575E+03    0.2512720303E+03
          75    0.1802679375E+03    0.9148933668E+02    0.2017130394E+03
          76    0.2427830604E+03    0.1280681860E+03    0.7422133257E+03
          77    0.2087205258E+03    0.1294805421E+03    0.4652852165E+03
          78    0.2105495636E+03    0.1280060578E+03   -0.3730817904E+03
          79    0.2314707815E+03    0.1192998035E+03    0.1825040974E+04
          80    0.9379062412E+02    0.2205315650E+03    0.2589440729E+03
          81    0.2319093731E+03    0.1324480496E+03   -0.2451383719E+04
          82    0.9511940648E+02    0.2205283949E+03    0.2462980174E+03
          83    0.2320661830E+03    0.1321785170E+03   -0.2475330013E+04
          84    0.1742361200E+03    0.7988236354E+02    0.2094799311E+03
          85    0.2661188905E+03   -0.1888400805E+03    0.2475534891E+03
          86    0.2333610197E+03    0.1422562330E+03    0.4680734653E+03
          87    0.9549367347E+02    0.2203424289E+03   -0.2455969583E+03
          88    0.2890429225E+03    0.9785442258E+02   -0.3517730438E+03
          89    0.2651242612E+03    0.1970955638E+03   -0.2396432168E+03
          90    0.1305807209E+03    0.1785478033E+03    0.2682470298E+03
          91    0.9442135409E+02    0.2208743098E+03   -0.2463398592E+03
          92    0.3065438005E+03    0.1149626162E+03   -0.5115866381E+03
          93    0.1751930785E+03    0.7880749731E+02    0.2002956403E+03
          94    0.9457400853E+02    0.2207806998E+03    0.2462837366E+03
          95    0.9472760793E+02    0.2206857585E+03    0.2461772849E+03
          96    0.2340342743E+03    0.1391508021E+03   -0.4271868800E+03
          97    0.2065658413E+03    0.1306153045E+03   -0.4855703195E+03
          98    0.2228521908E+03    0.1328449518E+03    0.8399871973E+03
          99    0.2296563749E+03    0.1149352832E+03    0.1554761369E+04
         100    0.2082631699E+03    0.1293681112E+03    0.5325872972E+03
