        Rank        RMSE       MaxAE  Feature_ID
           1    6.836009   17.074270  (     140   15841)
           2    6.891730   21.062757  (    3430   17928)
           3    6.920426   15.969581  (     322   16207)
           4    6.937790   16.543689  (    3735   14170)
           5    6.951078   17.025319  (      38   15841)
           6    6.951749   18.286366  (     292   16638)
           7    6.959815   17.485399  (    4349   18472)
           8    6.967068   16.032985  (    5918   17524)
           9    6.972699   18.374893  (     340   16638)
          10    6.979239   18.713808  (     691   11235)
          11    6.986470   15.813738  (     372   11136)
          12    6.992020   15.793710  (     877   17883)
          13    6.997068   15.716659  (     877   16207)
          14    7.017887   18.054130  (    3218   15841)
          15    7.029380   13.855136  (     753   14170)
          16    7.057748   17.222521  (      53   15841)
          17    7.062164   17.254704  (     631   11136)
          18    7.071065   17.851483  (    8107   11201)
          19    7.071936   17.325395  (      38   17524)
          20    7.078479   17.409129  (     701   16638)
          21    7.080677   16.126854  (     322   17883)
          22    7.081386   16.352685  (    1170   11136)
          23    7.083262   18.888907  (     691   15234)
          24    7.084216   18.323822  (    9386   15841)
          25    7.092489   16.893172  (     306   15841)
          26    7.107602   15.006846  (     877   12991)
          27    7.109415   18.845020  (     140   16638)
          28    7.113673   15.827112  (     698   15841)
          29    7.117492   16.546110  (     619   15841)
          30    7.121995   15.958154  (     877   18023)
          31    7.127567   20.922601  (    4794   18239)
          32    7.130720   19.057036  (    4290   10480)
          33    7.132067   18.203963  (     619   16638)
          34    7.135717   16.348022  (      57   16207)
          35    7.138908   16.247608  (     111   11136)
          36    7.139106   18.871445  (     691   16415)
          37    7.139727   18.279492  (     140   17524)
          38    7.142493   18.235739  (     152   16638)
          39    7.145001   20.328963  (    1343   18472)
          40    7.148371   18.357799  (    1077   16638)
          41    7.149611   14.691661  (     912   15841)
          42    7.150735   16.928120  (    4102   15841)
          43    7.153917   16.775104  (      59   15841)
          44    7.155395   17.166342  (     808   16638)
          45    7.155431   15.916491  (     877   18015)
          46    7.157995   16.699895  (    1077   15841)
          47    7.158915   15.461862  (     808   15841)
          48    7.159493   17.216842  (      53   17524)
          49    7.169950   16.489823  (     456   11136)
          50    7.175801   18.682711  (    4102   16638)
          51    7.176704   20.019853  (      25   13111)
          52    7.177895   19.313549  (      18   13111)
          53    7.179452   16.786633  (     500   15841)
          54    7.182396   16.471015  (    1220   11136)
          55    7.183184   18.701265  (      38   16638)
          56    7.183760   16.978281  (      76   14170)
          57    7.183989   16.697031  (     227   16621)
          58    7.189773   17.255072  (      25   14706)
          59    7.190098   18.406892  (     500   16638)
          60    7.190684   18.351456  (     218   16638)
          61    7.190807   17.184080  (     102   14170)
          62    7.191136   16.565082  (    2288   17815)
          63    7.196645   16.557096  (      18   14706)
          64    7.196783   16.766917  (    1418   15841)
          65    7.198812   18.857866  (     691   17547)
          66    7.201896   17.317220  (    1846   15841)
          67    7.202843   15.956300  (      28   17883)
          68    7.203551   19.104978  (    5640   15841)
          69    7.209254   17.440796  (     307   10480)
          70    7.209725   18.828774  (     691   18128)
          71    7.210490   15.847139  (      28   16207)
          72    7.211686   16.564634  (     655   15841)
          73    7.213345   19.873597  (      25   13784)
          74    7.214515   16.351955  (     554   11136)
          75    7.214702   19.063910  (      10   13111)
          76    7.215138   16.418254  (     641   11136)
          77    7.215337   16.750083  (    1397   15841)
          78    7.215338   16.043334  (     562   11136)
          79    7.217913   15.764135  (      28   12991)
          80    7.219569   19.825812  (      18   12561)
          81    7.219850   17.597347  (     698   17524)
          82    7.222468   18.796489  (     691   18854)
          83    7.222824   16.020768  (     571   11136)
          84    7.223213   16.798363  (     292   17524)
          85    7.223323   18.141796  (     165   16638)
          86    7.226580   18.801819  (    4290   18799)
          87    7.228116   18.010414  (      93   14706)
          88    7.228560   17.128253  (       1   10001)
          89    7.230344   16.354943  (      10   14706)
          90    7.231909   20.862574  (      93   13111)
          91    7.233104   16.561108  (     681   15841)
          92    7.233514   16.987764  (    4313   17524)
          93    7.233863   16.886138  (    8650   14170)
          94    7.235814   15.233409  (     247   10480)
          95    7.237278   19.947366  (      25   16247)
          96    7.238468   19.169889  (      18   13784)
          97    7.240162   16.704975  (    1029   15841)
          98    7.241101   19.238346  (      18   16247)
          99    7.241605   19.166741  (    1305   16621)
         100    7.242566   18.890461  (    4290   17221)
