        Rank        RMSE       MaxAE  Feature_ID
           1    3.851545   10.704012  (      27   14041)
           2    3.959740   10.862516  (      32   14041)
           3    3.968767   14.363729  (    1149   11951)
           4    3.973779   10.903057  (      43   14041)
           5    3.976517    9.835108  (     158   14041)
           6    3.986324   14.396011  (     114   13253)
           7    3.990665   10.941230  (      56   14041)
           8    3.992193   10.202410  (       2   10006)
           9    3.997107   12.208635  (      14   16284)
          10    4.016129   14.425515  (      24   10208)
          11    4.019783    9.508717  (       1   10001)
          12    4.021125   10.789466  (    5033   16934)
          13    4.021831   10.668010  (       6   10128)
          14    4.023248   11.644194  (     158   16934)
          15    4.027350   14.648659  (      24   11951)
          16    4.027610   14.107514  (      24   10713)
          17    4.031081   13.447169  (      95   13237)
          18    4.031185   13.499377  (      69   13237)
          19    4.034136   11.790600  (      95   10489)
          20    4.037048   11.856156  (      69   10489)
          21    4.041690   11.313779  (    2747   16934)
          22    4.042215   13.546665  (      69   12994)
          23    4.042273   13.494959  (      95   12994)
          24    4.043930   12.291976  (       2   10008)
          25    4.044410   12.079808  (    4527   16934)
          26    4.044951   11.361873  (    2593   16934)
          27    4.051241   12.013786  (    5963   18580)
          28    4.052102   12.487749  (     411   12350)
          29    4.052463   10.893323  (      28   14041)
          30    4.055296   13.026058  (    4036   16934)
          31    4.056678   11.666345  (     254   16934)
          32    4.057833   10.891667  (       2   10028)
          33    4.058390   13.215884  (      18   15258)
          34    4.058567   11.010091  (    5033   18993)
          35    4.062284   10.952621  (       6   10253)
          36    4.063485   10.904136  (      30   14041)
          37    4.063901   10.085625  (       3   10016)
          38    4.063931   13.016184  (    4643   16934)
          39    4.065961   11.141451  (    9786   16934)
          40    4.066759   14.064763  (    1149   10208)
          41    4.067453   13.441135  (    2262   10208)
          42    4.069302   11.707109  (     397   16934)
          43    4.069332   12.545303  (    1204   13593)
          44    4.070099   14.802526  (       8   12245)
          45    4.071298   12.992338  (    5999   16934)
          46    4.074011   11.142893  (    1086   14041)
          47    4.074519   14.263570  (       8   10873)
          48    4.076665   11.943376  (    5963   14076)
          49    4.077444   12.105916  (     733   14041)
          50    4.078014   10.423072  (       6   10006)
          51    4.079009   11.776731  (    1366   16934)
          52    4.082370   11.741309  (     550   16934)
          53    4.082396   11.078108  (       2   10096)
          54    4.083265   10.893252  (    5963   12245)
          55    4.083574   12.362237  (      14   18374)
          56    4.084452   13.374734  (    4568   16934)
          57    4.085692   11.140352  (       6   10587)
          58    4.088701   11.925977  (      95   10493)
          59    4.089379   10.226737  (       3   10018)
          60    4.090959   11.990027  (      69   10493)
          61    4.091291   12.006965  (     918   12427)
          62    4.091822   13.567192  (     356   10148)
          63    4.093993   11.604535  (     102   16934)
          64    4.094301   11.744804  (       1   10002)
          65    4.094642   11.829601  (       2   10678)
          66    4.096485   11.793988  (     356   10002)
          67    4.096818   13.966530  (      14   10003)
          68    4.097619    9.936234  (     102   14041)
          69    4.097873   12.217899  (      14   11290)
          70    4.098414   10.021110  (     254   14041)
          71    4.098675   10.196426  (       1   10008)
          72    4.099144   10.552312  (       2   10128)
          73    4.100510   12.246920  (    1204   14582)
          74    4.101540    9.027110  (       5   10001)
          75    4.102138   11.796648  (    9860   16934)
          76    4.102657   13.389933  (     356   10021)
          77    4.103052   10.591424  (       1   10009)
          78    4.103396   10.459997  (    2617   14041)
          79    4.103774   14.285039  (       8   11206)
          80    4.104657   10.708117  (       2   10641)
          81    4.104837   12.182935  (     232   14041)
          82    4.105045   10.714413  (       2   10654)
          83    4.105594   12.138706  (     411   14559)
          84    4.105703   10.495070  (    5963   10903)
          85    4.110458   12.750086  (     889   14041)
          86    4.110650   10.953209  (      34   14041)
          87    4.110902   13.098197  (    4995   16934)
          88    4.111666   13.478779  (    4594   16934)
          89    4.111747   14.504131  (     114   10046)
          90    4.112674   11.048905  (    7137   16934)
          91    4.114198   11.146303  (       2   10911)
          92    4.114459   11.153620  (       2   10929)
          93    4.114769   13.138667  (    4993   16934)
          94    4.116062    9.777804  (       1   10003)
          95    4.116678    9.537885  (      46   10480)
          96    4.116950   11.389201  (       2   10202)
          97    4.117033   11.180176  (     734   14041)
          98    4.117579   11.216556  (     833   14041)
          99    4.117834   12.148989  (      14   14222)
         100    4.118274   13.488081  (      69   10873)
