Model_ID, [(c_i,i=0,n)_j,j=1,ntask]
           1    0.5135387488E+02    0.4488255102E+02    0.1317726075E+04
           2    0.5130777229E+02    0.4568093923E+02   -0.1246332012E+04
           3    0.5213933261E+02   -0.5051629014E+02   -0.7661983914E+02
           4    0.5801006356E+02    0.2481020035E+02    0.1202760718E+04
           5    0.5053131322E+02    0.3974679648E+02   -0.2567658356E+04
           6    0.5140494180E+02    0.3711757415E+02   -0.2554565180E+04
           7    0.6816113837E+02   -0.2752819051E+02    0.1269496589E+04
           8    0.4860881283E+02    0.4315099230E+02    0.1138005346E+04
           9    0.4855454596E+02    0.4389506820E+02   -0.1080638893E+04
          10    0.6841283510E+02   -0.2801067032E+02   -0.1200178222E+04
          11    0.5804751370E+02    0.2519856722E+02   -0.1130246616E+04
          12    0.7429824549E+02   -0.7552303383E+02   -0.3842077434E+03
          13    0.4742054025E+02    0.2176858168E+02    0.1298751932E+04
          14    0.5043141684E+02   -0.3972672762E+02   -0.2512873807E+04
          15    0.4865715130E+02   -0.4653992562E+02    0.1527523562E+03
          16    0.6408276318E+02   -0.2671084669E+02   -0.1032735163E+04
          17    0.5038385069E+02   -0.3719999704E+02   -0.4051978296E+03
          18    0.5390121039E+02   -0.5138950780E+02    0.6061907879E+02
          19    0.5589219165E+02    0.5152665759E+02   -0.3509308176E+03
          20    0.6782565492E+02   -0.2900636313E+02    0.1205132493E+04
          21    0.5038760623E+02   -0.3720409187E+02   -0.4042317260E+03
          22    0.5607117817E+02    0.5107930757E+02   -0.3680933038E+03
          23    0.5392299157E+02   -0.5033548520E+02    0.5918588203E+02
          24    0.5574856354E+02    0.5072804150E+02   -0.3302104886E+03
          25    0.5594090992E+02    0.5145536121E+02   -0.3324214817E+03
          26    0.5043224944E+02    0.4443365429E+02    0.1208984074E+04
          27    0.4599469526E+02   -0.3558941541E+02   -0.4453237360E+03
          28    0.5024909471E+02    0.4501529160E+02    0.1215328505E+04
          29    0.4765024281E+02   -0.3825762405E+02    0.1213575620E+04
          30    0.6384173813E+02   -0.2625101661E+02    0.1081919189E+04
          31    0.4542305125E+02   -0.3963186440E+02   -0.2514473465E+04
          32    0.8246925818E+02    0.4079707712E+02   -0.1255875228E+04
          33    0.1953736138E+02    0.4042809788E+02   -0.4941321997E+03
          34    0.5538916171E+02    0.5124779908E+02   -0.3345742380E+03
          35    0.6809345023E+02   -0.2951906027E+02   -0.1142012322E+04
          36    0.4628935144E+02   -0.3579460699E+02   -0.4592511633E+03
          37    0.4444841668E+02   -0.3646681442E+02   -0.4764416563E+03
          38    0.4454287537E+02   -0.3647401321E+02   -0.4742473536E+03
          39    0.5537906589E+02    0.5125516614E+02   -0.3321920942E+03
          40    0.5568091118E+02    0.5142523289E+02   -0.3408880438E+03
          41    0.6449867498E+02   -0.5690338726E+02   -0.4322537170E+03
          42    0.5566797886E+02    0.5143074043E+02   -0.3383763035E+03
          43    0.5027067482E+02    0.4472141889E+02    0.1207074588E+04
          44    0.5365159225E+02   -0.4585430216E+02    0.4655658623E+03
          45    0.5364088406E+02   -0.4585673819E+02    0.4655191259E+03
          46    0.5038306685E+02    0.4520301649E+02   -0.1143576072E+04
          47    0.4826470937E+02   -0.4707079017E+02   -0.1514166360E+03
          48    0.5560083336E+02    0.5119222210E+02   -0.3376108873E+03
          49    0.5122001764E+02   -0.3697573699E+02   -0.2471712052E+04
          50    0.5374654204E+02   -0.5148957190E+02   -0.8102780363E+02
          51    0.5558858779E+02    0.5119934995E+02   -0.3351454676E+03
          52    0.5019717828E+02    0.4580006415E+02   -0.1149847429E+04
          53    0.5198119300E+02    0.4705506356E+02   -0.1954779401E+03
          54    0.5450519407E+02   -0.3945797014E+02   -0.2524524328E+04
          55    0.4448658733E+02    0.3658109332E+02   -0.4697841222E+03
          56    0.5522845108E+02    0.5174627876E+02   -0.3342227947E+03
          57    0.5650544989E+02   -0.3813470754E+02    0.1110994945E+04
          58    0.4828706249E+02   -0.4730994609E+02   -0.1503356488E+03
          59    0.4750873981E+02   -0.4665945263E+02    0.1717646556E+03
          60    0.5433996793E+02    0.4744320513E+02   -0.4614349014E+03
          61    0.5218451973E+02   -0.4903243856E+02   -0.7584797314E+02
          62    0.5537888168E+02    0.5131271016E+02   -0.3392935353E+03
          63    0.4792844829E+02    0.3626136428E+02    0.1269692722E+04
          64    0.5536725245E+02    0.5131765156E+02   -0.3367288161E+03
          65    0.5216763773E+02    0.4775521313E+02   -0.1932934089E+03
          66    0.5572751434E+02    0.5190865474E+02   -0.3307852117E+03
          67    0.5139106304E+02    0.2516412983E+02    0.1240591705E+04
          68    0.5571709256E+02    0.5191405985E+02   -0.3285941584E+03
          69    0.5424482968E+02    0.4744415977E+02   -0.4592862999E+03
          70    0.5525817941E+02    0.5191459467E+02   -0.3244113694E+03
          71    0.5447762388E+02    0.3952462118E+02   -0.2494950304E+04
          72    0.5069350701E+02    0.4574927965E+02    0.1245710967E+04
          73    0.1005062952E+03   -0.3272762695E+02   -0.1156494738E+03
          74    0.5158675788E+02    0.4729643141E+02   -0.1933368840E+03
          75    0.5525116948E+02    0.5192011676E+02   -0.3223162709E+03
          76    0.5477637210E+02    0.5161847263E+02   -0.3202995212E+03
          77    0.5021931915E+02    0.4549765923E+02   -0.1141859633E+04
          78    0.5445320216E+02    0.4928747110E+02   -0.7425338492E+03
          79    0.4851575493E+02   -0.4619128643E+02    0.1546277325E+03
          80    0.5164265402E+02    0.4673102331E+02   -0.1885723701E+03
          81    0.5568026091E+02    0.4972754837E+02   -0.3098095527E+03
          82    0.7221428933E+02    0.6733524695E+02   -0.3753664418E+03
          83    0.5505469821E+02   -0.4528965981E+02    0.7996581892E+02
          84    0.5444664944E+02    0.4926198907E+02   -0.7442552091E+03
          85    0.5536221799E+02    0.5160800472E+02   -0.3273453910E+03
          86    0.5192281902E+02    0.4697685452E+02   -0.1942770782E+03
          87    0.5545151709E+02    0.5077481660E+02   -0.3403157375E+03
          88    0.4574820621E+02   -0.3615966948E+02   -0.4518535144E+03
          89    0.4725070359E+02    0.2208727627E+02   -0.1213169208E+04
          90    0.5196840255E+02    0.4665414834E+02   -0.1920443271E+03
          91    0.5614507137E+02   -0.3839371458E+02    0.1072491914E+04
          92    0.5592523221E+02   -0.5097044550E+02   -0.3954591875E+03
          93    0.5251942434E+02    0.5072829713E+02   -0.2658403495E+03
          94    0.5189695127E+02    0.4712143338E+02   -0.1907237691E+03
          95    0.5543812922E+02    0.5078237337E+02   -0.3376447226E+03
          96    0.4868287887E+02    0.4733537173E+02   -0.1212723687E+04
          97    0.5152152429E+02    0.4798152774E+02   -0.3996019805E+03
          98    0.4808418552E+02    0.3756953083E+02    0.1253810477E+04
          99    0.4818081689E+02    0.3741108153E+02    0.1252955665E+04
         100    0.4818078399E+02   -0.2053468900E+02    0.1204281778E+04
