Model_ID, [(c_i,i=0,n)_j,j=1,ntask]
           1    0.2412078991E+03    0.2257297811E+03   -0.1111681676E+04
           2    0.2243111690E+03    0.1981410334E+03   -0.8690780190E+03
           3    0.1624770778E+03   -0.1268106742E+03   -0.1389959468E+04
           4    0.1973828815E+03    0.1427027454E+03   -0.2015885621E+04
           5    0.1653071687E+03   -0.1347743895E+03   -0.1974174117E+04
           6    0.1993892397E+03    0.1366338104E+03   -0.2035202357E+04
           7    0.2415380572E+03    0.2284442573E+03   -0.9566003191E+03
           8    0.2243897439E+03    0.1960889314E+03   -0.9373310144E+03
           9    0.2325529103E+03    0.2074177674E+03    0.7775812934E+03
          10    0.2325178937E+03    0.2084967858E+03    0.7644845998E+03
          11    0.2279209298E+03    0.1932659100E+03    0.7298212678E+03
          12    0.1613353914E+03   -0.1303481008E+03   -0.1827150277E+04
          13    0.2160570604E+03    0.1970079434E+03    0.1286873074E+04
          14    0.1633620745E+03   -0.1270535979E+03   -0.1588994327E+04
          15    0.1630534862E+03   -0.1274086189E+03   -0.1501180710E+04
          16    0.2278089997E+03    0.1914524919E+03   -0.7422107397E+03
          17    0.2030237450E+03    0.1422098869E+03   -0.1266062253E+04
          18    0.1633828709E+03   -0.1280797214E+03   -0.1553042042E+04
          19    0.1627110653E+03   -0.1313002719E+03   -0.2108761042E+04
          20    0.2447059405E+03    0.2266514099E+03    0.7673738579E+03
          21    0.1633505530E+03   -0.1278323290E+03   -0.1541108479E+04
          22    0.1634063551E+03    0.1274869021E+03   -0.1552884845E+04
          23    0.2323851789E+03    0.2050362478E+03   -0.7874338163E+03
          24    0.1634764655E+03    0.1274290654E+03   -0.1553122873E+04
          25    0.1635474626E+03   -0.1273699294E+03   -0.1553369961E+04
          26    0.2410097002E+03    0.2257112806E+03   -0.1103628787E+04
          27    0.1636218400E+03    0.1269995935E+03   -0.1565256868E+04
          28    0.2274446792E+03    0.2079263039E+03    0.7264417723E+03
          29    0.2422413842E+03    0.2273109573E+03   -0.1176195402E+04
          30    0.2052715199E+03    0.1766119906E+03   -0.1133860531E+04
          31    0.1630872533E+03   -0.1317193254E+03   -0.1233392387E+04
          32    0.2416194420E+03    0.2263967404E+03   -0.6865863856E+03
          33    0.1988873943E+03    0.1392917248E+03   -0.7463792797E+03
          34    0.1635491843E+03   -0.1286535887E+03   -0.1555967461E+04
          35    0.2299380589E+03    0.1849421845E+03    0.7058743651E+03
          36    0.1630057671E+03   -0.1299408344E+03   -0.1331452369E+04
          37    0.2411081707E+03    0.2268613400E+03   -0.6742316851E+03
          38    0.1627367520E+03   -0.1317297616E+03   -0.1012418885E+04
          39    0.1709287480E+03    0.1258558265E+03   -0.1557546093E+04
          40    0.2433388083E+03    0.2239248285E+03   -0.6847511523E+03
          41    0.1652483621E+03   -0.1278648598E+03   -0.1502750852E+04
          42    0.2263237546E+03    0.2028391287E+03   -0.7159513777E+02
          43    0.2432997052E+03    0.2261759713E+03   -0.6724480095E+03
          44    0.1637216666E+03    0.1265689763E+03   -0.1554692547E+04
          45    0.2099979601E+03    0.1613317611E+03   -0.1039392412E+03
          46    0.2208354934E+03    0.1930672095E+03   -0.1231742863E+04
          47    0.2020178402E+03    0.1411658826E+03   -0.1153941538E+04
          48    0.1819901655E+03    0.1551282958E+03   -0.7243938797E+03
          49    0.2032297124E+03    0.1435901964E+03   -0.1978933086E+04
          50    0.2034623109E+03    0.1412403078E+03   -0.1155207702E+04
          51    0.2276742519E+03    0.2050765037E+03    0.7708159797E+03
          52    0.1994172147E+03    0.1434812994E+03   -0.2276563430E+04
          53    0.2394800554E+03    0.2210741852E+03   -0.6475898802E+03
          54    0.2234370688E+03    0.1918436469E+03   -0.7896133657E+03
          55    0.2022783582E+03    0.1419436225E+03   -0.7073350660E+03
          56    0.2413336791E+03    0.2284366836E+03   -0.9501044172E+03
          57    0.1636964396E+03   -0.1276569813E+03   -0.1518105799E+04
          58    0.2434720475E+03    0.2209972740E+03   -0.7380743173E+03
          59    0.2430024811E+03    0.2246266149E+03   -0.6794124975E+03
          60    0.2431087668E+03    0.2249386451E+03    0.6794468637E+03
          61    0.2428880731E+03    0.2243310417E+03   -0.6778429217E+03
          62    0.1610400559E+03   -0.1303402790E+03   -0.1751103404E+04
          63    0.2323761174E+03    0.2088196267E+03    0.7072164126E+03
          64    0.1622689666E+03   -0.1313380992E+03   -0.2037202099E+04
          65    0.2407400407E+03    0.2249438048E+03   -0.7222382893E+03
          66    0.2313158022E+03    0.2096379509E+03    0.7686950645E+03
          67    0.1640699701E+03   -0.1272060886E+03   -0.1606652618E+04
          68    0.2312751548E+03    0.2107303746E+03    0.7559442530E+03
          69    0.2231615074E+03    0.1940172087E+03   -0.7747398658E+03
          70    0.1765217376E+03    0.1522350813E+03   -0.1619939372E+04
          71    0.1493540400E+03    0.1093504317E+03   -0.1989007714E+04
          72    0.2281833460E+03    0.1028694308E+03   -0.1523254551E+04
          73    0.1671001375E+03   -0.1355322647E+03   -0.2231333847E+04
          74    0.2209233039E+03    0.1957754473E+03   -0.1070688472E+04
          75    0.2421232990E+03    0.2118109875E+03    0.6251329046E+03
          76    0.2431307109E+03    0.2217505486E+03   -0.7352255955E+03
          77    0.2422309269E+03    0.2128342645E+03    0.6267747568E+03
          78    0.2020197701E+03    0.1435281720E+03   -0.1241839622E+04
          79    0.1647942092E+03   -0.1312781380E+03   -0.6837168462E+03
          80    0.2432995070E+03    0.2256260435E+03    0.6746627576E+03
          81    0.1662604948E+03   -0.1294224737E+03   -0.6981483055E+03
          82    0.2409131769E+03    0.2271446094E+03   -0.6824997421E+03
          83    0.2248060126E+03    0.1905002818E+03    0.6302518130E+03
          84    0.1991273515E+03    0.1430560736E+03   -0.7276652604E+03
          85    0.2426298149E+03    0.2237802545E+03   -0.6698726128E+03
          86    0.1660554851E+03   -0.1298612959E+03   -0.1479056700E+04
          87    0.2278609104E+03    0.1909186830E+03    0.7585108322E+03
          88    0.2051549840E+03    0.1359713609E+03   -0.1261556685E+04
          89    0.1813026284E+03    0.1517892659E+03    0.1214391191E+03
          90    0.2278013453E+03    0.1889439223E+03   -0.7767614180E+03
          91    0.2274260807E+03    0.1888810461E+03    0.7219062758E+03
          92    0.2235057673E+03    0.1958976865E+03   -0.8390083316E+03
          93    0.2169326124E+03    0.1994192308E+03    0.1058014679E+04
          94    0.2117872906E+03    0.1608931345E+03    0.5607673105E+02
          95    0.1651197585E+03   -0.1333180563E+03   -0.1419549504E+04
          96    0.2430728287E+03    0.2242451168E+03   -0.7172685486E+03
          97    0.2229866821E+03    0.1924938376E+03   -0.7840421223E+03
          98    0.2108455510E+03    0.1590902030E+03   -0.1403506200E+03
          99    0.1614918616E+03   -0.1248670267E+03   -0.1560297593E+04
         100    0.2228859746E+03    0.1922002691E+03   -0.7822163241E+03
