Model_ID, [(c_i,i=0,n)_j,j=1,ntask]
           1    0.2238007576E+03    0.1768674451E+03   -0.1252469482E+04
           2    0.2233628494E+03    0.1778304793E+03   -0.1262101920E+04
           3    0.2207167499E+03    0.1724603320E+03   -0.1524297484E+04
           4    0.2202699513E+03    0.1733625375E+03   -0.1535353062E+04
           5    0.2973560910E+03    0.2560006071E+03    0.6720318295E+03
           6    0.2242492143E+03    0.1834189810E+03   -0.1381747931E+04
           7    0.2979205899E+03    0.2572178745E+03    0.6063755654E+03
           8    0.2247199182E+03    0.1823277526E+03   -0.1366597256E+04
           9    0.2970283512E+03    0.2576527494E+03    0.6903651322E+03
          10    0.1935886950E+03    0.1757768300E+03   -0.1326800861E+04
          11    0.2876461894E+03    0.2603770506E+03   -0.8810090744E+03
          12    0.1901846656E+03    0.1855476787E+03   -0.1909205868E+04
          13    0.2970095609E+03    0.2639155039E+03    0.4197797704E+03
          14    0.1953259067E+03    0.1995072759E+03   -0.1840312053E+04
          15    0.2223672647E+03    0.1810843478E+03   -0.1569145113E+04
          16    0.2228549901E+03    0.1800298668E+03   -0.1551732522E+04
          17    0.2972351608E+03    0.2641617654E+03   -0.4078046563E+03
          18    0.1980699300E+03    0.1910702535E+03   -0.2067906702E+04
          19    0.2854010906E+03    0.2564107512E+03   -0.9600478680E+03
          20    0.2976674116E+03    0.2588843137E+03    0.6398663071E+03
          21    0.2973920328E+03    0.2607795186E+03    0.7328219818E+03
          22    0.1939263505E+03    0.1764527650E+03   -0.1225904287E+04
          23    0.2870010711E+03    0.2647414879E+03   -0.8847976946E+03
          24    0.2962915425E+03    0.2625008807E+03    0.4299929322E+03
          25    0.2248428572E+03    0.2084905519E+03   -0.1397986874E+04
          26    0.2979473279E+03    0.2572275623E+03   -0.5620684173E+03
          27    0.2219554216E+03    0.1774917449E+03   -0.1554800356E+04
          28    0.2214714869E+03    0.1784929774E+03   -0.1571099016E+04
          29    0.1067640986E+03    0.9350591013E+02   -0.9822917139E+03
          30    0.2838609359E+03    0.2597603488E+03   -0.6202762314E+03
          31    0.2989094097E+03    0.2541180326E+03    0.8764566304E+03
          32    0.2973764293E+03    0.2654212804E+03    0.4056521434E+03
          33    0.2866784373E+03    0.2650757219E+03   -0.8489924187E+03
          34    0.2227271314E+03    0.1782073623E+03   -0.1473147088E+04
          35    0.2849915375E+03    0.2612022452E+03   -0.9421027719E+03
          36    0.2979896695E+03    0.2616899453E+03    0.6713993532E+03
          37    0.2222501659E+03    0.1792186691E+03   -0.1488546257E+04
          38    0.2878501946E+03    0.2658158957E+03   -0.9096943922E+03
          39    0.2878757774E+03    0.2651345179E+03   -0.8652812793E+03
          40    0.2873754146E+03    0.2659951080E+03   -0.8725676002E+03
          41    0.2975992771E+03    0.2656739475E+03   -0.3953454687E+03
          42    0.1906843473E+03    0.1873196820E+03   -0.1796634744E+04
          43    0.2973220781E+03    0.2647683323E+03    0.4153087205E+03
          44    0.2869719784E+03    0.2646599712E+03   -0.8574658960E+03
          45    0.2237380195E+03    0.1713413535E+03   -0.1351659179E+04
          46    0.2151838876E+03    0.1887941925E+03   -0.1685235159E+04
          47    0.2971784847E+03    0.2648030909E+03    0.4012759540E+03
          48    0.2975386867E+03    0.2649960449E+03   -0.4037179865E+03
          49    0.2883095010E+03    0.2662119777E+03   -0.8461156404E+03
          50    0.2864543168E+03    0.2660096094E+03   -0.8156187509E+03
          51    0.2977640295E+03    0.2589305452E+03   -0.6019004824E+03
          52    0.2988915293E+03    0.2541778001E+03    0.8575081423E+03
          53    0.2879920031E+03    0.2681402462E+03   -0.8725902025E+03
          54    0.2253472278E+03    0.2068580028E+03   -0.1384351606E+04
          55    0.2859754734E+03    0.2642468205E+03   -0.9099624599E+03
          56    0.2233176560E+03    0.1722173478E+03   -0.1361384274E+04
          57    0.2859764193E+03    0.2622252290E+03   -0.9140648707E+03
          58    0.2965720358E+03    0.2647837652E+03    0.4109289329E+03
          59    0.2965793999E+03    0.2647440516E+03    0.4107692542E+03
          60    0.2969821834E+03    0.2598673566E+03    0.3837249931E+03
          61    0.2965354141E+03    0.2649528864E+03    0.4114439487E+03
          62    0.2865197900E+03    0.2666041791E+03   -0.8724325397E+03
          63    0.1958957540E+03    0.2013089578E+03   -0.1724465003E+04
          64    0.2873530402E+03    0.2643261205E+03   -0.8638527380E+03
          65    0.2964939602E+03    0.2651012965E+03   -0.4116037478E+03
          66    0.2964842512E+03    0.2651309595E+03   -0.4115910531E+03
          67    0.2868972368E+03    0.2643926718E+03   -0.8626082516E+03
          68    0.2855995851E+03   -0.2635370771E+03   -0.9161948717E+03
          69    0.2976252245E+03    0.2593301159E+03    0.3078490939E+03
          70    0.2834145280E+03    0.2587584403E+03   -0.6225786481E+03
          71    0.2975297965E+03    0.2637617305E+03    0.4166707177E+03
          72    0.2965990485E+03    0.2656941161E+03   -0.3989223250E+03
          73    0.2060129248E+03    0.1802781381E+03   -0.1177093466E+04
          74    0.2157068104E+03    0.1875384714E+03   -0.1675982330E+04
          75    0.2968043099E+03    0.2649968211E+03   -0.3993825114E+03
          76    0.2969563858E+03    0.2595627892E+03    0.3801453043E+03
          77    0.2967685996E+03    0.2651597339E+03   -0.3998410189E+03
          78    0.2867896079E+03    0.2650315310E+03   -0.8514579642E+03
          79    0.2872089374E+03    0.2639322306E+03   -0.8622095969E+03
          80    0.2967281061E+03    0.2653027549E+03   -0.3999711168E+03
          81    0.1984522680E+03    0.1961883372E+03   -0.1879455299E+04
          82    0.2052173006E+03    0.1583933449E+03   -0.8527654083E+03
          83    0.2971793242E+03    0.2599513899E+03   -0.3713057257E+03
          84    0.2874741815E+03    0.2647033865E+03   -0.8595363474E+03
          85    0.2087076744E+03    0.1985092371E+03   -0.2170127183E+04
          86    0.2857722511E+03    0.2621453199E+03   -0.9679940333E+03
          87    0.2977360188E+03    0.2640000956E+03   -0.4046878323E+03
          88    0.1846588231E+03    0.1344098952E+03   -0.2400323732E+04
          89    0.2975885750E+03    0.2605742234E+03   -0.2937437632E+03
          90    0.2966090217E+03    0.2633475504E+03    0.4245135653E+03
          91    0.2870447312E+03    0.2637223502E+03    0.8609041419E+03
          92    0.2870673594E+03    0.2636427660E+03   -0.8602524045E+03
          93    0.2868118129E+03    0.2653550280E+03   -0.8708179622E+03
          94    0.2870883990E+03    0.2635697899E+03   -0.8595392246E+03
          95    0.2966360227E+03    0.2640911267E+03    0.4070476863E+03
          96    0.2871100783E+03    0.2634955275E+03    0.8587065202E+03
          97    0.2853971687E+03    0.2624123969E+03   -0.9264784665E+03
          98    0.2047597630E+03    0.1592110266E+03   -0.8538326136E+03
          99    0.2872459816E+03    0.2633025348E+03   -0.8570115374E+03
         100    0.2871349187E+03    0.2634114940E+03   -0.8576413703E+03
