Model_ID, [(c_i,i=0,n)_j,j=1,ntask]
           1    0.6861959378E+01   -0.2850071525E+02    0.1925003465E+03
           2    0.6827499588E+01   -0.2843365760E+02    0.1942216107E+03
           3    0.6935889705E+01   -0.2841549226E+02    0.1921379957E+03
           4    0.7344229803E+01   -0.2129590909E+02    0.6849993613E+02
           5    0.7322016859E+01   -0.2839850508E+02    0.1593710276E+03
           6    0.7352040862E+01   -0.2844757856E+02    0.1575529634E+03
           7    0.7375457411E+01   -0.2123707814E+02    0.6945280287E+02
           8    0.5281936755E+01   -0.1957913219E+02    0.1892377499E+03
           9    0.5290467090E+01   -0.9795532695E+01    0.1899864249E+03
          10    0.7296370768E+01   -0.2125113708E+02    0.6658911441E+02
          11    0.6941269502E+01   -0.2834022502E+02    0.1957803574E+03
          12    0.7013120135E+01   -0.2850263919E+02    0.1944913339E+03
          13    0.5753701900E+01   -0.1965281594E+02    0.1580483324E+03
          14    0.7249149510E+01   -0.2128298083E+02    0.6544698287E+02
          15    0.5307040558E+01   -0.1958226409E+02    0.1906119078E+03
          16    0.5763503375E+01   -0.9835476498E+01    0.1588503149E+03
          17    0.5781032563E+01   -0.1966822515E+02    0.1595448204E+03
          18    0.4483720792E+01   -0.1944867813E+02    0.1826966900E+03
          19    0.7424831962E+01   -0.2836549764E+02    0.1573130856E+03
          20    0.7052150437E+01   -0.2849912338E+02    0.1964493465E+03
          21    0.6310752139E+01   -0.2891288182E+02    0.2386650753E+03
          22    0.5040273215E+01   -0.1895330001E+02    0.1805754843E+03
          23    0.7439386439E+01   -0.2833165211E+02    0.1612217583E+03
          24    0.7244123838E+01   -0.2111739707E+02    0.6489875319E+02
          25    0.7325619670E+01   -0.2101310441E+02    0.6700731901E+02
          26    0.7507987967E+01   -0.2847927562E+02    0.1598424042E+03
          27    0.6281762530E+01   -0.2877529038E+02    0.2387283263E+03
          28    0.7057927902E+01   -0.1055204922E+02    0.6809213311E+02
          29    0.5092319902E+01   -0.1947740483E+02    0.1727030552E+03
          30    0.5630626293E+01   -0.1841153830E+02    0.1817251500E+03
          31    0.4388024094E+01   -0.1947571023E+02    0.1839528326E+03
          32    0.5180379530E+01   -0.9420680185E+01    0.1791226978E+03
          33    0.6547718209E+01   -0.2096427174E+02    0.6716210139E+02
          34    0.4350956369E+01   -0.1929452979E+02    0.1829386119E+03
          35    0.7221246797E+01   -0.2589420423E+02    0.1825809114E+03
          36    0.5390717627E+01   -0.1927512357E+02    0.1848153997E+03
          37    0.4404042656E+01   -0.9741462678E+01    0.1839915384E+03
          38    0.5390560768E+01   -0.1925466199E+02    0.1845281255E+03
          39    0.5435047055E+01   -0.1948695428E+02    0.1886792140E+03
          40    0.5446892247E+01   -0.1844737369E+02    0.1771190988E+03
          41    0.5268367860E+01    0.9160466953E+01    0.1807613026E+03
          42    0.5334360931E+01   -0.1877989723E+02    0.1739597039E+03
          43    0.5234059428E+01   -0.1868997348E+02    0.1772919348E+03
          44    0.4422876937E+01   -0.1948369242E+02    0.1839936702E+03
          45    0.5393281045E+01   -0.1855169730E+02    0.1790492366E+03
          46    0.5297323525E+01   -0.1863127215E+02    0.1775235234E+03
          47    0.4357415480E+01   -0.1921669186E+02    0.1825002958E+03
          48    0.4573237762E+01   -0.1923333339E+02   -0.5806835283E+02
          49    0.5129099241E+01   -0.2068358433E+02    0.4784447739E+02
          50    0.7551865408E+01   -0.2849988096E+02    0.1619704659E+03
          51    0.6385791183E+01   -0.2883068365E+02    0.2382656685E+03
          52    0.7005721452E+01   -0.2614861688E+02    0.1768158894E+03
          53    0.5272136639E+01    0.1863705693E+02    0.1771756156E+03
          54    0.5275723409E+01   -0.1864391084E+02    0.1772130090E+03
          55    0.4767813844E+01   -0.1895364502E+02   -0.5670620491E+02
          56    0.5383811336E+01   -0.9293421436E+01    0.1773945440E+03
          57    0.4380934554E+01   -0.1951537768E+02    0.1847566109E+03
          58    0.5459169969E+01   -0.9754171299E+01    0.1894786877E+03
          59    0.5289322720E+01   -0.1866149567E+02    0.1773084387E+03
          60    0.5522963921E+01   -0.1952003544E+02    0.1432923563E+03
          61    0.6780593579E+01   -0.2656729263E+02    0.1770308392E+03
          62    0.6843547152E+01   -0.2664085048E+02    0.1716386810E+03
          63    0.5384392730E+01   -0.9301476426E+01    0.1771154866E+03
          64    0.5360951061E+01   -0.9314562851E+01    0.1783057639E+03
          65    0.5454446443E+01   -0.1846351472E+02    0.1764770702E+03
          66    0.5251317790E+01   -0.1852460262E+02    0.1765576887E+03
          67    0.5255434728E+01   -0.1865329002E+02    0.1768839099E+03
          68    0.5506455830E+01   -0.1459501950E+02    0.6737607319E+02
          69    0.5905123491E+01   -0.1956529625E+02    0.1577043726E+03
          70    0.5282711508E+01   -0.9347413583E+01    0.1774030515E+03
          71    0.5314426190E+01   -0.9332582825E+01    0.1775174929E+03
          72    0.5319818107E+01   -0.1859160032E+02    0.1770983889E+03
          73    0.5182042360E+01   -0.1878583870E+02    0.1797517554E+03
          74    0.5197116863E+01   -0.9191661439E+01    0.1806285751E+03
          75    0.5303813479E+01   -0.9335509799E+01    0.1773592986E+03
          76    0.5491290826E+01   -0.1847845041E+02    0.1772870908E+03
          77    0.6087177355E+01   -0.1844401418E+02    0.1505924942E+03
          78    0.4832464185E+01    0.1888863268E+02   -0.5666979392E+02
          79    0.5462294258E+01   -0.9368349469E+01    0.1715974225E+03
          80    0.5499343964E+01   -0.1892881400E+02    0.1478103143E+03
          81    0.5853428685E+01   -0.1932526742E+02    0.1536672423E+03
          82    0.5250921315E+01   -0.1848257654E+02    0.1763259043E+03
          83    0.5496320567E+01   -0.9829440585E+01    0.1905457089E+03
          84    0.5293529020E+01   -0.9338026812E+01    0.1771964315E+03
          85    0.4537011874E+01   -0.1932770894E+02   -0.5088302246E+02
          86    0.5325523914E+01   -0.9322820030E+01    0.1773065670E+03
          87    0.4730632963E+01   -0.1905434555E+02   -0.4976499722E+02
          88    0.5196686877E+01   -0.9397607824E+01    0.1798026577E+03
          89    0.5852685813E+01   -0.1930302390E+02    0.1533745964E+03
          90    0.5314508003E+01    0.1867416928E+02    0.1773754354E+03
          91    0.5502968263E+01   -0.1957701080E+02    0.1878086498E+03
          92    0.5606750863E+01   -0.1833374213E+02    0.1797467295E+03
          93    0.5930607657E+01   -0.9796982196E+01    0.1585752399E+03
          94    0.5144114266E+01   -0.1860528042E+02    0.1787433524E+03
          95    0.5249868329E+01   -0.9352326937E+01    0.1763620998E+03
          96    0.5170907790E+01   -0.1870331754E+02    0.1751750567E+03
          97    0.5064789411E+01    0.2159958533E+02   -0.6584024308E+02
          98    0.5541250801E+01   -0.1457376624E+02    0.6677985603E+02
          99    0.5320626393E+01   -0.1867485917E+02    0.1773785328E+03
         100    0.5285503324E+01   -0.7609683853E+01    0.1728471591E+03
