Model_ID, [(c_i,i=0,n)_j,j=1,ntask]
           1    0.5104904722E+02   -0.4674646247E+02    0.2071608347E+03
           2    0.5075278970E+02   -0.4605960054E+02    0.2039373941E+03
           3    0.5141685299E+02   -0.4521885598E+02    0.2054675723E+03
           4    0.1410970657E+02   -0.7776249447E+02    0.4065044525E+03
           5    0.5168188950E+02   -0.4452089554E+02    0.2392282520E+03
           6    0.5062016112E+02   -0.4559725201E+02    0.2021238225E+03
           7    0.4780607216E+02   -0.4250419085E+02    0.1742455602E+03
           8    0.5056107007E+02   -0.4542615732E+02    0.2013993068E+03
           9    0.5055071347E+02   -0.4544055215E+02    0.2013785115E+03
          10    0.5054027300E+02   -0.4545404708E+02    0.2013551158E+03
          11    0.5072503117E+02   -0.4504334619E+02    0.2013578730E+03
          12    0.5053775924E+02    0.4545714629E+02    0.2013491239E+03
          13    0.5132932493E+02   -0.4322804823E+02    0.2023795116E+03
          14    0.1322190776E+02    0.7889457851E+02    0.4084690451E+03
          15    0.4811327877E+02   -0.4551563922E+02    0.1983723141E+03
          16    0.5048002373E+02    0.4526449250E+02    0.2005802559E+03
          17    0.3501714170E+02    0.4301609903E+02   -0.1778943393E+03
          18    0.4781207320E+02   -0.4047817067E+02    0.1737863864E+04
          19    0.5046003579E+02   -0.4552590898E+02    0.2010991125E+03
          20    0.5081041853E+02   -0.4469756872E+02    0.2009859784E+03
          21    0.4772594201E+02   -0.4140636155E+02   -0.1620557911E+03
          22    0.1307050021E+02   -0.7861673315E+02   -0.3258790467E+03
          23    0.4579041408E+02    0.4012471326E+02   -0.1602694595E+03
          24    0.4469094403E+02    0.3863462490E+02   -0.1635030565E+03
          25    0.5207770021E+02   -0.4321376641E+02    0.2395885762E+03
          26    0.5036000938E+02   -0.4554519082E+02    0.2006117628E+03
          27    0.4624344580E+02    0.4417764498E+02   -0.1671749512E+03
          28    0.4386968594E+02    0.4258741751E+02   -0.1796778351E+03
          29    0.4848075028E+02    0.4172704250E+02    0.1805660541E+03
          30    0.4803307584E+02   -0.4102992702E+02    0.7218837842E+03
          31    0.5168305107E+02   -0.4209718128E+02    0.2015043548E+03
          32    0.4941105023E+02    0.4619222024E+02   -0.1641039284E+03
          33    0.1268529676E+02   -0.7906467474E+02    0.3284628644E+03
          34    0.5138976720E+02   -0.4389195016E+02    0.2356736191E+03
          35    0.5070986911E+02    0.4812742773E+02    0.1841572440E+03
          36    0.4991976338E+02    0.3960561905E+02    0.4091146111E+03
          37    0.5058705119E+02    0.4693640958E+02   -0.1723874525E+03
          38    0.3446749941E+02    0.4366322109E+02    0.5827132303E+03
          39    0.5116101709E+02   -0.4358049452E+02    0.1990318440E+03
          40    0.4666342759E+02    0.4143781624E+02    0.4130741657E+03
          41    0.4463728716E+02    0.3942989954E+02    0.1727788999E+03
          42    0.4787514237E+02    0.4153258176E+02    0.1717874980E+03
          43    0.1451420513E+02   -0.7775765301E+02    0.3197335799E+03
          44    0.3610584137E+02    0.3126624404E+02    0.1710056194E+03
          45    0.4894102154E+02    0.4217786958E+02    0.1807583657E+03
          46    0.3632792114E+02    0.3056107374E+02   -0.1605856127E+03
          47    0.4993110144E+02    0.4681637416E+02   -0.1641719374E+03
          48    0.4713186946E+02    0.4195790956E+02    0.4154985711E+03
          49    0.5103285407E+02   -0.5207259411E+02   -0.1756081690E+03
          50    0.5081131976E+02    0.4447364926E+02    0.2004550391E+03
          51    0.3514206172E+02    0.2913261299E+02    0.5669429276E+03
          52    0.4433375177E+02    0.3926689835E+02    0.5381783468E+03
          53    0.4750776452E+02   -0.4227733329E+02    0.1762086375E+04
          54    0.4743070735E+02    0.4097182101E+02    0.1713224557E+03
          55    0.4077494838E+02    0.3942046406E+02   -0.1612189325E+03
          56    0.4663433861E+02   -0.4038157521E+02    0.8073391861E+03
          57    0.4862404622E+02   -0.4447808952E+02    0.1922572591E+03
          58    0.4739617061E+02   -0.4198307658E+02    0.5297565867E+03
          59    0.9042878808E+01    0.1043666678E+03    0.4383283263E+03
          60    0.5159245506E+02   -0.4809218330E+02    0.6302635292E+03
          61    0.5064929618E+02    0.4432552454E+02    0.1996706424E+03
          62    0.1198082345E+02    0.7309323057E+02    0.4058879837E+03
          63    0.6765983683E+01    0.1081590760E+03    0.3907265601E+03
          64    0.4845852025E+02    0.4438852617E+02    0.1972738943E+03
          65    0.4799544177E+02    0.4619741970E+02    0.5726333668E+03
          66    0.4945763454E+02    0.4715784468E+02    0.1735361495E+03
          67    0.5085484376E+02   -0.3777757411E+02    0.5368216538E+04
          68    0.5140950878E+02    0.4249474380E+02    0.1984694038E+03
          69    0.4899331320E+02   -0.4263013259E+02    0.1896616845E+03
          70    0.4711012241E+02    0.4077300125E+02    0.5324605924E+03
          71    0.4815062859E+02   -0.3930893999E+02    0.1725091286E+04
          72    0.4738243499E+02    0.3999486526E+02   -0.1602593489E+03
          73    0.4780921789E+02    0.4051711573E+02   -0.1604090931E+03
          74    0.5092457915E+02   -0.4399748170E+02    0.1999198286E+03
          75    0.4999680145E+02    0.4782471172E+02    0.1739042813E+03
          76    0.4914238655E+02   -0.4485830852E+02    0.1959610465E+03
          77    0.4754048244E+02    0.4128964898E+02    0.5323341602E+03
          78    0.4751334319E+02   -0.4040368936E+02    0.1684593994E+03
          79    0.4837080120E+02    0.4056948372E+02   -0.1674096999E+03
          80    0.5151673004E+02   -0.5097530763E+02    0.7768787620E+03
          81    0.1406038860E+02    0.6968578130E+02    0.4054766996E+03
          82    0.5201321420E+02   -0.4141231315E+02    0.2374113078E+03
          83    0.4893803614E+02   -0.2575852537E+02    0.1851978009E+04
          84    0.4853460003E+02   -0.4347814580E+02    0.1893100314E+03
          85    0.4599644614E+02   -0.4186103671E+02    0.3886055385E+03
          86    0.4809993048E+02    0.4137227107E+02    0.5558411435E+03
          87    0.4739857779E+02    0.4035684451E+02    0.1661245009E+03
          88    0.5153677832E+02   -0.4808760155E+02    0.5925756601E+03
          89    0.1220795414E+02    0.7903046623E+02    0.3911088599E+03
          90    0.5106570601E+02    0.4321973961E+02    0.1923527074E+03
          91    0.4738666879E+02   -0.3985960819E+02    0.2174691072E+03
          92    0.5062402387E+02   -0.4541108195E+02    0.1949125129E+03
          93    0.5015403343E+02    0.4663844941E+02    0.4151634658E+03
          94    0.8420075582E+01    0.8275639819E+02    0.4052712376E+03
          95    0.4957957395E+02    0.4598488492E+02    0.4105738597E+03
          96    0.1243359838E+02   -0.7005857406E+02    0.4050765961E+03
          97    0.1651350226E+02   -0.7391198716E+02   -0.4532651205E+03
          98    0.5125906864E+02    0.4861868213E+02    0.1841190882E+03
          99    0.1235430046E+02   -0.8011604363E+02    0.3086612944E+03
         100    0.4868304046E+02   -0.2562239447E+02    0.1898930161E+04
