        Rank        RMSE       MaxAE  Feature_ID
           1    3.274974    8.455011  (       3   12077)
           2    3.298793    7.832047  (       3   10180)
           3    3.308654    7.079801  (       1   10017)
           4    3.311164    8.334468  (       1   10001)
           5    3.321816    9.594300  (       3   16421)
           6    3.323580    7.233239  (       1   10034)
           7    3.334318    7.427294  (       1   10002)
           8    3.342012    7.662006  (       1   10003)
           9    3.343010    8.409441  (       3   18110)
          10    3.343279    7.087144  (       1   10052)
          11    3.345073    7.095461  (       1   10238)
          12    3.347011    7.141974  (       1   10126)
          13    3.347562    8.396880  (       1   10180)
          14    3.354096    8.271102  (       1   10007)
          15    3.354709    7.346841  (       3   10034)
          16    3.354755    8.604203  (       1   10004)
          17    3.355158    7.439646  (       1   10011)
          18    3.356616    8.074092  (       1   10010)
          19    3.358328    8.157576  (       3   10075)
          20    3.359854    8.057738  (       1   10008)
          21    3.362006    8.045842  (       1   10005)
          22    3.362790    7.216905  (       1   10006)
          23    3.364399    8.456760  (       1   10014)
          24    3.364533    7.523009  (       1   10009)
          25    3.365533    8.035938  (       1   10012)
          26    3.367223    7.758630  (       3   10461)
          27    3.368117    7.966169  (       3   10051)
          28    3.369445    8.466996  (       1   16132)
          29    3.370848    7.221783  (       1   10047)
          30    3.370859    8.170159  (       1   10013)
          31    3.371414    7.946603  (       1   10016)
          32    3.372309    6.980890  (       1   10015)
          33    3.372756    8.528299  (       1   10022)
          34    3.372777    8.394471  (       1   10018)
          35    3.375367    8.755115  (      24   11753)
          36    3.375605    9.427540  (       1   10024)
          37    3.376197    7.150620  (       1   10609)
          38    3.377371    7.102452  (       1   10175)
          39    3.377699    6.808440  (       1   14421)
          40    3.378346    8.490907  (       1   10028)
          41    3.378595    8.122402  (       1   10019)
          42    3.378739    8.184606  (       1   10044)
          43    3.379196    8.095587  (       1   10023)
          44    3.379392    7.785827  (       1   10020)
          45    3.379406    8.181383  (       1   10033)
          46    3.379544    8.069157  (       1   10021)
          47    3.379589    9.440426  (       1   10032)
          48    3.380362    7.352238  (       1   10035)
          49    3.380779    9.174534  (       1   10027)
          50    3.380783    7.636149  (       1   10025)
          51    3.380914    7.404361  (       1   10026)
          52    3.380925    7.825962  (       1   10038)
          53    3.380975    8.306544  (       1   10030)
          54    3.381869    8.344177  (       1   18710)
          55    3.382378    7.711920  (       1   10029)
          56    3.382446    9.036020  (       1   10031)
          57    3.383419    7.969797  (       1   10040)
          58    3.384211    9.696898  (      26   16421)
          59    3.384883    7.738805  (       3   13143)
          60    3.386781    8.115757  (       1   10036)
          61    3.387135    7.893231  (       1   10043)
          62    3.387283    8.456565  (       1   10054)
          63    3.387685    7.895959  (       3   10480)
          64    3.387764    7.762351  (       1   10039)
          65    3.387915    8.554194  (       1   12077)
          66    3.387945    7.894915  (       3   10178)
          67    3.388457    7.575990  (       1   10041)
          68    3.388802    8.151053  (       1   10037)
          69    3.389125    8.111198  (       1   10324)
          70    3.389177    7.664568  (       1   10145)
          71    3.389312    7.820198  (       3   10091)
          72    3.389422    7.791861  (       1   10117)
          73    3.389720    7.204466  (       1   10094)
          74    3.389722    8.052951  (       3   10282)
          75    3.389976    8.035904  (       1   10042)
          76    3.390651    8.332361  (       3   10276)
          77    3.390695    8.234034  (       3   10253)
          78    3.390930    8.242691  (       1   10046)
          79    3.391111    7.384166  (       1   10057)
          80    3.391364    8.363531  (       1   10048)
          81    3.391681    7.985042  (       1   10045)
          82    3.391799    8.134780  (       1   10049)
          83    3.392029    7.941453  (       3   12057)
          84    3.392325    8.553261  (       1   10053)
          85    3.392344    7.243558  (       1   10068)
          86    3.392503    9.085437  (       1   10065)
          87    3.392505    8.091612  (       3   12575)
          88    3.393062    7.312248  (       1   10182)
          89    3.393265    7.092078  (       1   11411)
          90    3.393423    8.367154  (       1   10050)
          91    3.393510    8.231932  (       1   10051)
          92    3.393853    7.979652  (       3   10003)
          93    3.394363    7.582898  (       3   10057)
          94    3.394406    7.835934  (    2459   15025)
          95    3.394465    8.147115  (       1   10056)
          96    3.394482    9.191061  (       1   10135)
          97    3.394543    7.803609  (       1   10055)
          98    3.395358    6.962620  (       1   12057)
          99    3.396983    8.149511  (       1   10076)
         100    3.397542    8.471428  (       1   10072)
