Model_ID, [(c_i,i=0,n)_j,j=1,ntask]
           1    0.5671525647E+02    0.2535601261E+02    0.2703652327E+03
           2    0.3158928275E+02    0.2373523482E+02    0.5042838452E+03
           3    0.3860547664E+02    0.3434419533E+02    0.2369917551E+03
           4    0.4420876963E+02   -0.3338722376E+02   -0.7859836745E+03
           5    0.3921832067E+02    0.3453854680E+02    0.2244844901E+03
           6    0.4455892327E+02   -0.3264423891E+02   -0.7980688622E+03
           7    0.4343363853E+02   -0.3478706624E+02   -0.7983385904E+03
           8    0.4431992176E+02   -0.3300889102E+02   -0.7866912498E+03
           9    0.4326527415E+02   -0.3475718055E+02   -0.7873061595E+03
          10    0.4330185543E+02   -0.3475125631E+02   -0.7870022666E+03
          11    0.3116367637E+02   -0.2329763541E+02   -0.8844793135E+02
          12    0.3114446048E+02   -0.2328160455E+02   -0.9136838218E+02
          13    0.4404186398E+02   -0.3327168968E+02   -0.7868201508E+03
          14    0.3110512665E+02   -0.2325701255E+02   -0.8954606689E+02
          15    0.4460796311E+02   -0.3264914866E+02   -0.7733437097E+03
          16    0.3121313265E+02   -0.2321896447E+02   -0.8991998487E+02
          17    0.4829515604E+02   -0.3270514099E+02   -0.7707679392E+03
          18    0.3110326100E+02    0.2330282206E+02   -0.8972014825E+02
          19    0.4432798331E+02   -0.3309553950E+02   -0.7967198108E+03
          20    0.4372164012E+02   -0.3438067142E+02   -0.7984263662E+03
          21    0.4321875130E+02   -0.3474099452E+02   -0.7877524304E+03
          22    0.4319894303E+02   -0.3510489509E+02   -0.7842100653E+03
          23    0.4339123025E+02   -0.3468336840E+02   -0.7887182307E+03
          24    0.4418230375E+02    0.3336586873E+02   -0.7845948704E+03
          25    0.4338422404E+02   -0.3488594090E+02   -0.7841729279E+03
          26    0.4340128330E+02   -0.3468001423E+02   -0.7863151497E+03
          27    0.3881770733E+02    0.3348966950E+02    0.2182160173E+03
          28    0.3097199934E+02   -0.2337905221E+02   -0.8947111660E+02
          29    0.4341130786E+02   -0.3467617407E+02   -0.7839140224E+03
          30    0.4350733763E+02   -0.3476647272E+02   -0.7710357147E+03
          31    0.4371558840E+02    0.3446798437E+02   -0.8031621221E+03
          32    0.2998579836E+02    0.3203369352E+02    0.7066642718E+03
          33    0.4329219614E+02   -0.3452468224E+02   -0.8016960649E+03
          34    0.4384648841E+02   -0.3420789032E+02   -0.7781226241E+03
          35    0.4384212305E+02   -0.3421455558E+02   -0.7782842739E+03
          36    0.4384104839E+02   -0.3421616051E+02   -0.7783240933E+03
          37    0.4402438633E+02   -0.3393750899E+02   -0.7845621955E+03
          38    0.5163633976E+02   -0.4079940203E+02   -0.7661606864E+03
          39    0.3091569429E+02   -0.2316261780E+02   -0.8881527061E+02
          40    0.4367873170E+02   -0.3427706780E+02   -0.7889246208E+03
          41    0.4380322566E+02   -0.3426388718E+02   -0.7797314989E+03
          42    0.4429433136E+02   -0.3299569846E+02   -0.7852933464E+03
          43    0.4333418127E+02   -0.3457478138E+02   -0.7799149943E+03
          44    0.4439846162E+02   -0.3308683421E+02   -0.7707088825E+03
          45    0.4368867335E+02   -0.3427432625E+02   -0.7865480549E+03
          46    0.4393089406E+02   -0.3383816650E+02   -0.8008295985E+03
          47    0.4368842205E+02    0.3441916291E+02   -0.7992172673E+03
          48    0.3898737282E+02    0.3454806375E+02    0.2349160534E+03
          49    0.4350699119E+02   -0.3453127723E+02   -0.7823411392E+03
          50    0.5167173608E+02   -0.2120896076E+02    0.4422839823E+03
          51    0.4369858349E+02   -0.3427111470E+02   -0.7841733219E+03
          52    0.3930118894E+02    0.3297840191E+02    0.2261337795E+03
          53    0.4379451368E+02   -0.3436362860E+02   -0.7714316117E+03
          54    0.4394067190E+02   -0.3383526248E+02   -0.7984831491E+03
          55    0.4369836523E+02   -0.3441578422E+02   -0.7968316869E+03
          56    0.3057808373E+02   -0.2370678169E+02   -0.8909103066E+02
          57    0.4899924293E+02    0.3355633319E+02    0.2729908521E+03
          58    0.4307328143E+02   -0.3465358475E+02   -0.7892403270E+03
          59    0.4395041550E+02   -0.3383190597E+02   -0.7961383595E+03
          60    0.4370827611E+02   -0.3441192919E+02   -0.7944478995E+03
          61    0.4404576518E+02   -0.3392180713E+02   -0.7835930582E+03
          62    0.3111919167E+02   -0.2697272403E+02    0.4225884269E+03
          63    0.4418592515E+02   -0.3284535200E+02   -0.7999614015E+03
          64    0.5117310160E+02    0.3734979797E+02   -0.7206179106E+02
          65    0.2996200563E+02    0.3084847660E+02    0.4921935243E+03
          66    0.4100467371E+02   -0.3980772004E+02    0.1581300349E+03
          67    0.3080975822E+02   -0.2345686824E+02   -0.8757554580E+02
          68    0.4336854409E+02    0.3456273254E+02   -0.7744018985E+03
          69    0.4397060830E+02   -0.3390910949E+02   -0.7736008523E+03
          70    0.4400951240E+02   -0.3334120068E+02   -0.7960343341E+03
          71    0.3950755640E+02   -0.3179714462E+02    0.1086692188E+03
          72    0.3215883684E+02   -0.2259136694E+02   -0.9763122113E+02
          73    0.3209373123E+02   -0.2267393574E+02   -0.9588790286E+02
          74    0.3086835238E+02   -0.2340576903E+02   -0.8926009432E+02
          75    0.3204935249E+02   -0.2262737187E+02   -0.9712062320E+02
          76    0.6408915893E+02    0.5061904229E+02   -0.7595586499E+03
          77    0.4398121918E+02   -0.3383779786E+02   -0.7752195878E+03
          78    0.4385359791E+02   -0.3473588524E+02   -0.7461126802E+03
          79    0.3204971675E+02    0.2267064942E+02   -0.9731990286E+02
          80    0.4399111011E+02   -0.3383650250E+02   -0.7728697927E+03
          81    0.4409713783E+02   -0.3393360443E+02   -0.7578725506E+03
          82    0.3087223562E+02   -0.2344120498E+02   -0.8944331483E+02
          83    0.4400096705E+02   -0.3383475433E+02   -0.7705217770E+03
          84    0.4359251771E+02   -0.3452577183E+02   -0.7877940331E+03
          85    0.3080725432E+02    0.2732107278E+02   -0.1034301542E+04
          86    0.4426009857E+02    0.3288706002E+02   -0.7739687784E+03
          87    0.4355631867E+02   -0.3460530430E+02   -0.7892223716E+03
          88    0.4300675737E+02   -0.3458481837E+02   -0.7899932189E+03
          89    0.4016113177E+02   -0.4040691245E+02    0.1546542744E+03
          90    0.4368357851E+02   -0.3435058258E+02   -0.7830935889E+03
          91    0.3155100805E+02    0.2640063347E+02    0.6995929485E+03
          92    0.4064179642E+02    0.3156411292E+02    0.1213978813E+03
          93    0.4365549250E+02    0.3431211656E+02   -0.7873246360E+03
          94    0.4367899936E+02   -0.3433631590E+02   -0.7840371004E+03
          95    0.4365525114E+02    0.3415810281E+02   -0.7747785385E+03
          96    0.3174730049E+02    0.2605063276E+02    0.5652876963E+03
          97    0.4365558071E+02   -0.3434341666E+02   -0.7853285768E+03
          98    0.4366544874E+02   -0.3430941038E+02   -0.7849456427E+03
          99    0.4376132873E+02    0.3440108610E+02   -0.7721953234E+03
         100    0.3174284211E+02   -0.2286562914E+02   -0.9586971726E+02
