Model_ID, [(c_i,i=0,n)_j,j=1,ntask]
           1    0.1548332243E+03    0.1241758594E+03    0.2562182487E+04
           2    0.1554335817E+03    0.1276506949E+03    0.2385506300E+04
           3    0.2834888010E+03    0.1247434851E+03   -0.4620828201E+03
           4    0.2839361825E+03    0.1255639944E+03   -0.4005107354E+03
           5    0.1553714517E+03    0.1239910151E+03    0.2413457597E+04
           6    0.2540109255E+03   -0.7507692127E+02    0.7108993171E+02
           7    0.1391469862E+03    0.1027927599E+03    0.2518324505E+04
           8    0.3289415026E+03    0.1234415782E+03   -0.4750748464E+03
           9    0.3269050845E+03    0.1252480493E+03   -0.1883632087E+03
          10    0.2582432042E+03    0.1023715749E+03   -0.1931818740E+03
          11    0.2348106413E+03    0.9636535190E+02   -0.1407918617E+03
          12    0.2886491781E+03   -0.2636381753E+03   -0.1751253716E+03
          13    0.2065514754E+03    0.8837464132E+02    0.1420184714E+03
          14    0.2569763747E+03    0.1019958996E+03   -0.1915035476E+03
          15    0.1734881538E+03    0.1147816247E+03   -0.1251179025E+04
          16    0.3265331056E+03    0.1249081028E+03   -0.1888365953E+03
          17    0.3600065478E+03    0.3317821207E+03   -0.2457226389E+03
          18    0.2226844242E+03    0.8602520996E+02   -0.1922377185E+03
          19    0.2226467034E+03    0.8863905497E+02   -0.2564555746E+03
          20    0.2318510244E+03    0.9500732209E+02    0.1428647837E+03
          21    0.2359705593E+03   -0.9862579046E+02    0.1500148340E+03
          22    0.2812706026E+03    0.1214255548E+03   -0.4920989521E+03
          23    0.3605040942E+03    0.3351290581E+03   -0.2443970798E+03
          24    0.3241255423E+03    0.1334694426E+03   -0.5677440999E+03
          25    0.3276628531E+03    0.1372149857E+03   -0.5200807690E+03
          26    0.1416652700E+03    0.1002332999E+03    0.2670993101E+04
          27    0.3602771681E+03    0.3325007835E+03   -0.2413309630E+03
          28    0.2284655768E+03    0.8721726818E+02    0.1499389278E+03
          29    0.3704434688E+03    0.9621544086E+02    0.2501083250E+03
          30    0.3585921473E+03    0.3278973417E+03   -0.2373139603E+03
          31    0.2761032880E+03    0.2462267947E+03   -0.3732773226E+03
          32    0.3607794553E+03    0.3358621468E+03   -0.2400750965E+03
          33    0.3249516865E+03    0.1110305835E+03   -0.1012343385E+03
          34    0.3606087846E+03    0.3363259063E+03   -0.2456846296E+03
          35    0.3293465899E+03    0.1209966632E+03    0.2285593534E+03
          36    0.3597154126E+03   -0.3339557973E+03   -0.2407825144E+03
          37    0.3596162953E+03    0.3320477981E+03   -0.2444400334E+03
          38    0.2571320204E+03    0.1073786823E+03   -0.1800495000E+03
          39    0.1221832618E+03    0.9279613320E+02    0.2693829887E+04
          40    0.2583248405E+03    0.1029546496E+03   -0.1203685253E+03
          41    0.2045560664E+03    0.8572411020E+02    0.1416592635E+03
          42    0.2540694042E+03    0.1021777894E+03    0.1119394714E+03
          43    0.2220759038E+03    0.8302060429E+02    0.1752015526E+03
          44    0.3583028459E+03    0.3332705788E+03   -0.2410311020E+03
          45    0.2018719784E+03    0.8057942826E+02   -0.1977174912E+03
          46    0.1518965970E+03    0.1222903185E+03    0.2606550298E+04
          47    0.1197005286E+03    0.9479840495E+02    0.2472039986E+04
          48    0.3601218110E+03    0.3354085220E+03   -0.2431706120E+03
          49    0.3588509609E+03    0.3285919091E+03   -0.2330059855E+03
          50    0.2322377419E+03   -0.9509807169E+02    0.1454427985E+03
          51    0.3702837134E+03    0.9794020944E+02   -0.5040629453E+03
          52    0.2584995856E+03    0.1100376709E+03   -0.1125570470E+03
          53    0.1355103889E+03    0.8848765941E+02    0.1829113394E+03
          54    0.3284000613E+03    0.1381038234E+03   -0.4485935221E+03
          55    0.2846958510E+03    0.2674196005E+03    0.1484480731E+03
          56    0.2272860597E+03    0.8159068200E+02    0.1949054650E+03
          57    0.2558815224E+03    0.1088389179E+03    0.1148620974E+03
          58    0.2825915492E+03   -0.2615653348E+03    0.1561313754E+03
          59    0.3253715931E+03    0.1200026566E+03   -0.5035551377E+03
          60    0.2289871129E+03    0.8947517376E+02   -0.1586081727E+03
          61    0.3608854235E+03    0.3370641240E+03   -0.2413421638E+03
          62    0.2576031036E+03    0.1066762281E+03   -0.1567180983E+03
          63    0.2620023355E+03    0.1028667822E+03   -0.1284080704E+03
          64    0.3599842283E+03   -0.3346776850E+03   -0.2364831687E+03
          65    0.3600072650E+03    0.3370001173E+03   -0.2468914197E+03
          66    0.3192234231E+03    0.9837489927E+02    0.5747706105E+04
          67    0.2571537009E+03    0.1071761886E+03   -0.1569847962E+03
          68    0.3586079214E+03    0.3331097387E+03   -0.2485582491E+03
          69    0.2078058150E+03    0.7646312361E+02    0.2029185856E+03
          70    0.1382035000E+03    0.8672083306E+02    0.2025269821E+03
          71    0.3595962352E+03    0.3372963388E+03   -0.2435509532E+03
          72    0.3564568145E+03    0.3261469946E+03   -0.2340641841E+03
          73    0.2349444161E+03    0.8877056841E+02   -0.1261956261E+03
          74    0.2575222152E+03    0.1111948382E+03   -0.1020746771E+03
          75    0.1968613464E+03    0.8133688812E+02    0.1189301764E+03
          76    0.2489888557E+03    0.9470918892E+02   -0.2869750801E+03
          77    0.2932110416E+03   -0.1163667028E+03    0.4347601012E+03
          78    0.3567991663E+03    0.3308011733E+03   -0.2359731862E+03
          79    0.2572868551E+03    0.1072681036E+03   -0.1573319658E+03
          80    0.2589623381E+03    0.1015638452E+03    0.1306350819E+03
          81    0.2867509013E+03    0.1110306753E+03   -0.7611361024E+03
          82    0.2853545818E+03    0.1078883282E+03   -0.1959101485E+03
          83    0.3293183018E+03    0.1238442608E+03   -0.3997832762E+03
          84    0.3702289153E+03    0.9547484712E+02   -0.2517385561E+03
          85    0.3582045488E+03    0.3281457495E+03   -0.2358561151E+03
          86    0.3581127508E+03    0.3319483094E+03   -0.2504670395E+03
          87    0.3586543605E+03    0.3339042235E+03   -0.2486598723E+03
          88    0.3701993125E+03    0.9514414168E+02    0.2514126572E+03
          89    0.3575416365E+03   -0.3321646395E+03   -0.2374589551E+03
          90    0.3715974063E+03    0.9666025154E+02   -0.3738597245E+03
          91    0.2897861940E+03    0.1104508106E+03   -0.1972860029E+03
          92    0.3585596296E+03    0.3339743473E+03   -0.2366198037E+03
          93    0.2577184410E+03    0.1014759263E+03    0.2446276180E+03
          94    0.3373213895E+03    0.1342725331E+03   -0.2316851301E+03
          95    0.3544104845E+03    0.3278034080E+03   -0.2333250951E+03
          96    0.2266499507E+03    0.8176330789E+02   -0.1925039613E+03
          97    0.2564639144E+03    0.1144086181E+03   -0.2047191456E+03
          98    0.2884301854E+03    0.1121041928E+03   -0.4246914572E+03
          99    0.3591391044E+03    0.3322342883E+03   -0.2371429164E+03
         100    0.3579793035E+03    0.3327349535E+03   -0.2523776848E+03
