        Rank        RMSE       MaxAE  Feature_ID
           1    9.491034   30.272397  (       2   10174)
           2    9.499143   27.190299  (    9290   10088)
           3    9.503912   30.286388  (       3   10174)
           4    9.540552   25.933871  (    8608   16209)
           5    9.543677   27.949425  (    1251   12116)
           6    9.559843   33.536000  (       2   10088)
           7    9.572209   25.603282  (     677   16209)
           8    9.573658   33.555869  (       3   10088)
           9    9.585471   22.465469  (    1555   10088)
          10    9.592322   27.711441  (    2057   12116)
          11    9.601877   30.249285  (      11   10174)
          12    9.607615   20.962378  (     143   10197)
          13    9.609209   22.457934  (    1595   10088)
          14    9.644590   30.467988  (      10   10174)
          15    9.647361   29.226183  (    1958   12788)
          16    9.648855   22.460703  (    1708   10088)
          17    9.649110   25.124974  (    5554   12788)
          18    9.649715   27.744169  (     685   12116)
          19    9.659397   28.010215  (    6698   12116)
          20    9.665718   28.911977  (    1154   10088)
          21    9.666985   27.818441  (    1687   12116)
          22    9.673370   27.699457  (    1878   12116)
          23    9.679356   27.408516  (     268   10088)
          24    9.679766   33.547343  (      11   10088)
          25    9.680917   29.729578  (       9   10174)
          26    9.694017   33.746632  (      10   10088)
          27    9.701944   28.155581  (     430   10088)
          28    9.719937   24.143154  (      79   13752)
          29    9.726687   27.599711  (    2437   12116)
          30    9.742603   27.985388  (    3416   12788)
          31    9.744484   23.176046  (    1719   10200)
          32    9.744671   32.738129  (     510   10088)
          33    9.745173   29.531556  (    1958   15702)
          34    9.754684   25.317566  (    2230   10088)
          35    9.756872   28.846991  (    2693   12788)
          36    9.762672   21.469480  (    4161   16524)
          37    9.764515   29.638287  (    5193   12788)
          38    9.765512   27.269141  (    3646   10088)
          39    9.768194   32.995240  (       9   10088)
          40    9.769333   30.260440  (      18   10174)
          41    9.779028   29.361415  (     114   14813)
          42    9.783015   26.254320  (     685   10088)
          43    9.786417   34.671352  (       2   10022)
          44    9.788260   27.446384  (     415   10088)
          45    9.788274   29.562674  (    2693   11872)
          46    9.789135   27.119871  (     911   10088)
          47    9.789185   29.594176  (     959   16209)
          48    9.790679   29.898911  (     685   10027)
          49    9.792325   28.170656  (    1257   10088)
          50    9.792621   28.767585  (    2870   12788)
          51    9.795243   22.237228  (    8608   10200)
          52    9.795828   29.429389  (     114   16842)
          53    9.799226   29.467200  (    1958   19168)
          54    9.799456   28.027587  (     535   10088)
          55    9.801039   29.491625  (    2870   11872)
          56    9.804549   34.691649  (       3   10022)
          57    9.806447   30.484554  (      20   10174)
          58    9.809224   28.792974  (    2796   12788)
          59    9.810862   24.911025  (     517   14813)
          60    9.810866   30.661666  (     144   12553)
          61    9.812348   25.827783  (    5554   11872)
          62    9.812912   23.780122  (    8862   10088)
          63    9.813939   29.555129  (    2693   11839)
          64    9.813990   23.301986  (    1796   10200)
          65    9.814052   30.360476  (    5193   11872)
          66    9.815508   23.657087  (    3686   10200)
          67    9.818199   36.683024  (       2   10155)
          68    9.819237   29.973736  (    3173   16209)
          69    9.819340   29.514458  (    2796   11872)
          70    9.823631   27.875129  (      99   10088)
          71    9.825155   27.455730  (     466   10088)
          72    9.826949   29.484102  (    2870   11839)
          73    9.828139   28.818953  (    2736   12788)
          74    9.829493   30.144147  (    5560   12788)
          75    9.832818   25.828255  (    5554   11839)
          76    9.837390   36.707517  (       3   10155)
          77    9.838405   30.352517  (    5193   11839)
          78    9.839546   24.993610  (     517   16842)
          79    9.839932   29.537855  (    2736   11872)
          80    9.840875   28.517335  (      79   10174)
          81    9.844819   29.507009  (    2796   11839)
          82    9.845014   33.586256  (      18   10088)
          83    9.848094   28.942590  (      40   10174)
          84    9.848658   34.682342  (       2   10003)
          85    9.850608   29.052694  (       8   10174)
          86    9.850895   25.249325  (    9387   10088)
          87    9.854150   27.735422  (     497   10088)
          88    9.854920   28.688708  (     685   10287)
          89    9.855306   27.297674  (      14   14813)
          90    9.856061   32.054927  (      79   10088)
          91    9.859680   29.000119  (       6   10174)
          92    9.860002   27.997238  (    1114   10088)
          93    9.860104   26.723602  (     397   10088)
          94    9.860491   27.743624  (    5844   16209)
          95    9.861216   33.037746  (    3922   12116)
          96    9.862025   33.806521  (      20   10088)
          97    9.862100   27.611856  (     532   10088)
          98    9.862425   27.937079  (     565   10088)
          99    9.863099   27.565318  (     514   10088)
         100    9.863163   22.929181  (     301   10200)
