Model_ID, [(c_i,i=0,n)_j,j=1,ntask]
           1    0.1971477011E+03    0.1062525191E+03    0.6054850870E+03
           2    0.2417214905E+03    0.1220594094E+03    0.9452058379E+03
           3    0.1758404654E+03    0.9827926822E+02    0.5909584607E+03
           4    0.2084602775E+03    0.1377793592E+03   -0.8724225880E+03
           5    0.2265476759E+03    0.1105849016E+03    0.9425396055E+02
           6    0.2074734249E+03    0.1371208319E+03   -0.8554189400E+03
           7    0.2276526201E+03    0.1103720995E+03    0.9450237339E+02
           8    0.1992586336E+03    0.1065475833E+03    0.5026612635E+03
           9    0.2224904319E+03    0.1138335282E+03    0.9159440154E+02
          10    0.2262625473E+03    0.1107928373E+03    0.8298005208E+02
          11    0.1965397546E+03    0.1112235909E+03   -0.2804116860E+03
          12    0.1941445600E+03    0.1123231856E+03   -0.8958431164E+03
          13    0.2252656906E+03    0.1109979495E+03    0.8238636545E+02
          14    0.2338461198E+03    0.1072182438E+03    0.1209357328E+04
          15    0.2218487874E+03    0.1137459938E+03    0.8085689720E+02
          16    0.1880783960E+03    0.9605305483E+02    0.6413932353E+03
          17    0.1852133307E+03    0.9635942764E+02    0.6288138658E+03
          18    0.2187047452E+03    0.1284051035E+03   -0.8262405439E+03
          19    0.2420962450E+03    0.1220474974E+03    0.9152853488E+03
          20    0.1932513162E+03    0.1117008719E+03   -0.8753717169E+03
          21    0.2204170102E+03    0.1216108033E+03    0.5495410883E+03
          22    0.2261438166E+03    0.1130234717E+03    0.2234422255E+03
          23    0.2177338274E+03    0.1277974345E+03   -0.8093541530E+03
          24    0.2240706180E+03    0.1240790950E+03    0.6053648158E+03
          25    0.1973723061E+03    0.1103819234E+03   -0.3953752957E+03
          26    0.2143501253E+03    0.1220212592E+03    0.9410375451E+03
          27    0.2096212049E+03    0.1030193763E+03    0.6390473727E+03
          28    0.2261765280E+03    0.1107848668E+03   -0.9314860534E+02
          29    0.2247049815E+03    0.1115187496E+03    0.9235927829E+02
          30    0.2255104415E+03    0.1115932504E+03    0.9376437305E+02
          31    0.2248994527E+03    0.1128323745E+03    0.1969929598E+03
          32    0.2250944224E+03    0.1113348631E+03   -0.9277686269E+02
          33    0.2155447383E+03    0.1197498439E+03    0.9609248752E+03
          34    0.2255624502E+03    0.1108151073E+03    0.9347832702E+02
          35    0.2265353858E+03    0.1106630733E+03   -0.9280884962E+02
          36    0.2260327089E+03    0.1108942643E+03    0.9304826008E+02
          37    0.2273461632E+03    0.1106392295E+03    0.9258630380E+02
          38    0.2245285291E+03    0.1120921626E+03    0.8276338005E+02
          39    0.2253090715E+03    0.1113324513E+03    0.9276362626E+02
          40    0.1868280176E+03    0.1069373637E+03    0.1403131709E+04
          41    0.1682349571E+03    0.9819019636E+02    0.1812899549E+03
          42    0.2234640035E+03    0.1119065832E+03    0.8087657934E+02
          43    0.2244264625E+03    0.1111866419E+03    0.8200728294E+02
          44    0.2247846258E+03    0.1113001220E+03    0.9216136917E+02
          45    0.2255255598E+03    0.1111366524E+03    0.9266940774E+02
          46    0.2240169481E+03    0.1116447059E+03   -0.8136480515E+02
          47    0.2012056792E+03    0.1048029861E+03    0.2860559141E+03
          48    0.2072613721E+03    0.1280408278E+03    0.9671353252E+03
          49    0.2253645253E+03    0.1122159079E+03   -0.9426917331E+02
          50    0.2249419135E+03    0.1111755902E+03   -0.8147231070E+02
          51    0.2248284787E+03    0.1112646375E+03    0.8145329497E+02
          52    0.2262272635E+03    0.1109696641E+03    0.8101276666E+02
          53    0.2257395540E+03    0.1109425050E+03    0.9254623627E+02
          54    0.2214989629E+03    0.1243075137E+03    0.5889433324E+03
          55    0.1952493595E+03    0.1116386256E+03    0.4576107013E+03
          56    0.2242004116E+03    0.1116457886E+03    0.8127441175E+02
          57    0.2067989049E+03    0.1302637670E+03    0.6911266016E+03
          58    0.2257157954E+03    0.1116414897E+03    0.9370061433E+02
          59    0.2250166003E+03    0.1118140857E+03    0.8913044148E+02
          60    0.2278086399E+03    0.1234347024E+03    0.6103083046E+03
          61    0.2223422177E+03    0.1220401124E+03    0.4586932007E+03
          62    0.2252643184E+03    0.1106953493E+03    0.9053603282E+02
          63    0.2242434157E+03    0.1124176078E+03   -0.8259613748E+02
          64    0.2250124681E+03    0.1113832179E+03    0.9213383351E+02
          65    0.1761733470E+03    0.1022273820E+03    0.6625759058E+03
          66    0.2243899811E+03    0.1114746841E+03    0.8118456639E+02
          67    0.2321163995E+03    0.1038521938E+03    0.2097892608E+04
          68    0.2239480641E+03    0.1030471146E+03    0.9485832485E+03
          69    0.2155557240E+03    0.1191370053E+03    0.9474152000E+03
          70    0.2133503754E+03    0.1246004267E+03    0.6708393873E+03
          71    0.2146462486E+03    0.1205786820E+03    0.5263983541E+03
          72    0.1857014957E+03    0.9583810370E+02   -0.3000543223E+03
          73    0.2223221581E+03    0.1263593615E+03    0.6200285798E+03
          74    0.2245581086E+03    0.1119124462E+03    0.8217103738E+02
          75    0.2237302228E+03    0.1116278081E+03    0.8051503040E+02
          76    0.2245778195E+03    0.1113048435E+03    0.8107507976E+02
          77    0.1709713435E+03    0.1031881682E+03   -0.8523034753E+03
          78    0.2254504151E+03    0.1114742018E+03    0.9130497505E+02
          79    0.2239701325E+03    0.1117011984E+03    0.8071338936E+02
          80    0.2247563476E+03    0.1112838923E+03   -0.8080949629E+02
          81    0.2486029080E+03    0.1253216325E+03    0.1114458073E+04
          82    0.1679442744E+03    0.9826074247E+02    0.1796468443E+03
          83    0.2170002985E+03    0.1201713698E+03    0.9212338573E+03
          84    0.2248494397E+03    0.1115041536E+03    0.9167748208E+02
          85    0.2239480135E+03    0.1116876954E+03    0.8080913119E+02
          86    0.2259067202E+03    0.1109678648E+03    0.9188965803E+02
          87    0.2241784099E+03    0.1110840146E+03    0.7946217511E+02
          88    0.2060232336E+03    0.1009452646E+03   -0.8948466384E+03
          89    0.2237340115E+03    0.1203674353E+03    0.2638205429E+03
          90    0.2292992872E+03    0.1093790110E+03   -0.6554269328E+03
          91    0.2291368014E+03    0.1115341234E+03    0.1020904205E+03
          92    0.2159734969E+03    0.1187145791E+03    0.5351778713E+03
          93    0.2150004782E+03    0.1217467297E+03    0.9348397999E+03
          94    0.2061416629E+03    0.1276674522E+03    0.9899995538E+03
          95    0.2158714725E+03    0.1213473708E+03    0.9395666001E+03
          96    0.1718280853E+03    0.1036268412E+03   -0.8666773767E+03
          97    0.2305336952E+03    0.1088801810E+03    0.9161315162E+02
          98    0.2069238576E+03    0.1031088849E+03    0.6180405488E+03
          99    0.2052333048E+03    0.1306904331E+03    0.7140670417E+03
         100    0.2150291148E+03    0.1222871219E+03    0.6839878600E+03
