Model_ID, [(c_i,i=0,n)_j,j=1,ntask]
           1    0.1537084532E+03    0.1212412667E+03   -0.2060794415E+03
           2    0.1534137744E+03    0.1205611439E+03   -0.2455355574E+03
           3    0.1512440231E+03    0.1194461964E+03    0.3214397082E+03
           4    0.1512970477E+03    0.1211646430E+03    0.4431801196E+03
           5    0.1522139245E+03    0.1208341543E+03    0.3735664738E+03
           6    0.1535487949E+03    0.1187424703E+03    0.3987582142E+03
           7    0.1557505673E+03    0.1278461364E+03    0.6232620094E+03
           8    0.1549597729E+03    0.1225301427E+03    0.1853405809E+03
           9    0.1451736351E+03    0.1270598849E+03   -0.2979270883E+03
          10    0.1492523918E+03    0.1247431936E+03    0.3651797603E+03
          11    0.1488534325E+03    0.1188215862E+03   -0.2135428724E+03
          12    0.1570169918E+03    0.1267986692E+03    0.2667371593E+03
          13    0.1529572803E+03    0.1201846724E+03    0.3519066594E+03
          14    0.1510439269E+03    0.1209635462E+03    0.1691791950E+03
          15    0.1465623366E+03    0.1268744927E+03    0.3806373067E+03
          16    0.1447373800E+03    0.1260042264E+03   -0.2910107846E+03
          17    0.1539191168E+03    0.1238050727E+03    0.2651439052E+03
          18    0.1507308622E+03    0.1314036293E+03    0.6025844800E+03
          19    0.1464589037E+03    0.1250083714E+03   -0.2895638789E+03
          20    0.1563134347E+03    0.1273758623E+03    0.2273099912E+03
          21    0.1442030407E+03    0.1265396289E+03    0.5070238734E+03
          22    0.1511370914E+03    0.1205481911E+03    0.7602652733E+03
          23    0.1572293202E+03    0.1264100126E+03    0.2268393232E+03
          24    0.1554767648E+03    0.1228624374E+03    0.2630428622E+03
          25    0.1553341959E+03    0.1254357966E+03    0.1617114542E+03
          26    0.1533294343E+03    0.1189559757E+03   -0.2406525227E+03
          27    0.1549322200E+03    0.1230696227E+03    0.2644729141E+03
          28    0.1558169714E+03    0.1227976448E+03    0.2647817301E+03
          29    0.1468913099E+03    0.1249331367E+03   -0.2899706902E+03
          30    0.1532038602E+03    0.1240477860E+03    0.2588394065E+03
          31    0.1545898485E+03    0.1243376990E+03    0.2733901571E+03
          32    0.1459860445E+03    0.1251421145E+03   -0.2881436316E+03
          33    0.1563756394E+03    0.1253787075E+03    0.3138960889E+03
          34    0.1547360485E+03    0.1232465651E+03    0.2638461738E+03
          35    0.1544495514E+03    0.1225186839E+03   -0.6871188912E+03
          36    0.1547121898E+03    0.1232613658E+03    0.2637833110E+03
          37    0.1546891891E+03    0.1232760058E+03    0.2636962421E+03
          38    0.1575309463E+03    0.1261933955E+03    0.2248568787E+03
          39    0.1461515923E+03    0.1254546608E+03    0.2726820969E+03
          40    0.1544882613E+03    0.1244710064E+03   -0.1983912022E+03
          41    0.1457477305E+03    0.1253203980E+03   -0.2880880844E+03
          42    0.1457164255E+03    0.1253380973E+03   -0.2881145814E+03
          43    0.1574930199E+03    0.1275445385E+03    0.3358867803E+03
          44    0.1456863204E+03    0.1253547646E+03   -0.2881184518E+03
          45    0.1511406295E+03    0.1248652500E+03    0.2408805809E+03
          46    0.1491553969E+03    0.1287551718E+03   -0.5572784538E+03
          47    0.1545059682E+03    0.1234496257E+03    0.2627431316E+03
          48    0.1520368549E+03    0.1200333266E+03    0.4000110909E+03
          49    0.1480927568E+03    0.1263097482E+03    0.3125751905E+03
          50    0.1454645267E+03    0.1255188987E+03   -0.2877590318E+03
          51    0.1474854741E+03    0.1246149173E+03   -0.2904020041E+03
          52    0.1512400196E+03    0.1165537593E+03    0.3899755753E+03
          53    0.1468359237E+03    0.1254221148E+03    0.2516022299E+03
          54    0.1553079385E+03    0.1301968956E+03   -0.2328210576E+03
          55    0.1574685664E+03    0.1267414382E+03    0.2438265264E+03
          56    0.1578397401E+03    0.1259716040E+03    0.2224539154E+03
          57    0.1574869057E+03    0.1279188761E+03    0.3552660301E+03
          58    0.1529570258E+03    0.1186439327E+03    0.9052984995E+03
          59    0.1567902252E+03    0.1243519323E+03    0.3260809060E+03
          60    0.1478621604E+03    0.1248911230E+03    0.2556817042E+03
          61    0.1564429243E+03    0.1259956166E+03    0.6650495014E+03
          62    0.1551703872E+03    0.1249989125E+03    0.2679548304E+03
          63    0.1570941898E+03    0.1252498246E+03    0.2926062248E+03
          64    0.1519843122E+03    0.1242763204E+03    0.2378840542E+03
          65    0.1533430167E+03    0.1208713459E+03    0.5083578652E+03
          66    0.1566858169E+03    0.1270806373E+03    0.5839168553E+03
          67    0.1581551501E+03    0.1273081489E+03    0.2750722354E+03
          68    0.1561169926E+03    0.1341833491E+03    0.8330904364E+03
          69    0.1527876623E+03    0.1198148616E+03    0.3293353378E+03
          70    0.1587293456E+03    0.1267198477E+03    0.2836547643E+03
          71    0.1556491753E+03    0.1227029920E+03    0.2576896435E+03
          72    0.1553560347E+03    0.1298516604E+03   -0.2282422636E+03
          73    0.1542713985E+03    0.1235947662E+03    0.2558119683E+03
          74    0.1555013903E+03    0.1299242766E+03    0.2211929656E+03
          75    0.1583765648E+03    0.1241650452E+03    0.3010083629E+03
          76    0.1520403434E+03    0.1327386023E+03    0.2222440349E+03
          77    0.1540158273E+03    0.1236392799E+03    0.2525693097E+03
          78    0.1446055059E+03    0.1255371263E+03   -0.2752977086E+03
          79    0.1577647146E+03    0.1244133018E+03    0.3031925381E+03
          80    0.1601019063E+03    0.1249614372E+03    0.2332308473E+03
          81    0.1566205701E+03    0.1224067528E+03    0.2568773543E+03
          82    0.1552183153E+03    0.1171883175E+03    0.2787393603E+03
          83    0.1583228730E+03    0.1275093043E+03    0.2961422832E+03
          84    0.1502589509E+03    0.1295063236E+03    0.2190013228E+03
          85    0.1580872681E+03    0.1258453506E+03    0.2169193495E+03
          86    0.1571797315E+03    0.1244415309E+03   -0.9267084700E+03
          87    0.1575782790E+03    0.1265887315E+03    0.5831070362E+03
          88    0.1584420598E+03    0.1281156128E+03   -0.1480900279E+03
          89    0.1581470554E+03    0.1264277430E+03    0.3321241019E+03
          90    0.2720653386E+03    0.1796812690E+03   -0.8433985650E+02
          91    0.1575170444E+03    0.1234346312E+03    0.2909962100E+03
          92    0.1468992541E+03    0.1244907069E+03   -0.2808430796E+03
          93    0.1575436458E+03    0.1246070297E+03    0.3018261439E+03
          94    0.1501189369E+03    0.1268324986E+03    0.5278312703E+03
          95    0.1469263978E+03    0.1227561784E+03   -0.4428426062E+03
          96    0.1579317960E+03    0.1261810401E+03    0.2458467891E+03
          97    0.1526002643E+03    0.1325982209E+03   -0.2077909587E+03
          98    0.1575167866E+03    0.1246230232E+03    0.3016872636E+03
          99    0.1578398770E+03    0.1257716659E+03    0.3016299013E+03
         100    0.1578710327E+03    0.1258857928E+03    0.2968261362E+03
