Model_ID, [(c_i,i=0,n)_j,j=1,ntask]
           1    0.1073988368E+01   -0.2372576804E+02    0.1908840166E+02
           2    0.1062725637E+01   -0.2364774534E+02    0.1918021171E+02
           3    0.2704209680E+01   -0.2269914963E+02    0.1503932079E+02
           4    0.3454386637E+01   -0.2047746125E+02   -0.2011851165E+02
           5    0.3440841014E+01   -0.2038720494E+02   -0.2032101812E+02
           6    0.3735624534E+01   -0.2089178102E+02    0.2261950918E+02
           7    0.2294261205E+01   -0.2467980401E+02    0.1399625800E+02
           8    0.1681615942E+01   -0.2238179042E+02    0.1836285292E+02
           9    0.3366966832E+01   -0.2355963394E+02    0.1519198692E+02
          10    0.3195630666E+01   -0.2209480620E+02   -0.1549398070E+02
          11    0.1669144618E+01   -0.2230175866E+02    0.1846724376E+02
          12    0.3680498803E+01   -0.2043412217E+02   -0.1710988336E+02
          13    0.3870505242E+01   -0.3431927371E+02   -0.2012494140E+02
          14    0.1396561102E+01   -0.2296651659E+02    0.1384096087E+02
          15    0.3724961758E+01   -0.2013678361E+02   -0.1711776194E+02
          16    0.1670849685E+01   -0.2203747664E+02    0.1399190984E+02
          17    0.3366025954E+01   -0.2091208332E+02   -0.1809497422E+02
          18    0.2834768811E+01   -0.2252069844E+02    0.1419157315E+02
          19    0.4101766169E+01   -0.2006155489E+02   -0.3913430089E+02
          20    0.1057484440E+01   -0.2397306428E+02    0.1704586004E+02
          21    0.3725304768E+01   -0.2315441130E+02    0.1341752053E+02
          22    0.3411141080E+01   -0.2127360702E+02   -0.2485889825E+02
          23    0.4353357386E+01   -0.2299002610E+02   -0.1753766080E+02
          24    0.7901381747E+01   -0.1909869833E+02    0.1045651692E+02
          25    0.2058401753E+01   -0.2135195627E+02    0.1124424171E+02
          26    0.2833919050E+01   -0.2462320412E+02   -0.1655418503E+02
          27    0.3992248257E+01   -0.1948315244E+02   -0.4289099182E+02
          28    0.2551396833E+01   -0.2455761442E+02   -0.1780052998E+02
          29    0.3819827892E+01   -0.2093499529E+02    0.2271694643E+02
          30    0.4182562761E+01   -0.2032018701E+02   -0.3681086849E+02
          31    0.3686545251E+01   -0.1943015861E+02   -0.2351890769E+02
          32    0.3393248109E+01   -0.2201301210E+02    0.3028765228E+02
          33    0.4382041372E+01   -0.1968101632E+02   -0.3577816849E+02
          34    0.3484277086E+01   -0.2078896842E+02   -0.1395122155E+02
          35    0.4954894771E+00   -0.2412720350E+02    0.1577402510E+02
          36    0.2988951917E+01   -0.2397203453E+02    0.1793063070E+02
          37    0.3998269481E+01   -0.2261974675E+02   -0.2219728482E+02
          38    0.4328468294E+01   -0.2218261835E+02   -0.1426942760E+02
          39    0.3712296031E+01   -0.1978909219E+02   -0.1755274113E+02
          40    0.4434108054E+01   -0.1992951888E+02   -0.3399820294E+02
          41    0.3471175740E+01   -0.2132511092E+02   -0.1305644682E+02
          42    0.3053112608E+01   -0.2376602127E+02   -0.1786141282E+02
          43    0.3760195931E+01   -0.2045894878E+02   -0.1396405566E+02
          44    0.3672169870E+01   -0.2001244099E+02   -0.1758383186E+02
          45    0.3914843272E+01   -0.2250310796E+02    0.2446003143E+02
          46    0.4058478260E+01   -0.2236810424E+02    0.2425925548E+02
          47    0.3511151802E+01   -0.2140154937E+02   -0.1278405752E+02
          48    0.4319028614E+01   -0.1914913002E+02   -0.3857167792E+02
          49    0.3236440464E+00   -0.2419920056E+02    0.1580663480E+02
          50    0.4429520908E+01   -0.2262656085E+02   -0.7396927271E+02
          51    0.3448169813E+01   -0.2350418214E+02    0.1705160400E+02
          52    0.4121370531E+01   -0.2231931667E+02   -0.2389072956E+02
          53    0.6026638362E+01   -0.2087004605E+02   -0.3076975710E+02
          54    0.3253344744E+00   -0.2420858254E+02    0.1582373888E+02
          55    0.2443349569E+01   -0.2452487196E+02   -0.1837792356E+02
          56    0.4776420213E+01   -0.2262459533E+02   -0.3254112058E+02
          57    0.2216418575E+01   -0.1978037869E+02    0.2038315360E+02
          58    0.5417487709E+00   -0.2351723301E+02    0.1509050912E+02
          59    0.3927106394E+01   -0.2018461869E+02   -0.2023289422E+02
          60    0.3161234748E+01   -0.2105600202E+02   -0.1426400023E+02
          61    0.4867474771E+01   -0.2227304306E+02   -0.3434083954E+02
          62    0.3238906396E+01   -0.2103689321E+02   -0.1411264568E+02
          63    0.3644421811E+01   -0.1906859749E+02   -0.2438660135E+02
          64    0.3530129337E+01   -0.2342780557E+02   -0.1667051091E+02
          65    0.6329672664E+01   -0.2033137249E+02    0.2344337482E+02
          66    0.3348762638E+01   -0.2093560188E+02   -0.1400205130E+02
          67    0.4135723521E+01   -0.2264684008E+02   -0.1512803927E+02
          68    0.3697785117E+01   -0.2285044187E+02    0.1389383418E+02
          69    0.3992231753E+01   -0.1918358886E+02   -0.4368987053E+02
          70    0.5014845759E+00   -0.2346945901E+02    0.1464599630E+02
          71    0.2824739237E+01   -0.2412914140E+02    0.1813649365E+02
          72    0.3892328417E+01   -0.2244029748E+02    0.2419538925E+02
          73    0.3045913942E+01   -0.2383053082E+02   -0.1741751507E+02
          74    0.1120136138E+01   -0.2360865390E+02    0.1341210590E+02
          75    0.3812821004E+00   -0.2358319879E+02    0.1510986674E+02
          76    0.5947358018E+01   -0.2372190757E+02   -0.1090135882E+02
          77    0.4702667996E+01   -0.2186423675E+02   -0.8499108700E+02
          78    0.5601272299E+01   -0.2140165882E+02    0.1189246942E+02
          79    0.1105632172E+01   -0.2415672625E+02    0.1385059723E+02
          80    0.3343578482E+01   -0.2089051309E+02   -0.1406260839E+02
          81    0.4473949009E+01   -0.3340277632E+02   -0.1844832790E+02
          82    0.2900994134E+01   -0.2063263694E+02    0.1511379989E+02
          83    0.4415589608E+01   -0.2155223238E+02   -0.7980565758E+02
          84    0.2083152774E+01   -0.2313862838E+02    0.1887334368E+02
          85    0.5561074749E+01   -0.2111556287E+02   -0.9165839895E+01
          86   -0.4684485505E+00   -0.2425888859E+02    0.1804462156E+02
          87    0.4613391280E+01   -0.2136939683E+02    0.1099713095E+03
          88    0.5672025094E+01   -0.2136430970E+02   -0.7613998727E+01
          89    0.2979087359E+01   -0.2183432905E+02    0.1472529953E+02
          90    0.3872378051E+01   -0.2294769983E+02    0.2233395976E+02
          91    0.2323758001E+01   -0.2416195242E+02   -0.1416937406E+02
          92    0.9745444861E+00   -0.2362785246E+02    0.1323550191E+02
          93    0.3777692545E+01   -0.2263992970E+02    0.2465929296E+02
          94    0.4099058197E+01   -0.3392564344E+02   -0.1937284649E+02
          95    0.3940324677E+01   -0.2366482582E+02    0.1638374448E+02
          96    0.3736795039E+01   -0.2216912992E+02   -0.2744114126E+02
          97    0.1029323357E+01   -0.2411643448E+02    0.1354125526E+02
          98    0.2914647337E+01   -0.2094618389E+02    0.1588170299E+02
          99    0.4271571631E+01   -0.2170540243E+02   -0.8022754553E+02
         100    0.3372915016E+01   -0.2326827059E+02    0.1250557080E+02
