        Rank        RMSE       MaxAE  Feature_ID
           1   10.050950   32.540040  (    1717   14337)
           2   10.347631   27.934004  (      73   17111)
           3   10.393070   38.742573  (     801   10788)
           4   10.410853   27.921298  (     190   17111)
           5   10.412215   33.257536  (      71   17111)
           6   10.444087   25.829780  (     535   10021)
           7   10.446035   38.125558  (    2370   17111)
           8   10.481539   25.266702  (     424   10021)
           9   10.502314   38.169364  (    5039   17111)
          10   10.538218   26.374018  (    1590   10405)
          11   10.538553   26.330626  (      42   10021)
          12   10.542682   26.270693  (      46   10021)
          13   10.549646   35.452245  (    9979   10788)
          14   10.556805   28.369849  (    1590   10021)
          15   10.567174   27.504161  (    5054   10021)
          16   10.590855   26.811061  (    6403   17111)
          17   10.591518   31.950298  (      41   17111)
          18   10.591733   25.880453  (     205   10021)
          19   10.593636   27.005508  (    8268   10021)
          20   10.594189   28.167054  (     573   10021)
          21   10.601655   24.865349  (    2556   10021)
          22   10.604209   25.753909  (      93   10021)
          23   10.611677   29.708080  (       9   17111)
          24   10.618031   25.920871  (      88   10021)
          25   10.620159   25.896223  (      92   10021)
          26   10.623122   25.870696  (      98   10021)
          27   10.627283   37.663852  (    2352   17111)
          28   10.634494   25.764658  (     227   10021)
          29   10.636456   25.899305  (    2443   10021)
          30   10.640917   32.397413  (    7144   10788)
          31   10.642055   33.363563  (    1475   17258)
          32   10.643994   25.180181  (     387   10021)
          33   10.649249   26.025555  (     101   10021)
          34   10.660707   29.662531  (    7657   10021)
          35   10.662945   32.165995  (    1655   12387)
          36   10.673760   28.146090  (    1482   10021)
          37   10.675290   31.326589  (    5396   12387)
          38   10.681461   25.004313  (     214   10021)
          39   10.681920   27.928255  (      26   10021)
          40   10.683138   38.006209  (     639   17111)
          41   10.688012   37.709140  (    5082   17111)
          42   10.688860   25.403610  (    3609   10021)
          43   10.689239   25.707253  (     912   10021)
          44   10.696434   25.861315  (      52   10021)
          45   10.697582   25.937578  (    1020   10021)
          46   10.701410   25.663757  (    6189   10021)
          47   10.701647   28.482337  (    2323   10021)
          48   10.702968   25.897224  (      70   10021)
          49   10.704794   31.651980  (     207   13876)
          50   10.706672   34.462194  (    1988   17111)
          51   10.707772   25.538802  (    3664   10021)
          52   10.709087   25.518721  (    4465   10021)
          53   10.709445   28.282055  (      48   10021)
          54   10.709747   28.462433  (     932   17111)
          55   10.713706   26.825327  (    4135   10021)
          56   10.714758   25.812514  (     502   10021)
          57   10.715053   39.678403  (    1208   10788)
          58   10.716150   25.862269  (      86   10021)
          59   10.721587   29.302659  (     146   17806)
          60   10.722749   29.535711  (      10   17111)
          61   10.731743   27.191848  (    8268   10405)
          62   10.732866   26.885042  (    2050   10021)
          63   10.733073   27.713726  (    1070   10021)
          64   10.735279   28.085650  (    1379   17111)
          65   10.735360   33.164776  (      59   10796)
          66   10.738094   37.878447  (    3610   10788)
          67   10.739260   25.661580  (    3886   10021)
          68   10.740578   29.219186  (       8   10046)
          69   10.741581   27.503641  (     418   10021)
          70   10.749780   27.542161  (     959   10021)
          71   10.749813   29.824832  (      67   17111)
          72   10.750119   30.096815  (    2696   10021)
          73   10.753716   31.036384  (    8440   10860)
          74   10.760281   25.542826  (    2933   10021)
          75   10.765779   38.089460  (    1486   17111)
          76   10.769927   27.899854  (    2042   17111)
          77   10.772188   30.926673  (       8   10488)
          78   10.778805   31.526253  (    8934   11019)
          79   10.781589   27.494921  (     349   10021)
          80   10.781645   27.377819  (    1381   10021)
          81   10.784210   25.530885  (    1032   10021)
          82   10.784998   25.434477  (     258   10021)
          83   10.787284   27.889119  (    3366   10021)
          84   10.787323   28.161758  (    7532   10021)
          85   10.789858   27.991943  (      85   10021)
          86   10.791782   25.938382  (    1028   10021)
          87   10.792008   38.611428  (    9709   10788)
          88   10.792555   33.946976  (    6879   17111)
          89   10.792777   25.467653  (    4132   10021)
          90   10.792914   31.006888  (     178   17111)
          91   10.793331   27.949340  (    1884   10021)
          92   10.795300   25.588846  (      45   10021)
          93   10.795709   37.112745  (    7315   10788)
          94   10.795805   29.073612  (    3086   17111)
          95   10.797622   25.533507  (      50   10021)
          96   10.798593   32.789097  (    6705   10788)
          97   10.803805   27.325781  (    2055   10021)
          98   10.804949   37.739610  (     833   10788)
          99   10.805038   28.188222  (    1790   10021)
         100   10.807040   25.625790  (     417   10021)
