        Rank        RMSE       MaxAE  Feature_ID
           1   25.822930   67.394063  (     103   15097)
           2   26.515567   68.899710  (       8   10436)
           3   26.835594   66.313797  (     103   12237)
           4   26.970905   72.846426  (       8   13945)
           5   27.105961   68.103877  (     103   16966)
           6   27.168765   70.211170  (       8   10582)
           7   27.170499   71.875997  (       8   10293)
           8   27.184630   90.678234  (       1   10001)
           9   27.229596   85.290651  (      10   18673)
          10   27.312782   65.599398  (       8   11728)
          11   27.403432   68.551682  (       8   10229)
          12   27.430956   74.266690  (       8   12754)
          13   27.443139   88.540011  (       1   10002)
          14   27.471136   89.083170  (       1   10003)
          15   27.516788   66.066297  (    1335   15097)
          16   27.542580   67.206467  (      10   12237)
          17   27.551987   72.325994  (       8   11595)
          18   27.572142   92.086082  (      26   10311)
          19   27.590842   79.953249  (      10   10565)
          20   27.610764   76.619922  (      84   15097)
          21   27.643243   75.333647  (       8   13643)
          22   27.647446   72.397043  (       8   11369)
          23   27.649026   88.603430  (       1   10004)
          24   27.698753   89.782691  (       1   10005)
          25   27.768867   74.030037  (       8   10586)
          26   27.776394   88.747184  (       1   10006)
          27   27.782715   93.252227  (      10   13949)
          28   27.801069   61.156349  (       6   11327)
          29   27.812938   70.036702  (       8   11381)
          30   27.827270   70.004997  (       8   11340)
          31   27.843181   90.897876  (       1   10014)
          32   27.860846   84.068174  (       1   10045)
          33   27.863330   88.201848  (       1   10007)
          34   27.886273   73.676399  (       8   10705)
          35   27.889394   86.863993  (       1   10009)
          36   27.890417   72.514461  (     820   15097)
          37   27.890472   88.071509  (       1   10012)
          38   27.891772   89.882986  (       1   10010)
          39   27.892675   89.156591  (       1   10008)
          40   27.893746   73.591622  (       8   10668)
          41   27.897332   73.640526  (       8   10694)
          42   27.905675   73.603760  (       8   10698)
          43   27.905956   90.498308  (       1   10017)
          44   27.913343   73.599980  (       8   10710)
          45   27.917196   73.596790  (       8   10714)
          46   27.920003   93.839014  (       1   10016)
          47   27.920662   75.016470  (    6811   15097)
          48   27.921124   73.593575  (       8   10717)
          49   27.922054   90.086721  (       1   10011)
          50   27.922447   90.573769  (       1   10015)
          51   27.930800   90.245308  (      26   14355)
          52   27.932275   73.588645  (       8   10727)
          53   27.938223   73.552711  (       8   10733)
          54   27.962852   96.311384  (       1   10013)
          55   27.967820   89.990424  (      26   10281)
          56   27.972983   89.389511  (       1   10022)
          57   27.985348   73.505297  (       8   10742)
          58   27.996968   90.549583  (       1   10026)
          59   28.005248   90.519239  (       1   10027)
          60   28.005684   63.772382  (    1335   12237)
          61   28.008500   90.519423  (       1   10028)
          62   28.010827   90.521709  (       1   10029)
          63   28.014397   90.522123  (       1   10030)
          64   28.014590   89.898670  (       1   10018)
          65   28.017990   90.521797  (       1   10031)
          66   28.018214   89.902105  (       1   10019)
          67   28.023145   89.903655  (       1   10021)
          68   28.023951   70.309243  (      10   12238)
          69   28.025208   90.493042  (       1   10032)
          70   28.041934   86.741114  (       1   10020)
          71   28.049124   88.467801  (       1   10025)
          72   28.053051   73.528796  (       8   10725)
          73   28.056111   86.719861  (     103   18673)
          74   28.063550   78.554032  (       1   10033)
          75   28.070692   77.916949  (       1   10023)
          76   28.076760   73.620487  (       8   10750)
          77   28.083034   90.143233  (       1   10024)
          78   28.085299   90.088654  (       1   10044)
          79   28.087319   72.775821  (    6811   12237)
          80   28.098019   88.636757  (       1   10034)
          81   28.102544   90.463245  (       1   10040)
          82   28.112552   73.671616  (       8   10792)
          83   28.126032   88.696929  (      10   10109)
          84   28.130568   90.247737  (       1   10037)
          85   28.132498   89.691074  (       1   10035)
          86   28.132744   74.029956  (       8   10508)
          87   28.132846   90.159157  (       1   10039)
          88   28.138700   89.888475  (       1   10038)
          89   28.154266   78.938980  (      26   13643)
          90   28.161047   82.525109  (       1   10036)
          91   28.161583   76.484563  (    6811   16966)
          92   28.181317   89.690549  (      10   10100)
          93   28.183227   73.521269  (       8   10917)
          94   28.188886   73.127145  (       8   10973)
          95   28.191864   88.452374  (       1   10041)
          96   28.191969   89.918011  (       1   10049)
          97   28.193682   70.942331  (     676   15097)
          98   28.196447   88.453817  (       1   10042)
          99   28.196788   70.205468  (       8   10381)
         100   28.202238   88.453647  (       1   10043)
