Model_ID, [(c_i,i=0,n)_j,j=1,ntask]
           1    0.3355154413E+03   -0.2024718737E+03   -0.1555514099E+04
           2    0.3331190485E+03    0.2035062544E+03   -0.1512974030E+04
           3    0.3345241447E+03   -0.2048078239E+03   -0.1557654171E+04
           4    0.3311519352E+03    0.2025795902E+03   -0.1488951440E+04
           5    0.3321399108E+03    0.2042861392E+03   -0.1484377178E+04
           6    0.3348716509E+03   -0.2020532510E+03   -0.1532717037E+04
           7    0.3323207984E+03   -0.2093943832E+03   -0.1610873378E+04
           8    0.3344088746E+03    0.2063550076E+03   -0.1600760202E+04
           9    0.3337582765E+03   -0.2077615853E+03   -0.1602287082E+04
          10    0.3333246145E+03   -0.2068720344E+03   -0.1607571881E+04
          11    0.3340516899E+03    0.2069874272E+03   -0.1597501483E+04
          12    0.3348985972E+03    0.2044562950E+03   -0.1611996786E+04
          13    0.3345393066E+03    0.2034516161E+03   -0.1662050664E+04
          14    0.3324482297E+03    0.2064448862E+03   -0.1566440044E+04
          15    0.3333473461E+03   -0.2070783723E+03   -0.1634484606E+04
          16    0.3331423897E+03    0.2082717210E+03   -0.1610716787E+04
          17    0.3350301503E+03   -0.2021805910E+03   -0.1654703349E+04
          18    0.3346137150E+03    0.2055678446E+03   -0.1575775522E+04
          19    0.3342973610E+03    0.2063893554E+03   -0.1567354954E+04
          20    0.3351367179E+03    0.2033751346E+03   -0.1597587815E+04
          21    0.3330518816E+03    0.2087150753E+03   -0.1588338404E+04
          22    0.3353471846E+03    0.1991660715E+03   -0.1619342142E+04
          23    0.3330703924E+03    0.2084723857E+03   -0.1592039387E+04
          24    0.3334169753E+03    0.2080976308E+03   -0.1576235998E+04
          25    0.3335177344E+03    0.2081869483E+03   -0.1565970380E+04
          26    0.3350349423E+03   -0.2057218725E+03   -0.1554079622E+04
          27    0.3352121743E+03    0.2029766837E+03   -0.1600241649E+04
          28    0.3339974694E+03    0.2071128092E+03   -0.1560807833E+04
          29    0.3344802095E+03    0.2057902740E+03   -0.1564245563E+04
          30    0.3343795569E+03    0.2056092344E+03   -0.1563308951E+04
          31    0.3345786991E+03   -0.2059539498E+03   -0.1565213878E+04
          32    0.3368620412E+03   -0.1878693139E+03   -0.1634412554E+04
          33    0.3342166449E+03    0.1927841635E+03   -0.1597318807E+04
          34    0.3333794328E+03    0.2083354448E+03   -0.1560894139E+04
          35    0.3333250919E+03   -0.2083970730E+03   -0.1562291777E+04
          36    0.3362089912E+03    0.2067281596E+03   -0.4915014669E+03
          37    0.3341949538E+03   -0.2011916654E+03   -0.1519955225E+04
          38    0.3382932381E+03    0.2075716234E+03   -0.4975759279E+03
          39    0.3354385081E+03    0.2003840323E+03   -0.1648835483E+04
          40    0.3326632496E+03    0.2070196106E+03   -0.1643707138E+04
          41    0.3355343463E+03    0.2007931566E+03   -0.1620495343E+04
          42    0.3336259130E+03    0.2075496170E+03   -0.1552956671E+04
          43    0.3327184591E+03    0.2090108110E+03   -0.1570483091E+04
          44    0.3336489822E+03    0.2073606530E+03   -0.1546225788E+04
          45    0.3323809816E+03    0.2088096673E+03   -0.1597412159E+04
          46    0.3422149071E+03   -0.1997845922E+03   -0.1574178002E+04
          47    0.3337460499E+03   -0.2071394225E+03   -0.1540908293E+04
          48    0.3453646726E+03    0.1255196958E+03   -0.1879979077E+03
          49    0.3372032644E+03    0.2083952643E+03   -0.4885786058E+03
          50    0.3356752746E+03    0.1993887345E+03   -0.1634460049E+04
          51    0.3336913660E+03    0.2070995299E+03   -0.1541415335E+04
          52    0.3336359535E+03   -0.2070537552E+03   -0.1541932815E+04
          53    0.3408666737E+03   -0.2062305848E+03   -0.5068646061E+03
          54    0.3373400703E+03    0.2005704540E+03   -0.3998646971E+03
          55    0.3357163784E+03    0.1991669386E+03   -0.1629699295E+04
          56    0.3353398730E+03    0.1997916274E+03   -0.3941429206E+03
          57    0.3357148104E+03    0.1990645868E+03   -0.1625239872E+04
          58    0.3398618635E+03   -0.2085247061E+03   -0.5062144010E+03
          59    0.3354699619E+03    0.2008208390E+03   -0.1585062417E+04
          60    0.3363628241E+03   -0.1985900310E+03   -0.1557400399E+04
          61    0.3401954285E+03    0.2065532423E+03   -0.3890053886E+03
          62    0.3380959678E+03    0.2056819156E+03   -0.3834114056E+03
          63    0.3398023863E+03   -0.1992490408E+03   -0.4093276164E+03
          64    0.3554889583E+03    0.1165543559E+03   -0.2008986490E+04
          65    0.3325942374E+03    0.2086741968E+03   -0.1547808036E+04
          66    0.3341102249E+03    0.2054921655E+03   -0.1532651738E+04
          67    0.3335115831E+03    0.2069754056E+03   -0.1530412472E+04
          68    0.3339548527E+03   -0.2029580666E+03   -0.1493689030E+04
          69    0.3390849601E+03    0.2075023729E+03   -0.3833121224E+03
          70    0.3320979064E+03   -0.2088429121E+03   -0.1567367695E+04
          71    0.3337447318E+03    0.2060499395E+03   -0.1529328738E+04
          72    0.3380514491E+03    0.2118087846E+03   -0.1425955605E+04
          73    0.3446608199E+03    0.2014646883E+03   -0.1922094505E+03
          74    0.3359356410E+03    0.2034268302E+03   -0.9484152251E+03
          75    0.3428015203E+03   -0.2053233397E+03   -0.3982443322E+03
          76    0.3328855064E+03    0.2078393495E+03   -0.1532914011E+04
          77    0.3388316205E+03   -0.2013934261E+03   -0.4077561699E+03
          78    0.3369133494E+03    0.2052801030E+03   -0.9502869245E+03
          79    0.3363060507E+03    0.2013513082E+03   -0.3906357330E+03
          80    0.3359337196E+03    0.2107629055E+03   -0.1400979128E+04
          81    0.3401411487E+03   -0.2058226983E+03   -0.4992255840E+03
          82    0.3324003849E+03    0.2052112187E+03   -0.1472598053E+04
          83    0.3329331809E+03    0.2076113020E+03   -0.1528045331E+04
          84    0.3309350704E+03    0.1866075229E+03   -0.1533347583E+04
          85    0.3379802342E+03    0.2040994284E+03   -0.9565090580E+03
          86    0.3386288496E+03    0.1902543633E+03   -0.4311462346E+03
          87    0.3324368542E+03    0.2025587135E+03   -0.1453679505E+04
          88    0.3406742690E+03   -0.2107385295E+03   -0.1463354782E+04
          89    0.3371238565E+03    0.2042915234E+03   -0.3542829758E+03
          90    0.3417952777E+03   -0.2075692558E+03   -0.3972247388E+03
          91    0.3351778914E+03   -0.1995208616E+03   -0.1568198708E+04
          92    0.3396492242E+03   -0.2131605826E+03   -0.1464707674E+04
          93    0.3326808708E+03    0.2077026730E+03   -0.1532032425E+04
          94    0.3494663745E+03    0.1249496128E+03   -0.1893973002E+03
          95    0.3323962524E+03    0.2082712082E+03   -0.1533818188E+04
          96    0.3369494953E+03    0.2125866608E+03   -0.1398318092E+04
          97    0.3302689353E+03    0.2062712986E+03   -0.1439867232E+04
          98    0.3358258135E+03    0.1977643212E+03   -0.1601943835E+04
          99    0.3327727203E+03    0.2075785330E+03   -0.1523296882E+04
         100    0.3413268184E+03   -0.1851723299E+03   -0.4394215049E+03
