        Rank        RMSE       MaxAE  Feature_ID
           1   30.479481   85.108723  (    1839   11321)
           2   31.042587   85.193928  (      11   11321)
           3   31.044599   91.284126  (    3508   11321)
           4   31.342552  114.131557  (    2012   14919)
           5   31.360101   81.090794  (     273   10033)
           6   31.411582   81.533729  (    1839   13651)
           7   31.446314   93.361111  (    8011   11737)
           8   31.491068   81.406037  (    1839   10313)
           9   31.595658   81.429707  (    1839   16685)
          10   31.681391   94.194150  (    3278   11737)
          11   31.701359   90.003572  (    3744   11737)
          12   31.719678   88.975014  (    2467   11737)
          13   31.767547  115.913550  (    2012   11933)
          14   31.779599  115.328157  (    2012   10931)
          15   31.873615   88.669629  (      11   10948)
          16   31.882740   87.465609  (    3508   10313)
          17   31.936029   98.007374  (     109   12015)
          18   31.952178   85.758447  (    1839   12519)
          19   31.959774   84.374913  (      11   17951)
          20   32.001722   97.587688  (    3403   10033)
          21   32.014101   76.919825  (     426   13651)
          22   32.037158   93.016731  (      19   16500)
          23   32.040909   85.663206  (      11   12519)
          24   32.057849  118.249676  (    7045   11321)
          25   32.071249   67.531050  (      26   11321)
          26   32.102164   81.126429  (     696   10033)
          27   32.122890   79.938825  (    1839   19149)
          28   32.174417   86.462135  (    2866   11737)
          29   32.174609   70.948531  (    4732   12703)
          30   32.221200   93.852056  (    3329   10033)
          31   32.235132   82.168351  (      11   10313)
          32   32.248434   76.872712  (     426   16685)
          33   32.292784  104.384335  (     103   10033)
          34   32.305287   96.802883  (    2469   10443)
          35   32.306364   96.749936  (    2469   10102)
          36   32.307213   91.842341  (    3508   12519)
          37   32.328045   62.673554  (       1   10001)
          38   32.331306   77.952033  (    2298   18880)
          39   32.332034   71.394661  (    4732   15583)
          40   32.339755   97.864500  (    9782   16685)
          41   32.347773   85.390527  (    8000   11737)
          42   32.350878   91.069730  (     351   16500)
          43   32.365376   91.381771  (    2236   11737)
          44   32.378231   64.388334  (      26   10948)
          45   32.378568   94.045884  (     329   12015)
          46   32.385338  107.143302  (    9254   12879)
          47   32.391627   88.703869  (    3039   18880)
          48   32.406846   69.144896  (    3442   13651)
          49   32.451741   98.525561  (     102   18396)
          50   32.459886   79.612187  (     426   15713)
          51   32.491279   67.294991  (     276   11925)
          52   32.498758   95.421671  (    3508   10948)
          53   32.537843  106.319090  (    3763   12015)
          54   32.538874   69.104731  (    3442   16685)
          55   32.547984   97.317672  (    9503   11737)
          56   32.548449   89.395062  (    1839   10948)
          57   32.551700   77.290510  (      26   10617)
          58   32.567395   99.920170  (    7999   11071)
          59   32.573864   98.173122  (    9782   13651)
          60   32.584054   86.216618  (    3558   15595)
          61   32.633518   97.067842  (     502   13122)
          62   32.645996   90.169310  (    1226   16500)
          63   32.649922   80.147987  (      60   11321)
          64   32.653332   76.908757  (      26   10768)
          65   32.661084  114.287452  (    7045   10313)
          66   32.678582   78.689600  (     805   12668)
          67   32.681649   93.200167  (    1839   11628)
          68   32.693019   83.418309  (    4967   13583)
          69   32.694073   81.413864  (    4967   10024)
          70   32.698106  115.518685  (    2012   19166)
          71   32.715061   80.678124  (     273   10181)
          72   32.718160   82.739481  (    3744   18880)
          73   32.722847   82.059279  (    1839   13009)
          74   32.723412  101.686332  (    4577   11737)
          75   32.732650   92.319916  (     692   16500)
          76   32.740789   83.322524  (    1185   11628)
          77   32.750727   72.690563  (      65   11321)
          78   32.757760   89.449622  (    9149   10033)
          79   32.770893   89.768564  (       2   10033)
          80   32.777309   90.069663  (    8907   11737)
          81   32.784141   97.775315  (    5327   11737)
          82   32.796732   82.670287  (     276   13434)
          83   32.805222  116.689251  (    2012   17112)
          84   32.807418   95.049730  (    7999   10936)
          85   32.808434   98.069460  (     109   15988)
          86   32.825171   72.138553  (      26   12519)
          87   32.830236   88.223030  (      11   10781)
          88   32.840831   87.298784  (    2518   11737)
          89   32.845554   90.781717  (    2220   12174)
          90   32.848768   94.047369  (    3329   10181)
          91   32.857252   78.265707  (     426   15860)
          92   32.857821  111.222482  (    2012   11546)
          93   32.864916  105.014275  (     805   12879)
          94   32.867921   79.304412  (      65   11628)
          95   32.869091   92.749251  (    2220   14711)
          96   32.889937   63.265355  (     257   10948)
          97   32.918056   88.555213  (     426   10111)
          98   32.926505   76.947654  (     145   11321)
          99   32.929173   85.383391  (     145   17951)
         100   32.929687   88.368150  (     145   12703)
