Model_ID, [(c_i,i=0,n)_j,j=1,ntask]
           1    0.3837598243E+03    0.3295406263E+03    0.4212508771E+03
           2    0.2042961920E+03   -0.1270886971E+03    0.1153055184E+04
           3    0.3622721867E+03    0.3472238117E+03    0.7354664506E+03
           4    0.3612364375E+03    0.3445142209E+03    0.7465774184E+03
           5    0.3557411777E+03    0.2800264891E+03   -0.2406185409E+04
           6    0.3624580143E+03    0.2419918001E+03   -0.5589227527E+03
           7    0.3637676422E+03    0.3518496184E+03   -0.7081261065E+03
           8    0.2167576522E+03   -0.1100948141E+03    0.6827633886E+03
           9    0.3521395337E+03   -0.3246827075E+03    0.7708954700E+03
          10    0.3511310824E+03   -0.3221264081E+03    0.7839511795E+03
          11    0.3827352875E+03    0.3285646725E+03   -0.4276026077E+03
          12    0.3796311119E+03    0.3273272539E+03    0.4850700793E+03
          13    0.3557597730E+03    0.2729772260E+03   -0.5583354965E+03
          14    0.3628117451E+03    0.3493267657E+03    0.7162667624E+03
          15    0.3645250586E+03    0.1099649736E+03    0.3707490492E+03
          16    0.3776548139E+03    0.3278246471E+03    0.4132317939E+03
          17    0.3798869666E+03    0.3272956999E+03   -0.4801608825E+03
          18    0.2689717125E+03    0.1236171062E+03    0.3175959034E+03
          19    0.2185422101E+03    0.1108930753E+03   -0.7310047155E+03
          20    0.3535648997E+03   -0.3291762934E+03   -0.7423633650E+03
          21    0.2996057352E+03    0.1328729245E+03    0.3757093078E+03
          22    0.3526357587E+03   -0.3267977843E+03    0.7522694424E+03
          23    0.4208996780E+03   -0.1702356648E+03    0.9761062016E+03
          24    0.3959654612E+03    0.1820341251E+03    0.5324555708E+03
          25    0.3985380229E+03    0.1878889203E+03    0.3665147401E+03
          26    0.4028211578E+03    0.1729911964E+03    0.1135699187E+04
          27    0.3979904398E+03    0.1885836905E+03    0.3725490992E+03
          28    0.4058786551E+03    0.1805896808E+03   -0.7041498020E+03
          29    0.3980498840E+03    0.1885358253E+03    0.3714699041E+03
          30    0.4014912437E+03    0.1704247822E+03    0.1192193396E+04
          31    0.3539760693E+03    0.2833557421E+03   -0.7900819035E+03
          32    0.3840368648E+03    0.3175203493E+03   -0.5594349127E+03
          33    0.4203737615E+03   -0.1702613801E+03    0.9682581691E+03
          34    0.3504706777E+03    0.2737696441E+03   -0.8662839458E+03
          35    0.3766703101E+03    0.3268859829E+03   -0.4194476082E+03
          36    0.3988536457E+03    0.1704602494E+03    0.8974955200E+03
          37    0.3985655707E+03    0.1876066682E+03   -0.3657517837E+03
          38    0.3989493210E+03    0.1685654328E+03   -0.9384897481E+03
          39    0.3937358376E+03    0.1826709737E+03    0.6916000973E+03
          40    0.3816515024E+03    0.1687256874E+03    0.5565441068E+03
          41    0.4024370699E+03    0.1728305082E+03    0.1157111661E+04
          42    0.4010783432E+03    0.1701735220E+03    0.1220639930E+04
          43    0.3981611810E+03    0.1882073597E+03    0.3680656830E+03
          44    0.3565631565E+03    0.3358219666E+03   -0.5137238460E+03
          45    0.4037740776E+03   -0.1443817334E+03    0.2418333952E+04
          46    0.3736496400E+03    0.3255163073E+03    0.4742730160E+03
          47    0.4152970901E+03   -0.1657151145E+03    0.2444718649E+04
          48    0.2121519606E+03   -0.1114929774E+03    0.9836529159E+03
          49    0.4005800939E+03    0.1872920237E+03    0.4560251131E+03
          50    0.3408470989E+03    0.8791157204E+02    0.3728504230E+03
          51    0.3994198188E+03    0.1925292448E+03    0.3553848275E+03
          52    0.4004516647E+03    0.1714994375E+03   -0.8787671551E+03
          53    0.4031781290E+03   -0.1436318220E+03    0.2441953688E+04
          54    0.3797001183E+03    0.3166579893E+03   -0.6935873378E+03
          55    0.3181702025E+03    0.8366384507E+02    0.3336493445E+03
          56    0.3803480967E+03    0.3280854649E+03   -0.4658675816E+03
          57    0.4006771161E+03    0.1708294884E+03    0.8790542669E+03
          58    0.4016380536E+03   -0.1451934723E+03    0.2331126138E+04
          59    0.4148528591E+03   -0.1658129141E+03    0.2430808945E+04
          60    0.4198806800E+03   -0.1701399435E+03    0.9622663789E+03
          61    0.4211412489E+03   -0.2097426747E+03   -0.4443690558E+04
          62    0.4217389445E+03   -0.1698109985E+03    0.9966454952E+03
          63    0.4028606145E+03   -0.1432528889E+03    0.2448968428E+04
          64    0.4036279060E+03   -0.1442427204E+03    0.2415897650E+04
          65    0.3957524464E+03    0.1848329896E+03    0.6481796269E+03
          66    0.3822917531E+03    0.1701193531E+03    0.4069685794E+03
          67    0.4115828996E+03   -0.1488522779E+03    0.5765429733E+03
          68    0.4028797613E+03   -0.1426447629E+03    0.2452924688E+04
          69    0.4027677552E+03   -0.1425441048E+03    0.2457988847E+04
          70    0.3970184440E+03    0.1823884844E+03    0.2815751763E+03
          71    0.3993564897E+03    0.1856643321E+03    0.4680356344E+03
          72    0.4030334060E+03   -0.1434940992E+03    0.2439605372E+04
          73    0.4009533816E+03    0.1703306695E+03    0.8635911704E+03
          74    0.3739025213E+03    0.3254243505E+03   -0.4687894883E+03
          75    0.3964218979E+03    0.1816206356E+03    0.3826368788E+03
          76    0.3821021849E+03    0.1683369757E+03    0.4049669155E+03
          77    0.4014951853E+03   -0.1450560926E+03    0.2329158321E+04
          78    0.3777772087E+03    0.3116007222E+03    0.7176407667E+03
          79    0.3983127735E+03    0.1879174400E+03   -0.3628073009E+03
          80    0.3965536446E+03    0.1856942147E+03   -0.3392993629E+03
          81    0.3709779825E+03   -0.2757336842E+03   -0.4067676078E+04
          82    0.3438292750E+03    0.8447365636E+02    0.3291264856E+03
          83    0.4108700321E+03    0.1852282644E+03   -0.7817528948E+03
          84    0.3788851632E+03    0.3276994707E+03    0.4816212436E+03
          85    0.4027166515E+03   -0.1431158524E+03    0.2446672050E+04
          86    0.3988304906E+03    0.1885286912E+03    0.5885373326E+03
          87    0.3967643815E+03    0.1834083635E+03    0.3820018964E+03
          88    0.3983998154E+03    0.1878961787E+03   -0.3604169510E+03
          89    0.3807619192E+03    0.1714563097E+03    0.5097767542E+03
          90    0.4005727508E+03    0.1896382938E+03    0.3354057054E+03
          91    0.2074750911E+03   -0.1244132392E+03    0.6695458974E+03
          92    0.4032862426E+03    0.1766427958E+03    0.7276757963E+03
          93    0.2071160725E+03   -0.1236304573E+03    0.6910886977E+03
          94    0.4144238308E+03   -0.1657484237E+03    0.2420706233E+04
          95    0.2102847897E+03   -0.1239400268E+03    0.7428435027E+03
          96    0.3979767403E+03    0.1889540823E+03    0.3606846661E+03
          97    0.3958336153E+03    0.1808328072E+03    0.3855605222E+03
          98    0.3788039093E+03    0.3277102006E+03    0.4818225656E+03
          99    0.3999606274E+03    0.1675619724E+03    0.9378220612E+03
         100    0.4012535935E+03    0.1731632562E+03    0.8715340306E+03
