Model_ID, [(c_i,i=0,n)_j,j=1,ntask]
           1    0.2585753147E+03    0.1427347767E+03    0.1547446739E+04
           2    0.2560279552E+03    0.1534193530E+03    0.1451956235E+04
           3    0.2556802446E+03    0.1532706586E+03    0.1509570552E+04
           4    0.2602009893E+03    0.1447315279E+03    0.1444053335E+04
           5    0.2569880236E+03    0.1449676487E+03    0.1561997406E+04
           6    0.2688405465E+03    0.1475981271E+03    0.1251985763E+04
           7    0.2530883454E+03    0.1352386545E+03    0.1522787256E+04
           8    0.2694548604E+03    0.1483788678E+03    0.1216968657E+04
           9    0.2540290177E+03    0.1363879934E+03    0.1471494796E+04
          10    0.3102113335E+03    0.8952891089E+02    0.5372305497E+03
          11    0.2585891836E+03    0.1470290644E+03    0.1458932335E+04
          12    0.2585971962E+03    0.1365622883E+03    0.1055029532E+04
          13    0.2597265143E+03    0.1430290064E+03    0.9940111532E+03
          14    0.3074732413E+03    0.9006916020E+02    0.4803157470E+03
          15    0.2533619305E+03    0.1528210394E+03    0.1510643104E+04
          16    0.2592625224E+03    0.1485722382E+03    0.1274723147E+04
          17    0.2577984054E+03    0.1343694213E+03    0.1088202774E+04
          18    0.2671770677E+03    0.1486510677E+03    0.1477811749E+04
          19    0.2673982146E+03    0.1499969273E+03    0.1260606380E+04
          20    0.2560863414E+03    0.1458954829E+03    0.1573143681E+04
          21    0.2514127417E+03    0.1371227792E+03    0.1545840976E+04
          22    0.2602854395E+03    0.1495218704E+03    0.1218128106E+04
          23    0.2574156544E+03    0.1380262679E+03    0.1459674214E+04
          24    0.2608423063E+03    0.1442561302E+03   -0.9434559209E+03
          25    0.2523451142E+03    0.1383151003E+03    0.1494356153E+04
          26    0.2578896515E+03    0.1389464146E+03    0.1431017194E+04
          27    0.2516301240E+03    0.1447319089E+03    0.1388233850E+04
          28    0.2599998604E+03    0.1389607869E+03    0.9867599953E+03
          29    0.2653179911E+03    0.1409500308E+03    0.1609644803E+04
          30    0.3036572359E+03    0.1476163136E+03    0.5116261261E+03
          31    0.2560868905E+03    0.1378295010E+03    0.1348677690E+04
          32    0.3118744930E+03    0.9486458802E+02    0.4833630024E+03
          33    0.2680031732E+03    0.1508015588E+03    0.1225733360E+04
          34    0.2667370675E+03    0.1432120657E+03    0.1529025713E+04
          35    0.2623506369E+03    0.1410016556E+03    0.1185004607E+04
          36    0.3055762785E+03    0.1507105209E+03    0.5043454243E+03
          37    0.2547363538E+03    0.1288719872E+03    0.1141881140E+04
          38    0.3380999119E+03    0.2577777877E+03    0.1612941932E+04
          39    0.2574582238E+03    0.1510645964E+03    0.1296309892E+04
          40    0.2508368907E+03    0.1376085115E+03    0.1571253196E+04
          41    0.2515967270E+03    0.1449439438E+03    0.1415473657E+04
          42    0.2688197113E+03    0.1506922187E+03    0.1379239832E+04
          43    0.2609883752E+03    0.1403430926E+03    0.8155736759E+03
          44    0.2715557880E+03    0.1506154408E+03    0.1087211070E+04
          45    0.2628903771E+03    0.1417283323E+03    0.1151804832E+04
          46    0.2507672172E+03    0.1377541118E+03    0.1569227490E+04
          47    0.2581400763E+03    0.1452604322E+03    0.1003843412E+04
          48    0.2596506976E+03    0.1372653650E+03    0.9073604111E+03
          49    0.3032304277E+03   -0.1547007355E+03    0.5138956265E+03
          50    0.2580819974E+03    0.1429547279E+03    0.1606671199E+04
          51    0.2576824173E+03    0.1479959501E+03    0.1469566812E+04
          52    0.2507216596E+03    0.1377058221E+03    0.1604389478E+04
          53    0.3131561586E+03    0.9590614547E+02    0.4798777610E+03
          54    0.2599128495E+03    0.1371672306E+03    0.8886222445E+03
          55    0.2557521419E+03    0.1302078664E+03   -0.1095826601E+04
          56    0.2549649249E+03    0.1400968632E+03    0.1187973449E+04
          57    0.3040372418E+03    0.8620099211E+02    0.4988400080E+03
          58    0.2559068002E+03    0.1416768527E+03   -0.1145857956E+04
          59    0.2522906756E+03    0.1274710768E+03    0.1589576630E+04
          60    0.3068857011E+03    0.1514446599E+03    0.4685755866E+03
          61    0.2571614898E+03    0.1385277336E+03    0.1061266797E+04
          62    0.2506487312E+03    0.1378538906E+03    0.1602474540E+04
          63    0.2561490119E+03    0.1746220505E+03    0.1435113296E+04
          64    0.2515806965E+03    0.1381985104E+03   -0.1535935578E+04
          65    0.2586936969E+03    0.1654685632E+03    0.1061263142E+04
          66    0.2584778144E+03    0.1520511982E+03    0.1239455870E+04
          67    0.2567318466E+03    0.1699488788E+03    0.1062951907E+04
          68    0.2656603458E+03    0.1510951096E+03    0.1491746758E+04
          69    0.3127778892E+03    0.1678866634E+03    0.4430427249E+03
          70    0.3128349294E+03    0.1683041803E+03    0.4422187117E+03
          71    0.3127268679E+03   -0.1675245191E+03    0.4437672767E+03
          72    0.3126980724E+03    0.1673242939E+03    0.4441715988E+03
          73    0.3402673784E+03    0.2633918659E+03    0.1505958885E+04
          74    0.2583138203E+03    0.1424600642E+03    0.1610712296E+04
          75    0.3125524278E+03    0.1663500774E+03    0.4461740468E+03
          76    0.2595567028E+03    0.1425194250E+03    0.1144342199E+04
          77    0.2582829563E+03    0.1699289491E+03    0.1425807651E+04
          78    0.3130080449E+03    0.1696832545E+03    0.4395941098E+03
          79    0.3124825893E+03    0.1659020801E+03    0.4471130720E+03
          80    0.2594180265E+03    0.1427240614E+03    0.1158938314E+04
          81    0.3130527120E+03    0.1700783182E+03    0.4388735322E+03
          82    0.3124208377E+03   -0.1655145808E+03    0.4479338301E+03
          83    0.3317635271E+03    0.1903364519E+03    0.1295129172E+04
          84    0.3144816632E+03    0.9646295208E+02    0.4459013160E+03
          85    0.3087348918E+03    0.8980919182E+02    0.4371885633E+03
          86    0.3123862504E+03    0.1653007481E+03    0.4483899941E+03
          87    0.3130939747E+03    0.1704648139E+03    0.4381840563E+03
          88    0.2597319365E+03    0.1415497395E+03    0.1311015287E+04
          89    0.3028031278E+03    0.1424114057E+03    0.5232224127E+03
          90    0.2514818658E+03    0.1383035018E+03   -0.1568489685E+04
          91    0.2564005632E+03    0.1362644328E+03    0.1093908073E+04
          92    0.3151024661E+03    0.2240163807E+03    0.4897097173E+03
          93    0.2513382846E+03    0.1356452925E+03    0.1474282229E+04
          94    0.2504819127E+03    0.1379402281E+03    0.1559578982E+04
          95    0.2702060519E+03    0.1439476400E+03    0.8740546205E+03
          96    0.3131793342E+03    0.1713628251E+03    0.4366488741E+03
          97    0.2596062180E+03   -0.1440719099E+03    0.1500833001E+04
          98    0.2592428736E+03    0.1465262204E+03   -0.9533255882E+03
          99    0.3132085145E+03    0.1717184331E+03    0.4360703118E+03
         100    0.2544093826E+03    0.1398034477E+03    0.1370365114E+04
