        Rank        RMSE       MaxAE  Feature_ID
           1   10.142529   25.338898  (    7847   10018)
           2   10.219261   24.359930  (     206   10018)
           3   10.223902   23.778852  (      59   10008)
           4   10.223922   24.016315  (      40   10008)
           5   10.246648   25.264532  (    7062   10018)
           6   10.251834   27.299887  (     155   15719)
           7   10.263339   23.861871  (     965   10005)
           8   10.264546   23.773095  (    1037   10005)
           9   10.267203   24.474339  (    2641   10018)
          10   10.297933   23.938463  (      59   10026)
          11   10.298800   24.175591  (      40   10026)
          12   10.302187   24.705215  (    8157   10008)
          13   10.314614   24.883986  (    8157   10026)
          14   10.319942   25.170060  (    1260   16242)
          15   10.339904   24.202123  (     882   10005)
          16   10.346638   22.313150  (     701   10018)
          17   10.351049   26.888726  (      62   10240)
          18   10.365133   24.138687  (    2946   14696)
          19   10.366396   26.626423  (      40   10164)
          20   10.369840   24.722828  (    8380   10018)
          21   10.374313   24.755386  (      40   10018)
          22   10.376794   26.184186  (    7085   10018)
          23   10.381391   25.028213  (    3801   15719)
          24   10.381603   24.594801  (    8157   10024)
          25   10.387353   24.521530  (      59   10018)
          26   10.390347   26.411088  (      59   10164)
          27   10.390642   24.488719  (      40   10040)
          28   10.393571   21.725797  (     701   10026)
          29   10.397283   24.251310  (      59   10040)
          30   10.399516   24.267868  (      40   10062)
          31   10.400603   24.031474  (      59   10062)
          32   10.407849   22.844408  (    9738   12543)
          33   10.409772   24.335612  (      97   10005)
          34   10.409995   24.248183  (     111   10005)
          35   10.415116   24.186578  (     971   18131)
          36   10.417453   23.658336  (      59   10473)
          37   10.417530   22.030420  (     701   10024)
          38   10.418157   24.035713  (    1048   18131)
          39   10.418374   24.994074  (    8157   10062)
          40   10.421716   24.059210  (    8380   10026)
          41   10.423719   23.899901  (      40   10473)
          42   10.426497   23.488718  (      59   11148)
          43   10.430450   23.802481  (    3428   14696)
          44   10.432394   23.363976  (    6317   14696)
          45   10.435960   23.733502  (      40   11148)
          46   10.445043   23.649752  (     131   10005)
          47   10.445959   22.160372  (     701   10020)
          48   10.449634   24.336272  (     731   15719)
          49   10.449641   22.178615  (     701   10019)
          50   10.449709   25.268227  (    8157   10040)
          51   10.456918   23.942261  (      40   10024)
          52   10.458979   23.761646  (    8380   10024)
          53   10.462477   23.271389  (    6099   14696)
          54   10.462892   23.845387  (    6799   15680)
          55   10.463422   24.756433  (    1255   14220)
          56   10.465661   24.782116  (    8157   10073)
          57   10.466100   24.139189  (      59   10280)
          58   10.467351   20.421882  (     701   10005)
          59   10.471956   21.597263  (      55   10025)
          60   10.473874   26.807313  (    8246   15719)
          61   10.474368   24.678785  (    8157   10094)
          62   10.475020   24.533568  (      40   10066)
          63   10.476459   24.094258  (      40   10073)
          64   10.477017   24.344279  (      40   10141)
          65   10.478797   24.278924  (      59   10602)
          66   10.478879   24.352689  (      40   10155)
          67   10.478954   21.819390  (     701   10062)
          68   10.480476   24.331204  (      40   10104)
          69   10.480760   24.111507  (      59   10141)
          70   10.480957   24.430457  (      40   10184)
          71   10.481475   24.303394  (      40   10109)
          72   10.482205   21.606961  (     701   10008)
          73   10.482868   24.120197  (      59   10155)
          74   10.483366   27.974548  (     155   15680)
          75   10.483786   24.296868  (      59   10066)
          76   10.484028   24.098153  (      59   10104)
          77   10.484367   24.069895  (      59   10109)
          78   10.484717   24.235011  (      40   10137)
          79   10.485558   23.709038  (      59   10024)
          80   10.485616   23.999296  (      59   10137)
          81   10.485730   24.374659  (      40   10280)
          82   10.486058   23.443973  (    5318   14696)
          83   10.486815   24.199401  (      59   10184)
          84   10.488162   22.688731  (    2946   17195)
          85   10.489777   23.859843  (      59   10073)
          86   10.490674   25.651444  (     485   10402)
          87   10.491838   24.580991  (    1255   14361)
          88   10.492058   22.111214  (    5181   17195)
          89   10.494909   27.388843  (      12   16555)
          90   10.495431   25.822297  (     485   10657)
          91   10.496303   21.680229  (     701   10135)
          92   10.498427   25.311478  (    8157   10020)
          93   10.499906   24.400081  (    3919   11130)
          94   10.500500   23.801077  (     206   10026)
          95   10.500651   21.857250  (     701   10073)
          96   10.501911   21.646279  (    1239   15719)
          97   10.503592   24.200031  (      40   10127)
          98   10.504244   23.965044  (      59   10127)
          99   10.505231   23.531732  (    8157   10005)
         100   10.505671   21.722360  (    1333   15719)
