Model_ID, [(c_i,i=0,n)_j,j=1,ntask]
           1    0.3867537443E+03    0.3029648381E+03   -0.1064363037E+04
           2    0.3879561463E+03    0.3038917793E+03   -0.1096464569E+04
           3    0.3719319430E+03    0.2821096632E+03    0.3725349956E+03
           4    0.3757438387E+03    0.2843344726E+03    0.2185094261E+03
           5    0.3697406833E+03    0.2294117669E+03   -0.1640761963E+03
           6    0.3733173016E+03    0.2835401434E+03    0.3407938896E+03
           7    0.3406299461E+03    0.2228834045E+03   -0.1569232541E+04
           8    0.3675455782E+03    0.2235046810E+03    0.2076442462E+03
           9    0.3896821118E+03    0.3012999330E+03   -0.8837584420E+03
          10    0.3704789990E+03    0.2569194080E+03    0.4300526110E+03
          11    0.3691135415E+03    0.2297465562E+03    0.1745692703E+03
          12    0.3467940446E+03    0.2103889070E+03   -0.1246171263E+04
          13    0.3887379398E+03    0.2922886597E+03   -0.6764746652E+03
          14    0.3514095600E+03    0.2215558703E+03   -0.1038129026E+04
          15    0.2934920239E+03    0.1762224696E+03   -0.1678736331E+04
          16    0.3884940713E+03    0.3001792917E+03   -0.8499218113E+03
          17    0.3578102804E+03    0.1785991589E+03    0.4403171711E+03
          18    0.3852362172E+03    0.2885668915E+03   -0.7066232729E+03
          19    0.3660159776E+03    0.2207071949E+03   -0.2281121190E+03
          20    0.3674147496E+03    0.2280814222E+03   -0.1993235565E+03
          21    0.3741552444E+03    0.2890165542E+03    0.3605126659E+03
          22    0.3899164730E+03    0.2962180543E+03   -0.7623243808E+03
          23    0.3683763376E+03    0.2310282008E+03   -0.1797206592E+03
          24    0.3823389537E+03    0.2947876980E+03    0.3631372205E+03
          25    0.3873632510E+03    0.2887559528E+03   -0.6014762590E+03
          26    0.3728902477E+03    0.2915609623E+03    0.1591184998E+03
          27    0.3302479671E+03    0.1883278914E+03   -0.1581144621E+04
          28    0.3290891521E+03    0.1903279642E+03   -0.1592877099E+04
          29    0.3689383489E+03    0.2221003818E+03    0.2224780310E+03
          30    0.3618229714E+03    0.2414901383E+03    0.6462729314E+03
          31    0.3870516152E+03    0.2872121929E+03   -0.5795445916E+03
          32    0.3927664065E+03    0.3046731461E+03    0.8762800328E+03
          33    0.3572924341E+03    0.2518945203E+03    0.1031794146E+04
          34    0.3704423027E+03    0.2276023369E+03   -0.2219397004E+03
          35    0.3843315079E+03    0.1674145203E+03   -0.3094743021E+03
          36    0.3660609657E+03    0.2261172406E+03   -0.2164420586E+03
          37    0.2967618170E+03   -0.6939043035E+02   -0.1738116242E+03
          38    0.2898902956E+03   -0.6922901677E+02   -0.1750261181E+03
          39    0.3657994114E+03    0.2639304951E+03   -0.8220775853E+03
          40    0.3744373248E+03    0.2750121578E+03    0.1813089411E+03
          41    0.3860605275E+03    0.1597780492E+03   -0.3813862074E+03
          42    0.3729328171E+03    0.2867640646E+03    0.3647204876E+03
          43    0.3510673688E+03    0.2080420966E+03    0.1990304918E+03
          44    0.3703549525E+03    0.2827337497E+03    0.3833432858E+03
          45    0.3595585327E+03    0.2545761328E+03   -0.1338706075E+03
          46    0.3586379128E+03    0.2142861885E+03   -0.3536372214E+03
          47    0.2873590184E+03   -0.7047048493E+02   -0.1750490166E+03
          48    0.3861062741E+03    0.2969667079E+03    0.2125361106E+03
          49    0.3595610163E+03    0.2544117111E+03   -0.1338920625E+03
          50    0.3355540217E+03    0.1911706734E+03   -0.1584610013E+04
          51    0.3360524210E+03   -0.2219347290E+03   -0.1656885454E+04
          52    0.3679483693E+03    0.2532222552E+03    0.6684999943E+03
          53    0.3520059018E+03    0.2086665353E+03    0.2068630416E+03
          54    0.2417277424E+03    0.1378824393E+03   -0.1533598242E+04
          55    0.2255664840E+03    0.9600718595E+02   -0.1216696887E+04
          56    0.3353589340E+03    0.1945215459E+03   -0.1426060276E+04
          57    0.3523898084E+03    0.2241071157E+03   -0.1211902555E+04
          58    0.3339557702E+03    0.2508438104E+03   -0.1847623276E+04
          59    0.3736807601E+03    0.2616376204E+03    0.9529867228E+02
          60    0.3836049860E+03    0.2839022285E+03   -0.5918630959E+03
          61    0.3757371036E+03    0.2804853994E+03   -0.1669973585E+03
          62    0.3799790185E+03    0.2899938730E+03   -0.7744325452E+03
          63    0.3698785728E+03    0.2298132085E+03   -0.1948076272E+03
          64    0.3379301270E+03   -0.2501992896E+03   -0.1844267862E+04
          65    0.3708619583E+03    0.2343124319E+03   -0.1685989608E+03
          66    0.3670384856E+03    0.2243817979E+03    0.1053613288E+03
          67    0.3720123991E+03    0.2759233291E+03    0.1593900781E+03
          68    0.3825124190E+03    0.2979977532E+03   -0.1676326486E+03
          69    0.3697599190E+03    0.2295960628E+03   -0.9872662900E+02
          70    0.3611240193E+03    0.2198074594E+03   -0.3199261109E+03
          71    0.3729106459E+03    0.2366142592E+03   -0.3009915871E+03
          72    0.3882138927E+03    0.2893287946E+03   -0.7078618686E+03
          73    0.3684522251E+03    0.2287682199E+03    0.4334621507E+03
          74    0.3336973730E+03    0.2427245206E+03   -0.1553475202E+04
          75    0.3768120280E+03    0.2630119915E+03    0.4506752924E+03
          76    0.3671468788E+03    0.2500541449E+03    0.4434605358E+03
          77    0.3668465291E+03    0.2296724046E+03    0.1918178727E+03
          78    0.3458791650E+03   -0.2106229095E+03   -0.1091777538E+04
          79    0.3673595980E+03    0.2521900432E+03    0.6581602307E+03
          80    0.3548751272E+03    0.2472006415E+03   -0.9140114879E+03
          81    0.3352239904E+03    0.1929219189E+03   -0.1437362977E+04
          82    0.3832825842E+03    0.2822101850E+03   -0.5634193644E+03
          83    0.3449083981E+03    0.1942729244E+03   -0.1477914562E+04
          84    0.3716145812E+03    0.2809775015E+03    0.1693784907E+03
          85    0.3673029925E+03    0.2263371367E+03    0.1988647608E+03
          86    0.3591936065E+03    0.2394339914E+03    0.7339702076E+03
          87    0.2655992378E+03    0.1012285202E+03    0.3249557732E+03
          88    0.3891688528E+03    0.2936731080E+03   -0.7662393942E+03
          89    0.3877142300E+03    0.2876201362E+03   -0.6819611887E+03
          90    0.3709997780E+03    0.2534491295E+03    0.6451793366E+03
          91    0.3658106120E+03    0.2371746701E+03   -0.3551324833E+03
          92    0.3737123663E+03    0.2747123019E+03    0.2795424725E+03
          93    0.3684294294E+03    0.2316608187E+03   -0.1666054127E+03
          94    0.3597895745E+03    0.2154671063E+03   -0.2349047872E+03
          95    0.3864706791E+03    0.1605795523E+03    0.3666735235E+03
          96    0.3698951068E+03    0.2726340695E+03    0.1686800426E+03
          97    0.3722870797E+03    0.2818768009E+03   -0.1666876793E+03
          98    0.3645835753E+03    0.2415869119E+03   -0.5871655178E+03
          99    0.3690605478E+03    0.2284295037E+03   -0.1718279630E+03
         100    0.3642155531E+03    0.2230448584E+03    0.1508363185E+03
