        Rank        RMSE       MaxAE  Feature_ID
           1   30.730470   92.757553  (     597   10003)
           2   30.753514   88.714021  (     295   10084)
           3   30.761439  113.174977  (    9390   11270)
           4   30.785174  102.481457  (    4031   18527)
           5   30.786791  101.233233  (    1119   11270)
           6   30.881279   83.961515  (     295   10195)
           7   30.900602   76.867109  (     149   19663)
           8   30.903620   69.369067  (    6646   13898)
           9   30.905089   71.303200  (    3120   13898)
          10   30.915026   92.424402  (     597   10006)
          11   30.946916   81.665250  (    3459   11010)
          12   30.979344   94.135777  (     228   10461)
          13   31.001819   88.443751  (     350   10084)
          14   31.019687   81.865275  (    3188   11010)
          15   31.080808  100.062833  (     473   11270)
          16   31.093775   96.236502  (    3200   10715)
          17   31.099984  102.926983  (    5915   10715)
          18   31.133035   83.685791  (     350   10195)
          19   31.139092   93.110198  (    4823   12189)
          20   31.159337  135.294767  (    2146   13220)
          21   31.167864  113.023302  (     333   17384)
          22   31.181275   93.852676  (     392   11270)
          23   31.213762   93.981567  (     981   10084)
          24   31.231136   95.273042  (      27   10003)
          25   31.246617   93.561461  (      27   17323)
          26   31.248755   89.472222  (    4195   15126)
          27   31.273848   84.803107  (    1824   15255)
          28   31.276482  111.741833  (    5198   11270)
          29   31.282930  100.308216  (     929   11270)
          30   31.299624   83.772729  (     295   10229)
          31   31.314126   79.631057  (      50   19663)
          32   31.314441   96.379888  (     336   10084)
          33   31.322691   92.402709  (      27   15148)
          34   31.333723   75.157411  (    2387   19663)
          35   31.353638   66.942382  (    3459   19663)
          36   31.369711   86.817881  (     110   10461)
          37   31.372873   99.744458  (    1650   11270)
          38   31.379721  114.016579  (    2795   14410)
          39   31.423866  107.358854  (       1   10035)
          40   31.427779   92.519504  (     276   10005)
          41   31.432223   87.448181  (     110   10339)
          42   31.434589  111.936616  (    8461   11270)
          43   31.437653   76.911902  (    3280   19663)
          44   31.441184   92.146834  (    1111   10229)
          45   31.452033  112.014881  (    7419   11270)
          46   31.460770   91.382417  (      27   13265)
          47   31.478425   85.936740  (     110   10240)
          48   31.481108  104.115033  (     114   11270)
          49   31.488029   98.393318  (     802   11270)
          50   31.492821  104.407081  (    1986   10882)
          51   31.495765   68.883957  (    1782   19663)
          52   31.497885   91.250886  (     244   10084)
          53   31.501784  100.213234  (    1010   11270)
          54   31.507823   87.895957  (      27   11270)
          55   31.511421   82.551965  (     295   10368)
          56   31.523181   90.247442  (     760   16741)
          57   31.535634   86.179082  (     110   10300)
          58   31.541736   84.037691  (     350   10229)
          59   31.545703   94.116745  (     228   10005)
          60   31.548542   67.422094  (    3188   19663)
          61   31.560208   78.396955  (     116   14125)
          62   31.571567   94.929401  (      27   10006)
          63   31.586436   86.581525  (     244   10195)
          64   31.587663  111.966436  (    8755   11270)
          65   31.595577  109.876496  (    2422   10882)
          66   31.597393   84.261340  (     110   10328)
          67   31.597919  100.003337  (     942   11270)
          68   31.604511   99.224216  (     228   10300)
          69   31.605953   99.633670  (    1903   13648)
          70   31.606617   86.114625  (     110   10323)
          71   31.614425  105.931679  (     821   10049)
          72   31.617290   84.951200  (    1824   18164)
          73   31.621862  109.990672  (     205   11270)
          74   31.625862   89.104990  (    4195   16388)
          75   31.631872   84.920152  (     597   10219)
          76   31.634912   94.733334  (     228   16380)
          77   31.659315  106.106965  (     821   10086)
          78   31.662980   94.546569  (     482   10084)
          79   31.664671   98.098501  (     787   11270)
          80   31.666682  102.582090  (     261   10332)
          81   31.668472   85.870506  (     110   13451)
          82   31.671260  112.498248  (    2422   11270)
          83   31.676287   96.038302  (     861   10084)
          84   31.680661   86.260147  (     110   10320)
          85   31.686079   85.993164  (     295   10378)
          86   31.696907   94.564279  (    1870   10332)
          87   31.700690   99.212695  (     228   10320)
          88   31.700754   86.700476  (     110   16380)
          89   31.706210  105.686265  (     922   10084)
          90   31.706329   94.409242  (      27   11328)
          91   31.707512  104.945565  (     821   10084)
          92   31.709218   93.248992  (      27   10816)
          93   31.711344   86.775237  (      43   10725)
          94   31.718261   99.244498  (     228   10323)
          95   31.719958   86.022210  (       6   10738)
          96   31.722324   70.480949  (     887   17051)
          97   31.724400  110.241936  (       4   10035)
          98   31.724977   85.249117  (     121   10004)
          99   31.727841   90.149029  (    6707   13215)
         100   31.729513   91.858578  (     276   10007)
