Model_ID, [(c_i,i=0,n)_j,j=1,ntask]
           1    0.3880966376E+03    0.4056316401E+03   -0.5287709137E+03
           2    0.3877957896E+03    0.4051761362E+03   -0.5318841652E+03
           3    0.3868383082E+03    0.4036133216E+03   -0.5394027449E+03
           4    0.3859547725E+03    0.4139765364E+03   -0.1953457453E+03
           5    0.3865218137E+03    0.4031597683E+03   -0.5431203797E+03
           6    0.3856943237E+03    0.4135708949E+03   -0.1959946638E+03
           7    0.3846783847E+03    0.4122193405E+03   -0.1994589878E+03
           8    0.3777800079E+03    0.3920020327E+03   -0.8760928111E+02
           9    0.3794364929E+03    0.4048653658E+03   -0.1389083525E+03
          10    0.3830794769E+03    0.3911393983E+03   -0.2469151525E+03
          11    0.3865188754E+03    0.4054419865E+03   -0.5662372547E+03
          12    0.3996730706E+03    0.4198439532E+03   -0.1961471054E+03
          13    0.3836605308E+03    0.4151457656E+03   -0.2175941116E+03
          14    0.3853786998E+03    0.4081850669E+03   -0.1913894080E+03
          15    0.3861810061E+03    0.4050136184E+03   -0.5710341215E+03
          16    0.3824364079E+03    0.4139901895E+03   -0.2237726868E+03
          17    0.3851214677E+03    0.4077705162E+03   -0.1920227408E+03
          18    0.3821024676E+03    0.4136470922E+03   -0.2253667170E+03
          19    0.3719178036E+03    0.3892847109E+03   -0.1014500900E+03
          20    0.3883568668E+03    0.4074555557E+03   -0.2416939126E+03
          21    0.3851052479E+03    0.4034927102E+03   -0.5832138654E+03
          22    0.3602082812E+03    0.3520118656E+03   -0.5955767047E+03
          23    0.3865990989E+03    0.4143089157E+03   -0.1938662681E+03
          24    0.3880445423E+03    0.4070225432E+03   -0.2434156598E+03
          25    0.3847396530E+03    0.4030679854E+03   -0.5890540958E+03
          26    0.3861143280E+03    0.4041516492E+03   -0.2543602836E+03
          27    0.3962030086E+03    0.4247193244E+03   -0.1024638750E+03
          28    0.3837763091E+03    0.3922208208E+03   -0.2517449332E+03
          29    0.4017699440E+03    0.4292427378E+03   -0.4648260259E+03
          30    0.3841150383E+03    0.4063560362E+03   -0.1954102300E+03
          31    0.3863896893E+03    0.3921726989E+03   -0.6269518759E+03
          32    0.3863430892E+03    0.4139023609E+03   -0.1944787815E+03
          33    0.3705976528E+03    0.3895214564E+03   -0.1450306767E+03
          34    0.3972256578E+03    0.4239873317E+03   -0.1369352215E+03
          35    0.3934823739E+03    0.4230643112E+03   -0.1153022651E+03
          36    0.3850365654E+03    0.4026202732E+03   -0.2598551081E+03
          37    0.3815191176E+03    0.3890081500E+03   -0.2663581559E+03
          38    0.3968065494E+03    0.4247256317E+03   -0.9852293745E+02
          39    0.3870615517E+03    0.4054921112E+03   -0.2473649805E+03
          40    0.3810858242E+03    0.3883880088E+03   -0.2693183686E+03
          41    0.3867301653E+03    0.4050652090E+03   -0.2494381632E+03
          42    0.3853476911E+03    0.4125551084E+03   -0.1978222858E+03
          43    0.3749456765E+03    0.3992507751E+03   -0.1498784706E+03
          44    0.3830905889E+03    0.4085791237E+03   -0.2120048415E+03
          45    0.3815953175E+03    0.3930349925E+03   -0.7051459575E+02
          46    0.3810772909E+03    0.3994747679E+03   -0.1212037337E+03
          47    0.3811345001E+03    0.4019805960E+03   -0.2996120950E+03
          48    0.3818805483E+03    0.4072834606E+03   -0.2179437490E+03
          49    0.3846930066E+03    0.4159002701E+03   -0.2147280686E+03
          50    0.3868272381E+03    0.4158818373E+03   -0.1896532285E+03
          51    0.3824910177E+03    0.3843631715E+03   -0.2382632993E+03
          52    0.3803550134E+03    0.3902004270E+03   -0.1387661589E+03
          53    0.3816388820E+03    0.4023396186E+03   -0.2945187144E+03
          54    0.3830058197E+03    0.4037608523E+03   -0.2841623175E+03
          55    0.3925702005E+03    0.4170669148E+03   -0.1487446455E+03
          56    0.4038289139E+03    0.4345842985E+03   -0.1548848146E+03
          57    0.3834432077E+03    0.4041303777E+03   -0.2801628389E+03
          58    0.3822792247E+03    0.4083872932E+03   -0.1646210233E+03
          59    0.3815510453E+03    0.4069047838E+03   -0.2194696439E+03
          60    0.3843930812E+03    0.4155400434E+03   -0.2159501452E+03
          61    0.3995861690E+03    0.4243797056E+03   -0.1157681324E+03
          62    0.3880307492E+03    0.4216812983E+03   -0.1871863766E+03
          63    0.3865781183E+03    0.4154784540E+03   -0.1901876505E+03
          64    0.3755360869E+03    0.3908618806E+03   -0.1253315863E+03
          65    0.3785590949E+03    0.3934382671E+03   -0.3359661636E+03
          66    0.3781188639E+03    0.3929639471E+03   -0.3399456403E+03
          67    0.3865067150E+03    0.4105080454E+03   -0.1863907753E+03
          68    0.3831995209E+03    0.4144017608E+03   -0.2220179795E+03
          69    0.3839244940E+03    0.3915068362E+03   -0.2414819990E+03
          70    0.3801464083E+03    0.4101232839E+03   -0.1821164081E+03
          71    0.3847279814E+03    0.4150255113E+03   -0.2103218570E+03
          72    0.3877887607E+03    0.4212757012E+03   -0.1876076808E+03
          73    0.3805110579E+03    0.3955491463E+03   -0.3186342819E+03
          74    0.3791221048E+03    0.3966899155E+03   -0.2481226543E+03
          75    0.3841627064E+03    0.3948189408E+03   -0.2440070520E+03
          76    0.3828739158E+03    0.4140623565E+03   -0.2235755095E+03
          77    0.3801303034E+03    0.3950922578E+03   -0.3216699722E+03
          78    0.3820344753E+03    0.4189779523E+03   -0.1678494722E+03
          79    0.3820011034E+03    0.4078145619E+03   -0.1647053399E+03
          80    0.3869231525E+03    0.3961582299E+03   -0.2253714890E+03
          81    0.3862610921E+03    0.4100955902E+03   -0.1869005208E+03
          82    0.3853616926E+03    0.4064369673E+03   -0.2658045605E+03
          83    0.3785990344E+03    0.3784917418E+03   -0.3912109623E+03
          84    0.3795103733E+03    0.4094450166E+03   -0.1844174220E+03
          85    0.3783275041E+03    0.3956485173E+03    0.2519418657E+03
          86    0.3856118139E+03    0.4141548585E+03   -0.1932136097E+03
          87    0.3928039716E+03    0.4277352908E+03   -0.1481069960E+03
          88    0.3729899558E+03    0.3888965789E+03   -0.9974192204E+02
          89    0.3947630189E+03    0.4203475915E+03   -0.1437669132E+03
          90    0.3548279984E+03    0.3733955460E+03   -0.8278383598E+02
          91    0.3814712285E+03    0.4070780671E+03   -0.1660528449E+03
          92    0.3857811327E+03    0.3944257661E+03   -0.2316190423E+03
          93    0.3841970858E+03    0.4050114632E+03   -0.2730120890E+03
          94    0.3635582320E+03    0.3619854567E+03   -0.1554703034E+03
          95    0.3811032179E+03    0.4195631540E+03    0.1731644838E+03
          96    0.4000006459E+03    0.4239049666E+03   -0.1096100691E+03
          97    0.3819452988E+03    0.3955156578E+03   -0.3019595136E+03
          98    0.3825099320E+03    0.4141574339E+03    0.1568536529E+03
          99    0.3806008399E+03    0.3938779321E+03   -0.3125805667E+03
         100    0.3825677672E+03    0.4135142445E+03   -0.2240650903E+03
