        Rank        RMSE       MaxAE  Feature_ID
           1    4.256590   14.238164  (       1   10003)
           2    4.260935   13.872262  (       1   10002)
           3    4.263643   14.430490  (       1   10001)
           4    4.270978   13.985201  (       1   10004)
           5    4.274559   14.008294  (       1   10005)
           6    4.286545   14.924237  (       1   10011)
           7    4.300276   14.541859  (       1   10006)
           8    4.301708   14.691745  (       1   10025)
           9    4.304190   13.556121  (       1   10007)
          10    4.317935   14.297637  (     156   15006)
          11    4.322169   13.580619  (       1   10010)
          12    4.324638   14.289009  (       1   10014)
          13    4.326386   15.116471  (       1   10026)
          14    4.330090   13.095826  (       1   10012)
          15    4.336919   14.183017  (       1   10008)
          16    4.346621   14.132194  (       1   10092)
          17    4.346838   12.908588  (      13   10012)
          18    4.349340   14.195276  (       1   10085)
          19    4.352746   14.138838  (    2141   17846)
          20    4.353936   16.174283  (     550   13536)
          21    4.355556   13.728328  (       1   10009)
          22    4.357785   14.197814  (    2044   17846)
          23    4.359396   12.521253  (       1   10017)
          24    4.359586   14.798153  (       1   10013)
          25    4.359916   13.887287  (       1   10016)
          26    4.365408   14.071408  (       1   10023)
          27    4.366844   14.604487  (       1   11310)
          28    4.368629   13.940299  (    2141   19333)
          29    4.368974   13.029370  (       1   10021)
          30    4.369410   12.639910  (       1   10020)
          31    4.369546   15.188901  (       1   10015)
          32    4.369793   13.788254  (       1   10157)
          33    4.372432   13.915633  (       1   10018)
          34    4.373894   14.000300  (    2044   19333)
          35    4.374751   13.919380  (       1   10132)
          36    4.374896   13.314392  (       1   10019)
          37    4.375316   14.525149  (       1   10111)
          38    4.376008   15.517173  (     550   17846)
          39    4.376358   14.401437  (       1   10179)
          40    4.376689   14.916185  (    2141   13536)
          41    4.377898   13.537837  (       1   10031)
          42    4.383364   14.619661  (       1   10125)
          43    4.384598   13.169181  (       1   10039)
          44    4.384650   14.295476  (       1   10072)
          45    4.387298   13.487028  (       1   10022)
          46    4.388366   13.312215  (       1   10042)
          47    4.389283   14.312093  (       1   10027)
          48    4.392156   14.143762  (       1   10024)
          49    4.392319   14.358277  (       1   10028)
          50    4.392633   14.037530  (       1   10029)
          51    4.394430   13.400097  (       1   10036)
          52    4.396180   14.976011  (    2044   13536)
          53    4.397514   15.337867  (     550   19333)
          54    4.398830   14.601867  (       1   10082)
          55    4.398878   14.333840  (       1   10377)
          56    4.398991   12.956035  (       6   11111)
          57    4.399747   13.005847  (       1   10030)
          58    4.399792   12.482042  (       1   10051)
          59    4.400778   12.983226  (      13   10039)
          60    4.400912   13.882631  (       1   10032)
          61    4.402168   14.648994  (       1   13671)
          62    4.402467   12.490642  (       1   10620)
          63    4.403390   14.500268  (       1   10058)
          64    4.403677   13.334160  (       1   10046)
          65    4.404328   14.048308  (       1   10033)
          66    4.405099   13.374838  (       1   10047)
          67    4.405174   13.025911  (       1   10034)
          68    4.405217   15.092895  (       1   10035)
          69    4.405546   12.425696  (       1   10696)
          70    4.405759   12.258534  (       1   10044)
          71    4.406237   13.328847  (       1   10068)
          72    4.406417   12.801905  (       1   10048)
          73    4.406639   13.104725  (       1   10073)
          74    4.408752   12.454482  (       1   11014)
          75    4.410094   13.811997  (       1   10037)
          76    4.410181   14.419912  (       1   10506)
          77    4.411071   13.045691  (       1   14101)
          78    4.411148   12.401955  (       1   10720)
          79    4.411259   12.468605  (       1   10148)
          80    4.411676   12.392450  (       1   10054)
          81    4.411819   15.787153  (    1301   17846)
          82    4.412537   13.389912  (       1   10055)
          83    4.412605   14.046416  (       1   10968)
          84    4.413307   14.378086  (       1   10040)
          85    4.413754   13.056230  (       1   10095)
          86    4.414135   12.624174  (       1   10335)
          87    4.414206   11.768466  (       1   10038)
          88    4.414428   13.341287  (       1   10069)
          89    4.414820   14.629856  (       1   10108)
          90    4.414825   13.388049  (       1   10063)
          91    4.414860   12.456893  (       1   10630)
          92    4.415161   13.395076  (       1   10062)
          93    4.415472   12.650816  (       1   11027)
          94    4.415531   12.475320  (       1   11176)
          95    4.415690   14.532754  (       1   10091)
          96    4.416123   14.324407  (    1301   18227)
          97    4.416444   12.456310  (       6   10636)
          98    4.416558   14.613606  (       1   11592)
          99    4.416896   14.678492  (       1   10386)
         100    4.417364   12.469199  (       6   10673)
