Model_ID, [(c_i,i=0,n)_j,j=1,ntask]
           1    0.1570539969E+03   -0.1265427564E+03   -0.6229987803E+03
           2    0.1563647309E+03   -0.1223829393E+03    0.2946701822E+04
           3    0.1564512147E+03   -0.1223260824E+03    0.2944318949E+04
           4    0.1597762771E+03   -0.1199604558E+03    0.2827562700E+04
           5    0.1580396878E+03   -0.1213650458E+03    0.2904352474E+04
           6    0.1566060981E+03   -0.1221621981E+03    0.2908213140E+04
           7    0.1579376301E+03   -0.1215032300E+03   -0.2894727689E+04
           8    0.1553503686E+03   -0.1207809532E+03   -0.3264133180E+04
           9    0.1574949851E+03   -0.1217167735E+03   -0.2892813513E+04
          10    0.1574029673E+03   -0.1217596187E+03   -0.2889401555E+04
          11    0.1572409440E+03   -0.1214639672E+03   -0.2964099817E+04
          12    0.1573308113E+03   -0.1218305920E+03    0.2884735460E+04
          13    0.1573565109E+03   -0.1219278196E+03    0.1431239571E+04
          14    0.1572595674E+03   -0.1219019387E+03    0.2879617210E+04
          15    0.1571723480E+03   -0.1219478889E+03    0.2873479112E+04
          16    0.1560438572E+03   -0.1202525512E+03    0.3273936236E+04
          17    0.1579984454E+03   -0.1207406732E+03    0.4635577125E+04
          18    0.1574933865E+03   -0.1226812316E+03   -0.2911959638E+04
          19    0.1545663485E+03   -0.1167137520E+03   -0.5419146595E+03
          20    0.1484462246E+03   -0.1346431049E+03    0.3547739693E+04
          21    0.1463426071E+03   -0.1367916936E+03    0.3658392687E+04
          22    0.1597539083E+03   -0.1177765836E+03    0.3109644438E+04
          23    0.1578199190E+03   -0.1192278856E+03    0.3219006092E+04
          24    0.1632440210E+03    0.1197786229E+03    0.3013486866E+03
          25    0.1590889542E+03   -0.1214323386E+03   -0.2773642106E+04
          26    0.1580887660E+03   -0.1215584410E+03   -0.2823931653E+04
          27    0.1568510509E+03   -0.1222457374E+03    0.2799964613E+04
          28    0.1567004916E+03   -0.1223375407E+03    0.2824306563E+04
          29    0.1574228620E+03   -0.1212674110E+03    0.2689870091E+04
          30    0.1527781008E+03   -0.1363348270E+03   -0.2553038461E+04
          31    0.1576568676E+03   -0.1182012630E+03    0.5313437806E+04
          32    0.1570298659E+03   -0.1197507247E+03    0.3199703112E+04
          33    0.1572454829E+03   -0.1217287494E+03   -0.2351570183E+04
          34    0.1582507140E+03   -0.1214526308E+03    0.2762540597E+04
          35    0.1599026381E+03   -0.1231235273E+03   -0.5165681667E+03
          36    0.1583459125E+03   -0.1214210416E+03   -0.2746681667E+04
          37    0.1471514363E+03   -0.1350969683E+03    0.3623605494E+04
          38    0.1560684089E+03   -0.1226196621E+03    0.2684503767E+04
          39    0.1548419527E+03   -0.1251810812E+03    0.3799412897E+04
          40    0.1472184947E+03   -0.1349504942E+03    0.3635476088E+04
          41    0.1464528971E+03   -0.1354037830E+03    0.5948099513E+04
          42    0.1573531361E+03   -0.1272716402E+03   -0.2863413742E+04
          43    0.1574818209E+03   -0.1256952565E+03    0.1979402647E+04
          44    0.1469211606E+03   -0.1393499375E+03    0.3135610093E+04
          45    0.1528240021E+03   -0.1182964799E+03   -0.1894811112E+03
          46    0.2923901534E+03   -0.1238788180E+03    0.1182517432E+03
          47    0.1568850237E+03   -0.1261173363E+03    0.3277655579E+04
          48    0.1589751095E+03   -0.1139045632E+03    0.2547570189E+03
          49    0.1601308530E+03   -0.1236808801E+03    0.1935725824E+04
          50    0.1578714693E+03   -0.1254253169E+03    0.1971314041E+04
          51    0.1565761698E+03   -0.1229094729E+03    0.4305049438E+04
          52    0.1579304893E+03   -0.1253857511E+03    0.1969148354E+04
          53    0.1661505009E+03   -0.1221173048E+03    0.1094105426E+04
          54    0.1563462732E+03   -0.1203671308E+03    0.3121259744E+04
          55    0.1447712837E+03   -0.1379734369E+03    0.3568812437E+04
          56    0.1456505137E+03   -0.1373712233E+03    0.3569705920E+04
          57    0.1582549995E+03   -0.1178396856E+03   -0.1241109299E+03
          58    0.1554042016E+03   -0.1274544434E+03    0.2569812021E+04
          59    0.1542092194E+03   -0.1209345954E+03   -0.1563824104E+03
          60    0.1581369498E+03   -0.1244955169E+03   -0.1792216742E+04
          61    0.1573494425E+03   -0.1206738255E+03    0.7883407048E+04
          62    0.1589819399E+03   -0.1247113961E+03    0.1952950355E+04
          63    0.1582877623E+03   -0.1177507736E+03   -0.1249139399E+03
          64    0.1619930976E+03   -0.1172252020E+03    0.2674710568E+04
          65    0.1463772464E+03   -0.1344314755E+03    0.6082834611E+04
          66    0.1580235615E+03   -0.1252506354E+03    0.1952222537E+04
          67    0.1615724819E+03   -0.1226643952E+03    0.1826796960E+04
          68    0.1584656170E+03   -0.1211368490E+03    0.3632228505E+04
          69    0.1558548030E+03   -0.1190846360E+03    0.5023303579E+04
          70    0.1568112030E+03   -0.1171976905E+03    0.2616723054E+03
          71    0.1472217935E+03   -0.1331538099E+03    0.6090611062E+04
          72    0.1568534064E+03   -0.1266698083E+03    0.2645267917E+04
          73    0.1567311398E+03   -0.1268989280E+03    0.2624743005E+04
          74    0.1581362909E+03   -0.1244642745E+03   -0.1764994665E+04
          75    0.1661501949E+03   -0.1270060732E+03    0.9914285663E+03
          76    0.1535283860E+03   -0.1202824991E+03    0.3581709431E+04
          77    0.1576684211E+03   -0.1196075385E+03    0.3861355758E+04
          78    0.1594466406E+03   -0.1272731854E+03   -0.2079108807E+04
          79    0.1571639905E+03   -0.1233809310E+03    0.4821559127E+04
          80    0.1455328669E+03   -0.1358732991E+03    0.3628172359E+04
          81    0.1579337887E+03   -0.1178395921E+03    0.4519222361E+04
          82    0.1589150717E+03   -0.1247982171E+03    0.1945571853E+04
          83    0.1570674997E+03   -0.1201229498E+03   -0.2558993212E+04
          84    0.1577347349E+03   -0.1175051529E+03    0.5294565772E+04
          85    0.1584624656E+03   -0.1249066581E+03   -0.1974283263E+04
          86    0.1553726302E+03   -0.1174154785E+03    0.5536571231E+04
          87    0.1556192246E+03   -0.1239157244E+03    0.1254887896E+04
          88    0.1472290057E+03   -0.1349471980E+03    0.3622976099E+04
          89    0.1586225697E+03   -0.1249416172E+03    0.1940926975E+04
          90    0.1543064036E+03   -0.1267858557E+03    0.2818929072E+04
          91    0.1442014267E+03   -0.1385739778E+03   -0.3493385066E+04
          92    0.1578816853E+03   -0.1261184285E+03    0.2621015214E+04
          93    0.2703479706E+03   -0.8995319411E+02    0.1746652049E+03
          94    0.1585621780E+03   -0.1249683288E+03    0.1937870044E+04
          95    0.1582875837E+03   -0.1248738635E+03    0.9194988131E+02
          96    0.1580760635E+03   -0.1194607671E+03    0.3035226963E+04
          97    0.1451412531E+03   -0.1255203900E+03    0.1099226616E+03
          98    0.1585128590E+03   -0.1250125505E+03    0.1935534800E+04
          99    0.1548687238E+03   -0.1264409559E+03    0.2843337553E+04
         100    0.1571209828E+03   -0.1264805739E+03    0.1738359574E+03
