        Rank        RMSE       MaxAE  Feature_ID
           1    7.522687   22.830172  (     559   10027)
           2    7.530542   22.248116  (     559   10024)
           3    7.642335   23.409777  (     559   10065)
           4    7.658401   22.389632  (     559   10010)
           5    7.682963   23.163291  (     559   10048)
           6    7.684826   23.504397  (     559   10115)
           7    7.704612   23.327140  (     559   10077)
           8    7.719992   23.216448  (     559   10068)
           9    7.730015   23.305492  (     559   10083)
          10    7.730851   23.023115  (     559   10146)
          11    7.745061   22.921451  (     559   10049)
          12    7.745889   23.292032  (     559   10079)
          13    7.749800   23.311808  (     559   10078)
          14    7.751199   23.239718  (     559   10102)
          15    7.756617   23.348962  (     559   10363)
          16    7.757594   23.321711  (     559   10046)
          17    7.758820   23.312824  (     559   10055)
          18    7.759192   23.259075  (     559   10099)
          19    7.762741   23.285092  (     559   10088)
          20    7.763236   23.292771  (     559   10075)
          21    7.766500   23.234658  (     559   10113)
          22    7.766819   23.262700  (     559   10107)
          23    7.767284   23.270088  (     559   10103)
          24    7.767960   23.278030  (     559   10096)
          25    7.768818   23.285984  (     559   10093)
          26    7.769783   23.293406  (     559   10091)
          27    7.773296   23.270985  (     559   10108)
          28    7.773910   23.263386  (     559   10125)
          29    7.774227   22.548558  (     559   10114)
          30    7.774919   23.321775  (     559   10084)
          31    7.775973   23.105746  (     559   10085)
          32    7.777673   23.297022  (     559   10097)
          33    7.783875   23.243773  (     559   10165)
          34    7.788589   23.316495  (     559   10100)
          35    7.788803   23.244619  (     559   10123)
          36    7.788965   23.235191  (     559   10169)
          37    7.790654   23.264145  (     559   10121)
          38    7.811437   23.251207  (     559   10118)
          39    7.818833   23.020344  (     559   10104)
          40    7.821479   23.339530  (     559   10138)
          41    7.833400   23.253153  (     559   10198)
          42    7.848701   23.230928  (     559   10133)
          43    7.857203   21.542810  (     559   10028)
          44    7.857276   19.179729  (     178   11885)
          45    7.858672   23.454219  (     559   10162)
          46    7.867181   22.596845  (     559   10069)
          47    7.871952   23.392469  (     559   10174)
          48    7.892976   20.168667  (     559   10011)
          49    7.915178   22.713429  (     559   10044)
          50    7.927664   22.695330  (     559   10090)
          51    7.932304   21.873119  (     559   10017)
          52    7.939460   22.728899  (     559   10422)
          53    7.942356   23.544658  (     559   10204)
          54    7.946086   23.677524  (     559   10128)
          55    7.946854   20.350372  (     559   10005)
          56    7.950920   19.316541  (     239   11885)
          57    7.955246   21.972525  (    1421   10024)
          58    7.964320   23.873692  (     559   10038)
          59    7.982185   23.539909  (     559   10145)
          60    7.982297   23.707414  (     559   10139)
          61    7.987570   15.317707  (     910   10873)
          62    8.010436   22.534806  (    1421   10027)
          63    8.011785   23.159900  (     559   10200)
          64    8.017418   22.281439  (     559   10056)
          65    8.017999   23.153644  (    6141   10038)
          66    8.020290   16.204699  (       1   10001)
          67    8.030862   22.534938  (     559   10110)
          68    8.035506   22.516736  (     559   10070)
          69    8.037100   23.415392  (     559   11120)
          70    8.041400   17.743664  (      53   10873)
          71    8.042321   22.829937  (    5036   10038)
          72    8.044752   18.689736  (    8747   17689)
          73    8.046796   22.686045  (     559   10074)
          74    8.048435   22.395308  (     559   10080)
          75    8.055839   22.519278  (     559   10120)
          76    8.061220   22.004973  (     559   10221)
          77    8.067022   22.452463  (     559   10489)
          78    8.075445   22.394740  (     559   10095)
          79    8.077393   22.644354  (     559   10433)
          80    8.077842   22.398026  (     559   10101)
          81    8.081809   23.216070  (    1421   10115)
          82    8.083506   22.367911  (    5291   10024)
          83    8.100857   22.118231  (     559   10158)
          84    8.101827   22.497068  (     559   10122)
          85    8.110601   18.663489  (     559   10004)
          86    8.116792   22.531634  (     559   10063)
          87    8.117786   22.526188  (     559   10071)
          88    8.118386   23.975654  (     559   10557)
          89    8.119590   22.785246  (     559   10959)
          90    8.122893   22.455429  (     559   10153)
          91    8.125879   22.498069  (     559   10116)
          92    8.126472   22.483667  (     559   10142)
          93    8.128295   18.931173  (     294   11885)
          94    8.129321   22.970695  (    5291   10027)
          95    8.129921   22.094684  (    1421   10010)
          96    8.131562   22.481990  (     559   10148)
          97    8.132361   21.619881  (     559   10012)
          98    8.132464   22.470847  (     559   10154)
          99    8.133152   22.481469  (     559   10150)
         100    8.134170   22.492170  (     559   10144)
