        Rank        RMSE       MaxAE  Feature_ID
           1    9.375255   21.511721  (    4021   11308)
           2    9.380140   22.354730  (    2403   11308)
           3    9.383580   21.546958  (    4153   11308)
           4    9.393242   21.582633  (    4363   11308)
           5    9.418088   21.942379  (    3226   11308)
           6    9.448034   21.736951  (    5302   11308)
           7    9.488056   21.697779  (    6145   11308)
           8    9.490166   18.734147  (     721   11308)
           9    9.496455   29.146665  (     421   10355)
          10    9.518944   29.441199  (     421   11021)
          11    9.527386   29.503385  (     421   11334)
          12    9.531541   29.361502  (     421   11039)
          13    9.532068   29.332017  (     421   10874)
          14    9.532586   22.141422  (    4207   11308)
          15    9.536734   29.400884  (     421   11100)
          16    9.539712   19.307617  (    7889   11308)
          17    9.547749   29.435499  (     421   11186)
          18    9.549511   29.365537  (     421   11110)
          19    9.550795   21.933285  (    4226   11308)
          20    9.551586   29.461274  (     421   11353)
          21    9.553608   29.412740  (     421   11181)
          22    9.558950   29.357115  (     421   11219)
          23    9.559979   29.287723  (     421   10898)
          24    9.570398   29.131022  (     421   10675)
          25    9.572313   29.615329  (    2408   11124)
          26    9.595174   28.741124  (      88   10675)
          27    9.609665   24.959476  (    9295   10035)
          28    9.612195   28.665147  (      88   10635)
          29    9.614580   29.352711  (     421   11215)
          30    9.618642   29.027557  (      88   10355)
          31    9.621116   29.013859  (     421   10635)
          32    9.628214   29.001696  (      88   11334)
          33    9.631887   22.277960  (    3796   11308)
          34    9.633186   21.801574  (    7756   11308)
          35    9.638916   22.120216  (    3633   11308)
          36    9.640614   29.008915  (      88   11021)
          37    9.643590   28.933383  (      88   10874)
          38    9.648064   32.183859  (      34   10005)
          39    9.649021   28.993187  (      88   11039)
          40    9.650285   28.203417  (     421   18799)
          41    9.654190   28.996518  (      88   11100)
          42    9.659615   25.995812  (    9295   10020)
          43    9.664502   29.000702  (      88   11186)
          44    9.665165   28.960867  (      88   11110)
          45    9.668886   27.624338  (    4175   10043)
          46    9.669104   21.693818  (    2914   11308)
          47    9.669427   29.036252  (      88   11181)
          48    9.671686   28.984806  (      88   11219)
          49    9.673730   29.060669  (      88   11353)
          50    9.677635   27.387322  (    4175   11997)
          51    9.678202   27.048380  (    9295   10029)
          52    9.684644   24.143110  (    1845   10788)
          53    9.685093   30.320651  (    3904   11102)
          54    9.686656   28.911938  (     421   11092)
          55    9.687312   29.522995  (     421   12370)
          56    9.692376   22.299959  (    4510   11308)
          57    9.692396   28.993475  (      88   10898)
          58    9.694229   21.736270  (    2935   11308)
          59    9.703205   28.408490  (       2   10040)
          60    9.703229   28.147526  (       2   10001)
          61    9.714836   25.389110  (    9295   10110)
          62    9.721316   28.917311  (      88   11215)
          63    9.725546   22.423157  (      74   11308)
          64    9.726093   29.130389  (    9295   10025)
          65    9.728027   26.739988  (    9295   10038)
          66    9.731587   29.220300  (    2408   12694)
          67    9.732422   27.761646  (    2555   11997)
          68    9.736711   25.800098  (     124   10788)
          69    9.739148   29.882957  (     421   11124)
          70    9.739841   29.889734  (      88   18799)
          71    9.740910   28.594061  (    2408   10635)
          72    9.743573   29.236949  (      88   11124)
          73    9.744210   31.868043  (     421   17535)
          74    9.746521   25.454191  (       2   13107)
          75    9.749785   30.386035  (    9295   10051)
          76    9.752313   31.078751  (      88   17535)
          77    9.754165   29.215546  (     421   11891)
          78    9.754247   28.699361  (    2408   10675)
          79    9.760969   24.759527  (    1371   10788)
          80    9.761260   38.359183  (    3944   17641)
          81    9.763341   28.387733  (       2   10021)
          82    9.770773   28.754365  (       2   10052)
          83    9.773239   27.948829  (     242   10005)
          84    9.773522   28.890566  (       2   10007)
          85    9.774234   29.528831  (     421   13263)
          86    9.775833   28.170390  (       2   10003)
          87    9.776415   27.970754  (    2555   10043)
          88    9.780983   26.900827  (       2   11475)
          89    9.781359   28.042431  (       2   10471)
          90    9.781715   28.997004  (      88   11092)
          91    9.781801   31.537075  (     421   11468)
          92    9.783855   28.261483  (       2   10015)
          93    9.785806   30.292181  (    8211   10355)
          94    9.789513   29.912302  (       1   10001)
          95    9.791690   29.286189  (    2408   10931)
          96    9.794329   28.436049  (       2   10406)
          97    9.797684   28.169942  (    2674   11997)
          98    9.802732   30.960316  (    9295   10014)
          99    9.805411   25.859271  (      34   10788)
         100    9.807185   22.431866  (    2690   11308)
