        Rank        RMSE       MaxAE  Feature_ID
           1   10.102240   26.668229  (    7713   10077)
           2   10.149400   26.839752  (    6548   10077)
           3   10.181334   26.072712  (     356   10416)
           4   10.193857   27.258798  (     356   16355)
           5   10.195364   24.091317  (    2373   10137)
           6   10.210116   24.016693  (     356   10014)
           7   10.244194   26.509402  (     356   10274)
           8   10.256473   23.773845  (     356   10137)
           9   10.258640   27.923366  (    1824   10017)
          10   10.260206   24.889950  (    3911   12382)
          11   10.265529   25.720857  (     356   11108)
          12   10.269082   26.689642  (    3911   16660)
          13   10.285956   26.747827  (    9172   10007)
          14   10.312445   27.881682  (    7713   12505)
          15   10.314034   27.067816  (    6866   10077)
          16   10.315907   25.863189  (    9840   10007)
          17   10.322729   24.243422  (     172   10379)
          18   10.323984   23.479340  (    7339   10115)
          19   10.327017   23.926986  (     308   10906)
          20   10.328830   27.299173  (    1824   10007)
          21   10.333850   24.700713  (    2373   10038)
          22   10.338158   28.032884  (    6548   12505)
          23   10.344811   23.470983  (     526   10014)
          24   10.348991   26.202676  (     356   10696)
          25   10.350117   28.443119  (    7713   10035)
          26   10.357928   26.406924  (    3911   13852)
          27   10.360473   23.565172  (     510   10014)
          28   10.361180   25.824072  (     356   10105)
          29   10.362210   28.852012  (    7713   10019)
          30   10.364354   27.241421  (    3911   10310)
          31   10.365725   26.268151  (     356   10928)
          32   10.366439   23.987605  (    3572   10137)
          33   10.366992   26.662860  (    6900   10980)
          34   10.368205   24.467382  (     356   10181)
          35   10.368874   27.178580  (    6900   10807)
          36   10.369106   25.971836  (    7527   10077)
          37   10.369495   27.236056  (    6900   10771)
          38   10.373080   27.667811  (     134   16355)
          39   10.373382   28.575255  (    6548   10035)
          40   10.374095   24.531265  (    6900   11445)
          41   10.375243   29.301883  (      51   10077)
          42   10.375639   26.245819  (     356   10879)
          43   10.375654   26.195075  (     356   10746)
          44   10.376194   27.095209  (    6900   11183)
          45   10.376205   24.729795  (     172   10414)
          46   10.376460   26.854177  (      63   10379)
          47   10.377922   26.921821  (      64   10379)
          48   10.381360   26.295565  (     356   11010)
          49   10.382082   26.902954  (    8836   10077)
          50   10.382503   24.757829  (    2373   10071)
          51   10.386677   27.341826  (    6900   10294)
          52   10.387975   26.476820  (     356   10589)
          53   10.388333   28.979465  (    6548   10019)
          54   10.388349   27.265145  (      63   10414)
          55   10.388619   27.258939  (    3767   16660)
          56   10.389781   26.222913  (     356   10819)
          57   10.390346   29.918356  (     338   10334)
          58   10.391082   23.443244  (     356   10424)
          59   10.392530   26.992586  (    6900   10913)
          60   10.396598   24.791300  (    2373   10082)
          61   10.396876   28.785430  (    3911   12540)
          62   10.397268   27.329420  (      64   10414)
          63   10.397689   27.292411  (    6900   15171)
          64   10.400477   25.911489  (     356   10166)
          65   10.400876   30.790933  (      58   18298)
          66   10.401128   24.968287  (    2373   10179)
          67   10.402517   24.362245  (     356   10038)
          68   10.402871   28.459812  (    3911   10371)
          69   10.403804   27.001900  (    6900   10981)
          70   10.404027   25.360329  (    1753   10077)
          71   10.404745   27.054664  (    6900   10901)
          72   10.405302   27.255377  (    6900   10854)
          73   10.405721   26.287988  (     356   11086)
          74   10.406097   25.850210  (    3911   10613)
          75   10.406646   30.742665  (     307   10416)
          76   10.407884   25.889025  (     356   10143)
          77   10.409723   23.603741  (     356   11284)
          78   10.410004   27.753466  (     131   16355)
          79   10.410130   26.997235  (    6900   10990)
          80   10.412491   31.784538  (    2373   10585)
          81   10.412525   24.825108  (    2373   10094)
          82   10.412785   27.236906  (    4761   16660)
          83   10.413232   23.972663  (     308   10793)
          84   10.415344   26.887281  (    6900   10704)
          85   10.415452   27.627909  (    9719   10858)
          86   10.415542   29.262376  (     739   10077)
          87   10.416194   27.193047  (    4767   16660)
          88   10.418038   27.005018  (    6900   10978)
          89   10.418853   26.347342  (    6900   11411)
          90   10.419164   28.981290  (    8836   10019)
          91   10.419224   26.523310  (    7713   11483)
          92   10.419846   25.866305  (     356   10123)
          93   10.419996   27.015672  (    6900   11017)
          94   10.420077   26.894478  (    8651   10077)
          95   10.420305   26.976753  (    8415   10077)
          96   10.422147   23.081233  (     356   14459)
          97   10.422243   27.026249  (    6900   11056)
          98   10.422736   28.951832  (    4350   10019)
          99   10.423457   27.354518  (    7713   10393)
         100   10.424192   27.292153  (    4286   16660)
