Model_ID, [(c_i,i=0,n)_j,j=1,ntask]
           1    0.1541489256E+03    0.1325090287E+03    0.6804813014E+04
           2    0.1547636825E+03    0.1301844399E+03    0.7315507070E+04
           3    0.1565160209E+03    0.1294468543E+03    0.6800406421E+04
           4    0.1565059663E+03    0.1294622161E+03    0.6805531138E+04
           5    0.1569397973E+03    0.1271708243E+03   -0.1384373198E+05
           6    0.1575849043E+03   -0.1267836358E+03    0.3901884006E+04
           7    0.1544681466E+03    0.1287268970E+03    0.4675688854E+04
           8    0.1574128360E+03    0.1265450808E+03    0.7187459956E+04
           9    0.1574016306E+03    0.1265637674E+03    0.7193619566E+04
          10    0.1560150735E+03    0.1283966752E+03    0.1018909096E+05
          11    0.1549925121E+03   -0.1322054056E+03    0.7003586320E+04
          12    0.3723537348E+03    0.1098036719E+03   -0.4110137651E+04
          13    0.1563203547E+03    0.1184293345E+03   -0.9737618817E+03
          14    0.1545616541E+03   -0.1312368419E+03    0.4542963467E+04
          15    0.3711145951E+03    0.1088657795E+03   -0.3539736346E+04
          16    0.1550488844E+03    0.1292839893E+03    0.7103072697E+04
          17    0.1554423996E+03    0.1302387553E+03    0.9308366721E+04
          18    0.1602649821E+03   -0.1248833809E+03    0.6443025231E+04
          19    0.1524158639E+03    0.1302527416E+03    0.4160122157E+04
          20    0.3727334955E+03    0.1101898011E+03   -0.2947097376E+04
          21    0.1539043108E+03    0.1287292017E+03    0.6107604217E+04
          22    0.1593503399E+03   -0.1245910020E+03    0.4284500922E+04
          23    0.1563237642E+03   -0.1211153444E+03   -0.9532607705E+03
          24    0.1590402373E+03   -0.1246727077E+03    0.4275168917E+04
          25    0.1537098390E+03    0.1265472168E+03   -0.1401826749E+04
          26    0.1549980766E+03    0.1280322717E+03    0.6795127235E+04
          27    0.1554354193E+03    0.1295017516E+03    0.6951850760E+04
          28    0.1587902474E+03   -0.1247933805E+03    0.4265397198E+04
          29    0.1579710127E+03    0.1237409854E+03   -0.1437883300E+05
          30    0.3730515927E+03    0.1116981127E+03   -0.1391830859E+05
          31    0.3692802213E+03    0.1095383858E+03   -0.3874582246E+04
          32    0.1585424180E+03   -0.1248968455E+03    0.4252131230E+04
          33    0.3719647944E+03    0.1099152048E+03   -0.4113085636E+04
          34    0.1539643082E+03   -0.1313721923E+03    0.5957911093E+04
          35    0.1553917189E+03    0.1288290818E+03    0.6842739196E+04
          36    0.1582419152E+03   -0.1249049243E+03    0.4227663758E+04
          37    0.1556552891E+03    0.1256228448E+03    0.7327557272E+04
          38    0.1587119766E+03   -0.1144133050E+03    0.9523641264E+03
          39    0.3744493378E+03    0.1138139898E+03   -0.1187445250E+05
          40    0.1555346397E+03    0.1268685111E+03    0.4701631254E+04
          41    0.1477492191E+03    0.1020580517E+03   -0.5382185877E+04
          42    0.1592793232E+03   -0.1241353833E+03    0.5474263276E+04
          43    0.1543195776E+03    0.1281348847E+03    0.4610183830E+04
          44    0.1539723432E+03    0.1282594076E+03    0.4605867968E+04
          45    0.1587535314E+03   -0.1228244519E+03    0.4079736624E+04
          46    0.3734434144E+03    0.1129803737E+03   -0.5703256485E+04
          47    0.1536903423E+03    0.1284211607E+03    0.4600418295E+04
          48    0.1561972546E+03    0.1269577891E+03    0.7447228754E+04
          49    0.1536698752E+03    0.1198438655E+03   -0.8145117589E+03
          50    0.1534114644E+03    0.1285634491E+03    0.4591126209E+04
          51    0.3718143750E+03    0.1105930696E+03   -0.6452368312E+04
          52    0.1567761802E+03    0.1290143936E+03    0.6866853426E+04
          53    0.3723830980E+03    0.1105703593E+03   -0.4039167564E+04
          54    0.1561336660E+03    0.1263118786E+03    0.7344814822E+04
          55    0.1553708535E+03    0.1275971597E+03    0.6603810784E+04
          56    0.1558008716E+03    0.1293789067E+03    0.6586064106E+04
          57    0.1578411065E+03   -0.1247157591E+03    0.4142622043E+04
          58    0.1549902705E+03    0.1191514743E+03   -0.8446274803E+04
          59    0.3713117923E+03    0.1108019253E+03    0.4031197208E+04
          60    0.3261883309E+03   -0.6870726055E+02   -0.1679267394E+03
          61    0.1577177271E+03    0.1263057346E+03    0.5367292425E+04
          62    0.3721853715E+03    0.1104526574E+03   -0.4039424162E+04
          63    0.1575449531E+03    0.1277263057E+03    0.4814356427E+04
          64    0.1584438277E+03   -0.1231783514E+03   -0.3822814855E+04
          65    0.1578776458E+03   -0.1245287342E+03    0.4119274633E+04
          66    0.1530784785E+03    0.1286034450E+03    0.4570060319E+04
          67    0.1580012231E+03   -0.1261396907E+03   -0.1390352122E+05
          68    0.3711482614E+03    0.1109861426E+03   -0.3985071837E+04
          69    0.3708645767E+03    0.1099356771E+03   -0.3983993690E+04
          70    0.1604493290E+03   -0.1240989831E+03    0.6242866681E+04
          71    0.1535306775E+03    0.1279428218E+03   -0.1253320024E+04
          72    0.3716083283E+03    0.1103752436E+03   -0.3956945668E+04
          73    0.3723442606E+03    0.1105657343E+03   -0.3879445488E+04
          74    0.1604945815E+03   -0.1235634036E+03    0.4167133263E+04
          75    0.1576015848E+03   -0.1283235973E+03    0.6805762876E+04
          76    0.1577905681E+03   -0.1244677811E+03   -0.4097514803E+04
          77    0.1575915196E+03   -0.1283390273E+03    0.6810908806E+04
          78    0.1590068270E+03   -0.1141061315E+03   -0.9387326430E+03
          79    0.3708578133E+03    0.1111443391E+03   -0.3905144173E+04
          80    0.1562861036E+03   -0.1300589641E+03    0.9624163834E+04
          81    0.3738760214E+03    0.1142793651E+03   -0.4654581587E+04
          82    0.1459941524E+03    0.1081356183E+03   -0.1271585174E+05
          83    0.1551607235E+03   -0.1153596987E+03    0.1600585620E+04
          84    0.3715338945E+03    0.1100287631E+03   -0.4013801239E+04
          85    0.2083293964E+03    0.8720259141E+02   -0.4546143634E+04
          86    0.1537535814E+03    0.1262278090E+03    0.4396156378E+04
          87    0.1544409467E+03   -0.1305423140E+03    0.4461506212E+04
          88    0.1545220973E+03    0.1195846673E+03    0.5072582205E+04
          89    0.3715991247E+03    0.1107104106E+03   -0.4015367836E+04
          90    0.3714635378E+03    0.1091192642E+03   -0.3977109782E+04
          91    0.3722968198E+03    0.1107508172E+03   -0.3841318495E+04
          92    0.3715182731E+03    0.1105440164E+03   -0.4014860815E+04
          93    0.3284455519E+03    0.1847915219E+03   -0.6629966022E+02
          94    0.1541082068E+03   -0.1306535126E+03    0.4455338716E+04
          95    0.1560930508E+03    0.1250934579E+03    0.7108168705E+04
          96    0.3712260950E+03    0.1097622646E+03   -0.4002068053E+04
          97    0.1689108135E+03   -0.1159225108E+03    0.1480349387E+05
          98    0.3708007157E+03    0.1093698830E+03   -0.3922410541E+04
          99    0.2059358891E+03    0.8682493123E+02   -0.5428012551E+04
         100    0.3704360398E+03    0.1096549657E+03   -0.3971539412E+04
