Model_ID, [(c_i,i=0,n)_j,j=1,ntask]
           1    0.4960241125E+03   -0.2653291410E+03   -0.1599306360E+03
           2    0.3351064170E+03    0.1299191451E+03    0.5766019112E+03
           3    0.3714884461E+03    0.9925134943E+02    0.2367404471E+03
           4    0.3354426357E+03    0.1341489644E+03    0.5446746296E+03
           5    0.3350167872E+03    0.1295501547E+03    0.5774038879E+03
           6    0.3069484360E+03   -0.1131111326E+03    0.2777308978E+03
           7    0.3725488691E+03    0.1107877981E+03    0.1721448744E+03
           8    0.4024912712E+03    0.9188349149E+02   -0.2022434820E+03
           9    0.4080977104E+03    0.9661604344E+02   -0.2016563689E+03
          10    0.3056307339E+03    0.1685466840E+03    0.1585777137E+03
          11    0.3120944229E+03   -0.1625735414E+03    0.1585142757E+03
          12    0.3818748039E+03    0.1131447866E+03    0.1972455969E+03
          13    0.2646270324E+03    0.1330737328E+03    0.2082589180E+03
          14    0.3398485850E+03    0.1080193069E+03    0.2444120215E+03
          15    0.3206045020E+03   -0.1247397029E+03   -0.1129550684E+04
          16    0.3804364870E+03    0.1158595298E+03    0.1910058004E+03
          17    0.3190194897E+03    0.1868313135E+03    0.3483213078E+03
          18    0.3726840904E+03    0.1068084893E+03    0.9673344943E+02
          19    0.3208783907E+03   -0.1242967022E+03   -0.1129172032E+04
          20    0.3051261569E+03    0.1740646116E+03    0.1552775741E+03
          21    0.4045990487E+03    0.9421196388E+02    0.1726793705E+03
          22    0.2799582730E+03    0.9896462529E+02    0.1443796054E+03
          23    0.3543553220E+03    0.9054365628E+02    0.2429571555E+03
          24    0.3795766287E+03    0.1047595235E+03    0.1789844547E+03
          25    0.3959175295E+03    0.1758586874E+03    0.2640439646E+03
          26    0.3796003557E+03    0.1061873582E+03   -0.3577584146E+03
          27    0.3310065908E+03    0.1162478451E+03    0.1600167354E+03
          28    0.3022505336E+03   -0.1064538532E+03    0.2739162562E+03
          29    0.3175036523E+03    0.2335815778E+03   -0.5650141229E+03
          30    0.4543632860E+03    0.1136669237E+03   -0.2152749158E+03
          31    0.3739337824E+03    0.1293111582E+03    0.2073907327E+03
          32    0.3229279818E+03   -0.1305595547E+03    0.5048846483E+03
          33    0.3147325692E+03   -0.1664045702E+03    0.1572098701E+03
          34    0.3742916572E+03    0.1035986017E+03    0.1168296137E+03
          35    0.3597655508E+03    0.8834419384E+02    0.1897708584E+03
          36    0.3229924057E+03   -0.1302996822E+03    0.5044230671E+03
          37    0.3132716357E+03    0.1041937113E+03    0.3544321561E+03
          38    0.3176010415E+03    0.2354526187E+03   -0.5544795831E+03
          39    0.3484182551E+03    0.9456759642E+02    0.2269711026E+03
          40    0.3718060722E+03    0.9445491161E+02    0.2236528018E+03
          41    0.3023987926E+03   -0.1063365460E+03    0.2722487963E+03
          42    0.3249834829E+03   -0.1754683054E+03    0.3531601876E+03
          43    0.2828292959E+03    0.9489179132E+02    0.1311615777E+03
          44    0.3579631637E+03    0.1096208399E+03    0.1179948136E+03
          45    0.3175157842E+03   -0.1221561109E+03   -0.1116995144E+04
          46    0.2888503409E+03    0.1724877632E+03    0.2064871343E+03
          47    0.2392996277E+03    0.9274647633E+02    0.2067761994E+03
          48    0.2819611113E+03    0.9573290225E+02    0.1582660355E+03
          49    0.3280186069E+03    0.1212046004E+03    0.5591425822E+03
          50    0.3647243587E+03    0.7474769145E+02   -0.4010154571E+03
          51    0.3358551276E+03    0.8680681794E+02    0.5372504247E+03
          52    0.3045452544E+03   -0.1179184040E+03    0.1907223838E+03
          53    0.2306249605E+03    0.1032306581E+03    0.1798493399E+03
          54    0.3266997710E+03    0.1894088099E+03    0.2775391614E+03
          55    0.3429502957E+03    0.1025101048E+03    0.1549386359E+03
          56    0.3887291119E+03    0.8080041509E+02    0.2363429059E+03
          57    0.3277653983E+03    0.1214646993E+03    0.5575844482E+03
          58    0.3080898261E+03    0.1723000754E+03    0.1564138973E+03
          59    0.3827833336E+03    0.1080283141E+03   -0.3452321771E+03
          60    0.3281184860E+03    0.1250875989E+03    0.5278016053E+03
          61    0.3339618699E+03    0.8517357615E+02    0.5462565916E+03
          62    0.3724305484E+03    0.9900927710E+02    0.1478233712E+03
          63    0.3279509209E+03    0.1208692087E+03    0.5599487187E+03
          64    0.3170264253E+03    0.2368487615E+03   -0.5715192256E+03
          65    0.4154067759E+03   -0.1766253525E+03    0.1532677850E+04
          66    0.2969452677E+03    0.7837857389E+02    0.2280479182E+03
          67    0.3278585532E+03    0.1253504334E+03    0.5263739586E+03
          68    0.3207320329E+03    0.7503768502E+02   -0.1750452563E+03
          69    0.2995529109E+03    0.9684495478E+02    0.1571513161E+03
          70    0.3443264080E+03    0.7931987655E+02   -0.4025385998E+03
          71    0.3276984021E+03    0.1211293816E+03    0.5583830205E+03
          72    0.4630972816E+03    0.1198590497E+03   -0.2142438635E+03
          73    0.3175743143E+03    0.2366855579E+03   -0.5430724945E+03
          74    0.3489422566E+03    0.1071450706E+03    0.1706798891E+03
          75    0.3043787927E+03    0.9299970100E+02    0.1415933628E+03
          76    0.3484485304E+03   -0.1288261001E+03    0.1614798589E+04
          77    0.3906856493E+03    0.7309509929E+02    0.2236743952E+03
          78    0.2874283282E+03    0.7426692633E+02   -0.4396604098E+03
          79    0.3010879420E+03    0.7843041375E+02    0.1812446477E+03
          80    0.3231573856E+03    0.1845444113E+03    0.2659536945E+03
          81    0.3428683398E+03    0.9460061946E+02    0.2049850820E+03
          82    0.3235461033E+03   -0.1316010496E+03    0.4836108580E+03
          83    0.3280989541E+03   -0.1314638708E+03   -0.1142271569E+04
          84    0.3331097247E+03    0.1374663965E+03    0.5180598094E+03
          85    0.1993482210E+03    0.9723088231E+02   -0.4355632836E+03
          86    0.3063537224E+03    0.1371912049E+03    0.2655669201E+03
          87    0.3369915488E+03    0.8181726371E+02    0.5976939361E+03
          88    0.2034151426E+03    0.9552611545E+02    0.6829870135E+03
          89    0.3002317951E+03    0.9344036809E+02    0.1582614712E+03
          90    0.3553755365E+03    0.8766520279E+02    0.9728890038E+02
          91    0.3484102622E+03   -0.1290870975E+03    0.1627805560E+04
          92    0.3236104843E+03   -0.1313360446E+03    0.4831230294E+03
          93    0.4666248345E+03    0.2566455147E+03   -0.3845024282E+03
          94    0.4116367261E+03    0.1138208947E+03   -0.3722755866E+03
          95    0.3169976939E+03    0.2380823716E+03    0.5587405216E+03
          96    0.1995908731E+03    0.9712602567E+02    0.4347679922E+03
          97    0.2878504702E+03    0.7321412957E+02   -0.4497529362E+03
          98    0.2908671016E+03    0.1717910806E+03    0.6108290238E+03
          99    0.4618300895E+03    0.2533977962E+03   -0.3556165143E+03
         100    0.4644855042E+03    0.2539856605E+03   -0.3750378240E+03
