Model_ID, [(c_i,i=0,n)_j,j=1,ntask]
           1    0.3383502582E+03   -0.2705341484E+03    0.2633738751E+04
           2    0.3610059577E+03    0.2274993265E+03   -0.3007746380E+03
           3    0.3601340215E+03   -0.2260267551E+03   -0.3000072852E+03
           4    0.3603075091E+03   -0.2263354222E+03   -0.2993816329E+03
           5    0.3604702477E+03   -0.2266090522E+03   -0.2987587740E+03
           6    0.2990693525E+03    0.2182023714E+03    0.5771833154E+03
           7    0.3026257511E+03    0.2409748998E+03    0.9882001743E+03
           8    0.3554862041E+03    0.2243822999E+03   -0.3017271637E+03
           9    0.2895679320E+03    0.2891139593E+03   -0.2554561636E+04
          10    0.3067860476E+03    0.2011925506E+03   -0.2525955311E+03
          11    0.3443005024E+03    0.3556960195E+03   -0.1363328465E+04
          12    0.3106929075E+03    0.2418828325E+03   -0.3703376259E+03
          13    0.3127742923E+03    0.2054592653E+03   -0.2549025450E+03
          14    0.3546986841E+03   -0.2230774832E+03   -0.3009491321E+03
          15    0.3011455574E+03    0.2419116231E+03    0.2137138687E+04
          16    0.3548446299E+03   -0.2233167175E+03   -0.3003403138E+03
          17    0.3595301710E+03   -0.2249068264E+03   -0.2980386736E+03
          18    0.3284350814E+03    0.2480083361E+03    0.2866087929E+03
          19    0.3549807102E+03   -0.2235216730E+03   -0.2997344646E+03
          20    0.2838491710E+03    0.1551772714E+03    0.1052500077E+04
          21    0.2881735687E+03    0.2705608151E+03   -0.2966102775E+04
          22    0.3013705763E+03    0.2349546872E+03   -0.1129218590E+04
          23    0.3245993285E+03   -0.2523350125E+03    0.2306035909E+04
          24    0.3116611375E+03    0.2442668864E+03    0.2125647019E+04
          25    0.2976450323E+03    0.1929534071E+03   -0.2625521371E+03
          26    0.2756543189E+03    0.1559789130E+03   -0.1134737722E+04
          27    0.3099644017E+03    0.2282485079E+03    0.6110122518E+03
          28    0.3057765261E+03    0.2041744353E+03   -0.2551373386E+03
          29    0.2357333234E+03   -0.1710553124E+03   -0.2751670730E+04
          30    0.2865860227E+03   -0.2248019358E+03   -0.2599765617E+04
          31    0.2996000268E+03    0.2316838059E+03    0.2272426257E+04
          32    0.3116312454E+03    0.2094612728E+03   -0.2575168735E+03
          33    0.2821991592E+03    0.1558519734E+03    0.2280060698E+04
          34    0.3541314361E+03   -0.2219940183E+03   -0.2990005231E+03
          35    0.2352414942E+03    0.1758515129E+03   -0.2735921255E+04
          36    0.3008137301E+03    0.2343945957E+03    0.3072499669E+04
          37    0.2749106756E+03    0.1516497533E+03   -0.1181025430E+04
          38    0.3157951861E+03    0.1989440934E+03    0.2603205065E+03
          39    0.3020238176E+03    0.2385311221E+03    0.9369648531E+03
          40    0.3774884217E+03   -0.3269918827E+03    0.2531454708E+04
          41    0.3509557521E+03   -0.2132376669E+03   -0.2967976732E+03
          42    0.3052821508E+03    0.2065445443E+03   -0.2622407764E+03
          43    0.3018793015E+03    0.2387353859E+03    0.9718465603E+03
          44    0.3000710329E+03    0.2018166793E+03    0.2325377950E+03
          45    0.3584147428E+03    0.2234631829E+03   -0.2966071982E+03
          46    0.3114490622E+03   -0.2435291682E+03    0.2117422710E+04
          47    0.3019533087E+03    0.2384035162E+03    0.9409535851E+03
          48    0.3004100836E+03    0.2052719039E+03    0.3628704646E+03
          49    0.3136072111E+03    0.2116346345E+03    0.2747448564E+03
          50    0.3024065440E+03    0.2390795048E+03    0.8961772407E+03
          51    0.3838545741E+03   -0.3369607605E+03    0.2646050182E+04
          52    0.3094895351E+03    0.2455318299E+03    0.9702348253E+03
          53    0.3490267329E+03   -0.3436761269E+03   -0.4007515132E+03
          54    0.3140066642E+03   -0.1958937759E+03   -0.2486507565E+03
          55    0.2155780816E+03    0.1930805854E+03   -0.2776563057E+04
          56    0.2235953795E+03    0.1713497982E+03    0.2627056772E+04
          57    0.3161198151E+03    0.2408107825E+03    0.2604132140E+03
          58    0.2947935982E+03    0.2822329023E+03    0.9916046036E+03
          59    0.2869665682E+03   -0.2316247750E+03   -0.2585177591E+04
          60    0.3407520002E+03   -0.3528955981E+03   -0.1161021327E+04
          61    0.2902135683E+03    0.2952798470E+03   -0.1050551426E+04
          62    0.2825017333E+03    0.1508881769E+03    0.3297734482E+04
          63    0.3106133290E+03    0.2096815651E+03   -0.2620359716E+03
          64    0.3010157253E+03    0.2298165028E+03    0.1030413027E+04
          65    0.2895114416E+03    0.2644654764E+03   -0.3046989181E+04
          66    0.3009017349E+03    0.1856294876E+03   -0.2367311210E+03
          67    0.3140537855E+03    0.1961851715E+03   -0.2466742886E+03
          68    0.3061502012E+03    0.2419445769E+03    0.9262541911E+03
          69    0.3285755694E+03    0.2538666333E+03    0.3066357204E+03
          70    0.3149665063E+03    0.2459976048E+03    0.8950049067E+03
          71    0.3575816345E+03   -0.2220581618E+03   -0.2960718021E+03
          72    0.3003557270E+03    0.2395127874E+03    0.2114980314E+04
          73    0.2986666957E+03    0.2256252914E+03   -0.3679243252E+03
          74    0.3130337010E+03    0.1955864642E+03   -0.2557401569E+03
          75    0.3115911722E+03   -0.2094515054E+03   -0.2546474842E+03
          76    0.3161076139E+03    0.2013046182E+03    0.2488072074E+03
          77    0.3108740591E+03    0.2447283351E+03    0.2109769904E+04
          78    0.3478992991E+03    0.3538161318E+03   -0.3907099114E+03
          79    0.3061605608E+03    0.2266180520E+03    0.5644899015E+03
          80    0.3137959540E+03    0.1953655900E+03   -0.2481978518E+03
          81    0.2261497620E+03    0.1795543757E+03    0.2518426048E+04
          82    0.2850970086E+03   -0.2800185689E+03   -0.2592126719E+04
          83    0.3148227586E+03    0.2457663833E+03    0.9017972987E+03
          84    0.2817074392E+03    0.1513561218E+03    0.2362156931E+04
          85    0.3062904919E+03    0.2718177856E+03    0.4146083287E+03
          86    0.3577523708E+03   -0.2223615583E+03   -0.2953933712E+03
          87    0.3139231022E+03    0.2143852942E+03    0.2626820282E+03
          88    0.3111656070E+03    0.2426710856E+03    0.2107015938E+04
          89    0.3518360009E+03    0.3633130609E+03   -0.4206942172E+03
          90    0.3452230300E+03   -0.3346442176E+03   -0.3699705899E+03
          91    0.2907177817E+03    0.2194628567E+03   -0.2045725463E+03
          92    0.3141813247E+03    0.2478514675E+03    0.5695669263E+03
          93    0.3123905415E+03    0.2406848056E+03    0.2126763063E+04
          94    0.3385854505E+03    0.2579715747E+03    0.3054176062E+03
          95    0.3811294515E+03    0.3326563926E+03    0.2583910963E+04
          96    0.3139876251E+03    0.1925790040E+03   -0.2499879110E+03
          97    0.2484891084E+03    0.1699464782E+03    0.4380888622E+03
          98    0.3146807693E+03    0.2455308762E+03    0.9045825854E+03
          99    0.3579126222E+03   -0.2226304656E+03   -0.2947208892E+03
         100    0.3080564559E+03    0.2464377883E+03    0.2096159261E+04
