        Rank        RMSE       MaxAE  Feature_ID
           1   23.086977   52.916672  (      65   10302)
           2   23.161702   53.847573  (    1042   10082)
           3   23.166656   52.636417  (    1427   10931)
           4   23.167534   63.178055  (       3   11433)
           5   23.316314   52.105054  (      65   15101)
           6   23.346089   52.386861  (      65   13761)
           7   23.356039   53.924906  (    1042   10088)
           8   23.425227   80.988774  (       9   12359)
           9   23.647229   80.653386  (       9   16058)
          10   23.679192   81.150948  (       9   17624)
          11   23.688012   60.767680  (    1042   10745)
          12   23.701030   81.454737  (       9   19004)
          13   23.718956   77.658299  (       9   12800)
          14   23.725030   62.892191  (       3   15711)
          15   23.734585   59.772449  (     525   11686)
          16   23.742858   80.421960  (       9   16024)
          17   23.745414   59.807102  (       3   13284)
          18   23.781993   53.910479  (      65   10155)
          19   23.795402   53.532499  (      65   10586)
          20   23.796506   53.388793  (    1042   18286)
          21   23.798247   53.399001  (    1042   18263)
          22   23.804707   81.560815  (       9   18249)
          23   23.808608   80.124802  (       9   15717)
          24   23.827621   78.055504  (       9   19697)
          25   23.829579   82.398797  (       9   16744)
          26   23.840098   52.805176  (      65   10006)
          27   23.886635   52.749841  (      65   10011)
          28   23.887526   88.524536  (       9   19374)
          29   23.912973   82.926616  (       9   18082)
          30   23.934387   62.616898  (      65   15154)
          31   23.946443   52.825090  (      65   10007)
          32   23.953377   80.144231  (       9   16539)
          33   23.955367   83.042475  (       9   16966)
          34   23.957444   85.885326  (       9   19906)
          35   23.965496   70.024697  (       3   13967)
          36   23.985047   79.748889  (       9   15356)
          37   23.990042   87.236688  (       9   16124)
          38   23.993640   83.493761  (       9   17184)
          39   24.019640   53.684223  (    1042   10212)
          40   24.035121   83.594831  (       9   18266)
          41   24.092381   83.685088  (       9   19734)
          42   24.095448   59.668403  (    1187   10931)
          43   24.104859   83.359004  (       9   14013)
          44   24.110906   65.382608  (      65   19347)
          45   24.116622   64.864466  (    1087   10058)
          46   24.127925   74.850635  (      77   14151)
          47   24.137671   79.138983  (       9   12791)
          48   24.139430   57.093025  (      65   12318)
          49   24.164924   61.956251  (    1054   18353)
          50   24.167242   78.186017  (       9   14203)
          51   24.171266   59.522043  (    3488   16888)
          52   24.204714   83.904735  (       9   14663)
          53   24.220611   52.660718  (    5312   12024)
          54   24.226781   52.685714  (    5312   11923)
          55   24.245589   53.060486  (      65   10845)
          56   24.256179   65.574709  (     303   16888)
          57   24.268514   80.026769  (       9   14863)
          58   24.291889   61.730183  (    1042   11923)
          59   24.293070   59.298543  (     463   10021)
          60   24.304289   89.930646  (       9   19673)
          61   24.305661   65.663000  (    2091   16888)
          62   24.309028   83.530445  (       9   18855)
          63   24.336637   61.737752  (    1042   12024)
          64   24.340046   79.917607  (       9   10963)
          65   24.340804   79.610754  (       9   14693)
          66   24.348257   84.928907  (       9   17615)
          67   24.352036   61.949365  (    1054   19052)
          68   24.362853   82.326506  (       9   16748)
          69   24.376828   61.132667  (    1436   14514)
          70   24.386712   62.482991  (    1087   10065)
          71   24.392978   79.972457  (       9   14219)
          72   24.397655   60.024141  (     463   10012)
          73   24.411954   55.822434  (     456   16774)
          74   24.412697   60.716852  (    1117   12862)
          75   24.415743   57.130818  (      65   10503)
          76   24.417526   80.016924  (       9   15433)
          77   24.431153   80.798553  (       9   16118)
          78   24.450608   80.491652  (       9   14851)
          79   24.450641   75.052416  (    2249   12965)
          80   24.451346   89.611908  (       9   17991)
          81   24.454692   74.513824  (      65   14895)
          82   24.465293   55.069935  (    1042   10845)
          83   24.476731   55.684244  (      65   11299)
          84   24.478430   84.023153  (       9   17502)
          85   24.483165   89.703949  (       9   19017)
          86   24.493781   82.117183  (      65   10360)
          87   24.495246   94.858527  (      65   16998)
          88   24.495263   89.949204  (       9   18303)
          89   24.495416   94.857303  (      65   17013)
          90   24.502334   50.113326  (     551   10931)
          91   24.510583   55.868255  (      65   10455)
          92   24.513717   83.699205  (       9   14734)
          93   24.517834   80.804556  (       9   18481)
          94   24.518677   80.891568  (       9   18610)
          95   24.522181   62.044629  (    1321   16888)
          96   24.522912   80.706931  (       9   17998)
          97   24.526868   81.413524  (       9   17480)
          98   24.531253   81.317783  (       9   17425)
          99   24.535732   81.308579  (       9   17130)
         100   24.535814   82.046160  (       9   19459)
