Model_ID, [(c_i,i=0,n)_j,j=1,ntask]
           1    0.3192022491E+03    0.3040877068E+03   -0.6218741260E+03
           2    0.3340372166E+03   -0.2939481600E+03   -0.6975767772E+03
           3    0.3210179367E+03   -0.2692791660E+03   -0.6954345051E+03
           4    0.3168744961E+03    0.2986350263E+03   -0.6621609830E+03
           5    0.3217426629E+03   -0.2697423412E+03   -0.7084590863E+03
           6    0.2737397670E+03    0.2419213142E+03   -0.5752937919E+03
           7    0.3169374696E+03    0.2988527490E+03   -0.6427117283E+03
           8    0.2368172987E+03    0.1901452149E+03    0.8113802072E+03
           9    0.2340412140E+03    0.1846747879E+03   -0.1732634281E+04
          10    0.2388856273E+03    0.1953164417E+03   -0.6158743969E+03
          11    0.1544734371E+03   -0.1112158379E+03   -0.1394467526E+04
          12    0.2401283806E+03   -0.1888690648E+03    0.8420425465E+03
          13    0.2171703896E+03   -0.2058620564E+03   -0.1377741588E+04
          14    0.2378572704E+03    0.1889735441E+03   -0.6071064603E+03
          15    0.3410449248E+03   -0.3155888193E+03   -0.6430513343E+03
          16    0.2379396073E+03    0.1897265004E+03   -0.5932200191E+03
          17    0.2165379087E+03   -0.1991361470E+03   -0.1426696085E+04
          18    0.3067750150E+03    0.2824939759E+03   -0.6179837960E+03
          19    0.2201664931E+03    0.2033135302E+03   -0.1380209170E+04
          20    0.2423476100E+03   -0.1940992799E+03   -0.6377631695E+03
          21    0.2231681106E+03    0.2049562798E+03   -0.7460012627E+03
          22    0.2756975242E+03   -0.2412200349E+03   -0.5968997887E+03
          23    0.2355674544E+03    0.1972503973E+03    0.1393626865E+04
          24    0.2729674782E+03    0.2421818499E+03   -0.5718539351E+03
          25    0.2371080870E+03    0.1895097666E+03    0.8113667332E+03
          26    0.2196109058E+03   -0.2007666045E+03   -0.7705802636E+03
          27    0.3210497238E+03   -0.3009789830E+03   -0.6537004923E+03
          28    0.2201359604E+03   -0.2072984453E+03   -0.7393924339E+03
          29    0.2400676695E+03    0.1858461610E+03    0.8250815541E+03
          30    0.2188622875E+03    0.2020921879E+03   -0.1377844406E+04
          31    0.2356010972E+03    0.1973964736E+03    0.1382883186E+04
          32    0.2757765429E+03    0.2408391570E+03   -0.6043066770E+03
          33    0.2353910982E+03    0.1870237604E+03    0.5861500966E+03
          34    0.3207920223E+03   -0.3006821315E+03   -0.6494913857E+03
          35    0.2181392857E+03    0.1957901115E+03   -0.1426358174E+04
          36    0.2453749851E+03    0.1913928314E+03    0.8461004675E+03
          37    0.3206383362E+03   -0.3004746709E+03   -0.6470881208E+03
          38    0.2375078869E+03    0.1877976487E+03    0.6010352747E+03
          39    0.2755920085E+03   -0.2405847514E+03   -0.6007403822E+03
          40    0.2212244578E+03    0.1973982506E+03   -0.7704995856E+03
          41    0.2753719042E+03   -0.2450477984E+03   -0.6749111949E+03
          42    0.2371540852E+03    0.1803965380E+03   -0.1761103475E+04
          43    0.2464558458E+03    0.1903624171E+03   -0.6376698365E+03
          44    0.2352521435E+03    0.1960487705E+03   -0.1406632349E+04
          45    0.2411412050E+03    0.1848342227E+03   -0.6210349782E+03
          46    0.3436414395E+03    0.3128582400E+03   -0.6938208799E+03
          47    0.3216730224E+03    0.3013649498E+03   -0.6650478871E+03
          48    0.2391786990E+03    0.1946607205E+03   -0.6155673697E+03
          49    0.2765742795E+03   -0.2413713470E+03   -0.6201583270E+03
          50    0.2192273782E+03   -0.2026649638E+03    0.6457855437E+03
          51    0.2343228428E+03    0.1839882742E+03   -0.1728308556E+04
          52    0.2778188600E+03   -0.2349291853E+03   -0.6109145143E+03
          53    0.3216195453E+03   -0.2741144809E+03   -0.6517680419E+03
          54    0.2383515273E+03    0.1927166761E+03   -0.5681781784E+03
          55    0.2069689724E+03    0.1866579571E+03   -0.1393802091E+04
          56    0.2754206341E+03   -0.2403053511E+03   -0.5974614521E+03
          57    0.2371331521E+03   -0.1829304327E+03   -0.1774027897E+04
          58    0.3313799017E+03    0.2847466610E+03   -0.6827397701E+03
          59    0.2381531563E+03    0.1883697099E+03   -0.6078098416E+03
          60    0.2465904474E+03    0.1912022938E+03   -0.6242435281E+03
          61    0.2156656351E+03    0.2087855350E+03   -0.1375700257E+04
          62    0.2263751129E+03   -0.1848951697E+03   -0.1421004069E+04
          63    0.3305111623E+03    0.2905462622E+03   -0.6523502258E+03
          64    0.2398017059E+03    0.1941161858E+03   -0.4368153152E+03
          65    0.2753222153E+03   -0.2401262560E+03   -0.5955926657E+03
          66    0.2408238052E+03   -0.1865081399E+03    0.6253999379E+03
          67    0.2738967309E+03   -0.2408234134E+03   -0.6000040204E+03
          68    0.1582416151E+03   -0.1120819034E+03   -0.9577595083E+03
          69    0.2167465185E+03    0.9175417732E+02   -0.6373541182E+03
          70    0.2373409153E+03    0.1872972311E+03    0.5980383215E+03
          71    0.2430180444E+03   -0.1944195390E+03   -0.6444078194E+03
          72    0.2412362985E+03    0.1855729894E+03   -0.6065956644E+03
          73    0.2768209645E+03   -0.2413433899E+03   -0.6252075908E+03
          74    0.2218395322E+03    0.2035104094E+03   -0.7395864586E+03
          75    0.2389200885E+03   -0.1907283870E+03    0.8402730370E+03
          76    0.2208552659E+03    0.1992252785E+03    0.6449410151E+03
          77    0.2376097231E+03    0.1855039783E+03    0.5936078893E+03
          78    0.2351623924E+03    0.1958101137E+03   -0.1780850180E+04
          79    0.2768471304E+03   -0.2413349183E+03   -0.6257473827E+03
          80    0.2772678680E+03    0.1151549415E+03    0.6779326249E+03
          81    0.1934550006E+03    0.1678858848E+03   -0.6628076981E+03
          82    0.2372933178E+03    0.1871454201E+03   -0.5984865863E+03
          83    0.2423448562E+03   -0.1914330505E+03    0.8110231194E+03
          84    0.2437860516E+03    0.1883485350E+03    0.6168470142E+03
          85    0.3195156423E+03   -0.2935087030E+03   -0.6637455870E+03
          86    0.2390765479E+03   -0.1909159443E+03    0.8434546524E+03
          87    0.2409593992E+03    0.1958028551E+03   -0.6342777687E+03
          88    0.2382357455E+03    0.1891192816E+03   -0.5938334153E+03
          89    0.2390935858E+03   -0.1909335138E+03    0.8437856425E+03
          90    0.2377285723E+03    0.1859001325E+03    0.5955625569E+03
          91    0.2365496864E+03    0.1874605773E+03   -0.5942944561E+03
          92    0.2456176172E+03    0.1909386107E+03    0.8466167953E+03
          93    0.3164233245E+03    0.2920300721E+03   -0.7239461889E+03
          94    0.2411543984E+03    0.1960796302E+03   -0.6370074592E+03
          95    0.2157207687E+03   -0.1994996648E+03   -0.1429556255E+04
          96    0.2496209576E+03   -0.1867755531E+03   -0.6478278518E+03
          97    0.2163958453E+03   -0.2060473704E+03   -0.1371459507E+04
          98    0.1931902319E+03    0.1649552902E+03    0.5804178459E+03
          99    0.2740959506E+03    0.2401550064E+03   -0.5936622912E+03
         100    0.2467051475E+03    0.1899390971E+03   -0.6387364966E+03
