Model_ID, [(c_i,i=0,n)_j,j=1,ntask]
           1    0.6366309355E+02   -0.4075343068E+02    0.5517542219E+03
           2    0.4868641548E+02   -0.3083145535E+02   -0.2517775780E+03
           3    0.6610543284E+02   -0.4531784927E+02   -0.2050949415E+03
           4    0.6111226495E+02   -0.3943062272E+02   -0.7709523074E+03
           5    0.7259635086E+02   -0.2277994865E+02   -0.2436033002E+03
           6    0.6060308435E+02   -0.4095979583E+02   -0.5087965480E+03
           7    0.6389254571E+02   -0.4350855053E+02   -0.5263611207E+03
           8    0.6498217033E+02   -0.4417975521E+02   -0.7635766898E+03
           9    0.6109573486E+02   -0.4077980121E+02   -0.4996832311E+03
          10    0.6434436969E+02   -0.4308044404E+02    0.3215777183E+03
          11    0.6405849467E+02   -0.4215767551E+02    0.1913281637E+03
          12    0.6044935590E+02   -0.3820649295E+02    0.5217664778E+03
          13    0.6058795790E+02   -0.4009989546E+02   -0.6333332042E+03
          14    0.6348118987E+02   -0.4201452083E+02   -0.1540474461E+04
          15    0.6239662664E+02   -0.4222680117E+02   -0.1922606644E+03
          16    0.6379675919E+02   -0.4254544080E+02   -0.6540613406E+03
          17    0.6078662606E+02   -0.3958842310E+02    0.1826298079E+03
          18    0.6036436408E+02   -0.3901090586E+02   -0.6159396534E+03
          19    0.6025932918E+02   -0.3948842814E+02   -0.1474299563E+04
          20    0.6394929555E+02   -0.4402427658E+02   -0.3753099090E+03
          21    0.6043011113E+02   -0.4425023999E+02   -0.3320951238E+03
          22    0.6403346890E+02   -0.4382254840E+02    0.2301690208E+03
          23    0.6094594302E+02   -0.4032881437E+02    0.3042111757E+03
          24    0.6441929633E+02   -0.4460921135E+02   -0.4305313158E+04
          25    0.6126267968E+02   -0.4048209198E+02    0.3028285587E+03
          26    0.6068635028E+02   -0.3877185389E+02   -0.7583357844E+03
          27    0.6386782791E+02   -0.4291400971E+02    0.1371473697E+03
          28    0.6121812181E+02   -0.3937718426E+02    0.1782888107E+03
          29    0.6103492783E+02   -0.3807095728E+02   -0.9093379468E+03
          30    0.5726214125E+02   -0.3825552892E+02    0.8114495026E+03
          31    0.6332665350E+02   -0.4183128771E+02    0.3866168373E+03
          32    0.6056114286E+02   -0.4129979048E+02   -0.3584348495E+03
          33    0.6578665748E+02   -0.4596844056E+02   -0.1426592336E+03
          34    0.6482435309E+02   -0.4274778085E+02   -0.9077263875E+03
          35    0.6447320542E+02   -0.4557110731E+02   -0.4914941967E+03
          36    0.6328408831E+02   -0.4105033801E+02   -0.4454232752E+03
          37    0.6649635841E+02   -0.4454961253E+02   -0.1605039609E+03
          38    0.6103018749E+02   -0.3952641092E+02   -0.6018165559E+03
          39    0.6016985519E+02   -0.3867849088E+02   -0.4289994404E+03
          40    0.6322179633E+02   -0.4096719820E+02   -0.4439620567E+03
          41    0.5922300794E+02   -0.3589377890E+02    0.4505502470E+03
          42    0.6167958400E+02   -0.3852138096E+02    0.4909808528E+03
          43    0.4592471948E+02   -0.3278127299E+02   -0.2094190046E+03
          44    0.6645680999E+02   -0.4717079173E+02   -0.1886025832E+03
          45    0.6494268064E+02   -0.4539597818E+02   -0.4834718717E+03
          46    0.6446824483E+02   -0.4344903299E+02   -0.7504547382E+03
          47    0.6017027266E+02   -0.4025845875E+02   -0.4997629824E+03
          48    0.6577871344E+02   -0.4206702645E+02   -0.1658930281E+03
          49    0.6417914424E+02   -0.4293216617E+02   -0.5016148930E+03
          50    0.7431255361E+02   -0.2523425817E+02   -0.1757631553E+03
          51    0.6662824235E+02    0.3473563641E+02    0.5644232812E+03
          52    0.6249860809E+02   -0.3960502915E+02   -0.1596741059E+03
          53    0.6037745714E+02   -0.3744509138E+02   -0.4108256714E+03
          54    0.4736270514E+02   -0.2566863354E+02   -0.2343095472E+03
          55    0.5879312489E+02   -0.3635070377E+02    0.4723405698E+03
          56    0.6032880613E+02   -0.3875778559E+02   -0.4357590514E+03
          57    0.6016033304E+02   -0.3866612757E+02   -0.4232333624E+03
          58    0.6384693172E+02   -0.4307944183E+02   -0.4671043629E+03
          59    0.6649378882E+02   -0.3464862483E+02    0.5627487432E+03
          60    0.6924626888E+02   -0.2131620439E+02   -0.2352216318E+03
          61    0.5811177364E+02   -0.3612163162E+02   -0.1486217582E+03
          62    0.6035347621E+02   -0.3758696378E+02   -0.4125602641E+03
          63    0.6515897983E+02   -0.5978713695E+02   -0.1857058774E+03
          64    0.6017608773E+02   -0.3863969402E+02   -0.4259778319E+03
          65    0.6337009890E+02   -0.3965053770E+02   -0.4242977899E+03
          66    0.7321063517E+02   -0.5400319086E+02   -0.1974752287E+03
          67    0.6053267838E+02   -0.4000948104E+02   -0.5720242058E+03
          68    0.6005989514E+02   -0.3760499914E+02    0.5150356387E+03
          69    0.6440298698E+02   -0.4468840896E+02   -0.6146104788E+03
          70    0.6457914743E+02   -0.4418759743E+02    0.1781748298E+03
          71    0.5704103621E+02   -0.3828711481E+02   -0.1035593683E+04
          72    0.6707302816E+02    0.2763055011E+02    0.6001883943E+03
          73    0.6064756589E+02   -0.4006759598E+02   -0.4901241800E+03
          74    0.6348364218E+02   -0.4256717911E+02   -0.1090359583E+04
          75    0.6326848347E+02   -0.4097243145E+02   -0.4409820765E+03
          76    0.6793773155E+02    0.2908937199E+02    0.5865484956E+03
          77    0.7971655631E+02   -0.2373153012E+02   -0.2474906902E+03
          78    0.6032678373E+02   -0.3789273424E+02   -0.4182195287E+03
          79    0.6053752973E+02   -0.4046475327E+02   -0.4468027704E+03
          80    0.6335692245E+02   -0.3980504339E+02   -0.4261577400E+03
          81    0.6079595703E+02   -0.3813528755E+02    0.4748104038E+03
          82    0.6005954175E+02   -0.3849435370E+02   -0.4227140595E+03
          83    0.6482604854E+02   -0.4503684547E+02    0.2975564958E+03
          84    0.6033457464E+02   -0.3798144984E+02   -0.4183573232E+03
          85    0.6032584826E+02   -0.3804224941E+02   -0.4198384912E+03
          86    0.6033764496E+02   -0.3793918154E+02   -0.4170472526E+03
          87    0.6335653426E+02   -0.4014234071E+02   -0.4322800029E+03
          88    0.6083317899E+02   -0.3894786456E+02   -0.6224105491E+03
          89    0.6092706357E+02   -0.3830252786E+02   -0.4227652071E+03
          90    0.6014657884E+02   -0.3860202588E+02   -0.4199149172E+03
          91    0.6396720526E+02   -0.4189581193E+02    0.3762613355E+03
          92    0.6012744570E+02   -0.3863990315E+02   -0.4190595947E+03
          93    0.5932606436E+02   -0.4102739109E+02    0.3121389553E+03
          94    0.6440334987E+02   -0.4275188042E+02    0.3075486628E+03
          95    0.6372068558E+02   -0.4242057603E+02   -0.5899902207E+03
          96    0.4915641001E+02   -0.3546235560E+02   -0.2190800379E+03
          97    0.5830223057E+02   -0.4138372534E+02    0.2951915351E+03
          98    0.5639079692E+02   -0.3234492970E+02   -0.1628070392E+03
          99    0.6051249834E+02   -0.3862356337E+02   -0.4319083007E+03
         100    0.4475855782E+02   -0.2741444838E+02   -0.2005570922E+03
