        Rank        RMSE       MaxAE  Feature_ID
           1    8.057714   20.174712  (    9432   10035)
           2    8.083820   17.420062  (    2628   12980)
           3    8.105303   19.569138  (    9432   15913)
           4    8.107797   21.688164  (    3318   12713)
           5    8.157892   18.107824  (    1072   12980)
           6    8.168896   22.014010  (    3318   14598)
           7    8.189332   22.301504  (    9432   14598)
           8    8.190625   20.794897  (    3368   12713)
           9    8.213217   23.464791  (    3318   13975)
          10    8.233964   15.908467  (    9432   12747)
          11    8.243800   18.807254  (    9432   11309)
          12    8.247788   20.096520  (    3318   10035)
          13    8.283575   22.432353  (    3318   14409)
          14    8.296410   21.244193  (    9432   16381)
          15    8.313408   19.586806  (    3318   15913)
          16    8.318717   22.731932  (    9432   14409)
          17    8.327437   18.727185  (    3318   11309)
          18    8.355090   22.479588  (    3318   18551)
          19    8.356482   21.043423  (    3318   16381)
          20    8.364487   23.584093  (    9432   16493)
          21    8.370942   22.946519  (    3318   17463)
          22    8.378471   21.644709  (    9432   14686)
          23    8.379084   17.618208  (    3318   12747)
          24    8.381052   25.328594  (    9432   13835)
          25    8.395502   19.795245  (    3318   11939)
          26    8.403830   21.675035  (    6029   12713)
          27    8.405431   22.794789  (    9432   13049)
          28    8.406232   21.881554  (    3318   10961)
          29    8.407650   22.490012  (    3318   13444)
          30    8.409237   24.608768  (    3318   16987)
          31    8.414864   23.199137  (    9432   10560)
          32    8.419801   23.267109  (    3318   16493)
          33    8.422599   23.183777  (    9432   19114)
          34    8.424791   21.598773  (    3368   13444)
          35    8.435513   21.158633  (    3368   14598)
          36    8.442044   22.723346  (    9432   10517)
          37    8.442330   19.219808  (    3368   10991)
          38    8.445405   24.093586  (    3318   14174)
          39    8.449965   22.449250  (    3318   10517)
          40    8.450151   22.716741  (    9432   10531)
          41    8.452321   21.920042  (    3318   10061)
          42    8.452380   19.395810  (    9432   10103)
          43    8.453959   24.390308  (    2628   11026)
          44    8.455463   18.637627  (    3368   15913)
          45    8.465063   22.561373  (    3368   13975)
          46    8.467799   20.772072  (    5677   12713)
          47    8.469117   21.992595  (    6029   14598)
          48    8.473152   20.372065  (    9432   10991)
          49    8.473179   23.846162  (    9432   13975)
          50    8.473211   25.850783  (    2736   11089)
          51    8.473859   17.785364  (      11   10249)
          52    8.476995   20.178388  (    3318   10991)
          53    8.481261   23.418493  (    3318   10327)
          54    8.486355   20.628345  (    1106   12980)
          55    8.486433   19.848205  (    3318   10103)
          56    8.486988   22.527338  (    3318   10489)
          57    8.487223   22.479218  (    3318   10820)
          58    8.487560   24.012103  (    9432   16067)
          59    8.488230   17.893853  (      10   10249)
          60    8.490051   17.702027  (    1285   12980)
          61    8.490372   27.161315  (     413   10991)
          62    8.502174   23.308934  (    3318   10330)
          63    8.505027   21.408510  (      56   10300)
          64    8.507107   22.493417  (    3318   10668)
          65    8.508626   23.727112  (    9432   10327)
          66    8.509338   20.472722  (    2210   11347)
          67    8.510270   22.462541  (    3318   12584)
          68    8.510418   20.096705  (    6029   10035)
          69    8.511197   21.570730  (    3368   14409)
          70    8.515567   17.953955  (    3368   11309)
          71    8.516975   24.139718  (    3318   18932)
          72    8.520598   17.682580  (     340   10249)
          73    8.521112   23.420211  (    6029   13975)
          74    8.524583   23.507052  (    9432   17923)
          75    8.526022   22.777448  (    9432   10668)
          76    8.526345   18.039177  (     150   10249)
          77    8.526383   17.961653  (    7768   12980)
          78    8.527399   23.086842  (    3318   10469)
          79    8.528235   23.680565  (    3318   16067)
          80    8.530498   23.615328  (    9432   10330)
          81    8.531241   22.901548  (    3318   10005)
          82    8.543066   22.473023  (    3318   10531)
          83    8.543161   18.398340  (    3368   12747)
          84    8.544675   23.046521  (    3318   10400)
          85    8.545775   22.996911  (    3318   10456)
          86    8.547070   23.079613  (    3318   10358)
          87    8.554340   23.387910  (    9432   10469)
          88    8.555231   24.515583  (    3318   10066)
          89    8.556819   24.407313  (    3318   10342)
          90    8.556839   22.518590  (    3318   11118)
          91    8.558754   16.657135  (    9432   14656)
          92    8.560038   22.484131  (    3318   11168)
          93    8.561637   25.080614  (    3318   12841)
          94    8.565745   20.100972  (    9432   11939)
          95    8.566562   22.768185  (    9432   12584)
          96    8.566642   22.065621  (    2628   15148)
          97    8.567202   25.666229  (    3318   18292)
          98    8.567620   24.123385  (     413   10002)
          99    8.567949   22.804600  (    3318   10801)
         100    8.568270   27.101347  (    1106   11026)
