Model_ID, [(c_i,i=0,n)_j,j=1,ntask]
           1    0.4504987162E+02   -0.3575303254E+02   -0.2838833391E+03
           2    0.3884936936E+02    0.2831297540E+02   -0.2754012371E+03
           3    0.3982986197E+02   -0.3096616272E+02   -0.2807057894E+03
           4    0.4394150136E+02    0.4246172824E+02   -0.2691920909E+03
           5    0.4494209053E+02   -0.4381130858E+02   -0.2765819797E+03
           6    0.7761138059E+02   -0.3713114218E+02   -0.3426453256E+03
           7    0.3664302537E+02   -0.3567381987E+02   -0.2652811875E+03
           8    0.7950367906E+02   -0.3852645275E+02   -0.3386949658E+03
           9    0.4437796573E+02   -0.3497014512E+02   -0.3086860195E+03
          10    0.4467675377E+02   -0.4206274734E+02   -0.2672030499E+03
          11    0.3833532239E+02    0.2769523071E+02   -0.2984528400E+03
          12    0.4353018694E+02   -0.4347765299E+02   -0.2707814663E+03
          13    0.3141341883E+02   -0.2898755727E+02   -0.2580565727E+03
          14    0.4358091447E+02   -0.4345426901E+02   -0.2690445104E+03
          15    0.5877476498E+02   -0.6350272917E+02   -0.1634278173E+03
          16    0.4421232310E+02    0.4204455307E+02   -0.2653786777E+03
          17    0.3123011816E+02    0.2822054838E+02   -0.2555481326E+03
          18    0.4332367636E+02    0.4169381558E+02   -0.2948438660E+03
          19    0.3161794022E+02   -0.2886768078E+02   -0.2456777315E+03
          20    0.3133119944E+02   -0.2867424917E+02   -0.2570399835E+03
          21    0.3132328086E+02    0.2867759496E+02   -0.2570604923E+03
          22    0.3131545888E+02    0.2868069819E+02   -0.2570800381E+03
          23    0.4521718542E+02   -0.3657674000E+02   -0.1608442924E+03
          24    0.4787780954E+02   -0.5079075200E+02   -0.2555636369E+03
          25    0.4534583237E+02   -0.4272982214E+02   -0.2614104756E+03
          26    0.4420612263E+02   -0.4428647007E+02   -0.2651134292E+03
          27    0.4425921701E+02   -0.4432144530E+02   -0.2635083061E+03
          28    0.3234396347E+02   -0.2788300051E+02   -0.2590952819E+03
          29    0.4441962635E+02    0.4267253234E+02   -0.2666539566E+03
          30    0.4585908731E+02   -0.5135127399E+02   -0.2611024115E+03
          31    0.4920415450E+02    0.4483459545E+02   -0.2132429379E+03
          32    0.4457209984E+02    0.4127598911E+02   -0.2651876268E+03
          33    0.4973756115E+02   -0.4033378682E+02   -0.3669333183E+03
          34    0.4613542874E+02   -0.5089849089E+02   -0.2643324383E+03
          35    0.4545769583E+02   -0.5165005289E+02   -0.2579281657E+03
          36    0.4647522778E+02   -0.4947161915E+02   -0.2644428673E+03
          37    0.4867417832E+02    0.4471229303E+02   -0.2451389081E+03
          38    0.4582667777E+02   -0.4927477670E+02   -0.3034382092E+03
          39    0.4983518688E+02   -0.3882020607E+02   -0.3509643213E+03
          40    0.4595419028E+02    0.5087007900E+02   -0.2598613884E+03
          41    0.4649607453E+02   -0.4928535381E+02   -0.2644271892E+03
          42    0.7933890497E+02   -0.3841731278E+02   -0.3389319794E+03
          43    0.7641133490E+02   -0.2552408852E+02    0.6698393521E+03
          44    0.4864353455E+02   -0.2237039186E+02   -0.3208349452E+03
          45    0.5700005945E+02   -0.2956920765E+02   -0.2567475316E+03
          46    0.4798416298E+02   -0.3713572832E+02   -0.3115184444E+03
          47    0.3070567378E+02    0.2916857327E+02   -0.2594726630E+03
          48    0.4584761593E+02   -0.4911060177E+02   -0.3038464240E+03
          49    0.3930133309E+02   -0.3018538619E+02   -0.3016709900E+03
          50    0.3599364869E+02   -0.3597261300E+02   -0.2592685100E+03
          51    0.4429095616E+02   -0.4286279938E+02   -0.3002795627E+03
          52    0.4725278560E+02   -0.4619902057E+02   -0.2606603603E+03
          53    0.3161314840E+02   -0.3262479086E+02   -0.2481161007E+03
          54    0.3889813439E+02    0.2880614783E+02   -0.1531456026E+03
          55    0.5785642950E+02   -0.6013865974E+02   -0.2622836827E+03
          56    0.4632329988E+02   -0.5104831562E+02   -0.2485581680E+03
          57    0.6807939015E+02    0.5616199446E+02   -0.3660491168E+03
          58    0.4394746586E+02   -0.4471590242E+02   -0.1973254655E+03
          59    0.6873475233E+02   -0.5662039068E+02   -0.3686162851E+03
          60    0.4377872002E+02   -0.4317079940E+02   -0.2616178573E+03
          61    0.6796493462E+02    0.5566898912E+02   -0.3730286659E+03
          62    0.4930627657E+02    0.4783813144E+02    0.4581406789E+03
          63    0.4532914056E+02   -0.4326837005E+02   -0.3714331710E+03
          64    0.3582280772E+02   -0.3665810792E+02   -0.2615262430E+03
          65    0.4386197107E+02   -0.3636449935E+02    0.1719774668E+03
          66    0.6856978243E+02    0.5636371871E+02   -0.3619975833E+03
          67    0.5716700762E+02   -0.5989503685E+02   -0.3008705862E+03
          68    0.7541566749E+02   -0.6295990047E+02   -0.3162158797E+03
          69    0.5637565624E+02    0.4148056308E+02   -0.1646310304E+03
          70    0.4393775833E+02   -0.4179800038E+02   -0.2603058853E+03
          71    0.5640495259E+02    0.4083250782E+02   -0.1619502283E+03
          72    0.7343360229E+02   -0.6159489331E+02    0.3020801174E+03
          73    0.6814941258E+02    0.5588168872E+02   -0.3717149221E+03
          74    0.3563668149E+02   -0.3626982121E+02   -0.2605578169E+03
          75    0.3596821688E+02    0.2637192382E+02    0.1721506586E+03
          76    0.4351918716E+02    0.4324216232E+02    0.1710275458E+03
          77    0.3544058815E+02    0.3546612031E+02   -0.2583457340E+03
          78    0.4357382297E+02    0.4063922691E+02   -0.2560958744E+03
          79    0.4576384934E+02   -0.5067607046E+02   -0.2550292732E+03
          80    0.3562855280E+02   -0.3626894279E+02   -0.2605640837E+03
          81    0.4603871533E+02   -0.5025595573E+02   -0.2583179735E+03
          82    0.7626990454E+02   -0.3640075600E+02   -0.3413539854E+03
          83    0.5713296041E+02   -0.2807329731E+02   -0.3777888714E+03
          84    0.3562052532E+02    0.3626756330E+02   -0.2605687262E+03
          85    0.4821458661E+02    0.3867327601E+02   -0.3282220202E+03
          86    0.5236981869E+02   -0.4554700663E+02    0.1565404288E+03
          87    0.5630542426E+02   -0.2938806678E+02   -0.2923513701E+03
          88    0.4794445759E+02   -0.3818992288E+02   -0.3030460766E+03
          89    0.5894892529E+02   -0.4134940942E+02    0.3672949331E+03
          90    0.4965821949E+02    0.3564577064E+02   -0.3433115234E+03
          91    0.7684693764E+02   -0.6488199529E+02   -0.3403261159E+03
          92    0.5060803573E+02   -0.3938479549E+02    0.8346018323E+03
          93    0.7298962113E+02   -0.6374516740E+02   -0.7616465228E+03
          94    0.3409324857E+02    0.2813620828E+02   -0.2532896207E+03
          95    0.4808128878E+02    0.3672220070E+02   -0.3113529625E+03
          96    0.4571445977E+02   -0.5077382999E+02   -0.2835214626E+03
          97    0.2876335734E+02    0.2859624949E+02   -0.2583816656E+03
          98    0.4382653589E+02   -0.4305369852E+02   -0.2596574777E+03
          99    0.4236510925E+02    0.4252460800E+02    0.1693210093E+03
         100    0.6822233823E+02   -0.5559289444E+02   -0.3732038227E+03
