        Rank        RMSE       MaxAE  Feature_ID
           1   23.086308   86.515554  (     146   10119)
           2   23.356330   86.005804  (     298   10119)
           3   24.261450   87.888362  (     842   10119)
           4   24.362311   65.135754  (       6   10769)
           5   24.369519   85.835215  (     898   10119)
           6   24.376218   87.666067  (     611   10119)
           7   24.455086   87.912151  (     774   10119)
           8   24.488650   87.004990  (     507   10119)
           9   24.497566   87.750344  (     714   10119)
          10   24.517131   89.866113  (      11   10119)
          11   24.523635   86.761826  (     732   10119)
          12   24.576872   88.183791  (    1016   10119)
          13   24.596528   75.101301  (     133   12914)
          14   24.611754   87.773445  (    1686   10119)
          15   24.646289   64.971616  (     116   10810)
          16   24.648360   70.945723  (     170   18771)
          17   24.667649   86.804664  (     744   10119)
          18   24.692799   87.010780  (     251   10119)
          19   24.695212   87.733606  (    1483   10119)
          20   24.706662   87.591205  (    1075   10119)
          21   24.712810   86.911612  (     200   10119)
          22   24.736810   87.511301  (     748   10119)
          23   24.741629   87.629709  (    1186   10119)
          24   24.747854   87.615347  (     726   10119)
          25   24.752548   86.828757  (     166   10119)
          26   24.754091   87.458376  (     791   10119)
          27   24.773737   86.545086  (     411   10119)
          28   24.780336   87.668373  (    1328   10119)
          29   24.804349   87.792203  (     830   10119)
          30   24.804602   86.195462  (     363   10119)
          31   24.805120   86.316230  (     393   10119)
          32   24.809833   88.387125  (    1402   10119)
          33   24.812852   86.584881  (     472   10119)
          34   24.812932   87.630460  (     799   10119)
          35   24.813082   87.462832  (     771   10119)
          36   24.822492   87.339255  (     649   10119)
          37   24.834219   54.810380  (     289   19592)
          38   24.836802   87.940974  (    1678   10119)
          39   24.838402   89.367571  (    2233   10119)
          40   24.855740   86.624881  (     532   10119)
          41   24.856237   87.378191  (     717   10119)
          42   24.861596   87.472534  (     739   10119)
          43   24.863314   87.996536  (     873   10119)
          44   24.873254   87.459749  (     762   10119)
          45   24.887673   76.946398  (    1252   10119)
          46   24.893779   87.417302  (     803   10119)
          47   24.899957   88.457815  (    2013   10119)
          48   24.908518   87.640904  (     657   10119)
          49   24.914938   87.713768  (     587   10119)
          50   24.920077   87.375285  (     855   10119)
          51   24.926065   67.316601  (       6   15867)
          52   24.935084   87.456584  (     893   10119)
          53   24.938581   87.362983  (     877   10119)
          54   24.952564   82.343526  (    6962   10736)
          55   24.963365   84.646309  (     122   10119)
          56   24.970576   69.147519  (     912   10736)
          57   24.975156   52.862905  (     338   13120)
          58   24.980118   87.496030  (     987   10119)
          59   24.982759   87.372117  (     844   10119)
          60   24.990833   85.880855  (    1495   10119)
          61   25.001606   87.202627  (    1054   10119)
          62   25.024086   88.214498  (    1249   10119)
          63   25.029893   75.516328  (     204   12914)
          64   25.029988   87.134376  (    1204   10119)
          65   25.036826   86.366826  (     295   10119)
          66   25.039916   53.346326  (     919   13120)
          67   25.040028   71.919806  (    1020   10837)
          68   25.054224   87.207972  (     871   10119)
          69   25.059832   88.252911  (    1394   10119)
          70   25.064625   87.378072  (     841   10119)
          71   25.069093   74.174931  (     919   10736)
          72   25.073819   82.437252  (     621   10119)
          73   25.084533   87.166356  (     499   10119)
          74   25.085773   87.324764  (     888   10119)
          75   25.094552   88.190309  (    1077   10119)
          76   25.099314   88.291461  (    1521   10119)
          77   25.105296   87.060300  (     609   10119)
          78   25.108178   88.199553  (    1093   10119)
          79   25.122902   52.290242  (      96   13120)
          80   25.124469   87.206064  (     557   10119)
          81   25.131525   88.523961  (    1662   10119)
          82   25.136338   88.217841  (     716   10119)
          83   25.142491   67.344786  (     116   15457)
          84   25.144385   73.454375  (     338   10736)
          85   25.166618   88.646029  (    1816   10119)
          86   25.168176   87.245953  (     623   10119)
          87   25.188253   87.226817  (     991   10119)
          88   25.189401   88.251797  (    1178   10119)
          89   25.197098   64.418859  (     289   13520)
          90   25.201507   69.170849  (    1409   10736)
          91   25.209944   72.351239  (    1981   10119)
          92   25.211605   72.905689  (     133   12143)
          93   25.214417   70.131559  (     203   12914)
          94   25.224642   91.542473  (    4322   10119)
          95   25.226039   87.054104  (     950   10119)
          96   25.247395   75.834866  (    5511   10168)
          97   25.256470   87.371151  (     843   10119)
          98   25.266046   87.103596  (     474   10119)
          99   25.281578   82.455049  (     146   10077)
         100   25.284044   88.527721  (    1511   10119)
