Materials	Properties	feature1	feature2	feature3	feature4	feature5	feature6	feature7	feature8	feature9	feature10	feature11	feature12	feature13	feature14	feature15	feature16	feature17	feature18	feature19	feature20	feature21
sample1	363.2000	0.0000	0.0000	0.0000	0.0000	0.0000	1.0000	0.0000	0.0000	0.0000	0.0000	0.0000	0.0000	0.5692	0.0046	0.3372	1.0000	0.0000	0.6488	0.9333	0.7097	0.9528
sample2	268.0300	0.0000	0.0000	0.0000	0.0000	0.0000	0.0000	0.0000	0.0000	0.0000	0.0000	0.0000	0.0000	0.4462	0.3589	0.7326	0.1471	0.5000	0.3951	0.4429	0.9479	0.1743
sample3	367.4300	0.0000	0.0000	0.0000	0.0000	0.0000	0.0000	1.0000	0.0000	0.0000	0.0000	0.0000	0.0000	0.9000	0.0022	0.4535	0.3434	0.0000	0.5578	0.6727	0.5864	0.8847
sample4	326.0000	0.0000	0.0000	0.6667	0.0000	0.0000	0.0000	0.0000	0.0000	0.0000	0.0000	0.0000	0.0000	0.5769	0.3081	0.6395	0.3081	0.5525	0.5412	0.7607	0.5419	0.8506
sample5	253.0000	0.0000	0.0000	0.0000	0.0000	0.0000	0.0000	0.0000	1.0000	0.0000	0.0000	0.0000	0.0000	0.7462	0.4911	0.3605	0.3333	0.6142	0.7193	0.8462	0.5185	0.8747
sample6	240.1500	0.0000	0.0000	0.0000	0.0000	0.7500	0.0000	0.0000	0.0000	0.0000	0.0000	0.0000	0.0000	0.3923	0.1691	0.3605	0.3053	0.3148	0.4243	0.9073	0.7543	0.9418
sample7	409.7000	0.0000	1.0000	0.0000	0.0000	0.0000	0.0000	0.0000	0.0000	0.0000	0.0000	0.0000	0.0000	0.9692	0.2489	0.7326	0.4356	0.5309	0.8210	0.0478	0.4498	0.3740
sample8	299.0000	0.0000	0.0000	0.3333	0.0000	0.0000	0.0000	0.0000	0.0000	0.0000	0.0000	0.0000	0.0000	0.4000	0.3291	0.6395	0.2003	0.4784	0.5064	0.7659	0.5456	0.8684
sample9	327.5000	0.0000	0.0000	1.0000	0.0000	0.0000	0.0000	0.0000	0.0000	0.0000	0.0000	0.0000	0.0000	0.7231	0.2549	0.6395	0.4174	0.4784	0.5879	0.8214	0.5381	0.8632
sample10	239.6000	0.0000	0.0000	0.0000	0.0000	0.5000	0.0000	0.0000	0.0000	0.0000	0.0000	0.0000	0.0000	0.3692	0.2190	0.3605	0.2339	0.3642	0.4459	0.8746	0.7205	0.8824
sample11	274.4000	0.0000	0.0000	0.0000	0.0000	0.0000	0.0000	0.0000	0.0000	1.0000	0.0000	0.0000	0.0000	0.3154	0.2178	0.4070	0.1541	0.2778	0.5121	0.8900	0.6751	0.8606
sample12	309.1000	0.0000	0.0000	0.0000	0.0000	0.0000	0.0000	0.0000	0.0000	0.0000	0.0000	0.0000	0.0000	0.4308	0.3357	0.7326	0.1961	0.4630	0.5407	0.1086	0.9071	0.1500
sample13	360.2000	0.0000	0.0000	0.3333	0.0000	0.0000	0.0000	0.0000	0.0000	0.0000	0.0000	0.0000	0.0000	0.5846	0.3252	0.7326	0.2563	0.4599	0.5645	0.4545	0.5685	0.6145
sample14	256.1000	0.0000	0.0000	0.0000	0.0000	0.0000	0.2500	0.0000	0.0000	0.0000	0.0000	0.0000	0.0000	0.3385	0.5163	0.3372	0.3193	1.0000	0.5077	0.9049	0.6560	0.9120
sample15	492.0000	0.0000	0.0000	0.0000	0.0000	0.0000	0.0000	0.0000	0.0000	0.0000	0.0000	0.0000	0.0000	0.9692	0.2464	0.7326	0.3641	0.2160	0.7023	0.0000	0.3540	0.4410
sample16	158.8000	0.0000	0.0000	0.0000	0.0000	0.0000	0.0000	0.0000	0.0000	0.0000	0.0000	0.0000	0.0000	0.1692	0.3083	0.7326	0.0000	0.4630	0.0964	0.7492	0.7993	0.7804
sample17	89.5000	0.0000	0.0000	0.0000	1.0000	0.0000	0.0000	0.0000	0.0000	0.0000	0.0000	0.0000	0.0000	0.0769	0.0141	0.4535	0.1471	0.0000	0.0000	1.0000	1.0000	0.9819
sample18	399.0000	0.0000	0.0000	0.0000	0.0000	0.0000	0.0000	0.5000	0.0000	0.0000	0.0000	0.0000	0.0000	0.9308	0.0227	0.7326	0.3291	0.0340	0.6217	0.3572	0.2532	0.6584
sample19	513.2000	0.0000	0.0000	0.0000	0.0000	0.0000	0.0000	0.0000	0.0000	0.0000	0.0000	0.0000	0.0000	0.9615	0.0000	0.7326	0.3155	0.0000	0.6790	0.2032	0.3961	0.3956
sample20	386.0000	0.0000	0.0000	0.0000	0.0000	0.0000	0.0000	0.0000	0.0000	0.0000	0.0000	0.0000	0.0000	1.0000	0.0059	1.0000	0.3081	0.0185	0.7563	0.3906	0.0000	0.5924
sample21	338.0000	0.0000	0.0000	0.0000	0.0000	0.0000	0.0000	0.0000	0.0000	0.0000	0.0000	0.0000	0.0000	0.9769	0.0087	1.0000	0.3123	0.0154	0.7287	0.1465	0.4127	0.4230
sample22	424.0000	0.0000	0.0000	0.3333	0.0000	0.0000	0.0000	0.0000	0.0000	0.0000	0.0000	0.0000	0.0000	0.7538	0.0913	0.7326	0.3123	0.3889	0.6129	0.4672	0.6647	0.6362
sample23	438.0000	0.0000	0.0000	0.3333	0.0000	0.0000	0.0000	0.0000	0.0000	0.0000	0.0000	0.0000	0.0000	0.9462	0.2027	0.7326	0.3683	0.2315	0.6593	0.5685	0.4448	0.6227
sample24	468.0000	0.0000	0.0000	0.0000	0.0000	0.0000	0.0000	0.0000	0.0000	0.0000	0.0000	0.0000	0.0000	0.7846	0.2540	0.7326	0.3081	0.3796	0.6320	0.1543	0.1200	0.0135
sample25	272.0000	0.0000	0.0000	0.0000	0.0000	0.0000	0.0000	0.0000	0.0000	0.0000	1.0000	0.0000	0.0000	0.4308	0.2146	0.6395	0.1401	0.2160	0.4706	0.8459	0.6439	0.8863
sample26	328.1500	0.0000	0.0000	0.0000	0.0000	0.0000	0.0000	0.0000	0.0000	0.0000	0.0000	0.0000	0.0000	0.4308	1.0000	0.7326	0.1471	0.2469	0.5435	0.7307	0.4927	0.7409
sample27	248.0000	0.0000	0.0000	0.0000	0.0000	0.2500	0.0000	0.0000	0.0000	0.0000	0.0000	0.0000	0.0000	0.3154	0.2325	0.3605	0.1625	0.3148	0.4471	0.8709	0.7047	0.8848
sample28	263.4000	0.0000	0.0000	0.0000	0.0000	0.0000	0.0000	0.0000	0.0000	0.0000	0.0000	1.0000	0.0000	0.6846	0.2721	0.0000	0.2885	0.6111	1.0000	0.8906	0.0104	0.9122
sample29	90.3410	0.0000	0.0000	0.0000	0.0000	0.0000	0.0000	0.0000	0.0000	0.0000	0.0000	0.0000	0.0000	0.0000	0.3947	0.0000	0.0420	0.2160	0.0388	1.0000	0.8492	0.9588
sample30	394.5000	0.0000	0.0000	0.0000	0.0000	0.0000	0.0000	0.0000	0.0000	0.0000	0.0000	0.0000	0.0000	0.6154	0.2888	0.7326	0.2031	0.2840	0.5852	0.2815	0.3015	0.4368
sample31	256.6500	0.0000	0.0000	0.0000	0.0000	0.0000	0.0000	0.0000	0.0000	0.0000	0.0000	0.0000	0.0000	0.2385	0.0000	0.0000	0.0915	0.0000	0.4708	0.9735	0.6110	0.9410
sample32	256.1000	0.0000	0.0000	0.0000	0.0000	0.0000	0.0000	0.0000	0.0000	0.0000	0.0000	0.0000	0.0000	0.4385	0.2256	1.0000	0.1471	0.2284	0.5172	0.6677	0.3390	0.7270
sample33	249.0000	0.0000	0.0000	0.0000	0.0000	1.0000	0.0000	0.0000	0.0000	0.0000	0.0000	0.0000	0.0000	0.4385	0.0131	0.3605	0.3775	0.0000	0.4138	0.9791	0.8759	1.0000
sample34	251.6000	0.0000	0.0000	0.3333	0.0000	0.2500	0.0000	0.0000	0.0000	0.0000	0.0000	0.0000	0.0000	0.4615	0.2932	0.6395	0.2717	0.4753	0.4908	0.7266	0.5394	0.8563
sample35	446.0000	0.0000	0.0000	0.0000	0.0000	0.0000	0.0000	0.0000	0.0000	0.0000	0.0000	0.0000	0.0000	0.7538	0.1566	1.0000	0.2633	0.2315	0.5841	0.2734	0.0508	0.0000
sample36	389.1500	0.0000	0.0000	0.0000	0.0000	0.0000	0.0000	0.0000	0.0000	0.0000	0.0000	0.0000	0.0000	0.5846	0.2758	1.0000	0.2073	0.2778	0.5386	0.3214	0.1404	0.1621
sample37	301.0000	0.0000	0.0000	0.0000	0.0000	0.0000	0.0000	0.0000	0.0000	0.0000	0.0000	0.0000	0.0000	0.6462	0.2697	1.0000	0.1961	0.2685	0.6608	0.5706	0.4194	0.7115
sample38	174.3000	0.0000	0.0000	0.0000	0.0000	0.0000	0.0000	0.0000	0.0000	0.0000	0.0000	0.0000	0.0000	0.4615	0.9796	0.0000	0.1401	0.2160	0.6134	0.9397	0.3544	0.9297
sample39	415.0000	0.0000	0.0000	0.6667	0.0000	0.0000	0.0000	0.0000	0.0000	0.0000	0.0000	0.0000	0.0000	0.9154	0.0945	0.7326	0.4202	0.2685	0.6511	0.8255	0.4856	0.8579
sample40	246.6500	0.0000	0.0000	0.0000	0.0000	0.0000	0.0000	0.0000	0.5000	0.0000	0.0000	0.0000	0.0000	0.5000	0.4680	0.3605	0.2115	0.5309	0.5753	0.8364	0.5023	0.8756
sample41	478.0000	1.0000	0.0000	0.0000	0.0000	0.0000	0.0000	0.0000	0.0000	0.0000	0.0000	0.0000	0.0000	0.9692	0.1450	0.7326	0.3782	0.2778	0.7050	0.1261	0.3394	0.3357
sample42	338.7000	0.0000	0.0000	0.0000	0.0000	0.0000	0.0000	0.0000	0.0000	0.0000	0.0000	0.0000	0.0000	0.6615	0.2167	0.7326	0.2101	0.4630	0.4902	0.1865	0.6156	0.4810
