        Rank        RMSE       MaxAE  Feature_ID
           1    2.932094    7.882931  (     181   10039)
           2    2.935165    7.926602  (     181   10036)
           3    2.970618    7.235369  (     217   10024)
           4    2.982691    7.360088  (     217   10023)
           5    2.988739    7.563117  (     217   10073)
           6    2.990818    8.133208  (     181   10064)
           7    3.004478    7.784517  (    2735   10145)
           8    3.005845    8.234555  (      87   10145)
           9    3.006009    7.658060  (     217   10117)
          10    3.007603    7.560213  (     181   10259)
          11    3.012548    6.776247  (    8930   18792)
          12    3.014155    6.735519  (    7355   18792)
          13    3.019570    6.744383  (    6192   18792)
          14    3.021485    7.871490  (    2068   13524)
          15    3.022527    6.658724  (     388   18792)
          16    3.022583    7.502658  (     217   10039)
          17    3.024098    6.996278  (     388   10546)
          18    3.026148    8.050879  (    5346   11938)
          19    3.027553    7.387830  (      43   15661)
          20    3.028640    7.234940  (      43   14527)
          21    3.029347    8.725486  (      43   13184)
          22    3.029894    7.355630  (      43   14603)
          23    3.030444    6.713799  (    4278   18792)
          24    3.030888    7.969403  (     217   10259)
          25    3.033237    7.444227  (     217   10036)
          26    3.035361    8.125565  (    2068   18792)
          27    3.036637    7.359826  (     189   12609)
          28    3.037287    9.058036  (    9191   19876)
          29    3.042778    7.907339  (      22   15862)
          30    3.045278    6.279091  (    2199   10546)
          31    3.045974    7.789173  (       1   10391)
          32    3.046604    6.318792  (    9074   14527)
          33    3.047781    7.902235  (    7237   15147)
          34    3.048605    7.217646  (     189   14346)
          35    3.049155    6.479158  (    2703   18792)
          36    3.053318    6.953812  (     223   10546)
          37    3.055593    8.066505  (      38   10175)
          38    3.055776    8.177675  (      77   10145)
          39    3.056110    6.980965  (    9031   18792)
          40    3.058365    6.774622  (     223   18792)
          41    3.059040    7.423985  (    8679   10145)
          42    3.059164    7.237864  (     189   12213)
          43    3.060115    7.318122  (    4418   10024)
          44    3.061047    9.089776  (       2   16027)
          45    3.061964    7.907924  (     181   10024)
          46    3.062199    7.129742  (     189   16529)
          47    3.062534    7.675435  (     130   10039)
          48    3.062764    6.295229  (    9650   14527)
          49    3.063140    7.982615  (     181   10023)
          50    3.063443    7.875085  (    4782   18792)
          51    3.064465    7.102710  (     189   13917)
          52    3.065146    7.959267  (      80   10175)
          53    3.065384    8.601622  (    2991   10145)
          54    3.065579    8.597101  (    2595   10145)
          55    3.066280    7.454127  (    4418   10023)
          56    3.066313    8.604832  (    3464   10145)
          57    3.067878    7.517399  (     217   10103)
          58    3.068194    7.429329  (      43   18686)
          59    3.068835    7.729518  (      38   10391)
          60    3.069241    7.286049  (    9414   10391)
          61    3.071058    8.055698  (    7489   13184)
          62    3.071512    7.733208  (     130   10036)
          63    3.072332    6.463347  (    8609   11449)
          64    3.072601    7.218829  (       1   10021)
          65    3.072946    8.183799  (     181   10103)
          66    3.073297    7.150128  (    2703   10546)
          67    3.073815    8.628039  (    3162   10145)
          68    3.074305    7.019059  (     189   16028)
          69    3.075061    7.128763  (    3544   14527)
          70    3.075326    7.926162  (     153   10175)
          71    3.075566    7.899623  (    2569   15147)
          72    3.075905    8.895100  (      87   10875)
          73    3.076293    7.534323  (      70   12655)
          74    3.077608    7.315220  (     130   10259)
          75    3.077687    8.664916  (      43   15022)
          76    3.078490    7.246142  (    8661   12609)
          77    3.079059    8.234658  (       2   10145)
          78    3.079140    8.217333  (    1260   10145)
          79    3.079987    6.590638  (    2569   18792)
          80    3.080463    7.780826  (    8609   15661)
          81    3.082335    7.716774  (      80   10391)
          82    3.082522    7.796740  (    5815   15147)
          83    3.082564    6.318426  (       1   10014)
          84    3.082901    8.717198  (     787   19553)
          85    3.082919    8.153509  (    6681   13184)
          86    3.083352    6.981807  (    8713   18792)
          87    3.084297    7.553868  (      68   12655)
          88    3.085391    6.984135  (    9682   18792)
          89    3.085464    7.921400  (     107   15862)
          90    3.085630    8.540445  (    1100   10145)
          91    3.086136    8.506502  (     181   10080)
          92    3.088022    8.930166  (     964   10121)
          93    3.088467    7.463729  (       1   10001)
          94    3.088655    8.538982  (    3744   10145)
          95    3.088676    8.901379  (    9191   15862)
          96    3.089273    8.215612  (    2892   10145)
          97    3.089750    8.148812  (     955   10875)
          98    3.090446    7.788387  (      17   10016)
          99    3.090462    7.271017  (       1   10029)
         100    3.090704    8.120778  (    4533   11938)
