        Rank        RMSE       MaxAE  Feature_ID
           1   28.320454   82.954475  (      17   10692)
           2   28.567018   85.444721  (      17   15177)
           3   29.045971   83.095899  (      31   10743)
           4   29.054232   83.588816  (      17   15258)
           5   29.160385   84.343680  (      17   16614)
           6   29.187097   63.583993  (       2   10692)
           7   29.198068   97.481381  (      17   12938)
           8   29.237266   79.452682  (      11   10692)
           9   29.266124   84.749227  (      17   16609)
          10   29.315458   74.461358  (      17   19297)
          11   29.330862   77.683190  (      17   18102)
          12   29.332729   80.022874  (      11   10743)
          13   29.367060   83.818371  (      17   16592)
          14   29.454331   79.189010  (     648   16274)
          15   29.501405   62.342789  (       7   10743)
          16   29.504923   83.971293  (      17   16476)
          17   29.519538   82.821120  (      17   14865)
          18   29.544656   83.744130  (      17   17607)
          19   29.560788   83.668132  (      17   17797)
          20   29.560897   83.668467  (      17   17800)
          21   29.561005   83.668802  (      17   17801)
          22   29.578327   83.593167  (      17   18006)
          23   29.635208   80.421275  (       8   10743)
          24   29.655985   80.922765  (      17   15391)
          25   29.679158   56.081414  (       7   10692)
          26   29.699803   98.455402  (      19   10692)
          27   29.711063   84.138827  (      17   15464)
          28   29.724164   63.447656  (       2   10743)
          29   29.777279   86.766577  (     139   13483)
          30   29.818230   82.627731  (      31   10692)
          31   29.832413   86.970952  (      17   13060)
          32   29.845831   89.607448  (      17   17730)
          33   29.939001   81.858378  (      43   16274)
          34   29.980941   92.815845  (      17   17146)
          35   30.034692   90.936269  (      43   13483)
          36   30.044488   83.968414  (      11   11244)
          37   30.088395   57.043990  (       7   15177)
          38   30.187881   66.190677  (      14   10692)
          39   30.206196   80.097799  (       8   10692)
          40   30.210815   87.270907  (      31   11244)
          41   30.248376   65.888665  (      20   10743)
          42   30.270701   80.654060  (     353   16274)
          43   30.280355   90.787342  (      17   12646)
          44   30.295173   89.320902  (      31   14901)
          45   30.329931   58.152891  (       7   15464)
          46   30.344688   88.373508  (      43   10286)
          47   30.344918   88.383019  (      43   10287)
          48   30.364428   89.035670  (      43   10820)
          49   30.367725   70.473032  (     247   12199)
          50   30.403382  104.125025  (      77   13483)
          51   30.432393   85.136871  (      31   15177)
          52   30.446527   77.655770  (     139   16274)
          53   30.458315   88.161237  (      43   12712)
          54   30.475723   83.983138  (     123   10011)
          55   30.480052   81.991311  (      11   15177)
          56   30.486442   89.808785  (      43   11188)
          57   30.491056   57.754899  (       7   16614)
          58   30.504041   89.814587  (      43   11058)
          59   30.520730   66.398802  (      21   10743)
          60   30.524984   90.707076  (     648   12958)
          61   30.528144   89.176520  (      43   10412)
          62   30.533442   88.674646  (      43   10965)
          63   30.540271   66.932804  (     247   16913)
          64   30.560742   78.602936  (      69   10388)
          65   30.603809   57.820440  (       7   14865)
          66   30.605483   69.025090  (      21   10692)
          67   30.611239   91.658662  (     123   10264)
          68   30.613299   87.835910  (      43   11486)
          69   30.619283   85.582740  (      17   10276)
          70   30.621665   90.133793  (      51   10264)
          71   30.628864   57.327163  (       7   16609)
          72   30.634714   70.394368  (     308   16913)
          73   30.638679   74.176946  (     308   12199)
          74   30.640669   71.659644  (      16   10692)
          75   30.663760   93.190666  (      43   15003)
          76   30.673295   82.763319  (      51   10011)
          77   30.674053   63.331062  (      12   10743)
          78   30.674783  109.162835  (     372   10264)
          79   30.675449   98.734669  (      17   10343)
          80   30.686944   57.492213  (       7   16592)
          81   30.690363   88.968888  (      43   15189)
          82   30.692388   90.739374  (      43   11480)
          83   30.697015   57.847907  (       7   17146)
          84   30.698250   67.537128  (       2   16609)
          85   30.716538   91.037898  (      43   10290)
          86   30.717511   67.837064  (     247   12058)
          87   30.722673   57.716376  (       7   17607)
          88   30.723521   79.631239  (      64   14529)
          89   30.727108   68.053080  (     247   12242)
          90   30.727241   81.622396  (      11   10276)
          91   30.736237   57.831198  (       7   15258)
          92   30.741020   83.678878  (     139   15003)
          93   30.741989   68.455060  (      79   15177)
          94   30.742505   88.024098  (    3761   10006)
          95   30.743849   94.147561  (    1502   11244)
          96   30.745332   67.092324  (     247   12297)
          97   30.746530   92.792363  (     648   10202)
          98   30.756140   89.334300  (      43   15888)
          99   30.760256   86.077087  (      11   14901)
         100   30.762393   57.864498  (       7   17730)
