Model_ID, [(c_i,i=0,n)_j,j=1,ntask]
           1    0.2047447558E+03    0.1101103489E+03   -0.1444870113E+04
           2    0.2040233072E+03    0.1154766184E+03    0.1508011526E+04
           3    0.2034551553E+03    0.1138675270E+03    0.1155908107E+04
           4    0.2034024927E+03    0.1151831290E+03    0.1179453373E+04
           5    0.2044335151E+03    0.1145016967E+03    0.1163959874E+04
           6    0.2477082424E+03    0.1101047791E+03   -0.1310199344E+04
           7    0.2115436608E+03    0.1189508523E+03   -0.3308962170E+04
           8    0.2032322701E+03    0.1055315848E+03   -0.1394698979E+04
           9    0.2050272131E+03    0.1140966917E+03    0.1167067988E+04
          10    0.2046473428E+03    0.1141977561E+03    0.1155198543E+04
          11    0.2042091694E+03    0.1144106738E+03    0.1158089678E+04
          12    0.2010317480E+03    0.1122247073E+03    0.1110271736E+04
          13    0.2038614366E+03    0.1146041495E+03    0.1163597557E+04
          14    0.2199711534E+03    0.1160447134E+03    0.4357488355E+03
          15    0.2173437200E+03    0.1024282358E+03    0.1098892433E+04
          16    0.2040814765E+03    0.1144163568E+03    0.1154719167E+04
          17    0.2026433956E+03    0.1150316163E+03    0.1148930937E+04
          18    0.2037934151E+03    0.1145474792E+03    0.1153721056E+04
          19    0.2036829002E+03    0.1146243077E+03    0.1153734293E+04
          20    0.2036833145E+03    0.1146241139E+03    0.1153730161E+04
          21    0.2036837289E+03    0.1146239201E+03    0.1153726025E+04
          22    0.2035736982E+03    0.1147001535E+03    0.1153663850E+04
          23    0.1838092892E+03    0.1042556874E+03    0.1095194867E+04
          24    0.2043743161E+03    0.1116433131E+03   -0.1182978996E+04
          25    0.2186912213E+03    0.9626251444E+02   -0.1370392539E+04
          26    0.2241114896E+03    0.1350989301E+03   -0.1393517508E+04
          27    0.2038538315E+03    0.1153363182E+03    0.1164172815E+04
          28    0.2484258439E+03    0.1163467983E+03    0.1023181249E+04
          29    0.1941483013E+03    0.1112437935E+03    0.5328175854E+03
          30    0.2060302214E+03    0.1064323150E+03   -0.1414874862E+04
          31    0.2063377029E+03    0.1129092608E+03   -0.1880774886E+04
          32    0.2031868816E+03    0.1148058973E+03    0.1145671490E+04
          33    0.3051908688E+03    0.9970320598E+02    0.3913146928E+03
          34    0.2028036988E+03    0.1149557155E+03    0.1140868384E+04
          35    0.3039054163E+03    0.1017194666E+03    0.5093026289E+03
          36    0.2039902433E+03    0.1110270291E+03   -0.1486427864E+04
          37    0.2186965743E+03    0.1006400032E+03    0.1418173033E+04
          38    0.2411324456E+03    0.1202772249E+03   -0.1363291204E+04
          39    0.1874078569E+03    0.9783141074E+02   -0.1349838508E+04
          40    0.2067203200E+03    0.1123408675E+03   -0.1528925952E+04
          41    0.2222451587E+03    0.1278481995E+03    0.1094215930E+04
          42    0.2008261052E+03    0.1098069640E+03    0.4180836396E+03
          43    0.2076784580E+03    0.1167423859E+03    0.4747711562E+03
          44    0.2058219407E+03    0.1124655083E+03   -0.1126388407E+04
          45    0.2181259367E+03    0.1009720855E+03    0.1122122199E+04
          46    0.3036141344E+03    0.1055835292E+03    0.3669273438E+03
          47    0.3036219606E+03    0.1055795926E+03    0.3669834459E+03
          48    0.2941572276E+03    0.1030938734E+03   -0.1084764559E+04
          49    0.2255662744E+03    0.9010354158E+02    0.1742264582E+04
          50    0.2113686168E+03    0.1399802124E+03    0.5144699402E+03
          51    0.2055437244E+03    0.1113225476E+03    0.1458366059E+04
          52    0.1980251787E+03    0.1085925234E+03    0.4009136606E+03
          53    0.3014354250E+03    0.1003222683E+03   -0.4739805550E+03
          54    0.2757661359E+03    0.8893551245E+02    0.3590627078E+03
          55    0.2029891433E+03    0.1099191943E+03    0.1408006541E+04
          56    0.3053755937E+03    0.1063264736E+03   -0.3766960813E+03
          57    0.2189076327E+03    0.9990479223E+02    0.1098754313E+04
          58    0.3052777337E+03    0.1060882697E+03   -0.3758248462E+03
          59    0.2284696646E+03    0.9722756563E+02    0.1087479571E+04
          60    0.2163189331E+03    0.1226657285E+03    0.3393099795E+03
          61    0.3042373971E+03    0.1051676869E+03    0.3684102157E+03
          62    0.3037905396E+03    0.1052939643E+03    0.3690249432E+03
          63    0.2197816051E+03    0.9235263037E+02    0.1712447338E+04
          64    0.1892415202E+03    0.9857991237E+02    0.1218880793E+04
          65    0.2171632038E+03    0.1004638028E+03    0.1091455861E+04
          66    0.2291389282E+03    0.9143034957E+02   -0.1360220752E+04
          67    0.2784176106E+03    0.8745809449E+02   -0.3386268203E+03
          68    0.3030706046E+03    0.1055714126E+03    0.3652631349E+03
          69    0.2045151194E+03    0.1138824921E+03   -0.1267700605E+04
          70    0.2604783168E+03    0.8264024473E+02   -0.3276587663E+03
          71    0.2194408323E+03    0.9954685682E+02    0.1100182538E+04
          72    0.2201296415E+03    0.9852919947E+02    0.1720526591E+04
          73    0.2259416407E+03    0.9605112009E+02    0.1742593550E+04
          74    0.2719037923E+03    0.1179025946E+03   -0.1351047367E+04
          75    0.2971023804E+03    0.1031663649E+03   -0.3585964592E+03
          76    0.2576449675E+03    0.8389758391E+02    0.3453406045E+03
          77    0.2407892729E+03    0.1238848043E+03    0.1067763792E+04
          78    0.2512795034E+03    0.8871272773E+02   -0.3537236784E+03
          79    0.2131521683E+03    0.1175545821E+03   -0.4033837590E+04
          80    0.2183818829E+03    0.9998602504E+02    0.1097692948E+04
          81    0.3058724200E+03    0.1036236722E+03   -0.3448301123E+03
          82    0.3062621134E+03    0.1062474776E+03   -0.4610216592E+03
          83    0.2171278215E+03    0.1005877974E+03    0.1095386819E+04
          84    0.2495365011E+03    0.1133416383E+03    0.1026709759E+04
          85    0.3033082241E+03    0.1002833454E+03    0.3663311288E+03
          86    0.2227615665E+03    0.9108554836E+02    0.1718766118E+04
          87    0.2182479306E+03    0.1000075887E+03    0.1092686408E+04
          88    0.1899572100E+03    0.1287533884E+03   -0.7632253823E+03
          89    0.2229842351E+03    0.9103656446E+02    0.1714545855E+04
          90    0.2025369921E+03    0.1094441720E+03   -0.1247555670E+04
          91    0.2181811158E+03    0.1002831080E+03    0.1100732987E+04
          92    0.1856044244E+03    0.1127214381E+03   -0.3725416364E+03
          93    0.2218588951E+03    0.1037080883E+03    0.1493554820E+04
          94    0.2754758419E+03    0.7985458616E+02   -0.2620911059E+04
          95    0.9107381681E+02    0.1579920108E+03   -0.1752114582E+04
          96    0.2238781982E+03    0.9061714159E+02    0.1723324482E+04
          97    0.2207881884E+03    0.1199804923E+03    0.2397918602E+04
          98    0.3061650803E+03    0.1034388280E+03   -0.3457906303E+03
          99    0.2034573661E+03    0.1107474185E+03   -0.1072557230E+04
         100    0.2175785338E+03    0.1003547366E+03    0.1093177082E+04
