     Index              y_true              y_pred        descriptor_1        descriptor_2
         1    0.6511000000E+02    0.5848804846E+02    0.7233320800E+00   -0.4934063552E-02
         2    0.1850000000E+02    0.2469621533E+02   -0.3614916800E+00   -0.1776676088E-02
         3    0.1464000000E+02    0.3957999336E+02    0.1705097500E+00   -0.9256110754E-02
         4    0.5060000000E+01    0.3537369776E+01    0.3265006800E+00   -0.1534364619E+00
         5    0.5090000000E+02    0.5936102299E+02    0.7770390000E+00   -0.7901447400E-02
         6    0.1845000000E+02    0.2704604032E+02   -0.3009433000E+00   -0.3232506480E-03
         7    0.2720000000E+02    0.2359499893E+02   -0.3530131200E+00   -0.6599016000E-02
         8    0.6900000000E+02    0.6991664675E+02    0.7364149900E+00    0.3375531822E-01
         9    0.6942000000E+02    0.8335267266E+02    0.1308279840E+01    0.1670916346E-01
        10    0.6276000000E+02    0.5375603190E+02    0.6040747800E+00   -0.8161346410E-02
        11    0.1790000000E+02    0.3105923695E+02   -0.4739188000E-01   -0.1471230208E-01
        12    0.2681000000E+02    0.2977216507E+02   -0.2284457300E+00    0.1109758760E-02
        13    0.2045000000E+02    0.1866923405E+02   -0.5526856400E+00   -0.1470976416E-02
        14    0.2622000000E+02    0.2530138326E+02    0.6853775000E-01   -0.4797194280E-01
        15    0.7520000000E+02    0.6875440773E+02    0.6718629600E+00    0.3692489150E-01
        16    0.5646000000E+02    0.6069607558E+02    0.6952111200E+00    0.5984739168E-02
        17    0.3615000000E+02    0.3779695703E+02    0.5989142000E+00   -0.6366080415E-01
        18    0.4537000000E+02    0.3104705211E+02   -0.1321693900E+00   -0.5228790875E-02
        19    0.2796000000E+02    0.2697173630E+02   -0.2606979200E+00   -0.5106667104E-02
        20    0.6056000000E+02    0.5727548733E+02    0.1939180700E+00    0.5029455930E-01
        21    0.3682000000E+02    0.5512319160E+02    0.5802002800E+00   -0.6744759840E-03
        22    0.4307000000E+02    0.5579031796E+02    0.6572817000E+00   -0.6991758648E-02
        23    0.4460000000E+02    0.3426949743E+02    0.5579885000E-01   -0.1502701200E-01
        24    0.8872000000E+02    0.6455035645E+02    0.8157980600E+00    0.5978295480E-02
        25    0.5774000000E+02    0.4798941255E+02    0.4320939500E+00   -0.9099700736E-02
        26    0.2551000000E+02    0.2457050757E+02   -0.1635925500E+00   -0.2445605000E-01
        27    0.7737000000E+02    0.6855076946E+02    0.9941000000E+00    0.0000000000E+00
        28    0.2817000000E+02    0.3523272872E+02   -0.4957550000E-01    0.1984974880E-03
        29    0.6660000000E+02    0.6316309460E+02    0.7635870400E+00    0.6970408704E-02
        30    0.3200000000E+01    0.4783680278E+01   -0.1000000000E+01    0.0000000000E+00
        31    0.1790000000E+02    0.2500223086E+02   -0.7244677000E-01   -0.3318091871E-01
        32    0.2548000000E+02    0.1440013712E+02   -0.6939109000E+00   -0.6030757650E-03
        33    0.3187000000E+02    0.2816044369E+02   -0.2322901700E+00   -0.4121750640E-02
        34    0.7420000000E+02    0.6508211180E+02    0.7723647600E+00    0.1272739372E-01
        35    0.2680000000E+02    0.3658899699E+02   -0.1469760000E-02   -0.4412210880E-03
        36    0.3120000000E+02    0.2656111868E+02   -0.2347123100E+00   -0.9469521705E-02
        37    0.4216000000E+02    0.3524814704E+02    0.6456790000E-01   -0.1257345471E-01
        38    0.5301000000E+02    0.4370369731E+02    0.3427128500E+00   -0.1411585040E-01
        39    0.6383000000E+02    0.5836754298E+02    0.6848447400E+00   -0.1032745854E-02
        40    0.4263000000E+02    0.5048366487E+02    0.4283466000E+00    0.8605435200E-04
        41    0.6029000000E+02    0.6079175804E+02    0.6682881400E+00    0.9346259195E-02
        42    0.6524000000E+02    0.7144381814E+02    0.6645728400E+00    0.4719451780E-01
