        Rank        RMSE       MaxAE  Feature_ID
           1   25.861876   73.105597  (       1   10020)
           2   25.874105   85.745971  (       1   10004)
           3   25.967007   79.712981  (       1   10001)
           4   25.979057   86.568665  (       1   10013)
           5   26.009817   65.839269  (       1   10003)
           6   26.015419   66.131025  (       2   10003)
           7   26.033702   87.186734  (       1   10027)
           8   26.042279   85.902916  (       1   10002)
           9   26.068809   71.610282  (       1   10011)
          10   26.094180   88.107770  (       1   10044)
          11   26.124993   71.472404  (       1   10015)
          12   26.148475   93.887459  (       1   10007)
          13   26.164062   97.414745  (       1   10005)
          14   26.164469   89.944669  (       1   10008)
          15   26.167109   85.036412  (       1   10017)
          16   26.168186   81.018997  (       1   10006)
          17   26.188624   72.524650  (       1   10053)
          18   26.205784   85.885126  (       1   10023)
          19   26.218470   84.952535  (       1   10009)
          20   26.226563   89.356569  (       1   10010)
          21   26.254516   86.809219  (       1   10262)
          22   26.255706   71.572625  (       1   10025)
          23   26.281284   89.265289  (       1   10014)
          24   26.281299   88.127781  (       1   10030)
          25   26.293056   96.202123  (       1   10012)
          26   26.301826   97.472346  (       1   10016)
          27   26.307031   87.637071  (       1   10096)
          28   26.307385   86.331917  (       1   10032)
          29   26.314157   72.408240  (       1   10072)
          30   26.315033   94.124768  (       1   10041)
          31   26.331197   90.295680  (       1   10018)
          32   26.342400   81.602076  (       1   10037)
          33   26.344925   80.624358  (       1   19635)
          34   26.346387   88.966426  (       1   10019)
          35   26.348462   88.044327  (       1   10022)
          36   26.350410   88.268802  (       1   10164)
          37   26.374599   90.226307  (       1   10021)
          38   26.381838   90.040278  (       1   10033)
          39   26.382530   87.106787  (       1   10120)
          40   26.383557   86.153200  (       1   10024)
          41   26.385490   85.649567  (       1   10106)
          42   26.389637   85.242317  (       1   10058)
          43   26.391069   95.084526  (       1   10028)
          44   26.391709   89.719104  (       1   10235)
          45   26.411160   94.161357  (       1   10026)
          46   26.422561   85.130521  (       1   10029)
          47   26.432202   82.270991  (       1   10159)
          48   26.435136   86.696017  (       1   10062)
          49   26.442816   82.991638  (       1   10085)
          50   26.446304   86.406398  (       1   10035)
          51   26.453579   89.886308  (       1   10031)
          52   26.458665   88.006321  (       1   10186)
          53   26.470533   87.481924  (       1   10397)
          54   26.472698   80.385319  (       1   10051)
          55   26.477093   95.235356  (       1   10034)
          56   26.482770   96.192950  (       1   10104)
          57   26.485166   88.530360  (       1   10145)
          58   26.488241   87.083746  (       1   10057)
          59   26.491915   90.426005  (       1   10036)
          60   26.494999   90.416929  (       1   10067)
          61   26.495377   86.566949  (       1   10038)
          62   26.495961   83.194717  (       1   10046)
          63   26.497946   88.641507  (       1   10271)
          64   26.498269   88.333551  (       1   10101)
          65   26.498656   89.269605  (       1   10073)
          66   26.518093   64.458968  (      10   10003)
          67   26.521206   89.671789  (       1   10357)
          68   26.525343   87.873636  (       1   10184)
          69   26.531102   80.780817  (      22   16452)
          70   26.531172   63.373863  (       1   10039)
          71   26.533114   86.001647  (       1   10126)
          72   26.535058   63.623313  (       7   10003)
          73   26.536302   87.738769  (       1   10722)
          74   26.540702   94.130207  (       1   10084)
          75   26.544885   96.689988  (       1   10040)
          76   26.545167   85.812527  (       1   10191)
          77   26.549835   90.696798  (       1   10490)
          78   26.553938   85.566173  (       1   10132)
          79   26.554601   90.262964  (       1   10323)
          80   26.555135   90.384794  (       1   10059)
          81   26.555368   87.860253  (       1   10042)
          82   26.557667   82.219231  (       1   10117)
          83   26.559037   91.455728  (       1   10043)
          84   26.564162   87.512194  (       1   10045)
          85   26.564395   85.788894  (       1   10052)
          86   26.566614   90.079924  (       1   10047)
          87   26.567834   92.036137  (       1   10056)
          88   26.568633   95.370684  (       1   10048)
          89   26.570934   91.474996  (       1   10094)
          90   26.575004   88.545756  (       1   10463)
          91   26.575244   84.413019  (       1   10113)
          92   26.576590   64.064029  (       1   10049)
          93   26.582880   81.295720  (       1   10276)
          94   26.585789   86.668422  (       1   10063)
          95   26.587300  100.131058  (       1   10064)
          96   26.587623   94.457586  (       1   10069)
          97   26.588277   88.379037  (       1   10050)
          98   26.589657   88.444925  (       1   10108)
          99   26.591067   90.703926  (       1   10060)
         100   26.595002   64.398196  (       1   10054)
