Model_ID, [(c_i,i=0,n)_j,j=1,ntask]
           1    0.2143785053E+02    0.1966318995E+02   -0.1650587305E+03
           2    0.2142390991E+02    0.1981296926E+02   -0.1650257225E+03
           3    0.1973004668E+02    0.1883477097E+02   -0.1558357694E+03
           4    0.2143401309E+02    0.1978114089E+02   -0.1651060277E+03
           5    0.2145146112E+02    0.1971718684E+02   -0.1649806853E+03
           6    0.2143134010E+02    0.1978838161E+02   -0.1650240521E+03
           7    0.2143087715E+02    0.1978957355E+02   -0.1650087709E+03
           8    0.2143040955E+02    0.1979076035E+02   -0.1649930365E+03
           9    0.2142751380E+02    0.1979775503E+02   -0.1648894068E+03
          10    0.2143556637E+02    0.1976386194E+02   -0.1647740917E+03
          11    0.2156802723E+02    0.1996181661E+02   -0.1694966491E+03
          12    0.1975477627E+02    0.1885709248E+02   -0.1383982643E+03
          13    0.2140171969E+02    0.1985262725E+02   -0.1642040513E+03
          14    0.2138129019E+02    0.1970666769E+02   -0.1603239566E+03
          15    0.2140358378E+02    0.1989321597E+02   -0.1629996217E+03
          16    0.1979368816E+02   -0.1851743683E+02    0.1498346834E+03
          17    0.1958559250E+02   -0.1858393914E+02    0.1525258046E+03
          18    0.1961763548E+02   -0.1862150120E+02    0.1528625752E+03
          19    0.1958457059E+02    0.1847789439E+02   -0.1487424323E+03
          20    0.1965285406E+02    0.1865811148E+02    0.1532267584E+03
          21    0.1956482122E+02    0.1861641335E+02   -0.1489110953E+03
          22    0.1951254219E+02   -0.1840062144E+02    0.1516286871E+03
          23    0.1952249686E+02   -0.1850060330E+02    0.1518507155E+03
          24    0.1957457316E+02    0.1858540425E+02   -0.1488752662E+03
          25    0.1955343976E+02   -0.1859371298E+02    0.1478547498E+03
          26    0.2140609889E+02    0.1979579077E+02   -0.1625507465E+03
          27    0.1957144997E+02    0.1859148832E+02   -0.1487828094E+03
          28    0.1957091612E+02    0.1859249316E+02   -0.1487659558E+03
          29    0.1957037886E+02    0.1859349461E+02   -0.1487487003E+03
          30    0.1954600469E+02    0.1866009783E+02   -0.1483890235E+03
          31    0.1950788190E+02   -0.1841479350E+02    0.1516981164E+03
          32    0.1956709217E+02    0.1859941710E+02   -0.1486370400E+03
          33    0.2124848198E+02    0.1957289095E+02   -0.1554564211E+03
          34    0.1948819669E+02   -0.1845103745E+02    0.1514782846E+03
          35    0.1958941208E+02    0.1851917213E+02   -0.1484080464E+03
          36    0.1951343472E+02   -0.1836990693E+02    0.1515648270E+03
          37    0.1957530279E+02    0.1856714913E+02   -0.1484279704E+03
          38    0.1947423444E+02   -0.1843012601E+02    0.1513257449E+03
          39    0.2155523116E+02    0.1991285445E+02   -0.1486810284E+03
          40    0.1945667399E+02   -0.1851371939E+02    0.1513118477E+03
          41    0.1946573563E+02   -0.1847891993E+02    0.1512224546E+03
          42    0.2126672727E+02    0.2018809051E+02   -0.1547071291E+03
          43    0.1972086972E+02   -0.1870983839E+02    0.1539058773E+03
          44    0.1953813668E+02    0.1853394837E+02   -0.1448147342E+03
          45    0.1981666653E+02   -0.1887288777E+02    0.1505177932E+03
          46    0.1954229247E+02    0.1869234528E+02   -0.1470576449E+03
          47    0.2022955098E+02    0.1964194483E+02   -0.1576629765E+03
          48    0.1945590821E+02   -0.1847707794E+02    0.1512252043E+03
          49    0.1974645615E+02   -0.1871998469E+02    0.1541494716E+03
          50    0.1937392598E+02   -0.1826937572E+02    0.1502164432E+03
          51    0.2147671697E+02    0.2001747573E+02   -0.2142877996E+03
          52    0.1954819741E+02    0.1860200197E+02   -0.1463651760E+03
          53    0.2010994867E+02   -0.1947409621E+02    0.1534734040E+03
          54    0.2007253893E+02   -0.1942441977E+02    0.1530853377E+03
          55    0.1939297906E+02    0.1894155214E+02   -0.1391563519E+03
          56    0.1990501451E+02   -0.1903375014E+02    0.1436031298E+03
          57    0.2882318809E+02   -0.1638276194E+02    0.2728280381E+03
          58    0.1961037067E+02    0.1882689422E+02   -0.1940062364E+03
          59    0.1998355686E+02   -0.1920123294E+02    0.1520498629E+03
          60    0.1999891246E+02   -0.1931705871E+02    0.1523117649E+03
          61    0.2022787129E+02    0.1961365416E+02   -0.1385821980E+03
          62    0.2033441478E+02   -0.1977634223E+02    0.1511330227E+03
          63    0.2064701708E+02   -0.1945538001E+02    0.1519674641E+03
          64    0.2902557650E+02   -0.1635715610E+02    0.2727283364E+03
          65    0.1965568944E+02   -0.1866096080E+02   -0.1551231965E+03
          66    0.1997824339E+02   -0.1921416770E+02    0.1521126146E+03
          67    0.2002697472E+02   -0.1939818549E+02    0.1480639747E+03
          68    0.1998476971E+02   -0.1917110016E+02    0.1519958096E+03
          69    0.1995891684E+02   -0.1925438398E+02    0.1518870869E+03
          70    0.2676315211E+02   -0.1363272454E+02    0.2570560441E+03
          71    0.2005217585E+02    0.1940179978E+02   -0.1504310581E+03
          72    0.1890842036E+02   -0.1018680693E+02    0.1500758160E+03
          73    0.2006221370E+02    0.1937095206E+02   -0.1504608461E+03
          74    0.2006520233E+02    0.1924927625E+02   -0.1500778980E+03
          75    0.2005910608E+02    0.1937715140E+02   -0.1503606507E+03
          76    0.1994264325E+02   -0.1922813287E+02    0.1517135250E+03
          77    0.2005857426E+02    0.1937817432E+02   -0.1503424862E+03
          78    0.2005803885E+02    0.1937919353E+02   -0.1503239149E+03
          79    0.1968008230E+02   -0.1868289265E+02   -0.1377501063E+03
          80    0.2005475975E+02    0.1938521522E+02   -0.1502042741E+03
          81    0.1993630820E+02   -0.1928502195E+02    0.1516218304E+03
          82    0.2007739763E+02    0.1930452700E+02   -0.1501166067E+03
          83    0.2003305686E+02    0.1944540075E+02   -0.1498232979E+03
          84    0.1836228878E+02   -0.1725219876E+02    0.1497650303E+03
          85    0.1992563224E+02   -0.1931637932E+02    0.1516898826E+03
          86    0.1952121653E+02   -0.1794160743E+02    0.1512263757E+03
          87    0.2006318870E+02    0.1935295845E+02   -0.1500585265E+03
          88    0.1947888135E+02   -0.1777261527E+02    0.1505288769E+03
          89    0.2651867433E+01    0.2174453218E+02    0.3803108667E+03
          90    0.2683237347E+02   -0.1372787852E+02    0.2417931740E+03
          91    0.1970375069E+02   -0.1765444176E+02    0.1482136749E+03
          92    0.2525754956E+01    0.2089031270E+02    0.4566884019E+03
          93    0.1869081097E+02   -0.2067199760E+02   -0.1123970252E+03
          94    0.2874450960E+02   -0.1640240620E+02    0.6007731858E+03
          95    0.2019548937E+02   -0.1959710401E+02   -0.1573522726E+03
          96    0.2670956141E+02   -0.1366715343E+02    0.5686868051E+03
          97    0.1938835708E+02    0.1834109852E+02   -0.1377174606E+03
          98    0.2018369662E+02   -0.1214905255E+02    0.1386329295E+03
          99    0.1870291826E+02   -0.2067826396E+02   -0.1108911474E+03
         100    0.1850285332E+02   -0.2061318938E+02   -0.1718766415E+03
