        Rank        RMSE       MaxAE  Feature_ID
           1    3.585404    8.636660  (      74   11217)
           2    3.609156   10.227469  (      74   15875)
           3    3.703641   13.598230  (     537   19024)
           4    3.715306    9.452512  (      74   11920)
           5    3.721253    8.870951  (       3   10001)
           6    3.730323    8.899452  (       1   10001)
           7    3.780767    8.516933  (       3   10002)
           8    3.780850   12.514688  (     896   10419)
           9    3.788032   13.727922  (     537   19267)
          10    3.788915    8.552966  (       1   10002)
          11    3.789517   14.971877  (    2099   10068)
          12    3.805441   13.104643  (     563   18830)
          13    3.808897   12.843923  (     563   12425)
          14    3.813163   13.414631  (     380   10419)
          15    3.825059   12.369581  (     554   18830)
          16    3.843044   12.155009  (     554   12185)
          17    3.846736   13.343977  (     117   19024)
          18    3.848097   13.328677  (     125   19024)
          19    3.849796   11.617194  (    5325   10217)
          20    3.850739   12.096884  (     554   12425)
          21    3.850785   12.277373  (     380   17600)
          22    3.851496   12.844592  (    2058   12425)
          23    3.851836   11.024058  (     554   19267)
          24    3.852260   12.954092  (     563   12185)
          25    3.854662   13.855781  (    4944   16730)
          26    3.856126   13.278545  (     277   19024)
          27    3.856131   12.507220  (     563   17050)
          28    3.860239   13.357800  (     154   19267)
          29    3.860327   13.023735  (     612   19267)
          30    3.861708   11.140438  (    4449   19267)
          31    3.861716   11.716226  (     554   17050)
          32    3.867176   12.828404  (     554   19024)
          33    3.868057   13.311756  (     154   19024)
          34    3.869554    9.070234  (       5   10001)
          35    3.872023   11.265671  (    3421   19267)
          36    3.872166   13.352094  (     180   19267)
          37    3.873367   10.885361  (     554   14024)
          38    3.873747   13.137427  (    2058   18830)
          39    3.874424   15.083949  (    5494   10068)
          40    3.875166   13.410945  (     125   19267)
          41    3.877149   13.302223  (     180   19024)
          42    3.880403   13.361427  (     277   19267)
          43    3.881681   13.434098  (     117   19267)
          44    3.883467   13.323065  (     218   19024)
          45    3.883678   12.936241  (     563   14722)
          46    3.883776   12.756228  (    3156   14732)
          47    3.892611   12.423666  (    1780   10068)
          48    3.893980   12.222462  (     554   13770)
          49    3.898438   13.634220  (    5331   18830)
          50    3.901412   12.004238  (     554   16536)
          51    3.902308   13.458182  (     222   19267)
          52    3.902509    8.722745  (       5   10002)
          53    3.903168   14.702914  (    2099   10166)
          54    3.903363   11.270364  (    4201   19267)
          55    3.903457   13.372855  (     224   19267)
          56    3.903657   12.082889  (     887   19267)
          57    3.903735   13.196210  (    4511   10419)
          58    3.904501   13.340717  (     314   19267)
          59    3.904776   13.006104  (     612   19024)
          60    3.904988   13.156163  (    5752   10419)
          61    3.906832   13.320561  (     224   19024)
          62    3.906956   13.410029  (     222   19024)
          63    3.909207   13.027004  (     563   13770)
          64    3.910556   12.122776  (     788   19267)
          65    3.912919   15.027747  (    2099   10211)
          66    3.913074   12.779187  (     208   10731)
          67    3.915782   12.838065  (      20   10419)
          68    3.917498   13.311495  (     214   19267)
          69    3.917940   12.183126  (     554   14722)
          70    3.918029   14.322616  (     612   18830)
          71    3.918303   13.694533  (    4129   18830)
          72    3.918555   12.794474  (     563   17547)
          73    3.918999   13.345900  (     389   19267)
          74    3.920372   14.607579  (    4449   19024)
          75    3.922485   13.654283  (     537   14771)
          76    3.924191   13.818764  (     537   14024)
          77    3.924649   12.221881  (    4449   12514)
          78    3.925263   11.991847  (    2713   19267)
          79    3.925588   12.742022  (    2930   19734)
          80    3.925707   13.746324  (     700   10419)
          81    3.925801   12.006147  (     554   17547)
          82    3.925831   14.592964  (     154   18830)
          83    3.925837   10.798502  (     554   14771)
          84    3.927922   13.193612  (     289   10731)
          85    3.928058   12.940686  (    2058   14722)
          86    3.929135   12.651335  (    4807   18830)
          87    3.929260   12.780721  (     225   10731)
          88    3.929747   15.482284  (    3421   10068)
          89    3.930827   11.758125  (     563   10336)
          90    3.931208   12.992496  (    2058   12185)
          91    3.932829   12.566917  (     554   12514)
          92    3.933076   12.273912  (    1780   10081)
          93    3.934131   12.491654  (     896   17600)
          94    3.934175   15.563612  (    4449   10068)
          95    3.934591   14.256704  (     289   11988)
          96    3.935458   12.540130  (    2058   17050)
          97    3.936167   11.988727  (      74   16269)
          98    3.936178   12.019748  (     554   17138)
          99    3.936690   11.746615  (    8891   17600)
         100    3.937140   12.745331  (     346   10731)
