Model_ID, [(c_i,i=0,n)_j,j=1,ntask]
           1    0.3402486784E+01   -0.3738030292E+02   -0.6723621341E+02
           2    0.5002477244E+01   -0.2537586766E+02    0.6193568793E+03
           3    0.3384321907E+01   -0.3971330957E+02    0.1360351362E+03
           4    0.4884405214E+01   -0.3087692024E+02    0.5922926391E+03
           5    0.3613188333E+01    0.1218546282E+02    0.5479481888E+03
           6    0.4955322803E+01   -0.2580864351E+02    0.1261121997E+04
           7    0.2682452213E+01    0.1031724154E+02    0.5965225913E+03
           8    0.4834469582E+01   -0.3139335065E+02    0.1205798432E+04
           9    0.3091783836E+01    0.1383276851E+02    0.5777326391E+03
          10    0.3502152956E+01   -0.3905587934E+02    0.6739661913E+02
          11    0.2981134935E+01    0.1012987992E+02    0.5995588684E+03
          12    0.3483949073E+01   -0.3881580974E+02   -0.6949147963E+02
          13    0.3548073705E+01    0.1237318131E+02    0.1111358265E+04
          14    0.4869161022E+01    0.1040944185E+02    0.5649206158E+03
          15    0.4867291062E+01    0.4512489853E+02    0.6038130606E+03
          16    0.2842274561E+01    0.1021218221E+02    0.5958530406E+03
          17    0.4880253484E+01    0.2441243060E+02    0.6072049838E+03
          18    0.3080888277E+01    0.1007301657E+02    0.5911578666E+03
          19    0.5129672738E+01    0.2398104682E+02    0.6057954051E+03
          20    0.5037061818E+01    0.2416310933E+02    0.6072811442E+03
          21    0.5069851721E+01    0.2408868675E+02    0.6080073978E+03
          22    0.4002601380E+01    0.1654334341E+02    0.5640542393E+03
          23    0.5012410136E+01    0.2419383450E+02    0.6064050808E+03
          24    0.5199607725E+01    0.2383292106E+02    0.6054598849E+03
          25    0.2602366936E+01    0.1048308478E+02    0.1210495141E+04
          26    0.3564514489E+01   -0.3598070013E+02    0.6253092105E+02
          27    0.2851010449E+01    0.8503807929E+02    0.9254774543E+02
          28    0.3066025200E+01    0.1051949334E+02    0.5608451861E+03
          29    0.3511738848E+01   -0.3942546159E+02    0.5907586255E+02
          30    0.3443310659E+01   -0.3625783638E+02   -0.6369054074E+02
          31    0.5225248935E+01    0.3871837270E+02    0.5878641336E+03
          32    0.2996129188E+01    0.7470282903E+02    0.1238186295E+03
          33    0.3014938127E+01    0.1405690100E+02    0.1173849720E+04
          34    0.4962862586E+01    0.2426927398E+02    0.6047678415E+03
          35    0.4990147093E+01    0.2421567950E+02    0.6055203901E+03
          36    0.3400356409E+01   -0.3663279448E+02    0.6188046540E+02
          37    0.3420893046E+01   -0.3658886221E+02    0.6178126644E+02
          38    0.3407991586E+01   -0.3532916873E+02   -0.7183496990E+02
          39    0.3542913010E+01   -0.3586122270E+02    0.1188666586E+03
          40    0.3387864274E+01   -0.3636877490E+02    0.6373366388E+02
          41    0.5189288378E+01    0.2389774601E+02    0.6024779496E+03
          42    0.3421653338E+01   -0.3666829905E+02    0.6099037070E+02
          43    0.3414092816E+01   -0.3631357515E+02    0.6361957225E+02
          44    0.3442396262E+01   -0.3654146705E+02    0.6164351339E+02
          45    0.3409060785E+01   -0.3632388198E+02    0.6362747820E+02
          46    0.3404274829E+01   -0.3633337839E+02   -0.6362599236E+02
          47    0.3431291143E+01   -0.3627548759E+02    0.6347911167E+02
          48    0.3585878262E+01   -0.3502745583E+02    0.7823078253E+02
          49    0.2609772519E+01    0.1035172423E+02    0.5968131547E+03
          50    0.3042745793E+01   -0.3696212594E+02    0.6179494115E+02
          51    0.3592926857E+01    0.1377629850E+02    0.5724458433E+03
          52    0.3529527553E+01    0.9476803452E+01    0.5394235604E+03
          53    0.4668879273E+01   -0.3262574510E+02    0.5986915316E+03
          54    0.2445279050E+01    0.8380152463E+02    0.9890003009E+02
          55    0.2907493542E+01    0.1029130202E+02    0.1215630337E+04
          56    0.3356198947E+01   -0.3967978360E+02    0.5857110240E+02
          57    0.3379103720E+01   -0.3637600862E+02    0.6340698741E+02
          58    0.4819211649E+01    0.4587514957E+02    0.1227326534E+04
          59    0.2473386121E+01    0.1038085013E+02    0.5911149582E+03
          60    0.3601464204E+01   -0.3593069435E+02   -0.6240477443E+02
          61    0.3025483406E+01    0.1007802712E+02    0.5951754762E+03
          62    0.2765235664E+01    0.1037576241E+02    0.1208554594E+04
          63    0.4835166840E+01    0.2481025336E+02    0.1232459275E+04
          64    0.2685120341E+01    0.8548247131E+02    0.9507212829E+02
          65    0.5163232656E+01    0.2390129809E+02    0.6055629409E+03
          66    0.2759658351E+01    0.1022825348E+02    0.5920611876E+03
          67    0.3258928764E+01   -0.3659290935E+02    0.6299908126E+02
          68    0.3940661646E+01    0.1680791438E+02    0.1145408992E+04
          69    0.3010216587E+01    0.1023093322E+02    0.1197457228E+04
          70    0.3285632080E+01    0.3950736692E+02    0.1166081658E+03
          71    0.5024522738E+01    0.2449304306E+02    0.1236220855E+04
          72    0.4995189955E+01    0.2455467493E+02    0.1232077955E+04
          73    0.3615290962E+01    0.1230421121E+02    0.5984730711E+03
          74    0.5089841810E+01    0.2436720997E+02    0.1228636085E+04
          75    0.5181121865E+01    0.3936304063E+02    0.1195610818E+04
          76    0.3533961773E+01    0.1703666799E+02    0.7737684181E+02
          77    0.2991900226E+01    0.1068406854E+02    0.1137174645E+04
          78    0.4835193807E+01    0.1055590540E+02    0.1136920625E+04
          79    0.3421908198E+01    0.5440144371E+02   -0.6676033478E+02
          80    0.2292138455E+01    0.1772940958E+02    0.5959993802E+03
          81    0.4882276706E+01   -0.2396232487E+02    0.6034608669E+03
          82    0.4969904795E+01    0.2458637903E+02    0.1230351316E+04
          83    0.3144716193E+01    0.7435184012E+02    0.1396848244E+03
          84    0.2748528710E+01    0.7392180794E+02    0.3352846675E+03
          85    0.5161318121E+01    0.2421516152E+02    0.1227568782E+04
          86    0.3201201493E+01    0.9920032784E+01    0.5948147026E+03
          87    0.3465453410E+01   -0.3166133354E+02    0.1340648842E+03
          88    0.3343353114E+01    0.9877010704E+01    0.6002307548E+03
          89    0.3635005816E+01   -0.3527107579E+02    0.7337847017E+02
          90    0.3498203980E+01    0.1707268461E+02    0.7725748685E+02
          91    0.2758772048E+01    0.8179468254E+02    0.9355582974E+02
          92    0.3491997669E+01    0.1707895140E+02    0.7727207176E+02
          93    0.1971415178E+01    0.1814346986E+02    0.5889278391E+03
          94    0.3523234433E+01    0.1254158408E+02    0.1228824304E+04
          95    0.4841198664E+01   -0.1234813413E+02    0.5822486243E+03
          96    0.3486147075E+01    0.1708483897E+02    0.7726948352E+02
          97    0.4947053596E+01    0.2460904057E+02    0.1228575643E+04
          98    0.2652703824E+01    0.8556314774E+02    0.9448010381E+02
          99    0.2787899574E+01    0.8168550940E+02    0.9279410424E+02
         100    0.2644488996E+01    0.8560253900E+02    0.9451072547E+02
