        Rank        RMSE       MaxAE  Feature_ID
           1    4.249557   11.309149  (      75   15984)
           2    4.378518   13.751570  (    1377   11295)
           3    4.393644   16.359526  (    9060   14117)
           4    4.393674   16.257487  (    6613   14117)
           5    4.395925   16.309124  (    7157   14117)
           6    4.402712   16.327613  (    8239   14117)
           7    4.403840   16.253230  (    7561   14117)
           8    4.404213   14.488227  (    3976   10190)
           9    4.407233   11.148107  (      75   11295)
          10    4.408040   12.968641  (    4435   11156)
          11    4.409284   16.302656  (    7929   14117)
          12    4.413748   16.424439  (    2660   14117)
          13    4.415758   16.119185  (    7532   14117)
          14    4.417223   15.402051  (     284   10823)
          15    4.418977   16.192578  (    8588   14117)
          16    4.426847   14.536447  (    3976   10355)
          17    4.428079   16.250023  (    8502   14117)
          18    4.429129   14.410242  (    7640   10190)
          19    4.432848   16.272820  (    9564   14117)
          20    4.433870   15.915278  (    1163   14117)
          21    4.435583   12.071787  (      75   12725)
          22    4.437302   14.974055  (    6125   10159)
          23    4.437376   15.100445  (     284   10470)
          24    4.437748   12.948524  (    3510   11156)
          25    4.438667   15.425788  (     284   11256)
          26    4.439713   14.852935  (    6125   10632)
          27    4.440912   12.752929  (     233   12067)
          28    4.441548   16.346829  (    1132   14117)
          29    4.442583   17.038856  (    1213   14117)
          30    4.442933   16.491988  (    3430   14117)
          31    4.444167   15.684033  (    3379   10005)
          32    4.444598   16.506844  (    3078   14117)
          33    4.445056   16.514800  (    2980   14117)
          34    4.445146   16.491120  (    3561   14117)
          35    4.446079   15.554220  (    6125   12847)
          36    4.446200   13.102097  (     315   12725)
          37    4.446736   14.443821  (    7640   10355)
          38    4.447471   15.881729  (    8263   10058)
          39    4.448219   11.673176  (     198   12725)
          40    4.449039   18.487923  (     376   10097)
          41    4.449372   16.501935  (    3217   14117)
          42    4.449667   14.447618  (    8293   12725)
          43    4.450385   16.515338  (    4821   14117)
          44    4.450429   15.872989  (    8263   10084)
          45    4.450679   13.217664  (       2   12067)
          46    4.450725   12.402299  (     198   15984)
          47    4.450794   14.862966  (    7407   12308)
          48    4.451206   15.450186  (    3379   10058)
          49    4.451661   15.541816  (     284   12236)
          50    4.454645   13.696309  (    2532   11295)
          51    4.455813   14.531150  (    6425   12725)
          52    4.456192   14.624363  (    4629   12725)
          53    4.456460   13.889431  (    6125   10335)
          54    4.457161   16.153949  (    5361   14117)
          55    4.457960   15.764524  (     162   16227)
          56    4.458943   16.507778  (    3541   14117)
          57    4.461465   15.979026  (    3379   10001)
          58    4.462755   16.527585  (    3271   14117)
          59    4.463463   15.705042  (    6125   14146)
          60    4.464639   15.473119  (     284   14134)
          61    4.465052   14.830158  (    7744   12308)
          62    4.467517   15.741599  (     592   10190)
          63    4.467721   14.465462  (    7407   11256)
          64    4.468206   16.521680  (    3969   14117)
          65    4.468585   16.554594  (    7946   14117)
          66    4.469209   16.572402  (    3299   10107)
          67    4.469811   13.034470  (    3543   11156)
          68    4.470144   13.028758  (     125   11101)
          69    4.470223   15.519959  (     284   12841)
          70    4.471099   15.486619  (     284   12537)
          71    4.471665   15.478001  (     284   12029)
          72    4.472010   13.315465  (     125   11156)
          73    4.472222   14.541878  (    6680   12725)
          74    4.473113   15.855966  (    1517   10001)
          75    4.475670   15.473450  (     284   11930)
          76    4.475749   13.574881  (    6125   10552)
          77    4.476341   15.426652  (     284   11465)
          78    4.477277   16.358347  (     162   12042)
          79    4.478106   14.431932  (    7407   10823)
          80    4.478985   15.450883  (     284   12268)
          81    4.479433   13.077894  (    2352   11156)
          82    4.479752   15.547148  (     284   14360)
          83    4.480746   15.755563  (     166   16227)
          84    4.481162   16.574931  (    3814   14117)
          85    4.482194   15.405917  (     284   11441)
          86    4.482752   13.259441  (    1547   11156)
          87    4.483366   15.810801  (    6125   14257)
          88    4.483385   16.121922  (      84   10084)
          89    4.484407   14.653334  (    2560   10159)
          90    4.484623   14.456995  (    1377   15984)
          91    4.484766   16.257577  (    8910   10028)
          92    4.485402   12.501924  (     486   15984)
          93    4.485422   14.477309  (    7744   11256)
          94    4.485716   16.221311  (      69   12025)
          95    4.486255   16.575706  (    2199   14117)
          96    4.486340   15.521461  (     284   14935)
          97    4.486446   16.660907  (      84   10194)
          98    4.486746   16.558729  (    1163   10823)
          99    4.487022   15.811501  (    6125   15325)
         100    4.487475   15.758584  (     641   10190)
