Model_ID, [(c_i,i=0,n)_j,j=1,ntask]
           1    0.3839753347E+03   -0.3503707425E+03    0.1888019649E+03
           2    0.3846046189E+03   -0.3441628460E+03   -0.1925867102E+03
           3    0.3828409077E+03    0.3437104427E+03    0.2100001524E+03
           4    0.3862337945E+03    0.3454100850E+03    0.2378492623E+03
           5    0.3849620408E+03   -0.3495227545E+03    0.2049185702E+03
           6    0.3198024164E+03   -0.2861889071E+03    0.2180059621E+03
           7    0.3754986855E+03   -0.3442945725E+03    0.1396494743E+03
           8    0.3110816337E+03   -0.2849088859E+03    0.1688486692E+03
           9    0.2986140400E+03   -0.2614419541E+03    0.1094752850E+03
          10    0.3190765925E+03   -0.2965381341E+03   -0.2468007501E+03
          11    0.3047013518E+03   -0.2598335506E+03    0.7726536248E+02
          12    0.2973208589E+03   -0.2599378672E+03   -0.9882849333E+02
          13    0.2963634403E+03   -0.2593878329E+03    0.1003771837E+03
          14    0.2857992218E+03    0.2851869304E+03   -0.2618550336E+03
          15    0.3278275492E+03   -0.2761702494E+03   -0.1997754752E+03
          16    0.3326487075E+03   -0.2860200207E+03    0.5130150856E+03
          17    0.3117504164E+03   -0.2866278025E+03    0.7916077310E+02
          18    0.3184354604E+03   -0.2951499682E+03   -0.2427367309E+03
          19    0.2652441501E+03   -0.2599623178E+03    0.8269921177E+02
          20    0.3708923329E+03   -0.3233851110E+03    0.1007650737E+03
          21    0.2904596821E+03   -0.2609609471E+03   -0.2055281871E+03
          22    0.3179042987E+03   -0.2943866800E+03   -0.2424987433E+03
          23    0.3021906182E+03    0.2914533582E+03   -0.2557671931E+03
          24    0.3165536720E+03   -0.2924801828E+03    0.2441372817E+03
          25    0.3588969229E+03    0.3530774041E+03    0.4691418542E+03
          26    0.3168488897E+03   -0.2926112400E+03   -0.2444100761E+03
          27    0.3173883310E+03   -0.2934298620E+03    0.2390364999E+03
          28    0.3819656188E+03   -0.3471044443E+03    0.1894530510E+03
          29    0.3161730014E+03   -0.2919360561E+03    0.2454183883E+03
          30    0.2857465257E+03    0.2455513624E+03    0.3352481263E+03
          31    0.3175910992E+03   -0.2930803703E+03    0.2373956659E+03
          32    0.2929850611E+03    0.2921290735E+03    0.2338666280E+03
          33    0.3173236799E+03   -0.2927447086E+03    0.2387161609E+03
          34    0.3067466726E+03   -0.2707737980E+03    0.9234770602E+02
          35    0.3045617670E+03   -0.2604217655E+03    0.7699906146E+02
          36    0.3168878706E+03   -0.2924121460E+03    0.2425344324E+03
          37    0.3174016028E+03   -0.2927814505E+03   -0.2378353405E+03
          38    0.3170683286E+03   -0.2924172679E+03    0.2399031865E+03
          39    0.2946582335E+03    0.1574426823E+03    0.1357469797E+03
          40    0.3050711855E+03   -0.2769112308E+03    0.2619711390E+03
          41    0.3862349300E+03   -0.3431519106E+03   -0.2120699869E+03
          42    0.2982374454E+03    0.1619997276E+03    0.1298521822E+03
          43    0.3172815578E+03   -0.2920796370E+03   -0.2381762705E+03
          44    0.3337567321E+03   -0.2801268257E+03   -0.1992714847E+03
          45    0.2845297513E+03   -0.2795692190E+03    0.6856415190E+03
          46    0.3210207352E+03   -0.3027239388E+03    0.2072681998E+03
          47    0.2956976137E+03    0.2942396215E+03   -0.2225719091E+03
          48    0.2943446031E+03    0.2930685734E+03    0.2299077664E+03
          49    0.2980109932E+03   -0.2680562021E+03    0.9463793075E+02
          50    0.3350104833E+03   -0.3094316834E+03   -0.5210709202E+03
          51    0.2978329008E+03   -0.2639014620E+03    0.9783105126E+02
          52    0.2911592260E+03    0.2492056309E+03    0.6245439564E+03
          53    0.3301837581E+03    0.2973671671E+03    0.4660257510E+03
          54    0.3067723839E+03   -0.2711648522E+03    0.9021561459E+02
          55    0.3141636111E+03   -0.2793927100E+03    0.1230801632E+03
          56    0.3041584198E+03   -0.2819416075E+03    0.2028675815E+03
          57    0.3224263206E+03   -0.2984651761E+03    0.2065950911E+03
          58    0.2975201171E+03   -0.2669247093E+03    0.1782512707E+03
          59    0.3293222309E+03    0.2944975148E+03   -0.4648518330E+03
          60    0.3012542379E+03   -0.2708940477E+03    0.1657274005E+03
          61    0.3294007385E+03    0.2989760336E+03   -0.4558323463E+03
          62    0.2966366852E+03   -0.2662558822E+03    0.1804771402E+03
          63    0.3365284634E+03   -0.2994484483E+03    0.6573541704E+03
          64    0.3275797797E+03   -0.2829789651E+03    0.7333622204E+03
          65    0.3231182977E+03   -0.2750326076E+03    0.8644673989E+03
          66    0.3319479534E+03   -0.2823394844E+03   -0.1930629412E+03
          67    0.2969699932E+03   -0.2672231851E+03    0.1782609988E+03
          68    0.3244420748E+03   -0.2922762746E+03    0.1880335336E+03
          69    0.3199706812E+03   -0.2843044126E+03    0.1635146574E+03
          70    0.3184468028E+03   -0.2889478548E+03   -0.2343517396E+03
          71    0.3007962564E+03   -0.2712249611E+03    0.1655187494E+03
          72    0.3295474564E+03    0.3090867163E+03    0.4009345373E+03
          73    0.2952038101E+03   -0.2657417346E+03   -0.1941779114E+03
          74    0.3146842566E+03   -0.2884029702E+03    0.1265518290E+03
          75    0.3256498435E+03   -0.2836510444E+03    0.1001771700E+03
          76    0.3191550426E+03   -0.2933577536E+03   -0.2270034116E+03
          77    0.3064150944E+03   -0.2712502135E+03    0.9238016767E+02
          78    0.3140361065E+03   -0.2793350803E+03   -0.1211012110E+03
          79    0.2937444879E+03    0.2934070122E+03    0.2292720788E+03
          80    0.3317245092E+03   -0.2910774273E+03   -0.1965640290E+03
          81    0.3175033512E+03   -0.2917742884E+03    0.2279783606E+03
          82    0.3273571556E+03    0.2868972597E+03   -0.2869709728E+03
          83    0.3195124589E+03   -0.2934370119E+03    0.2224315322E+03
          84    0.3286276214E+03    0.2948346656E+03    0.4639707185E+03
          85    0.3436071242E+03   -0.3001848809E+03   -0.2278272074E+03
          86    0.3292944175E+03    0.3045991662E+03    0.4014958055E+03
          87    0.3162938212E+03   -0.2901208501E+03   -0.2325658164E+03
          88    0.2916512980E+03    0.2693279400E+03   -0.9756350467E+02
          89    0.3243720340E+03   -0.2824667383E+03    0.1192406125E+03
          90    0.3282201903E+03    0.2939876501E+03   -0.4619419577E+03
          91    0.2977330019E+03    0.1617402685E+03    0.1283053978E+03
          92    0.3158521426E+03   -0.2897550584E+03   -0.2361997418E+03
          93    0.2908090635E+03   -0.2906698886E+03    0.6297837308E+03
          94    0.3818741717E+03    0.3414426485E+03    0.2161427741E+03
          95    0.3120127363E+03   -0.2912566523E+03    0.2161006066E+03
          96    0.3043924061E+03   -0.2753766770E+03    0.1045796872E+03
          97    0.2989039219E+03   -0.2767965494E+03    0.1748799681E+03
          98    0.3165574228E+03   -0.2931016678E+03    0.2434949366E+03
          99    0.3141929919E+03   -0.2925584739E+03    0.1294928585E+03
         100    0.3340837664E+03   -0.2912848671E+03    0.3317046325E+03
