        Rank        RMSE       MaxAE  Feature_ID
           1   31.068778   61.711646  (     715   10104)
           2   31.140161   83.543073  (     686   18981)
           3   31.272348   74.667588  (    5868   14056)
           4   31.300781   89.055466  (    4823   14659)
           5   31.306143   88.934030  (    4823   15265)
           6   31.361531   63.643112  (     715   10750)
           7   31.458494   76.192374  (    4823   13918)
           8   31.530141   75.122384  (    5868   16019)
           9   31.543886   86.890006  (    3048   12822)
          10   31.573206   86.826564  (    3123   12822)
          11   31.580775   72.552811  (    5650   18981)
          12   31.607232   86.022689  (    3048   12042)
          13   31.610297   88.944970  (    4823   16813)
          14   31.631432   89.385858  (    4823   15370)
          15   31.637142   85.960700  (    3123   12042)
          16   31.678857   76.249166  (     346   11309)
          17   31.699567   86.586428  (     287   11309)
          18   31.783651   76.010826  (    2020   18981)
          19   31.801538   87.106720  (    3517   12822)
          20   31.836985   66.234236  (    1140   10104)
          21   31.846068   89.371430  (    4823   15605)
          22   31.861414   86.234354  (    3517   12042)
          23   31.877557   70.493062  (     473   10701)
          24   31.881083   87.429271  (     312   11309)
          25   31.896446   71.169720  (     346   10701)
          26   31.906407   75.112881  (     686   18014)
          27   31.910010   76.038907  (    2187   18981)
          28   31.919740   77.023902  (    1819   18981)
          29   31.922496   76.918103  (    2038   18981)
          30   31.943920   88.237207  (     249   11309)
          31   31.954880   77.188028  (    1843   18981)
          32   31.984121   88.207514  (     262   11309)
          33   31.993248   77.460549  (    1656   18981)
          34   31.994876   77.354501  (    1872   18981)
          35   32.009514   88.302971  (     261   11309)
          36   32.016558   83.428995  (     319   10701)
          37   32.042681   84.504888  (     686   11878)
          38   32.051722   84.125572  (    2020   13579)
          39   32.077995   88.369680  (     284   11309)
          40   32.084355   64.011957  (     715   11645)
          41   32.091458   88.362904  (     276   11309)
          42   32.091898   76.010689  (    2886   18981)
          43   32.101467   88.657028  (     257   11309)
          44   32.103246   97.696186  (     686   17463)
          45   32.108723   66.754267  (     372   10104)
          46   32.116734   88.019733  (     297   11309)
          47   32.118893   69.253891  (    2058   11844)
          48   32.122080   88.575123  (     264   11309)
          49   32.127905   90.118169  (    4823   17029)
          50   32.134409   88.608068  (     260   11309)
          51   32.143267   92.039494  (    5305   16118)
          52   32.163731   84.423589  (    9770   15892)
          53   32.174347   86.764730  (    3705   12822)
          54   32.175579   90.312513  (    4823   18899)
          55   32.186662   88.678009  (     271   11309)
          56   32.206374   96.102180  (    3048   18981)
          57   32.206958   88.786454  (     263   11309)
          58   32.209354   91.732911  (    2341   16118)
          59   32.215957   66.984881  (     504   10104)
          60   32.216549   84.263547  (    3238   11309)
          61   32.219970   89.895364  (    4823   15787)
          62   32.221855   85.885037  (    3705   12042)
          63   32.227169   78.450206  (    1753   18981)
          64   32.236811   87.994987  (     385   11309)
          65   32.237229   75.957927  (    2777   18981)
          66   32.243302   96.058905  (    3123   18981)
          67   32.278001   88.590512  (     330   11309)
          68   32.283580   87.651385  (     440   11309)
          69   32.309135   77.347046  (     473   11309)
          70   32.322957   56.188587  (    8358   11844)
          71   32.323674   71.685258  (     853   10104)
          72   32.328611   95.338820  (    3705   18981)
          73   32.334168   87.489932  (     810   10701)
          74   32.335540   87.469916  (     569   11309)
          75   32.349913   88.419045  (     363   11309)
          76   32.366574   94.124591  (     686   13067)
          77   32.402861   83.977320  (    2777   13579)
          78   32.406468   87.711295  (     491   11309)
          79   32.427061   86.757571  (    2020   15350)
          80   32.434613   81.660565  (    5650   13579)
          81   32.452088   88.081250  (    9301   18981)
          82   32.465505   89.437420  (     289   11309)
          83   32.465673   96.316959  (    3517   18981)
          84   32.478050   86.768932  (    2020   14864)
          85   32.491342   69.931198  (    9062   18014)
          86   32.510039   89.538996  (     295   11309)
          87   32.514548   78.565531  (    2058   13391)
          88   32.519747   90.365551  (    4288   11525)
          89   32.531681   84.578925  (    2187   13579)
          90   32.534317   86.789438  (    2020   14436)
          91   32.534834   89.097486  (    1513   18867)
          92   32.544939   80.975375  (      50   10909)
          93   32.570011   93.088328  (    4286   18981)
          94   32.601900   85.582803  (    1819   13579)
          95   32.606367   85.902064  (    1656   13579)
          96   32.616045   85.722182  (    1843   13579)
          97   32.623403   75.861375  (    4573   11309)
          98   32.630579   68.061514  (     923   10104)
          99   32.632302   85.545675  (    2038   13579)
         100   32.635075   86.799234  (    2187   14436)
