        Rank        RMSE       MaxAE  Feature_ID
           1   26.125157   84.431141  (    9467   19067)
           2   26.304943   78.196859  (      15   10069)
           3   26.321541  100.297772  (      72   10974)
           4   26.351376  103.080753  (      72   11559)
           5   26.362696  101.172517  (      72   11569)
           6   26.392776   88.470465  (     227   15320)
           7   26.400111   77.361062  (      15   10078)
           8   26.400566  101.858810  (      72   19067)
           9   26.435720   94.304163  (    1172   10974)
          10   26.465754   85.057258  (    8847   19067)
          11   26.574588   84.777107  (    6846   19067)
          12   26.680164   84.469689  (    9031   19067)
          13   26.713763   79.615892  (      36   10537)
          14   26.722278  102.649014  (     129   11559)
          15   26.817533   91.163575  (       3   10001)
          16   26.833480   83.806731  (     227   12608)
          17   26.876886  100.763817  (     129   11569)
          18   26.919186   76.730483  (     401   10069)
          19   26.923347   75.893319  (     401   10078)
          20   26.928099   83.309673  (    1009   17697)
          21   26.934462   99.914586  (     129   10974)
          22   26.953432   99.071869  (      72   12858)
          23   26.955567   81.502455  (     561   10068)
          24   26.968934   93.827851  (    1489   10974)
          25   26.974494   64.544474  (      62   10012)
          26   27.001060  102.444502  (      72   13364)
          27   27.005614   99.177381  (      72   10445)
          28   27.019506   83.443361  (    9031   11569)
          29   27.022818   96.258118  (    1172   19067)
          30   27.023832   79.870297  (      48   10069)
          31   27.028470  101.482932  (     129   19067)
          32   27.042702   95.427399  (    1172   11569)
          33   27.056933   79.048937  (      48   10078)
          34   27.105275   81.302380  (      36   10573)
          35   27.122746   92.964877  (    1172   12858)
          36   27.180169   83.675218  (    9467   11569)
          37   27.186199   78.145563  (     284   10078)
          38   27.207230   78.969097  (     284   10069)
          39   27.240862   81.014800  (     808   10068)
          40   27.260259  104.033374  (     349   11466)
          41   27.264750   91.192207  (    2406   10122)
          42   27.270069   74.336425  (    8999   10974)
          43   27.285191   90.022250  (    2406   10498)
          44   27.289014   76.877193  (    7002   11569)
          45   27.308452   83.921102  (    6846   11569)
          46   27.333841   81.641660  (     106   10010)
          47   27.367114   98.741819  (     129   10445)
          48   27.387304   60.850694  (    6507   11682)
          49   27.391741   85.333206  (    9467   13364)
          50   27.395725   82.930680  (    6846   10974)
          51   27.410800   94.180753  (     227   11638)
          52   27.426943   74.034135  (    9399   10974)
          53   27.428178   63.077827  (    4685   11682)
          54   27.460266   94.917766  (    1489   11569)
          55   27.481269   92.024390  (      36   10420)
          56   27.492979   72.559956  (    8999   12858)
          57   27.493324  100.386022  (    1163   11466)
          58   27.506812   86.399215  (      36   11158)
          59   27.508651   80.277058  (      69   10537)
          60   27.515969   87.610941  (    3416   12098)
          61   27.518534   80.906971  (     106   10023)
          62   27.523731  107.024105  (    1152   10001)
          63   27.538078   98.688426  (     129   12858)
          64   27.540896   83.054198  (     561   10146)
          65   27.541134   82.469323  (    3578   12869)
          66   27.546465   96.862961  (    1172   13364)
          67   27.560040   89.904991  (    2406   10100)
          68   27.561291   77.902400  (    8999   11559)
          69   27.564883   95.794474  (    1489   19067)
          70   27.571135   85.894823  (    8847   13364)
          71   27.572370   80.980800  (    9467   12858)
          72   27.579999   85.562442  (    6846   13364)
          73   27.583350   81.232998  (    6846   12858)
          74   27.585968  108.834177  (      74   10001)
          75   27.608429   77.555878  (    9399   11559)
          76   27.611649  102.058096  (     129   13364)
          77   27.616376   92.903380  (      36   10191)
          78   27.619577   92.970683  (      36   10867)
          79   27.626580   90.317980  (      10   10001)
          80   27.626967   92.485948  (    1489   12858)
          81   27.628550   84.026146  (    1064   15320)
          82   27.640306   72.253504  (    9399   12858)
          83   27.650061   74.286789  (      71   10040)
          84   27.650725   93.103055  (       6   10001)
          85   27.655379   82.660986  (    9031   10974)
          86   27.655600   90.600940  (      36   11623)
          87   27.659282  101.074617  (     145   12162)
          88   27.661449   72.178868  (    6846   15889)
          89   27.667732   96.620300  (    2233   10001)
          90   27.670659   62.075732  (     188   10064)
          91   27.671492  106.492451  (     122   12162)
          92   27.675736   68.736888  (    3274   10360)
          93   27.676477   74.744254  (    7002   10445)
          94   27.681959   81.316439  (    9031   10445)
          95   27.687837   86.588075  (    4601   11569)
          96   27.688383   70.465833  (     311   10067)
          97   27.698524   82.845551  (    9467   10974)
          98   27.700086   97.650088  (    1172   11559)
          99   27.706622   83.819557  (    3416   13520)
         100   27.709204   91.158457  (     730   10435)
