Model_ID, [(c_i,i=0,n)_j,j=1,ntask]
           1    0.3890718070E+03    0.1399967972E+03   -0.2810915866E+03
           2    0.3890514967E+03    0.1395190612E+03   -0.2800933506E+03
           3    0.3893396224E+03    0.1411482058E+03   -0.2816668067E+03
           4    0.3886658011E+03    0.1416597289E+03   -0.2801623908E+03
           5    0.3907377948E+03    0.1423650007E+03   -0.2806421188E+03
           6    0.3866802247E+03    0.1387299617E+03   -0.2720815283E+03
           7    0.3893120042E+03    0.1415280523E+03   -0.2813392637E+03
           8    0.3886412372E+03    0.1420459196E+03   -0.2798939090E+03
           9    0.3907094388E+03    0.1427488941E+03   -0.2803192407E+03
          10    0.3866543950E+03    0.1391026679E+03   -0.2717642657E+03
          11    0.3860269600E+03    0.1380560162E+03    0.2653092861E+03
          12    0.3891348857E+03    0.1382299175E+03   -0.2698088790E+03
          13    0.3860016626E+03    0.1384269195E+03    0.2649969228E+03
          14    0.3890592144E+03    0.1376574722E+03   -0.2673823147E+03
          15    0.3361517951E+03    0.1157536092E+03   -0.2653594897E+03
          16    0.3902570791E+03    0.1443233953E+03   -0.2690953259E+03
          17    0.3905342118E+03    0.1454557598E+03   -0.2701127476E+03
          18    0.3899105754E+03    0.1460036973E+03   -0.2690268034E+03
          19    0.3902122324E+03    0.1437779597E+03   -0.2681188234E+03
          20    0.3919050788E+03    0.1466992335E+03   -0.2692914780E+03
          21    0.3337351642E+03    0.1174384753E+03   -0.2588562224E+03
          22    0.4176656072E+03    0.1499939357E+03   -0.1909870293E+03
          23    0.3905336694E+03    0.1459064311E+03   -0.2697367038E+03
          24    0.3879434385E+03    0.1430225026E+03   -0.2608681266E+03
          25    0.3899132220E+03    0.1464609542E+03   -0.2687145475E+03
          26    0.3919038004E+03    0.1471543886E+03   -0.2689256508E+03
          27    0.3344212421E+03    0.1169145552E+03   -0.2597078794E+03
          28    0.4078573209E+03    0.1624408265E+03    0.1810785799E+03
          29    0.3344414173E+03    0.1169245762E+03   -0.2596752398E+03
          30    0.3344612006E+03    0.1169343901E+03   -0.2596356923E+03
          31    0.3891999332E+03    0.1387083416E+03   -0.2410500702E+03
          32    0.3879448331E+03    0.1434654948E+03   -0.2604945813E+03
          33    0.4173044473E+03    0.1495278094E+03   -0.1903265557E+03
          34    0.3330129909E+03    0.1153741559E+03    0.2511404930E+03
          35    0.3348977101E+03    0.1177980145E+03   -0.2536857066E+03
          36    0.3337654572E+03    0.1174170083E+03   -0.2623516338E+03
          37    0.3873737144E+03    0.1410139823E+03   -0.2664861920E+03
          38    0.4090610515E+03    0.1623697584E+03    0.1761036342E+03
          39    0.3891689762E+03    0.1390764222E+03   -0.2406814840E+03
          40    0.3348630979E+03    0.1158126771E+03   -0.2580423578E+03
          41    0.3876246506E+03    0.1421092891E+03   -0.2671271903E+03
          42    0.3851315272E+03    0.1398226968E+03   -0.2590578231E+03
          43    0.3873476639E+03    0.1405070752E+03   -0.2655375239E+03
          44    0.3873128592E+03    0.1423574088E+03    0.2543382031E+03
          45    0.3870003286E+03    0.1426462578E+03   -0.2661092167E+03
          46    0.2602613079E+03    0.8839037445E+02    0.4925722071E+03
          47    0.3325960957E+03    0.1149739879E+03   -0.2475282741E+03
          48    0.3876090727E+03    0.1425272553E+03   -0.2667527390E+03
          49    0.3851181019E+03    0.1402338907E+03   -0.2586914236E+03
          50    0.3902814339E+03    0.1425358457E+03   -0.2577665661E+03
          51    0.3873148768E+03    0.1427985804E+03    0.2539679945E+03
          52    0.3889397382E+03    0.1432758785E+03   -0.2657677532E+03
          53    0.2603433306E+03    0.8928487309E+02    0.4521905915E+03
          54    0.3869876918E+03    0.1430703712E+03   -0.2657966230E+03
          55    0.4084833242E+03    0.1622986852E+03   -0.1669888538E+03
          56    0.3088512217E+03    0.9905830476E+02    0.5012505914E+03
          57    0.3866125808E+03    0.1405032431E+03   -0.2747668343E+03
          58    0.3864779810E+03    0.1403935314E+03   -0.2744462967E+03
          59    0.3868660884E+03    0.1416470304E+03   -0.2755668833E+03
          60    0.4113078750E+03    0.7520884956E+02   -0.2054399525E+03
          61    0.3843043508E+03    0.1392888740E+03   -0.2670691481E+03
          62    0.3845251088E+03    0.1391974344E+03    0.2528633843E+03
          63    0.3889232512E+03    0.1436977882E+03   -0.2654005200E+03
          64    0.3865859886E+03    0.1399934147E+03   -0.2737935030E+03
          65    0.4061633513E+03    0.1637485397E+03    0.1928619915E+03
          66    0.3863393493E+03    0.1402756431E+03   -0.2741282299E+03
          67    0.3862205210E+03    0.1422031051E+03   -0.2745970040E+03
          68    0.2598942248E+03    0.9824637998E+02    0.4858993807E+03
          69    0.3841747661E+03    0.1391846376E+03   -0.2668028215E+03
          70    0.3867300875E+03    0.1415347679E+03   -0.2752330143E+03
          71    0.4517580504E+03    0.9780647813E+02   -0.2248476681E+03
          72    0.3334917003E+03    0.1157818734E+03   -0.2570187100E+03
          73    0.3864520311E+03    0.1398847591E+03   -0.2734748215E+03
          74    0.3860851663E+03    0.1420906910E+03   -0.2742729837E+03
          75    0.3840411512E+03    0.1390723103E+03   -0.2665393285E+03
          76    0.4064345276E+03   -0.1645387675E+03    0.1584687651E+03
          77    0.3865900541E+03    0.1414143444E+03   -0.2749005407E+03
          78    0.3863140695E+03    0.1397680105E+03   -0.2731586493E+03
          79    0.4062688846E+03    0.1638252050E+03    0.1926305440E+03
          80    0.3859457612E+03    0.1419700819E+03   -0.2739499436E+03
          81    0.4065857400E+03   -0.1633236865E+03    0.2051263608E+03
          82    0.4506014969E+03    0.9630472331E+02    0.4254381907E+03
          83    0.4255040882E+03    0.9200456532E+02    0.2018752403E+03
          84    0.2608470509E+03    0.8080358494E+02    0.4608733552E+03
          85    0.4297967795E+03    0.1586890402E+03    0.5024076249E+03
          86    0.3868481440E+03    0.1420618976E+03   -0.2752184337E+03
          87    0.3842882939E+03    0.1396964218E+03   -0.2667277698E+03
          88    0.3845123396E+03    0.1396070272E+03    0.2525017909E+03
          89    0.4081717909E+03   -0.1664422318E+03   -0.1879397785E+03
          90    0.3879527036E+03    0.1426477040E+03   -0.2740633199E+03
          91    0.3862055933E+03    0.1426245461E+03   -0.2743105435E+03
          92    0.3901849596E+03    0.1419012756E+03   -0.2553271612E+03
          93    0.4063689903E+03    0.1638900003E+03    0.1923958633E+03
          94    0.3867117476E+03    0.1419489537E+03   -0.2748838669E+03
          95    0.3841583292E+03    0.1395915491E+03   -0.2664609283E+03
          96    0.3860698312E+03    0.1425114289E+03   -0.2739857928E+03
          97    0.4050596989E+03    0.1589145180E+03    0.1723586666E+03
          98    0.3864746553E+03    0.1397493360E+03   -0.2786005724E+03
          99    0.3840243069E+03    0.1394785050E+03   -0.2661969599E+03
         100    0.4055014047E+03    0.1590530334E+03   -0.1781594799E+03
