        Rank        RMSE       MaxAE  Feature_ID
           1   27.505385   77.720870  (     360   11096)
           2   28.039039   91.074134  (     360   16135)
           3   28.206095   88.304018  (     360   15923)
           4   28.294472   87.099697  (    1010   17116)
           5   28.304907   96.752956  (    1010   10415)
           6   28.331527   88.774853  (     360   13035)
           7   28.357948  102.781481  (       1   10105)
           8   28.379075   88.984468  (       1   10001)
           9   28.389759   88.859737  (     360   12428)
          10   28.410845   96.614393  (     246     964)
          11   28.559341   90.312913  (       1   13925)
          12   28.591316   85.847426  (       1   10002)
          13   28.646728   81.797964  (    3627   17946)
          14   28.647623   98.333988  (    1010   12744)
          15   28.656264   94.956761  (    1109   13248)
          16   28.671763   94.317322  (       1   11329)
          17   28.692270   85.232686  (       1   10003)
          18   28.698461  113.530190  (    2294   17394)
          19   28.719387   92.659941  (     130    7258)
          20   28.726625   88.853575  (     344    2691)
          21   28.750087   90.970400  (      50    2691)
          22   28.752392   86.297495  (     130    4317)
          23   28.770724   89.076692  (    1010   11096)
          24   28.776376   88.343671  (       1   10010)
          25   28.782634   99.192040  (     964    1524)
          26   28.785220   92.843213  (       1   10189)
          27   28.800335   78.308324  (       1   10005)
          28   28.811002   81.085202  (       1   10004)
          29   28.822942   90.763374  (       1   16676)
          30   28.825804   88.630882  (       1   10011)
          31   28.831950   96.751492  (       1   10006)
          32   28.838533   80.473340  (     255   17116)
          33   28.841172   92.444786  (     360   15266)
          34   28.853052  100.601521  (       1   16923)
          35   28.856142   83.152034  (     360   13257)
          36   28.858047   76.333730  (     360   11645)
          37   28.860801   96.627117  (    1010   10826)
          38   28.865062   95.379894  (      50    4848)
          39   28.867859   80.649002  (       1   10008)
          40   28.878811   92.646306  (    1252    2691)
          41   28.884567   85.015828  (       1   10007)
          42   28.890738   79.794058  (     360   15411)
          43   28.892285   93.237526  (       1   10014)
          44   28.902646   80.714581  (       1   10009)
          45   28.904726   88.849591  (       1   17466)
          46   28.921755   87.402809  (     360   12637)
          47   28.928315   93.073184  (       1   10013)
          48   28.932873   88.656713  (       1   17448)
          49   28.936618   93.706686  (       1   10023)
          50   28.943704   93.588566  (       1   10026)
          51   28.946968   93.681754  (       1   10015)
          52   28.951419   87.051035  (       1   10055)
          53   28.952886   86.550181  (       1   10017)
          54   28.959395   93.541479  (       1   10042)
          55   28.959889   98.858836  (       1   18586)
          56   28.964193  101.442079  (       1   10779)
          57   28.968433   92.224809  (     360   12323)
          58   28.970176  100.755039  (       1   16523)
          59   28.977790   96.813155  (     255   15008)
          60   28.985560   92.611531  (       1   10020)
          61   28.988059   86.880224  (    3430   13248)
          62   28.989396   94.995418  (       1   12915)
          63   28.991662   85.364264  (       1   10012)
          64   28.991732   96.965564  (       1   10016)
          65   28.994049   94.584425  (     360   13527)
          66   28.998068   94.150848  (       1   10025)
          67   29.000040   87.859947  (    3451   11096)
          68   29.002810   93.031819  (       1   10122)
          69   29.005391   94.036131  (       1   10029)
          70   29.006049   87.568742  (       1   10019)
          71   29.007342   80.899700  (     360   14837)
          72   29.018023   93.391116  (       1   10024)
          73   29.023364   93.107019  (       1   10018)
          74   29.024705   86.492474  (     130    6472)
          75   29.025504   80.991165  (     360   16305)
          76   29.027425  111.283278  (    2076   17394)
          77   29.029826   85.793270  (       1   10022)
          78   29.030803   80.970091  (     360   17402)
          79   29.034091   93.666246  (       1   10051)
          80   29.036002   91.564516  (     360   11555)
          81   29.037374   89.746416  (       1   10048)
          82   29.038118   88.731521  (     360   10415)
          83   29.039049   86.060465  (       1   10028)
          84   29.039316   99.894588  (       1   11854)
          85   29.042679  111.891792  (    6559   17394)
          86   29.044452   93.288944  (     360   19354)
          87   29.048219   96.143028  (       1   10021)
          88   29.048372   94.052827  (       1   10045)
          89   29.050431  113.449415  (    3708   17394)
          90   29.051173   84.217097  (     913     964)
          91   29.059021   81.138683  (     360   15713)
          92   29.062737  101.521239  (       1   10145)
          93   29.065370   96.148117  (     255   17760)
          94   29.068729  100.898356  (       1   16350)
          95   29.070271  112.498297  (    2204   17394)
          96   29.071884  101.090184  (       1   11032)
          97   29.072581   93.839333  (       1   15075)
          98   29.074219   91.970418  (    2704   18057)
          99   29.077959  105.497132  (    1010   15008)
         100   29.079366   89.918750  (       1   10088)
