Model_ID, [(c_i,i=0,n)_j,j=1,ntask]
           1    0.3190603446E+03   -0.1387299247E+03    0.4181029635E+03
           2    0.3074294958E+03   -0.1202707014E+03    0.4060545007E+03
           3    0.3073487611E+03   -0.1204749247E+03    0.4056858743E+03
           4    0.3191309992E+03   -0.1384136404E+03    0.4185121104E+03
           5    0.2789388050E+03    0.9526492866E+02   -0.1419761206E+03
           6    0.2258100219E+03    0.9063369576E+02   -0.3221985165E+03
           7    0.2760328511E+03    0.9922813698E+02   -0.1537361259E+03
           8    0.2885319657E+03    0.1332758877E+03   -0.2936052562E+03
           9    0.2707505230E+03    0.1516566234E+03    0.6773968298E+03
          10    0.2771530458E+03    0.9701144233E+02   -0.1398078611E+03
          11    0.3225827691E+03   -0.1396997503E+03   -0.3754726913E+03
          12    0.3043608603E+03   -0.1171287967E+03    0.3986305428E+03
          13    0.2824147833E+03    0.1462433688E+03   -0.1313634536E+03
          14    0.2732945379E+03    0.1480599090E+03   -0.7149379119E+03
          15    0.2693036084E+03    0.1282006847E+03   -0.1730998774E+04
          16    0.2714025169E+03    0.1641701344E+03    0.1541818148E+03
          17    0.3711186289E+03    0.2610130060E+03    0.2197000814E+03
          18    0.2033090962E+03   -0.1223048268E+03   -0.3797462807E+03
          19    0.3792175537E+03   -0.2830488923E+03   -0.2158088840E+03
          20    0.3788328183E+03   -0.2808127524E+03    0.2114636654E+03
          21    0.2731350124E+03    0.1465148748E+03    0.6647595418E+03
          22    0.2733095508E+03    0.1368199209E+03    0.1444966723E+03
          23    0.3791309003E+03   -0.2839292036E+03    0.2151946266E+03
          24    0.2694856340E+03    0.1399487623E+03    0.1450490472E+03
          25    0.3839711551E+03    0.1403633944E+03    0.2184106245E+03
          26    0.3792226625E+03   -0.2836622640E+03    0.2153701971E+03
          27    0.3163151787E+03   -0.1411274813E+03    0.3822520169E+03
          28    0.3793003116E+03   -0.2833840569E+03    0.2153175440E+03
          29    0.2284370769E+03    0.7971042109E+02   -0.3137134740E+03
          30    0.3788067206E+03   -0.2846035249E+03    0.2135408952E+03
          31    0.2717410511E+03    0.1075719910E+03   -0.1900870186E+03
          32    0.3792216689E+03   -0.2842680990E+03    0.2148354992E+03
          33    0.2708515733E+03    0.8656117704E+02    0.1577243780E+03
          34    0.2274312432E+03    0.8348648915E+02   -0.3155197929E+03
          35    0.3152796431E+03   -0.1338663255E+03    0.4097373324E+03
          36    0.3035908999E+03    0.7215406951E+02    0.1517204105E+04
          37    0.2787801535E+03    0.1149944823E+03    0.1245675991E+03
          38    0.3159359805E+03   -0.1416473384E+03    0.3782758482E+03
          39    0.2366633670E+03   -0.8683901716E+02    0.3663050445E+03
          40    0.2673300250E+03    0.1497418186E+03   -0.4714034094E+03
          41    0.2791809686E+03    0.1494966460E+03   -0.1252503359E+03
          42    0.3290787404E+03   -0.1358364302E+03   -0.2126994900E+03
          43    0.3294087528E+03   -0.1353953550E+03   -0.2133296807E+03
          44    0.2716048544E+03   -0.1079209491E+03    0.3709199113E+03
          45    0.2730178578E+03    0.1085705220E+03   -0.1936106590E+03
          46    0.2891089088E+03    0.1542908080E+03    0.1972050605E+03
          47    0.2723518383E+03    0.1540404497E+03   -0.4844299996E+03
          48    0.2721358952E+03    0.1448127340E+03   -0.1277967088E+03
          49    0.2674109552E+03    0.1491885751E+03   -0.4718068946E+03
          50    0.3008857797E+03    0.1561818315E+03   -0.1911404692E+03
          51    0.2682427030E+03    0.1538273086E+03   -0.6399141477E+03
          52    0.2770588587E+03   -0.9774120468E+02    0.2987687169E+03
          53    0.3296085423E+03   -0.1379011418E+03   -0.2249910992E+03
          54    0.3810015832E+03   -0.2872471482E+03    0.2151091027E+03
          55    0.3299413775E+03   -0.1374537688E+03   -0.2256211388E+03
          56    0.2739319537E+03   -0.1048791294E+03    0.3729227320E+03
          57    0.3023610915E+03    0.7322620019E+02    0.1498757890E+04
          58    0.2079480361E+03    0.9338769328E+02    0.1818412157E+04
          59    0.2703920570E+03    0.1227795954E+03    0.1421407896E+03
          60    0.2686956589E+03    0.1484132752E+03   -0.4844413041E+03
          61    0.2806712554E+03    0.1486857018E+03   -0.1282693730E+03
          62    0.3783894904E+03   -0.2099132287E+03    0.2077839458E+03
          63    0.3383813984E+03    0.1531567100E+03   -0.1963148269E+03
          64    0.2777413135E+03    0.8666941799E+02   -0.1318159628E+03
          65    0.3775268480E+03    0.1187223471E+03    0.1964524551E+03
          66    0.2777911671E+03    0.7934485568E+02    0.1365283837E+03
          67    0.2792357093E+03    0.9506357009E+02    0.1905626187E+03
          68    0.2784406666E+03    0.9476345146E+02   -0.1387317445E+03
          69    0.2789901270E+03    0.1113510638E+03   -0.1242227152E+03
          70    0.3810352350E+03    0.1359140600E+03    0.2215628458E+03
          71    0.2599717956E+03    0.1091806971E+03   -0.3187689268E+03
          72    0.3041222389E+03    0.7321567112E+02   -0.1695163866E+04
          73    0.2692060504E+03    0.1502845731E+03   -0.1375693536E+03
          74    0.3036641478E+03   -0.1229349973E+03    0.3616433833E+03
          75    0.2806756849E+03    0.1484510438E+03   -0.1560253309E+03
          76    0.3809019604E+03    0.1238804631E+03    0.2172000767E+03
          77    0.2786269504E+03    0.9485743680E+02   -0.1389474065E+03
          78    0.2077149276E+03    0.9399659256E+02   -0.1582221978E+03
          79    0.2795716516E+03    0.1516455188E+03   -0.1395647133E+03
          80    0.2086901710E+03    0.8001746528E+02    0.1408370212E+04
          81    0.2742770239E+03    0.1451627316E+03    0.7069910872E+03
          82    0.2687890743E+03    0.1478347276E+03    0.4851609194E+03
          83    0.2725890708E+03    0.1058023905E+03    0.1480102899E+03
          84    0.3833260846E+03    0.1270820109E+03    0.2139455959E+03
          85    0.2805275304E+03    0.9634552273E+02    0.1937750305E+03
          86    0.2561257470E+03    0.1288553615E+03   -0.1196791817E+03
          87    0.2713457317E+03    0.1377722596E+03    0.1440613859E+03
          88    0.2710686627E+03   -0.1065078931E+03    0.3712265877E+03
          89    0.3783169637E+03   -0.2770931108E+03    0.2005984803E+03
          90    0.3417979399E+03    0.1409866760E+03   -0.1904979824E+03
          91    0.2679901544E+03    0.1239314725E+03    0.1518825186E+04
          92    0.2786978065E+03    0.9519992394E+02   -0.1390461127E+03
          93    0.2712212900E+03    0.9981258257E+02    0.1897755107E+03
          94    0.2751166438E+03    0.9722746723E+02   -0.1330999312E+03
          95    0.2771725929E+03    0.1334719069E+03   -0.1237795963E+03
          96    0.3040557668E+03   -0.1219157774E+03    0.3636358966E+03
          97    0.2715074516E+03    0.1375974546E+03    0.1442461521E+03
          98    0.3732920896E+03    0.1297734708E+03    0.2023558533E+03
          99    0.3092005512E+03   -0.1206988799E+03   -0.3534203806E+03
         100    0.3749666638E+03   -0.2084482642E+03    0.1965151860E+03
