        Rank        RMSE       MaxAE  Feature_ID
           1    3.566029   10.953244  (    3063   10017)
           2    3.571582    9.664215  (       8   10201)
           3    3.572388    9.735715  (       8   10159)
           4    3.586337   12.394507  (       8   10255)
           5    3.587843   12.513091  (       8   10248)
           6    3.590517    9.680487  (       1   10082)
           7    3.599559    9.823190  (       8   10111)
           8    3.601939   11.644781  (    8273   10017)
           9    3.613028   10.269789  (       1   11463)
          10    3.613649    9.791367  (       8   10194)
          11    3.615354    9.775595  (       8   10171)
          12    3.624780    9.567066  (       8   10198)
          13    3.631292   11.165045  (     242   10921)
          14    3.634336    9.836830  (       8   10224)
          15    3.636070    9.795113  (       8   10266)
          16    3.637845   11.963037  (    8273   10349)
          17    3.638529   10.199345  (       1   10049)
          18    3.641573   10.960027  (     668   10017)
          19    3.646735   10.962132  (      80   10921)
          20    3.647011   10.748393  (       8   10015)
          21    3.647784   10.800235  (       1   10008)
          22    3.647924   10.808674  (       1   10804)
          23    3.649442   10.725275  (       8   19554)
          24    3.651166   10.387716  (       8   10040)
          25    3.651278   10.009445  (       1   10001)
          26    3.651435   10.806798  (       8   10024)
          27    3.653227   10.729557  (       1   10005)
          28    3.653752   11.389916  (       8   15624)
          29    3.653985   10.439398  (       1   10022)
          30    3.654936   10.550611  (       1   10007)
          31    3.655872   11.154668  (    2393   10017)
          32    3.657531   11.150393  (    2463   10017)
          33    3.658153   10.985196  (      94   12022)
          34    3.658981   10.983489  (      91   12022)
          35    3.661209    9.898618  (       8   10364)
          36    3.661638   11.149678  (    2547   10017)
          37    3.663688   11.111264  (    4284   10017)
          38    3.664809   11.072862  (       1   10013)
          39    3.665929   11.960546  (      80   12643)
          40    3.667312   10.781583  (       1   10015)
          41    3.668470   11.119917  (    5671   10017)
          42    3.669564    9.911629  (       8   10297)
          43    3.669661   11.994381  (       1   14377)
          44    3.670473   10.836401  (       1   10024)
          45    3.671604   11.474926  (       1   18482)
          46    3.671836   11.000121  (       1   10063)
          47    3.672650   11.759833  (       1   15624)
          48    3.673001   12.001640  (       8   10982)
          49    3.673067   11.837094  (       1   16350)
          50    3.673290   10.446009  (       1   10040)
          51    3.675372   10.087133  (       8   10038)
          52    3.675784   11.041194  (       1   10020)
          53    3.675922   11.236295  (    2727   10017)
          54    3.676783   12.107452  (       8   12152)
          55    3.677394   11.055704  (       8   10143)
          56    3.678412   11.148056  (       1   10021)
          57    3.680154   12.209988  (       1   10436)
          58    3.680945   10.692982  (       1   10057)
          59    3.681321   11.938323  (       1   10002)
          60    3.682695   11.127074  (    2784   10017)
          61    3.683117   11.139572  (       1   10245)
          62    3.683196   12.247145  (    8273   19515)
          63    3.684125   11.073196  (       1   10019)
          64    3.684301   10.645729  (       1   10006)
          65    3.685449   11.954996  (       1   13727)
          66    3.686232    9.362696  (       8   10010)
          67    3.686503   10.700749  (       1   10004)
          68    3.686849   11.353072  (    3063   10349)
          69    3.686910   11.020347  (       8   10020)
          70    3.687862    9.421600  (       8   10082)
          71    3.689450   11.999381  (       8   10009)
          72    3.689874   11.775238  (     242   19122)
          73    3.690619   10.761922  (       8   10008)
          74    3.691958   11.320471  (    1907   10017)
          75    3.692504   12.140801  (    1305   10921)
          76    3.693557   10.658781  (       8   10202)
          77    3.693760   11.082613  (       1   10036)
          78    3.693874   10.664264  (       1   10076)
          79    3.694442    9.938852  (       8   10365)
          80    3.694457   10.613638  (       1   10011)
          81    3.695003   10.611134  (       8   10142)
          82    3.695867   10.775289  (       1   10074)
          83    3.696114   10.236106  (       8   10007)
          84    3.696634   10.382935  (       8   10022)
          85    3.696879   10.980016  (       1   10029)
          86    3.697137   11.958470  (       1   10009)
          87    3.697156   10.823673  (       1   10016)
          88    3.697245    9.980448  (       8   10192)
          89    3.697486   11.418185  (       1   10030)
          90    3.698105    9.661483  (       8   10382)
          91    3.698690   10.519431  (       1   10038)
          92    3.699335    9.902170  (       8   10377)
          93    3.699345   10.507132  (       8   10058)
          94    3.699346   11.063953  (       1   10055)
          95    3.699785   11.021127  (       1   10042)
          96    3.700136   11.131169  (       8   10021)
          97    3.700239   10.699000  (       1   10069)
          98    3.700508   11.968595  (       1   15323)
          99    3.700973   10.831862  (       1   10003)
         100    3.701161   11.069263  (       1   10046)
