Model_ID, [(c_i,i=0,n)_j,j=1,ntask]
           1    0.1791944400E+02    0.5424244492E+02    0.5587442805E+03
           2    0.1756441775E+02   -0.5751950057E+02   -0.4206856286E+03
           3    0.1897826809E+02   -0.5363913742E+02    0.5792802833E+03
           4    0.1651424996E+02    0.5797517963E+02   -0.4033323989E+03
           5    0.1230637513E+02    0.6778966875E+02    0.1901604525E+03
           6    0.1566320715E+02   -0.5874313430E+02    0.5175912702E+03
           7    0.1520206518E+02    0.6084981851E+02   -0.4385243723E+03
           8    0.1585784225E+02   -0.6108530727E+02   -0.4420847181E+03
           9    0.1672994434E+02    0.5718813522E+02    0.5254477334E+03
          10    0.1705389603E+02    0.5677279591E+02   -0.4128315712E+03
          11    0.1600897892E+02    0.5717101215E+02    0.5409006522E+03
          12    0.1849949490E+02    0.5296953442E+02    0.5682200245E+03
          13    0.1905492676E+02   -0.5328334905E+02    0.5675152549E+03
          14    0.1339668278E+02    0.6616447140E+02    0.1932530175E+03
          15    0.1415937396E+02   -0.6361473800E+02    0.1731945433E+03
          16    0.1768197327E+02   -0.5706252569E+02   -0.4104653474E+03
          17    0.1497048364E+02    0.6117545914E+02   -0.4363447305E+03
          18    0.1701493660E+02   -0.5757475072E+02    0.5426873413E+03
          19    0.1567675102E+02   -0.5945559895E+02   -0.2285574607E+03
          20    0.1843104667E+02    0.5364487338E+02    0.5561030960E+03
          21    0.1528538335E+02    0.6201973007E+02    0.1761347603E+03
          22    0.1658305577E+02    0.5897030720E+02    0.1863094791E+03
          23    0.1614225435E+02   -0.5973812681E+02   -0.4345069668E+03
          24    0.1570672085E+02    0.5770523569E+02    0.5349700452E+03
          25    0.1705426971E+02    0.5735852715E+02   -0.4008483721E+03
          26    0.1816442329E+02   -0.5596075019E+02   -0.4195546214E+03
          27    0.1606041759E+02   -0.5679628814E+02    0.5450093147E+03
          28    0.1552299444E+02   -0.6030220872E+02   -0.2198857497E+03
          29    0.1552148896E+02    0.5888151466E+02    0.5136307329E+03
          30    0.1446095124E+02    0.6446313605E+02   -0.1975347820E+03
          31    0.4779802916E+01   -0.3631575174E+02    0.1101828636E+03
          32    0.1957725192E+02   -0.5211128152E+02    0.5763381904E+03
          33    0.1434651863E+02    0.6184695756E+02    0.5428836202E+03
          34    0.1537068206E+02    0.6094645758E+02   -0.4326738543E+03
          35    0.1350223025E+02   -0.6618045518E+02    0.1892377697E+03
          36    0.8502877888E+01    0.8127628792E+02    0.2059555661E+03
          37    0.1911549524E+02    0.5307665211E+02    0.5942260861E+03
          38    0.1911709486E+02    0.5307504789E+02    0.5949533344E+03
          39    0.1527259350E+02    0.6193401848E+02    0.2030346891E+03
          40    0.1766071747E+02    0.5706972928E+02   -0.4313978287E+03
          41    0.1766017713E+02    0.5707382994E+02   -0.4319804182E+03
          42    0.1680120142E+02    0.5783738575E+02   -0.2302984244E+03
          43    0.1541011832E+02   -0.5987762005E+02    0.2180355896E+03
          44    0.1398369029E+02    0.6215589352E+02    0.9490518838E+03
          45    0.1553690259E+02    0.5796478793E+02    0.5312330698E+03
          46    0.1576116649E+02    0.5732221101E+02    0.5391628357E+03
          47    0.1475773783E+02    0.6339442811E+02   -0.1008021580E+03
          48    0.1708979344E+02   -0.5721995489E+02    0.5300283176E+03
          49    0.1452695287E+02    0.6205256315E+02    0.1798612511E+03
          50    0.1550129482E+02    0.5963336384E+02   -0.2278949577E+03
          51    0.1813479876E+02   -0.5599005967E+02   -0.4400506720E+03
          52    0.1783077069E+02    0.5320354315E+02    0.5747435697E+03
          53    0.1666211967E+02    0.5866983747E+02   -0.2215132092E+03
          54    0.1373614462E+02    0.6449686172E+02   -0.4000009348E+03
          55    0.1707233135E+02    0.5623642048E+02    0.5868907333E+03
          56    0.1609824948E+02    0.5779849334E+02   -0.2366078542E+03
          57    0.1553357936E+02    0.6063911438E+02   -0.3651494839E+03
          58    0.1400393647E+02    0.6377085417E+02    0.1713357299E+03
          59    0.1814049134E+02    0.5470397266E+02   -0.2409521753E+03
          60    0.1500132276E+02    0.6232065619E+02    0.2026923340E+03
          61    0.1538425736E+02    0.6023454586E+02    0.5516857337E+03
          62    0.1910315710E+02    0.5270553876E+02    0.5545434113E+03
          63    0.2020525772E+02    0.4882719159E+02    0.5710208389E+03
          64    0.1963046971E+02   -0.5192420712E+02    0.6023815406E+03
          65    0.1770787114E+02   -0.5638938854E+02    0.5906783625E+03
          66    0.1534200873E+02    0.6048882455E+02   -0.2192073210E+03
          67    0.1721029160E+02    0.5765234565E+02    0.1888706238E+03
          68    0.9126313865E+01    0.8160346911E+02   -0.2450323968E+03
          69    0.2019998488E+02    0.5120463774E+02    0.5513377736E+03
          70    0.1280690034E+02    0.6592192968E+02   -0.3860136720E+03
          71    0.1825286400E+02    0.5463542459E+02    0.5343250789E+03
          72    0.1477056817E+02    0.6395861892E+02   -0.1942002923E+03
          73    0.1711511302E+02    0.5836778853E+02    0.1854132817E+03
          74    0.1575855825E+02    0.5837840384E+02   -0.2350499263E+03
          75    0.1619461208E+02   -0.6085348746E+02    0.2017805414E+03
          76    0.1471879158E+02    0.2959800468E+02   -0.3938315038E+03
          77    0.1420053399E+02    0.6261113250E+02    0.1777118828E+03
          78    0.1475900372E+02    0.6416993504E+02   -0.1939028112E+03
          79    0.1209921841E+02    0.6785815799E+02    0.1888307870E+03
          80    0.1137356988E+02   -0.3266470821E+02    0.1295607928E+03
          81    0.1521050554E+02    0.6376022508E+02   -0.1882408666E+03
          82    0.1504719487E+02    0.6356760218E+02    0.1945039980E+03
          83    0.1576261660E+02   -0.6131961633E+02   -0.1754969311E+03
          84    0.1994619565E+02    0.5149266119E+02    0.5514518830E+03
          85    0.1448735930E+02    0.6466235710E+02    0.1917120075E+03
          86    0.1477038837E+02    0.6413529726E+02   -0.1935820887E+03
          87    0.1777614761E+02    0.5636516943E+02   -0.3985479900E+03
          88    0.1672368020E+02    0.5649420903E+02    0.1023714770E+04
          89    0.1595565061E+02    0.5863882315E+02   -0.2272895110E+03
          90    0.1639769924E+02    0.5698252171E+02   -0.4125675966E+03
          91    0.1897626056E+02    0.5311296085E+02    0.5478932476E+03
          92    0.1653969974E+02    0.5951191076E+02   -0.1880909767E+03
          93    0.1503315557E+02    0.6052428845E+02    0.9629664276E+03
          94    0.1552525353E+02   -0.5947220414E+02    0.2123803768E+03
          95    0.2829101954E+01   -0.3816210691E+02    0.1272069073E+03
          96    0.1974396168E+02    0.5190390944E+02    0.5490943257E+03
          97    0.1538706946E+02    0.6211636468E+02    0.2013416166E+03
          98    0.1476396663E+02    0.6067505192E+02   -0.3752376037E+03
          99    0.1683883271E+02    0.5656091766E+02    0.5858853793E+03
         100    0.1618574444E+02   -0.5823776373E+02    0.2142763547E+03
