Materials	Properties	feature1	feature2	feature3	feature4	feature5	feature6	feature7	feature8	feature9	feature10	feature11	feature12	feature13	feature14	feature15	feature16	feature17	feature18	feature19
sample1	4.0600	0.0000	0.0000	0.0000	0.0000	0.0000	0.0000	0.0000	1.0000	0.0000	0.0000	0.0000	0.3688	0.2223	0.4070	0.2344	0.2778	0.5614	0.8617	0.8606
sample2	13.1600	0.0000	0.0000	0.0000	0.0000	0.0000	1.0000	0.0000	0.0000	0.0000	0.0000	0.0000	0.9078	0.0022	0.4535	0.4058	0.0000	0.6025	0.6513	0.8847
sample3	7.5300	0.0000	0.0000	0.0000	0.0000	0.0000	0.0000	0.0000	0.0000	0.0000	0.0000	0.0000	0.7447	0.2602	0.6395	0.4727	0.4784	0.6296	0.7952	0.8632
sample4	6.9700	0.0000	0.0000	0.0000	0.7500	0.0000	0.0000	0.0000	0.0000	0.0000	0.0000	0.0000	0.4397	0.1726	0.3605	0.3713	0.3148	0.4825	0.8784	0.9418
sample5	14.7000	0.0000	0.0000	0.0000	0.0000	0.0000	0.0000	0.0000	0.0000	0.0000	0.0000	0.0000	0.6738	0.2753	1.0000	0.2724	0.2685	0.6951	0.5524	0.7115
sample6	38.5000	0.0000	0.0000	0.0000	0.0000	0.0000	0.0000	0.0000	0.0000	0.0000	0.0000	0.0000	0.8014	0.2593	0.7326	0.3738	0.3796	0.6692	0.1494	0.0135
sample7	6.6500	0.0000	0.0000	0.0000	0.0000	1.0000	0.0000	0.0000	0.0000	0.0000	0.0000	0.0000	0.6028	0.0047	0.3372	1.0000	0.0000	0.6843	0.9036	0.9528
sample8	13.3700	0.0000	0.0000	0.0000	0.0000	0.0000	0.0000	0.0000	0.0000	0.0000	0.0000	0.0000	0.6454	0.2949	0.7326	0.2787	0.2840	0.6272	0.2725	0.4368
sample9	10.0200	0.0000	0.0000	0.0000	0.0000	0.0000	0.0000	0.0000	0.0000	0.0000	0.0000	0.0000	0.9858	0.0184	0.7326	0.3738	0.0309	0.7914	0.1619	0.3723
sample10	23.0900	0.0000	0.0000	0.0000	0.0000	0.0000	0.0000	0.0000	0.0000	0.0000	0.0000	0.0000	0.6879	0.2212	0.7326	0.2851	0.4630	0.5418	0.1806	0.4810
sample11	40.9000	0.0000	0.0000	0.0000	0.0000	0.0000	0.0000	0.0000	0.0000	0.0000	0.0000	0.0000	0.9645	0.0000	0.7326	0.3805	0.0000	0.7114	0.1967	0.3956
sample12	12.6200	0.0000	0.0000	0.0000	0.0000	0.0000	0.5000	0.0000	0.0000	0.0000	0.0000	0.0000	0.9362	0.0232	0.7326	0.3928	0.0340	0.6600	0.3458	0.6584
sample13	1.5600	0.0000	0.0000	1.0000	0.0000	0.0000	0.0000	0.0000	0.0000	0.0000	0.0000	0.0000	0.1489	0.0144	0.4535	0.2280	0.0000	0.1011	0.9682	0.9819
sample14	4.8100	0.0000	0.0000	0.0000	0.0000	0.0000	0.0000	0.0000	0.0000	1.0000	0.0000	0.0000	0.4752	0.2191	0.6395	0.2217	0.2160	0.5241	0.8190	0.8863
sample15	22.1800	0.0000	0.0000	0.0000	0.0000	0.0000	0.0000	0.0000	0.0000	0.0000	0.0000	0.0000	0.9504	0.2070	0.7326	0.4283	0.2315	0.6937	0.5504	0.6227
sample16	22.1300	0.0000	0.0000	0.0000	0.0000	0.2500	0.0000	0.0000	0.0000	0.0000	0.0000	0.0000	0.8511	0.3192	0.7326	0.5830	0.7099	0.6859	0.3856	0.7858
sample17	33.6600	0.0000	0.0000	0.0000	0.0000	0.0000	0.0000	0.0000	0.0000	0.0000	0.0000	0.0000	0.7730	0.1599	1.0000	0.3332	0.2315	0.6261	0.2647	0.0000
sample18	3.1400	0.0000	0.0000	0.0000	0.0000	0.0000	0.0000	0.0000	0.0000	0.0000	0.0000	0.0000	0.2340	0.3148	0.7326	0.0949	0.4630	0.1878	0.7253	0.7804
sample19	3.6000	0.0000	0.0000	0.0000	0.0000	0.0000	0.0000	0.6667	0.0000	0.0000	0.0000	0.0000	0.7660	0.5013	0.3605	0.3966	0.6142	0.7477	0.8193	0.8747
sample20	0.4200	0.0000	0.0000	0.0000	0.0000	0.0000	0.0000	0.0000	0.0000	0.0000	1.0000	0.0000	0.7092	0.2778	0.0000	0.3561	0.6111	1.0000	0.8623	0.9122
sample21	5.6500	0.0000	0.0000	0.0000	0.0000	0.2500	0.0000	0.0000	0.0000	0.0000	0.0000	0.0000	0.3901	0.5270	0.3372	0.3840	1.0000	0.5575	0.8761	0.9120
sample22	7.3500	0.0000	0.0000	0.0000	0.0000	0.0000	0.0000	1.0000	0.0000	0.0000	0.0000	0.0000	0.9929	0.2761	0.3605	0.5056	0.5309	0.8452	0.8137	0.8756
sample23	10.1200	0.0000	0.0000	0.0000	0.0000	0.0000	0.0000	0.0000	0.0000	0.0000	0.0000	0.0000	0.4752	0.3427	0.7326	0.2724	0.4630	0.5871	0.1051	0.1500
sample24	9.5400	0.0000	0.0000	0.0000	0.2500	0.0000	0.0000	0.0000	0.0000	0.0000	0.0000	0.0000	0.5035	0.2993	0.6395	0.3409	0.4753	0.5423	0.7035	0.8563
sample25	4.6600	0.0000	0.0000	0.0000	1.0000	0.0000	0.0000	0.0000	0.0000	0.0000	0.0000	0.0000	0.4823	0.0133	0.3605	0.4366	0.0000	0.4731	0.9480	1.0000
sample26	2.6000	0.0000	0.0000	0.0000	0.0000	0.0000	0.0000	0.0000	0.0000	0.0000	0.0000	0.0000	0.2979	0.0000	0.0000	0.1777	0.0000	0.5243	0.9425	0.9410
sample27	29.7700	0.0000	0.0000	0.0000	0.0000	0.0000	0.0000	0.0000	0.0000	0.0000	0.0000	0.0000	0.9716	0.2515	0.7326	0.4245	0.2160	0.7324	0.0000	0.4410
sample28	7.9800	0.0000	0.0000	0.0000	0.0000	0.0000	0.0000	0.0000	1.0000	0.0000	0.0000	0.0000	0.3688	0.2563	0.4070	0.2787	0.2901	0.6748	0.8460	0.8493
sample29	0.1000	0.0000	0.0000	0.0000	0.0000	0.0000	0.0000	0.0000	0.0000	0.0000	0.0000	0.0000	0.0000	0.0000	0.0000	0.0000	0.0000	0.0000	1.0000	0.9783
sample30	23.4700	0.0000	0.0000	0.0000	0.0000	0.0000	0.0000	0.0000	0.0000	0.0000	0.0000	0.0000	0.6170	0.2815	1.0000	0.2825	0.2778	0.5852	0.3112	0.1621
sample31	4.6600	0.0000	0.0000	0.0000	0.0000	0.0000	0.0000	0.0000	0.0000	0.0000	0.0000	0.0000	0.4468	0.3360	0.6395	0.2762	0.4784	0.5563	0.7416	0.8684
sample32	17.9900	0.0000	0.0000	0.0000	0.0000	0.0000	0.0000	0.0000	0.0000	0.0000	0.0000	0.0000	0.8865	0.1367	0.7326	0.5234	0.2315	0.6782	0.8906	0.9335
sample33	26.1300	0.0000	0.0000	0.0000	0.0000	0.0000	0.0000	0.0000	0.0000	0.0000	0.0000	0.0000	0.7730	0.0932	0.7326	0.3776	0.3889	0.6521	0.4523	0.6362
sample34	6.0700	0.0000	0.0000	0.0000	0.0000	0.0000	0.0000	0.0000	0.0000	0.0000	0.0000	0.0000	0.5035	1.0000	0.0000	0.2217	0.2160	0.6525	0.9098	0.9297
sample35	24.5500	0.0000	0.0000	0.0000	0.0000	0.0000	0.0000	0.0000	0.0000	0.0000	0.0000	0.0000	0.9220	0.0965	0.7326	0.4752	0.2685	0.6864	0.7992	0.8579
sample36	11.2800	0.0000	0.0000	0.0000	0.0000	0.0000	0.0000	0.0000	0.0000	0.0000	0.0000	0.0000	0.6099	0.3146	0.6395	0.3738	0.5525	0.5876	0.7365	0.8506
sample37	26.3800	0.0000	0.0000	0.0000	0.0000	0.0000	0.0000	0.0000	0.0000	0.0000	0.0000	0.0000	1.0000	0.0060	1.0000	0.3738	0.0185	0.7809	0.3782	0.5924
sample38	23.0500	0.0000	1.0000	0.0000	0.0000	0.0000	0.0000	0.0000	0.0000	0.0000	0.0000	0.0000	0.9716	0.2540	0.7326	0.4892	0.5309	0.8391	0.0463	0.3740
sample39	19.2500	1.0000	0.0000	0.0000	0.0000	0.0000	0.0000	0.0000	0.0000	0.0000	0.0000	0.0000	0.9716	0.1480	0.7326	0.4372	0.2778	0.7348	0.1220	0.3357
sample40	15.7600	0.0000	0.0000	0.0000	0.0000	0.0000	0.0000	0.0000	0.0000	0.0000	0.0000	0.0000	0.6170	0.3320	0.7326	0.3269	0.4599	0.6086	0.4400	0.6145
sample41	4.3900	0.0000	0.0000	0.0000	0.0000	0.0000	0.0000	0.3333	0.0000	0.0000	0.0000	0.0000	0.5390	0.4777	0.3605	0.2863	0.5309	0.6182	0.8098	0.8756
sample42	21.4100	0.0000	0.0000	0.0000	0.0000	0.0000	0.0000	0.0000	0.0000	0.0000	0.0000	0.0000	0.8085	0.9731	0.7326	0.3294	0.2469	0.6673	0.1622	0.4810
