     Index              y_true              y_pred        descriptor_1        descriptor_2
         1    0.9034100000E+02    0.1117414094E+03    0.8445110400E+00   -0.5188631472E-01
         2    0.3945000000E+03    0.4013699391E+03   -0.9111648000E-01   -0.7599091539E-01
         3    0.3674300000E+03    0.3969679236E+03   -0.2043657000E-01   -0.8595324410E-02
         4    0.3891500000E+03    0.4162040904E+03   -0.7373929000E-01    0.2969509680E-03
         5    0.4780000000E+03    0.4309606459E+03   -0.2134716300E+00   -0.1102282953E+00
         6    0.3450000000E+03    0.3655898889E+03    0.4387450000E-01   -0.4997447087E-01
         7    0.4711500000E+03    0.4585848961E+03   -0.1575275000E+00    0.5983486455E-01
         8    0.1743000000E+03    0.1131696072E+03    0.3962381400E+00   -0.5787217206E+00
         9    0.1588000000E+03    0.2083337088E+03    0.4264105600E+00   -0.1858465568E+00
        10    0.2561000000E+03    0.2337084970E+03    0.4759728000E+00   -0.3179998408E-01
        11    0.2466500000E+03    0.2563798098E+03    0.4148816100E+00   -0.1926564475E-01
        12    0.2634000000E+03    0.2721487808E+03    0.1851766000E+00   -0.2328087600E+00
        13    0.3860000000E+03    0.3842397724E+03   -0.2414622400E+00   -0.3187549839E+00
        14    0.3380000000E+03    0.3754278169E+03   -0.2350611000E+00   -0.3442178026E+00
        15    0.4380000000E+03    0.4447205994E+03   -0.2040587900E+00   -0.4742615598E-01
        16    0.4460000000E+03    0.4250215907E+03    0.0000000000E+00    0.1209240775E+00
        17    0.8950000000E+02    0.9327936342E+02    0.8179227000E+00   -0.1527215506E+00
        18    0.2566500000E+03    0.2013072692E+03    0.6051571000E+00    0.0000000000E+00
        19    0.4010000000E+03    0.3719141798E+03   -0.5131274000E-01   -0.1392530578E+00
        20    0.3260000000E+03    0.3175227074E+03    0.2047394200E+00   -0.3934134901E-01
        21    0.4680000000E+03    0.4216221440E+03   -0.6593665000E-01    0.2988877101E-01
        22    0.3602000000E+03    0.3716755390E+03   -0.1536250000E-02   -0.8105329739E-01
        23    0.3334000000E+03    0.4313861187E+03   -0.2284060500E+00   -0.1263622178E+00
        24    0.1693000000E+03    0.2141348866E+03    0.4080886500E+00   -0.1858325823E+00
        25    0.2396000000E+03    0.2671313717E+03    0.4094336000E+00    0.1460611110E-01
        26    0.2516000000E+03    0.2811492847E+03    0.3021026400E+00   -0.6022327380E-01
        27    0.2561000000E+03    0.2599675236E+03    0.1778969000E+00   -0.2871551711E+00
        28    0.2490000000E+03    0.2370146156E+03    0.5177000000E+00    0.3014346028E-01
        29    0.4150000000E+03    0.3954672302E+03   -0.5499139000E-01   -0.5524972259E-01
        30    0.2530000000E+03    0.2765382181E+03    0.3354252400E+00   -0.3796300390E-01
        31    0.2744000000E+03    0.2308337166E+03    0.4232430800E+00   -0.1051873542E+00
        32    0.2720000000E+03    0.2614018947E+03    0.3643579300E+00   -0.6040507145E-01
        33    0.9070000000E+02    0.8995404402E+02    0.9570708900E+00    0.0000000000E+00
        34    0.3010000000E+03    0.3176177016E+03    0.2682355000E-01   -0.2502083970E+00
        35    0.2680300000E+03    0.2835709172E+03    0.3625780700E+00    0.2065967564E-01
        36    0.2886400000E+03    0.3199640135E+03    0.2577921200E+00    0.3280307760E-01
        37    0.4240000000E+03    0.3881153535E+03   -0.8703216000E-01   -0.1208729615E+00
        38    0.3281500000E+03    0.3400533304E+03    0.1968571300E+00    0.3583525268E-01
        39    0.3632000000E+03    0.3133191079E+03    0.3334800000E+00    0.9772889239E-01
        40    0.5132000000E+03    0.4293219197E+03   -0.2250568400E+00   -0.1301308442E+00
        41    0.2401500000E+03    0.2473189810E+03    0.4728777800E+00    0.1559189379E-01
        42    0.4097000000E+03    0.4281905913E+03   -0.2235024000E+00   -0.1325301239E+00
