        Rank        RMSE       MaxAE  Feature_ID
           1   25.256947   75.756672  (     610   19360)
           2   25.319416   71.428953  (     665   19360)
           3   25.643178   79.395219  (      97   12900)
           4   25.824157   71.586493  (    1304   19360)
           5   25.939813   69.890565  (     305   11331)
           6   25.949566   67.356203  (     216   11421)
           7   25.966779   78.036669  (      97   12160)
           8   26.033260   67.351674  (     665   13144)
           9   26.043288   69.415816  (     216   11767)
          10   26.116919   68.213656  (     216   11204)
          11   26.131445   68.592670  (     216   12763)
          12   26.138294   69.763441  (     305   16575)
          13   26.161812   69.028644  (     216   11424)
          14   26.216106   68.072292  (     305   12900)
          15   26.257525   69.444164  (     305   12494)
          16   26.278295   73.347224  (     665   14781)
          17   26.351123   70.621577  (     610   16575)
          18   26.360434   71.349183  (      97   19437)
          19   26.382685   75.890037  (     311   12900)
          20   26.450357   68.711165  (    1506   19360)
          21   26.451235   71.551740  (      97   13144)
          22   26.477083   91.004307  (    1199   17504)
          23   26.489507   73.146901  (      97   11421)
          24   26.563626   78.960241  (    9871   16388)
          25   26.571102   71.459288  (     610   12900)
          26   26.592295   78.681892  (      97   11132)
          27   26.597773   70.281279  (     216   11350)
          28   26.603137   73.077946  (     216   11887)
          29   26.605189   67.760859  (     216   12349)
          30   26.620212   69.090768  (     665   11424)
          31   26.648423   68.977604  (     369   16377)
          32   26.673055   68.210646  (     216   10986)
          33   26.682442   70.878863  (      97   16575)
          34   26.688559   78.854929  (      97   11346)
          35   26.698133   65.296223  (    1506   11204)
          36   26.700222   75.808651  (     665   12740)
          37   26.709850   69.521915  (     665   11767)
          38   26.714182   79.726642  (    3421   16850)
          39   26.726262   68.663907  (     216   11439)
          40   26.727519   73.917310  (     610   12740)
          41   26.729504   67.404119  (     665   11421)
          42   26.740897   77.613000  (      97   10817)
          43   26.749325   78.115839  (      97   15245)
          44   26.758393   67.568935  (     216   13144)
          45   26.766326   74.444146  (     311   12494)
          46   26.767339   68.509712  (     216   14819)
          47   26.777230   74.078835  (       1   10021)
          48   26.784091   66.633992  (     665   19437)
          49   26.791146   90.788578  (    1199   14449)
          50   26.794009   71.995905  (     216   11346)
          51   26.797374   70.694665  (      97   11331)
          52   26.798620   72.040335  (     216   11401)
          53   26.803986   66.679065  (     305   12160)
          54   26.815783   74.966438  (     311   11331)
          55   26.818965   74.799139  (      97   11536)
          56   26.821269   68.278249  (     665   11204)
          57   26.824458   82.786866  (       1   10001)
          58   26.834943   77.791795  (      97   11021)
          59   26.842809   73.417792  (      97   11767)
          60   26.849815   73.245406  (     216   12522)
          61   26.873152   73.914367  (    2999   16850)
          62   26.881126   76.370975  (      97   11850)
          63   26.891884   76.524648  (      97   11253)
          64   26.900050   69.242671  (    1506   14781)
          65   26.901395   69.568489  (    1808   19065)
          66   26.907757   74.514184  (     311   12160)
          67   26.918989   78.788038  (      97   11267)
          68   26.922484   79.421081  (      97   11797)
          69   26.928093   76.517075  (     134   12900)
          70   26.933467   73.305575  (      97   11424)
          71   26.940755   79.248019  (       1   10007)
          72   26.941678   72.440200  (     279   12900)
          73   26.955202   75.101338  (     134   12160)
          74   26.956828   72.824849  (     216   12900)
          75   26.980739   79.319341  (    9871   11980)
          76   26.985426   69.172686  (    1304   11424)
          77   26.987328   82.711588  (       1   10003)
          78   27.004867   66.237241  (    1506   11424)
          79   27.006833   82.654432  (       1   10004)
          80   27.007421   72.013432  (     216   11132)
          81   27.011418   69.338988  (    1777   16850)
          82   27.012178   68.308117  (    1304   11204)
          83   27.013421   70.395851  (     665   11350)
          84   27.015189   68.683856  (     665   11439)
          85   27.019733   82.835158  (       1   10006)
          86   27.027440   70.888969  (     216   11021)
          87   27.029734   83.169365  (       1   10005)
          88   27.035529   71.231358  (     216   11768)
          89   27.038139   68.706384  (     610   15674)
          90   27.047571   79.384282  (       1   10011)
          91   27.049924   69.612919  (    1304   11767)
          92   27.052618   70.019073  (     610   12160)
          93   27.055902   71.956049  (     216   11267)
          94   27.060871   77.729894  (      97   10958)
          95   27.067120   78.360390  (      97   11337)
          96   27.068070   66.672581  (    1506   11767)
          97   27.072298   66.265556  (     216   14324)
          98   27.081716   79.071439  (       1   10015)
          99   27.081717   71.278953  (     369   19360)
         100   27.082618   69.859591  (     665   11850)
