     Index              y_true              y_pred        descriptor_1        descriptor_2
         1    0.1128000000E+02    0.8802800094E+01    0.2544876680E-01    0.2158772000E-01
         2    0.2280000000E+01    0.3674133072E+01    0.0000000000E+00   -0.3617120000E-02
         3    0.1799000000E+02    0.2190387705E+02    0.1168600095E+00    0.1951092000E-01
         4    0.7980000000E+01    0.3718237131E+01   -0.1274363283E-02    0.3583800000E-03
         5    0.1002000000E+02    0.2101137245E+02    0.1141937549E+00    0.1068832000E-01
         6    0.2613000000E+02    0.2625294050E+02    0.1167804257E+00    0.9540732000E-01
         7    0.4660000000E+01    0.7115067148E+01    0.6019013778E-02    0.4112160000E-01
         8    0.2213000000E+02    0.2421784251E+02    0.1201334753E+00    0.5154576000E-01
         9    0.9540000000E+01    0.7877218059E+01    0.1537530096E-01    0.3083504000E-01
        10    0.1337000000E+02    0.1081168137E+02    0.4869822690E-01   -0.1971600000E-02
        11    0.2141000000E+02    0.1478833364E+02    0.1264626975E+00   -0.1285082800E+00
        12    0.4810000000E+01    0.6931098457E+01    0.1101970509E-01    0.2533172000E-01
        13    0.1470000000E+02    0.1698215010E+02    0.8329265709E-01    0.1834423000E-01
        14    0.3600000000E+01    0.3368885412E+01   -0.3213026387E-02   -0.8420800000E-03
        15    0.4090000000E+02    0.3430705618E+02    0.1816494884E+00    0.7230015000E-01
        16    0.2309000000E+02    0.2156599345E+02    0.8070940137E-01    0.1046293200E+00
        17    0.2638000000E+02    0.2584461321E+02    0.1523608800E+00   -0.1263780000E-02
        18    0.1546000000E+02    0.8759359151E+01    0.3098353196E-01    0.6899360000E-02
        19    0.5980000000E+01    0.5176713641E+01    0.2697264553E-02    0.1574588000E-01
        20    0.1262000000E+02    0.1883209404E+02    0.7732996570E-01    0.6555222000E-01
        21    0.2977000000E+02    0.3204659193E+02    0.1809892174E+00    0.3461850000E-01
        22    0.1560000000E+01    0.4722380589E+01    0.8926834457E-03    0.1238069000E-01
        23    0.4660000000E+01    0.6519400681E+01    0.9587375990E-02    0.2177156000E-01
        24    0.1925000000E+02    0.1776551099E+02    0.2142209468E+00   -0.2975975800E+00
        25    0.4360000000E+01    0.5252239853E+01    0.1674325032E-01   -0.1829652000E-01
        26    0.6970000000E+01    0.6203203877E+01    0.2872540287E-02    0.3317088000E-01
        27    0.6070000000E+01    0.3133864588E+01    0.0000000000E+00   -0.1302057000E-01
        28    0.3850000000E+02    0.2609710787E+02    0.1458358110E+00    0.1955601000E-01
        29    0.2218000000E+02    0.2597676891E+02    0.1468673479E+00    0.1486488000E-01
        30    0.2455000000E+02    0.1877971753E+02    0.9481950763E-01    0.2061544000E-01
        31    0.7350000000E+01    0.2228782431E+01   -0.1534550646E-01    0.9854480000E-02
        32    0.3366000000E+02    0.3569112751E+02    0.2083745673E+00    0.2911700000E-01
        33    0.1000000000E+00    0.2635194154E+01    0.0000000000E+00   -0.2170000000E-01
        34    0.1040000000E+01    0.4671776512E+01    0.5714517051E-01   -0.1301004000E+00
        35    0.1576000000E+02    0.1429042970E+02    0.5833971096E-01    0.3430670000E-01
        36    0.6140000000E+01    0.5082394362E+01    0.1453578694E-02    0.1723488000E-01
        37    0.3140000000E+01    0.5605916003E+01    0.2610732180E-02    0.2343403000E-01
        38    0.2600000000E+01    0.3833621567E+01    0.0000000000E+00   -0.8412000000E-03
        39    0.2305000000E+02    0.2589126522E+02    0.2610143024E+00   -0.2739572000E+00
        40    0.4200000000E+00    0.3129372812E+01    0.0000000000E+00   -0.1309875000E-01
        41    0.6650000000E+01    0.6344692781E+01    0.4386489356E-02    0.3182256000E-01
        42    0.1012000000E+02    0.1438717346E+02    0.6377415330E-01    0.2231081000E-01
