        Rank        RMSE       MaxAE  Feature_ID
           1   10.128742   27.986700  (    8485   10494)
           2   10.209232   30.048839  (     239   12141)
           3   10.236804   30.995008  (     239   11299)
           4   10.240057   29.712746  (     512   12672)
           5   10.243303   29.597951  (    2032   12672)
           6   10.247079   25.760346  (    7918   10671)
           7   10.260053   31.500169  (     160   11299)
           8   10.284849   30.989325  (     239   10539)
           9   10.292727   29.101374  (    2136   12672)
          10   10.303353   31.088147  (     239   10752)
          11   10.305678   27.621171  (    8485   11835)
          12   10.308837   29.456607  (    1948   12672)
          13   10.313800   30.895404  (     239   10191)
          14   10.315839   29.446066  (     239   11785)
          15   10.316484   27.890146  (    8485   12659)
          16   10.327187   30.855100  (     239   10217)
          17   10.328793   30.647868  (     239   10916)
          18   10.334237   31.190605  (     239   10316)
          19   10.335665   30.943613  (    2032   10997)
          20   10.335669   31.046326  (     239   10617)
          21   10.337095   29.222276  (    2440   12672)
          22   10.341710   31.228949  (     239   10819)
          23   10.344738   30.820516  (     239   11414)
          24   10.344879   30.818546  (     239   11377)
          25   10.346388   27.810752  (    8485   12450)
          26   10.352688   29.447812  (     160   14887)
          27   10.353420   31.223689  (     512   10703)
          28   10.354542   29.214254  (    2630   12672)
          29   10.355015   31.086691  (     512   11207)
          30   10.358610   31.405898  (    3566   10997)
          31   10.363709   30.412548  (    2136   10997)
          32   10.363964   31.104007  (     239   10145)
          33   10.364578   27.989954  (    8485   10008)
          34   10.365019   27.720541  (    4863   10624)
          35   10.370600   30.776196  (     239   10658)
          36   10.371998   28.000103  (    4863   10078)
          37   10.373644   29.421090  (     460   10320)
          38   10.375646   29.318695  (    1951   10320)
          39   10.376660   30.433453  (     160   12824)
          40   10.377458   31.133151  (     512   13471)
          41   10.377725   30.569491  (     239   10455)
          42   10.382006   31.055770  (     239   10169)
          43   10.382751   27.800636  (    8485   10474)
          44   10.383858   27.493924  (    8485   10703)
          45   10.384295   29.349412  (    2732   12672)
          46   10.391025   31.450135  (     239   10584)
          47   10.391634   26.417119  (    7918   10357)
          48   10.392743   28.656995  (    9342   11299)
          49   10.399156   30.938563  (    2032   13043)
          50   10.400195   28.107659  (    4863   10008)
          51   10.400199   30.779611  (    1948   10997)
          52   10.401344   30.541703  (    2440   10997)
          53   10.403162   28.114121  (    8485   10611)
          54   10.403279   31.154065  (    2032   10703)
          55   10.404683   33.696196  (    1292   10660)
          56   10.405564   29.548428  (    2795   12672)
          57   10.406416   31.004489  (     239   10427)
          58   10.409152   29.287539  (     239   11595)
          59   10.409846   29.581996  (     239   12672)
          60   10.411421   28.805853  (    1693   10320)
          61   10.412892   24.766128  (    1971   10008)
          62   10.413463   29.169838  (    3543   12672)
          63   10.413764   30.829345  (     239   10256)
          64   10.414281   30.627368  (    2136   10703)
          65   10.416503   31.324391  (     512   13111)
          66   10.416958   29.181689  (    3220   12672)
          67   10.419658   29.325533  (    1399   10320)
          68   10.420295   29.072145  (    4863   13331)
          69   10.426649   27.258403  (    8485   10997)
          70   10.428357   31.060956  (    2032   13471)
          71   10.428743   31.985609  (    3566   12450)
          72   10.430266   30.655859  (     239   10568)
          73   10.430610   27.458808  (    8485   11207)
          74   10.431068   30.730270  (     239   10403)
          75   10.433544   30.528886  (    2630   10997)
          76   10.434879   26.031819  (    7918   10038)
          77   10.439508   30.654475  (     239   10585)
          78   10.439789   32.431534  (    2556   12028)
          79   10.440910   31.615322  (    3566   10703)
          80   10.442360   30.948588  (     239   10850)
          81   10.443866   30.661704  (     239   10592)
          82   10.444277   24.616895  (    1971   10107)
          83   10.444574   30.658931  (     239   10597)
          84   10.444651   29.996237  (    1693   10624)
          85   10.445326   31.209677  (     512   13380)
          86   10.445329   30.656131  (     239   10600)
          87   10.446742   30.798163  (     239   10445)
          88   10.447740   30.554589  (    1951   10624)
          89   10.448039   31.456964  (    3566   11207)
          90   10.448329   30.994104  (    1948   10703)
          91   10.449055   32.793877  (     239   10108)
          92   10.449315   30.532045  (     160   12141)
          93   10.449779   30.663290  (     239   10609)
          94   10.450331   30.757083  (    2440   10703)
          95   10.453203   34.053499  (     735   10660)
          96   10.454425   30.699700  (    9342   10108)
          97   10.455785   32.222043  (    2153   12028)
          98   10.455894   30.744839  (     512   10916)
          99   10.457859   31.264855  (    2032   13111)
         100   10.458140   30.824593  (     239   10997)
