Model_ID, [(c_i,i=0,n)_j,j=1,ntask]
           1    0.2716153738E+03    0.1857840611E+03   -0.7722170343E+02
           2    0.2113031204E+03   -0.1706869461E+03    0.4217901438E+03
           3    0.2084142201E+03   -0.1679306364E+03    0.5095886654E+03
           4    0.3353765582E+03    0.2854469467E+03    0.4278038350E+03
           5    0.2705072302E+03    0.1858649597E+03   -0.7444928756E+02
           6    0.3412356358E+03   -0.3062975013E+03    0.3365454706E+03
           7    0.3242586721E+03   -0.2873354115E+03    0.1148026373E+04
           8    0.2934980540E+03   -0.2651195319E+03   -0.1955331231E+03
           9    0.3146285078E+03   -0.2917537678E+03    0.5107684157E+03
          10    0.3281898272E+03   -0.3172538722E+03    0.4318001855E+03
          11    0.3234612694E+03   -0.2859594506E+03    0.1157964593E+04
          12    0.3237015293E+03   -0.2931772472E+03    0.2172692345E+03
          13    0.3236272901E+03   -0.2886659267E+03    0.5436536703E+03
          14    0.3329115857E+03   -0.2905637039E+03    0.3130886626E+03
          15    0.2981281362E+03   -0.2702346876E+03   -0.1852206429E+03
          16    0.3286374519E+03   -0.3111340800E+03    0.4534650788E+03
          17    0.2949928433E+03   -0.2661410567E+03   -0.1859874866E+03
          18    0.3260749738E+03   -0.3067876613E+03    0.4519567142E+03
          19    0.2755842932E+03   -0.1762113024E+03   -0.8544496834E+02
          20    0.3391705578E+03   -0.3149963559E+03   -0.4782216724E+04
          21    0.3330385100E+03    0.2980470085E+03    0.3407496948E+03
          22    0.3278356002E+03   -0.3070553089E+03    0.4439943246E+03
          23    0.2742991495E+03    0.1808993899E+03   -0.7664709451E+02
          24    0.3417919390E+03   -0.3039008831E+03   -0.1199414793E+03
          25    0.3279416447E+03    0.3082905073E+03    0.4425397511E+03
          26    0.3154958392E+03   -0.2921534519E+03    0.7157332573E+02
          27    0.3286601002E+03   -0.3056642241E+03    0.4349505193E+03
          28    0.2639002072E+03    0.1515792903E+03   -0.8176264119E+02
          29    0.3289332886E+03   -0.3130015248E+03    0.4488925009E+03
          30    0.3267496977E+03   -0.3146951478E+03    0.4373725790E+03
          31    0.3264498268E+03    0.2962888878E+03    0.5195641436E+03
          32    0.3290045326E+03   -0.3069783327E+03    0.4419931487E+03
          33    0.3275956150E+03   -0.3078446264E+03    0.4455510842E+03
          34    0.3275933577E+03   -0.3074163975E+03    0.4452428054E+03
          35    0.2986778421E+03   -0.2678480417E+03    0.1705770911E+03
          36    0.3816371782E+03   -0.3523751877E+03    0.1832182277E+03
          37    0.3015618600E+03   -0.2721410491E+03   -0.1698814734E+03
          38    0.3275935304E+03   -0.3088097659E+03    0.4462021481E+03
          39    0.2984664375E+03   -0.2701855208E+03   -0.1804974598E+03
          40    0.3272204178E+03   -0.3069264189E+03    0.4508823683E+03
          41    0.3272644223E+03    0.3071888971E+03    0.4503121820E+03
          42    0.3272654384E+03   -0.3071949751E+03    0.4502989003E+03
          43    0.3272745685E+03    0.3072496239E+03    0.4501793203E+03
          44    0.3273357418E+03   -0.3076174665E+03    0.4493667449E+03
          45    0.3273624221E+03    0.3077788513E+03    0.4490059220E+03
          46    0.3274044071E+03    0.3080340432E+03    0.4484298174E+03
          47    0.3269576478E+03    0.3067530412E+03    0.4522747078E+03
          48    0.3332667378E+03   -0.2985998701E+03   -0.7638238640E+04
          49    0.3274131156E+03   -0.3080871697E+03    0.4483090110E+03
          50    0.3270334918E+03    0.3071833342E+03    0.4512598430E+03
          51    0.3001366729E+03   -0.2688455845E+03    0.1662196329E+03
          52    0.3275612176E+03   -0.3088108714E+03    0.4465475050E+03
          53    0.3271171186E+03    0.3076618974E+03    0.4501093481E+03
          54    0.3277000223E+03    0.3093271663E+03    0.4441690241E+03
          55    0.3275052248E+03    0.3086534154E+03    0.4470020377E+03
          56    0.3275376678E+03    0.3088548560E+03    0.4465282382E+03
          57    0.3260220437E+03   -0.2879699798E+03    0.3784921653E+03
          58    0.3275459418E+03    0.3089064064E+03    0.4464062155E+03
          59    0.3315359986E+03   -0.2939230899E+03   -0.8689922547E+03
          60    0.3275687779E+03   -0.3090490658E+03    0.4460668602E+03
          61    0.3278188543E+03    0.3058095176E+03    0.4428806683E+03
          62    0.3261403879E+03   -0.2871660369E+03    0.6009111523E+03
          63    0.3272611018E+03    0.3084970864E+03    0.4480425732E+03
          64    0.3271890081E+03   -0.3083419601E+03    0.4501359176E+03
          65    0.3275291764E+03   -0.3089962718E+03    0.4462631001E+03
          66    0.3272257936E+03   -0.3084437913E+03    0.4482078962E+03
          67    0.3374183585E+03    0.3195930416E+03    0.4273456603E+03
          68    0.3272859152E+03    0.3086425920E+03    0.4476743603E+03
          69    0.3276903272E+03    0.3095787529E+03    0.4446610426E+03
          70    0.3276295038E+03   -0.3072378487E+03    0.4480930850E+03
          71    0.3278821554E+03   -0.3093879328E+03    0.4426380701E+03
          72    0.3158291615E+03   -0.2806872053E+03    0.3315829784E+03
          73    0.3264000214E+03    0.3036779649E+03    0.4590586916E+03
          74    0.2488843228E+03    0.1783035538E+03   -0.6603051652E+02
          75    0.3276710098E+03    0.3096950489E+03    0.4444982296E+03
          76    0.3269508671E+03   -0.3077958351E+03    0.4462776754E+03
          77    0.3276718784E+03    0.3097005916E+03    0.4444845349E+03
          78    0.3277011978E+03    0.3098882733E+03    0.4440183614E+03
          79    0.3280416441E+03   -0.3095963368E+03    0.4407488324E+03
          80    0.3273981852E+03    0.3093073906E+03    0.4459590138E+03
          81    0.3277207981E+03    0.3100143815E+03    0.4437023993E+03
          82    0.3215847091E+03   -0.2802395530E+03    0.4266010520E+03
          83    0.3276511025E+03    0.3098135667E+03    0.4443052332E+03
          84    0.3274940972E+03    0.3089867441E+03    0.4466054267E+03
          85    0.1617519261E+03   -0.1429907995E+03   -0.5630744255E+03
          86    0.2534868018E+03   -0.1770524983E+03   -0.6814809901E+02
          87    0.3327635741E+03   -0.2996987196E+03   -0.3043342093E+03
          88    0.2999850154E+03   -0.2734758177E+03    0.1683660624E+03
          89    0.3325454707E+03    0.3023956066E+03    0.3469731751E+03
          90    0.3280279272E+03   -0.3088436973E+03    0.4313686181E+03
          91    0.3275464481E+03   -0.2799568590E+03    0.1939091288E+03
          92    0.3262525483E+03   -0.3140660417E+03    0.4341263393E+03
          93    0.3277973021E+03    0.3105118679E+03    0.4424336653E+03
          94    0.3280657853E+03    0.3097185228E+03    0.4464427136E+03
          95    0.3275353699E+03    0.3101358663E+03    0.4437394601E+03
          96    0.3276311114E+03    0.3100262299E+03    0.4447863137E+03
          97    0.3278328091E+03   -0.3107458295E+03    0.4418241363E+03
          98    0.2694649228E+03    0.1696976312E+03   -0.8074188324E+02
          99    0.3278431649E+03    0.3108144590E+03    0.4416437108E+03
         100    0.3543867592E+03    0.3467951920E+03    0.8706674736E+03
