Model_ID, [(c_i,i=0,n)_j,j=1,ntask]
           1    0.3343858128E+03    0.3060498951E+03    0.1457993789E+04
           2    0.1572105093E+03    0.1195026058E+03   -0.1007901712E+04
           3    0.3284342367E+03    0.2830024538E+03    0.1516672423E+04
           4    0.3238971442E+03   -0.2755988469E+03    0.1545393874E+04
           5    0.1576524133E+03    0.1203278505E+03    0.1217199126E+04
           6    0.1580185681E+03    0.1157490076E+03    0.5279855575E+04
           7    0.1580097501E+03    0.1191281366E+03   -0.1237276494E+04
           8    0.1551886273E+03    0.1203210714E+03   -0.8208972662E+03
           9    0.1534114908E+03   -0.1220961074E+03   -0.1011254029E+04
          10    0.1557023264E+03    0.1202276234E+03   -0.1910484728E+04
          11    0.1586457083E+03    0.1179699203E+03    0.1691968231E+04
          12    0.1586875420E+03    0.1189687310E+03    0.1063035336E+04
          13    0.1549787914E+03   -0.1195766357E+03   -0.8435448654E+03
          14    0.1581210784E+03    0.1192479247E+03    0.1809327614E+04
          15    0.1608472155E+03    0.1161403851E+03   -0.7224233087E+03
          16    0.1581889796E+03    0.1194644224E+03   -0.1761729659E+04
          17    0.1544693559E+03    0.1096441006E+03    0.1976537215E+04
          18    0.1540644242E+03   -0.1197580576E+03   -0.3467114425E+04
          19    0.1587709072E+03    0.1155031080E+03    0.1933304864E+04
          20    0.1545107607E+03    0.1098819925E+03   -0.1928251168E+04
          21    0.3287013087E+03   -0.2945004487E+03    0.1488186212E+04
          22    0.1435594005E+03    0.9948230835E+02   -0.1019036949E+04
          23    0.3375650582E+03    0.2986774818E+03    0.1499703625E+04
          24    0.1555401827E+03   -0.1223677118E+03    0.1122788029E+04
          25    0.1596509791E+03    0.1210354068E+03    0.3070497914E+03
          26    0.1557683672E+03   -0.1227429139E+03    0.1981169625E+04
          27    0.3261219825E+03    0.2795434994E+03    0.1476057596E+04
          28    0.1576210606E+03   -0.1194459560E+03   -0.2498091627E+04
          29    0.1540652628E+03   -0.1212221778E+03   -0.9395752367E+03
          30    0.1652967658E+03    0.1236417015E+03   -0.1107352423E+04
          31    0.3370937095E+03    0.2936377023E+03   -0.1446259226E+04
          32    0.1550978401E+03   -0.1195281497E+03   -0.7000686716E+03
          33    0.1535987861E+03   -0.1219391966E+03   -0.8209063362E+03
          34    0.3316918810E+03    0.3014712350E+03    0.1414577393E+04
          35    0.3199973442E+03    0.2611547450E+03    0.1493445617E+04
          36    0.3368197896E+03    0.2930124903E+03   -0.1448310977E+04
          37    0.3299744012E+03    0.2933717040E+03    0.1302029867E+04
          38    0.1521490879E+03   -0.1212724823E+03   -0.1849581746E+04
          39    0.1550357831E+03   -0.1195272696E+03   -0.7001264975E+03
          40    0.1586249678E+03    0.1217539824E+03    0.3598607522E+03
          41    0.1590060716E+03    0.1217312315E+03    0.2985365477E+03
          42    0.1543387497E+03   -0.1196117579E+03   -0.2087919648E+04
          43    0.1591829898E+03    0.1198635339E+03    0.2409320443E+03
          44    0.1601312868E+03    0.1231689996E+03    0.2781614449E+04
          45    0.1539849953E+03   -0.1194025728E+03   -0.8542678773E+03
          46    0.1573189500E+03    0.1140447318E+03   -0.2395993205E+03
          47    0.1615154744E+03    0.1155976624E+03   -0.1640924322E+04
          48    0.1553185287E+03    0.1121792606E+03    0.3281943995E+03
          49    0.1549148756E+03    0.1121863961E+03    0.3952109574E+03
          50    0.3297491687E+03    0.2859356635E+03   -0.1433628342E+04
          51    0.3296783769E+03    0.2938523944E+03   -0.2160275340E+04
          52    0.3208979564E+03    0.2737258312E+03    0.1433240803E+04
          53    0.1545789415E+03   -0.1194840594E+03   -0.2829016221E+04
          54    0.1548543351E+03   -0.1217285324E+03    0.8949854004E+03
          55    0.1603451378E+03    0.1167020620E+03    0.1488007800E+04
          56    0.1594994784E+03    0.1196358794E+03    0.2392230631E+03
          57    0.1542001896E+03   -0.1231008411E+03    0.1965172211E+04
          58    0.1629179904E+03    0.1286285568E+03   -0.1309715597E+04
          59    0.3295060923E+03    0.2853650227E+03   -0.1436693316E+04
          60    0.1598183671E+03    0.1156847918E+03   -0.4482641671E+03
          61    0.1538672918E+03   -0.1195769615E+03   -0.6279443800E+03
          62    0.1679801955E+03    0.1173617395E+03    0.6270947109E+04
          63    0.3355248371E+03    0.2892508314E+03   -0.1453743987E+04
          64    0.1591547525E+03    0.1205812048E+03    0.2123700671E+04
          65    0.2747158124E+03   -0.2289161318E+03    0.1424749232E+04
          66    0.1531640875E+03   -0.1192050226E+03   -0.2067380618E+04
          67    0.1584194465E+03    0.1238162247E+03    0.1008091873E+04
          68    0.1574298576E+03    0.1141932033E+03    0.1904040956E+03
          69    0.1586238939E+03    0.1152485484E+03   -0.4757970181E+03
          70    0.1584537016E+03    0.1266264867E+03    0.8979629508E+03
          71    0.3288737089E+03    0.2823305052E+03   -0.1442647586E+04
          72    0.3313261732E+03    0.2759025142E+03    0.1553109480E+04
          73    0.1537694441E+03    0.1127194134E+03    0.1743732635E+03
          74    0.1599100283E+03    0.1206012681E+03    0.3523529077E+03
          75    0.3356362686E+03    0.2903661070E+03   -0.1458061350E+04
          76    0.1557855482E+03   -0.1206227957E+03    0.1237378080E+04
          77    0.1575537732E+03    0.1248074965E+03   -0.1190670608E+04
          78    0.1552174037E+03   -0.1228205024E+03    0.4919135973E+03
          79    0.3359620983E+03    0.2895367973E+03   -0.1443356768E+04
          80    0.1600231222E+03    0.1228026636E+03    0.3272731101E+04
          81    0.1552048789E+03   -0.1228211216E+03    0.4920323045E+03
          82    0.1584603704E+03    0.1236646837E+03    0.1012545609E+04
          83    0.2380201592E+03    0.1776847892E+03   -0.1109917896E+04
          84    0.2912892125E+03   -0.2268676157E+03    0.1504625301E+04
          85    0.3383408733E+03    0.2973153791E+03   -0.1334861335E+04
          86    0.1580954151E+03    0.1257466501E+03    0.1586244386E+04
          87    0.1598225526E+03    0.1194018762E+03    0.2370883070E+03
          88    0.1575888202E+03    0.1172768473E+03    0.1176874036E+04
          89    0.1551769185E+03    0.1096682451E+03    0.1231216616E+04
          90    0.3359108085E+03    0.2900306740E+03   -0.1441029479E+04
          91    0.3359049680E+03    0.2901149508E+03   -0.1440876528E+04
          92    0.1604731955E+03    0.1133871516E+03   -0.2540844475E+04
          93    0.3302929172E+03    0.2927961276E+03   -0.2475608029E+04
          94    0.1561782446E+03    0.1159840312E+03   -0.1880750928E+04
          95    0.3351161404E+03    0.2914642610E+03   -0.1451636814E+04
          96    0.1617884591E+03    0.1252231047E+03    0.3351426880E+03
          97    0.3287526248E+03    0.2826688675E+03   -0.1435627364E+04
          98    0.1590933182E+03    0.1202928258E+03    0.6255634146E+03
          99    0.3287413839E+03    0.2827424409E+03   -0.1435199088E+04
         100    0.1667875069E+03    0.1220455027E+03   -0.1376015211E+04
