        Rank        RMSE       MaxAE  Feature_ID
           1    3.615859    8.399729  (    4700   10939)
           2    3.617903    8.543990  (    4700   11241)
           3    3.625643   11.320791  (     478   19874)
           4    3.628086    8.953758  (    3646   11241)
           5    3.628733    9.259918  (    5155   10939)
           6    3.629874    8.798376  (    3646   10939)
           7    3.655849    9.387999  (    5155   11241)
           8    3.659086   11.382021  (     478   14435)
           9    3.664417   11.338952  (     582   19874)
          10    3.665803   11.249421  (     896   19874)
          11    3.676979    8.346000  (    6752   10939)
          12    3.683105    7.489972  (    6752   18840)
          13    3.683270   10.462235  (    4080   19874)
          14    3.686636    9.604197  (     664   10939)
          15    3.686914    8.503333  (    6752   11241)
          16    3.686971    8.807684  (    3559   10939)
          17    3.691800   11.393965  (     582   14435)
          18    3.694507   10.384480  (     547   12904)
          19    3.694568   12.488256  (    4419   19874)
          20    3.695930    8.664235  (    4700   10179)
          21    3.697343    9.813781  (    1073   10939)
          22    3.700129    9.754306  (     664   11241)
          23    3.701502   10.426220  (     547   12402)
          24    3.703378   11.315325  (     896   14435)
          25    3.703570    8.344160  (    1073   18840)
          26    3.705391    9.255407  (    5155   11536)
          27    3.705661    8.974246  (    3559   11241)
          28    3.706329   10.484065  (     510   12904)
          29    3.711075   11.539804  (     478   13769)
          30    3.713015   10.525156  (     510   12402)
          31    3.713327    9.229671  (     478   12589)
          32    3.713590   10.461314  (    4890   19874)
          33    3.714124   11.244297  (     478   18458)
          34    3.715710    8.325328  (    9342   10939)
          35    3.717865   10.423073  (     547   12883)
          36    3.720560    9.979451  (    1073   11241)
          37    3.720595   10.012169  (    5253   10939)
          38    3.722704    8.478693  (    9342   11241)
          39    3.724510   10.951475  (    1073   10856)
          40    3.729315   10.522179  (     510   12883)
          41    3.730447   11.496140  (     478   14245)
          42    3.731455    7.617306  (    9342   18840)
          43    3.732084   12.905837  (    3369   19874)
          44    3.732689   10.659571  (    9863   10939)
          45    3.736174    9.816572  (    4700   10856)
          46    3.737924   10.546582  (    4080   14435)
          47    3.738000    9.312390  (    8646   11241)
          48    3.740504   10.019477  (     547   10856)
          49    3.742443   11.550752  (     582   13769)
          50    3.743192   10.497169  (    9863   11241)
          51    3.743564    9.458494  (     478   11656)
          52    3.744837    9.241648  (     582   12589)
          53    3.745074    9.442291  (     478   11613)
          54    3.745591    8.595850  (    6752   10179)
          55    3.745766    8.643516  (      32   14339)
          56    3.746199    7.481438  (    4700   18840)
          57    3.746541   10.038625  (    6152   10047)
          58    3.747021   10.132621  (    1419   12904)
          59    3.747483   11.257827  (     582   18458)
          60    3.749163    9.600409  (    4700   11080)
          61    3.754174    9.161931  (    8646   10939)
          62    3.754296   11.473929  (     896   13769)
          63    3.754458   10.125896  (     510   10856)
          64    3.754681   10.176283  (    1419   12402)
          65    3.755746    9.580766  (    4182   10047)
          66    3.756271   12.811099  (    9546   19874)
          67    3.756650    9.656034  (    3761   10047)
          68    3.757100    9.679626  (    4236   10047)
          69    3.759736   11.178654  (     896   18458)
          70    3.759846    8.824932  (    4700   10219)
          71    3.759902    9.269811  (    4700   10246)
          72    3.760202    9.652407  (    3948   10047)
          73    3.760869    9.964582  (    5253   11241)
          74    3.762052   10.484916  (    6451   19874)
          75    3.762107   11.507726  (     582   14245)
          76    3.762389   10.657239  (     478   18826)
          77    3.764632   10.663280  (     478   19914)
          78    3.764916   11.350499  (     166   19874)
          79    3.765916    9.148918  (     896   12589)
          80    3.767627   11.001717  (    2406   10856)
          81    3.767713    9.306693  (     478   12594)
          82    3.768095   10.545932  (    4890   14435)
          83    3.768183   12.508925  (    2700   12904)
          84    3.768622    9.265147  (    4700   10307)
          85    3.768712   11.199800  (    2078   19874)
          86    3.769471   12.541518  (    2700   12402)
          87    3.769544    9.040187  (    3646   11536)
          88    3.770630    9.313005  (    4700   10171)
          89    3.770808   10.661332  (    4700   11063)
          90    3.771035   10.172841  (    1419   12883)
          91    3.771244   10.633764  (    5866   19874)
          92    3.771340    9.315076  (    4700   10221)
          93    3.772545   10.654992  (    5771   19874)
          94    3.772658    9.820538  (    2839   10047)
          95    3.773449    9.638072  (    4324   10047)
          96    3.773578    9.265214  (    4700   10268)
          97    3.773859    9.503267  (    6752   11080)
          98    3.773861   11.430568  (     896   14245)
          99    3.774283   10.589212  (     478   15960)
         100    3.775354   11.642771  (     478   13598)
