        Rank        RMSE       MaxAE  Feature_ID
           1   19.294917   49.458807  (       1   10001)
           2   19.431034   49.451946  (       1   10002)
           3   19.700376   49.261628  (       1   10005)
           4   19.718542   49.320463  (       1   10003)
           5   19.856632   49.357460  (       1   10008)
           6   19.870306   47.767108  (       1   10006)
           7   19.886700   47.816521  (       1   10004)
           8   19.887567   45.846723  (       1   10012)
           9   19.957647   47.164430  (       1   10007)
          10   20.020218   49.295892  (       1   10011)
          11   20.024881   43.649578  (       1   10010)
          12   20.027296   42.616460  (       1   10009)
          13   20.041730   45.738357  (       1   10018)
          14   20.047879   45.949347  (       1   10019)
          15   20.094186   44.273182  (       1   10014)
          16   20.118054   45.926580  (       1   10024)
          17   20.163769   47.037487  (       1   10013)
          18   20.174018   45.730050  (       1   10021)
          19   20.190460   45.466258  (       1   10042)
          20   20.218482   44.732798  (       1   10017)
          21   20.234914   45.958124  (       1   10015)
          22   20.237433   43.021767  (       1   10016)
          23   20.240747   45.448441  (       1   10047)
          24   20.244881   45.638498  (       1   10026)
          25   20.259347   47.735517  (       1   10023)
          26   20.270038   47.703135  (       1   10027)
          27   20.271280   42.073882  (       1   10063)
          28   20.289796   44.305633  (       1   10137)
          29   20.291647   47.622884  (       1   10035)
          30   20.292507   45.839877  (       1   10028)
          31   20.306951   48.333703  (       1   10124)
          32   20.322611   45.274260  (       1   10020)
          33   20.329251   47.644370  (       1   10040)
          34   20.343601   43.903312  (       1   10041)
          35   20.352672   42.898776  (       1   10022)
          36   20.360132   44.648630  (       1   10037)
          37   20.371214   49.970250  (       1   10033)
          38   20.380770   46.126275  (      16   14656)
          39   20.381883   43.458926  (       1   10025)
          40   20.388679   45.530757  (       1   10034)
          41   20.392691   45.542889  (       1   10031)
          42   20.393970   47.956018  (       1   10030)
          43   20.412117   43.435528  (       1   10048)
          44   20.416721   51.055385  (       1   10029)
          45   20.423134   48.604424  (       1   10152)
          46   20.424069   48.373655  (       1   10036)
          47   20.428370   38.657151  (       7   18199)
          48   20.432710   41.741654  (       1   10083)
          49   20.437215   43.401775  (       1   10032)
          50   20.442524   49.943615  (       1   10046)
          51   20.454094   44.239206  (       1   10181)
          52   20.454690   45.464642  (       1   10044)
          53   20.469321   44.315908  (       1   10038)
          54   20.475812   48.757986  (       1   10059)
          55   20.480341   48.751924  (       1   10092)
          56   20.481571   44.226507  (       1   10189)
          57   20.483958   49.945314  (       1   10056)
          58   20.486568   49.802430  (       1   10039)
          59   20.492682   44.090188  (       1   10045)
          60   20.498846   48.748841  (       1   10101)
          61   20.500287   37.577352  (       7   15311)
          62   20.500547   47.555206  (       1   10043)
          63   20.505556   48.327052  (       1   10049)
          64   20.506175   45.620619  (       1   10054)
          65   20.512131   48.574023  (       1   10215)
          66   20.522413   44.264509  (       1   10204)
          67   20.525347   49.812451  (       1   10105)
          68   20.533609   44.685262  (       1   10052)
          69   20.535479   44.213472  (       1   10201)
          70   20.542988   42.111795  (       1   10074)
          71   20.550483   48.304155  (       1   10060)
          72   20.560424   47.791436  (       1   10058)
          73   20.568776   49.771506  (       1   10053)
          74   20.577986   46.026817  (       1   10050)
          75   20.582027   48.488207  (       1   10051)
          76   20.582385   49.618638  (       1   10055)
          77   20.594327   48.721239  (       1   10062)
          78   20.606179   50.581838  (       1   10057)
          79   20.607800   45.222075  (       1   10061)
          80   20.615838   49.770565  (       1   10064)
          81   20.620847   44.017990  (       1   10085)
          82   20.625207   44.207193  (       1   10243)
          83   20.626465   49.705494  (       1   10142)
          84   20.636087   48.716502  (       1   10107)
          85   20.643853   42.586397  (       1   10155)
          86   20.647531   44.546326  (       1   10076)
          87   20.651050   42.324395  (       1   10095)
          88   20.651940   44.156063  (       1   10067)
          89   20.653001   46.292939  (       1   10090)
          90   20.653835   48.818655  (       1   10078)
          91   20.655015   48.369634  (       1   10079)
          92   20.655127   49.505328  (       1   10154)
          93   20.657278   44.058680  (       1   10069)
          94   20.663727   51.701771  (       1   10138)
          95   20.665374   49.586086  (       1   10070)
          96   20.670971   44.394085  (       1   10065)
          97   20.672152   49.469611  (       1   10165)
          98   20.677082   44.594650  (       1   10068)
          99   20.677144   50.669085  (       1   10066)
         100   20.682263   47.234012  (       1   10112)
