Model_ID, [(c_i,i=0,n)_j,j=1,ntask]
           1    0.5486630255E+02    0.3336519486E+02   -0.1775027239E+03
           2    0.5673938304E+02   -0.3281290419E+02    0.2294776382E+03
           3    0.5681763476E+02    0.3484213234E+02    0.1743150798E+03
           4    0.5693947083E+02    0.3433794048E+02    0.1738197387E+03
           5    0.5721572838E+02   -0.3551060007E+02   -0.3303286103E+03
           6    0.5632628733E+02   -0.3320888698E+02    0.2303156856E+03
           7    0.5550653371E+02    0.3419742596E+02    0.4897542617E+03
           8    0.5685593187E+02    0.3444430712E+02    0.1733729610E+03
           9    0.5803598327E+02    0.3618073545E+02    0.1566714158E+03
          10    0.5815950885E+02    0.3565483875E+02    0.1562137190E+03
          11    0.5196062831E+02    0.3254230503E+02    0.1679033198E+03
          12    0.4803186811E+02   -0.3780856970E+02    0.2319657504E+03
          13    0.5561927988E+02    0.3366278613E+02    0.4868108955E+03
          14    0.5630680199E+02   -0.3224005412E+02    0.4541242063E+03
          15    0.5646519789E+02   -0.3296207042E+02    0.6197856608E+03
          16    0.4705904055E+02    0.3094228709E+02    0.1525301075E+03
          17    0.5296561589E+02    0.3379347009E+02    0.1511584943E+03
          18    0.4812421448E+02    0.3222344833E+02    0.1632515400E+03
          19    0.6050487558E+02   -0.3591099243E+02    0.2167986930E+03
          20    0.5527616325E+02   -0.3281883248E+02    0.2500489911E+03
          21    0.4682408327E+02    0.3133505511E+02    0.1531285930E+03
          22    0.5807160421E+02    0.3576704909E+02    0.1557998308E+03
          23    0.3717502991E+02    0.3477526924E+02   -0.9556741563E+02
          24    0.5797585029E+02    0.3576622792E+02    0.1588313973E+03
          25    0.4668055944E+02    0.3037977683E+02    0.1967547639E+03
          26    0.6032803767E+02   -0.2902517963E+02    0.2304607454E+03
          27    0.5078341177E+02    0.3195851173E+02    0.4718531099E+03
          28    0.4782712234E+02   -0.3687993685E+02    0.2436651647E+03
          29    0.4788542220E+02    0.3264858639E+02    0.1640367876E+03
          30    0.5802135071E+02   -0.3440900713E+02    0.2085956480E+03
          31    0.5329654901E+02    0.3781470464E+02    0.1513514198E+03
          32    0.5554123512E+02    0.3377205222E+02    0.4857840321E+03
          33    0.4744170610E+02   -0.3717231141E+02    0.1532489538E+03
          34    0.5711291349E+02   -0.3258807427E+02    0.4869541351E+04
          35    0.4644837889E+02    0.3076300314E+02    0.1975279249E+03
          36    0.5603114154E+02   -0.3236490288E+02    0.1552018900E+03
          37    0.5486445006E+02   -0.3107234928E+02    0.1713207654E+03
          38    0.5101347253E+02    0.3126022959E+02    0.1711776992E+03
          39    0.5563233364E+02   -0.3156705532E+02    0.2573226883E+03
          40    0.5156521729E+02    0.3469365044E+02   -0.1992254594E+03
          41    0.5824265784E+02    0.3675369175E+02    0.2265855031E+03
          42    0.4763795261E+02   -0.3822563324E+02    0.1517120574E+03
          43    0.4666095286E+02    0.3004147975E+02    0.1656124901E+03
          44    0.6565064430E+02   -0.5110284533E+02   -0.1973050958E+03
          45    0.5247323090E+02    0.3281401764E+02    0.1631031033E+03
          46    0.5524944579E+02   -0.3202901426E+02    0.1700177899E+03
          47    0.5637863844E+02   -0.3525451312E+02   -0.2422480351E+03
          48    0.4721242366E+02   -0.3626703772E+02    0.1614894307E+03
          49    0.5480857835E+02   -0.3255609521E+02    0.4703318130E+03
          50    0.5775745670E+02    0.3604684930E+02    0.1612461084E+03
          51    0.5747236952E+02    0.3452505748E+02    0.1676095748E+03
          52    0.5709981357E+02   -0.3545026305E+02   -0.2296819301E+03
          53    0.5734582809E+02    0.3501725541E+02    0.1679111788E+03
          54    0.4800975747E+02   -0.3768097206E+02    0.1458806201E+03
          55    0.5805767260E+02   -0.3563343626E+02    0.1587324128E+03
          56    0.4707370316E+02   -0.3606698162E+02    0.2405345111E+03
          57    0.5225411413E+02    0.3628568819E+02    0.1665193654E+03
          58    0.5788242159E+02    0.3552615119E+02    0.1608037857E+03
          59    0.4781783500E+02   -0.3758015466E+02    0.1510392105E+03
          60    0.4753098545E+02   -0.3731693709E+02    0.2435939421E+03
          61    0.6158451070E+02   -0.3103881337E+02    0.1966336710E+03
          62    0.5687583690E+02   -0.3545121066E+02   -0.2371492140E+03
          63    0.5646627602E+02    0.3460436314E+02    0.1772592474E+03
          64    0.5835835403E+02    0.3619417136E+02    0.2255148908E+03
          65    0.4687575343E+02    0.3008427217E+02    0.2504653889E+03
          66    0.5666805183E+02   -0.3457708534E+02   -0.2362120000E+03
          67    0.5377649289E+02    0.3496281330E+02   -0.2796563199E+03
          68    0.4685406451E+02    0.3073640877E+02    0.1607282997E+03
          69    0.4661897188E+02    0.3008839654E+02    0.1655554943E+03
          70    0.5280159758E+02    0.3710088826E+02    0.1948198083E+03
          71    0.6418150770E+02    0.2158840505E+02    0.2254869637E+03
          72    0.5540983189E+02   -0.3159634758E+02    0.1699721420E+03
          73    0.5658938769E+02    0.3410753179E+02    0.1767893941E+03
          74    0.4784119042E+02   -0.3788396873E+02    0.1781004479E+03
          75    0.4683212471E+02   -0.3514210993E+02    0.2533963607E+03
          76    0.5239563208E+02    0.3279679274E+02    0.1638559951E+03
          77    0.4762262008E+02    0.3731295060E+02    0.2433001134E+03
          78    0.5537332562E+02   -0.3144493933E+02    0.1690491154E+03
          79    0.5726347878E+02    0.3499893763E+02    0.1687095070E+03
          80    0.5713235274E+02    0.3583648535E+02    0.1682105158E+03
          81    0.4761757482E+02   -0.3298563237E+02   -0.1966703593E+03
          82    0.4643088039E+02    0.3041195648E+02    0.1661617253E+03
          83    0.4778099082E+02   -0.3762880015E+02    0.1508527456E+03
          84    0.4626089285E+02    0.2959908015E+02    0.1664295422E+03
          85    0.4781475994E+02   -0.3769897377E+02    0.1512218318E+03
          86    0.4763031221E+02   -0.3701678715E+02    0.1882014496E+03
          87    0.2156213565E+02    0.3877283940E+02    0.1635658325E+03
          88    0.5534698846E+02   -0.3150305117E+02    0.1691191751E+03
          89    0.6067366909E+02   -0.3849077383E+02    0.4123555226E+03
          90    0.5724035309E+02    0.3506255237E+02    0.1687661292E+03
          91    0.4859199627E+02   -0.3865977038E+02    0.2246092471E+03
          92    0.4692195541E+02   -0.3671581120E+02    0.1617151922E+03
          93    0.5186187987E+02   -0.3318515913E+02    0.1537159353E+03
          94    0.4749651089E+02    0.3547942277E+02    0.1619075885E+03
          95    0.2196106965E+02    0.3865706819E+02    0.1617424990E+03
          96    0.4643870615E+02    0.3052766937E+02    0.1653905033E+03
          97    0.4661997714E+02    0.3112766543E+02    0.1613948674E+03
          98    0.5286005235E+02    0.3466910559E+02    0.5990248744E+03
          99    0.5717123901E+02   -0.3248974770E+02   -0.1610851478E+03
         100    0.5271957086E+02    0.3671462784E+02    0.1642957761E+03
