     Index              y_true              y_pred        descriptor_1        descriptor_2
         1    0.6029000000E+02    0.6105150048E+02   -0.2817480000E+00   -0.1904637563E-01
         2    0.6942000000E+02    0.7489418615E+02   -0.7215016000E-01    0.4667863200E-04
         3    0.3615000000E+02    0.4228327159E+02   -0.1482945900E+00    0.1281357500E+00
         4    0.7420000000E+02    0.6244590676E+02   -0.1686779500E+00    0.2098438287E-01
         5    0.5015000000E+02    0.3399582656E+02   -0.4976719100E+00    0.2392200572E-01
         6    0.5090000000E+02    0.4778998062E+02   -0.3304304500E+00    0.2569988831E-01
         7    0.9080000000E+02    0.8219400781E+02    0.2946606000E-01    0.6421465440E-02
         8    0.2548000000E+02    0.2030065476E+02   -0.5590363600E+00    0.6553567224E-01
         9    0.3682000000E+02    0.5338707726E+02   -0.3262964500E+00    0.1295946000E-04
        10    0.6276000000E+02    0.5076563744E+02   -0.3316649500E+00    0.1062124245E-01
        11    0.1845000000E+02    0.2782165239E+02   -0.3748838900E+00    0.1050312600E+00
        12    0.5646000000E+02    0.5937452104E+02   -0.4229323000E-01    0.8839470990E-01
        13    0.4537000000E+02    0.4388538331E+02   -0.2893251100E+00    0.6184880928E-01
        14    0.6056000000E+02    0.5215037959E+02   -0.4102421000E-01    0.1242857367E+00
        15    0.5100000000E+02    0.5200670911E+02   -0.1627612800E+00    0.7454044483E-01
        16    0.3007000000E+02    0.2144693280E+02   -0.5643989600E+00    0.5770187521E-01
        17    0.2796000000E+02    0.3236233956E+02   -0.4635142800E+00    0.4607373450E-01
        18    0.3120000000E+02    0.2984529869E+02   -0.5174384300E+00    0.3604917090E-01
        19    0.2817000000E+02    0.2487550887E+02   -0.4149250400E+00    0.1028605337E+00
        20    0.5060000000E+01    0.5395315112E+01   -0.5192504400E+00    0.1549909650E+00
        21    0.2681000000E+02    0.3119583322E+02   -0.5007115900E+00    0.3636945932E-01
        22    0.2551000000E+02    0.2083382133E+02   -0.4502530900E+00    0.1080060836E+00
        23    0.4460000000E+02    0.4096126435E+02   -0.3149606300E+00    0.6554004859E-01
        24    0.1464000000E+02    0.3868597506E+02   -0.3619544000E+00    0.5720400546E-01
        25    0.6383000000E+02    0.5317613551E+02   -0.2858697900E+00    0.1779867147E-01
        26    0.5301000000E+02    0.4772886364E+02   -0.3931685800E+00    0.0000000000E+00
        27    0.2622000000E+02    0.2872371666E+02   -0.4419527900E+00    0.7282150560E-01
        28    0.4263000000E+02    0.6437436583E+02   -0.1487563200E+00    0.1979943488E-01
        29    0.6511000000E+02    0.5015770841E+02   -0.3299722900E+00    0.1429875360E-01
        30    0.4216000000E+02    0.3336567874E+02   -0.3686713900E+00    0.8046547567E-01
        31    0.1850000000E+02    0.3508300144E+02   -0.5425550000E+00    0.0000000000E+00
        32    0.3187000000E+02    0.2879273687E+02   -0.4927592100E+00    0.5142911904E-01
        33    0.1790000000E+02    0.1080802623E+02   -0.5015574300E+00    0.1358256191E+00
        34    0.7520000000E+02    0.7267864042E+02   -0.6094634000E-01    0.1553561856E-01
        35    0.2720000000E+02    0.3233143953E+02   -0.4721498200E+00    0.4264638000E-01
        36    0.6524000000E+02    0.6938517712E+02   -0.5705660000E-02    0.5455056277E-01
        37    0.3200000000E+01   -0.3640641829E+01   -0.1000000000E+01    0.0000000000E+00
        38    0.8872000000E+02    0.7553797490E+02   -0.6465768000E-01    0.0000000000E+00
        39    0.1790000000E+02    0.3569546356E+02   -0.3543258600E+00    0.7500510202E-01
        40    0.8285000000E+02    0.8101137812E+02    0.0000000000E+00    0.0000000000E+00
        41    0.2078000000E+02    0.3024541277E+02   -0.5997017600E+00    0.0000000000E+00
        42    0.4307000000E+02    0.5281593821E+02   -0.3327116400E+00    0.1504238200E-03
