Model_ID, [(c_i,i=0,n)_j,j=1,ntask]
           1    0.3568944898E+03    0.2615641164E+03    0.1637193078E+03
           2    0.3581540254E+03    0.2597626183E+03    0.1674135887E+03
           3    0.3579666897E+03    0.2664150928E+03   -0.1647711225E+03
           4    0.3613591421E+03    0.2634553408E+03    0.1355122211E+03
           5    0.3960151670E+03    0.1481590937E+03    0.3263825596E+03
           6    0.3584241750E+03    0.2532735066E+03    0.1466224125E+03
           7    0.3496261719E+03    0.2629947130E+03    0.1637987091E+03
           8    0.3817108855E+03    0.2639778289E+03   -0.3011725242E+03
           9    0.3619581608E+03    0.2558348404E+03    0.1261059476E+03
          10    0.3578010132E+03    0.2607394792E+03    0.1649571327E+03
          11    0.3701709870E+03    0.1600731551E+03    0.1318281070E+03
          12    0.4001118330E+03    0.1504318720E+03    0.3428261939E+03
          13    0.3605645019E+03    0.2658320455E+03    0.1557540415E+03
          14    0.3705030012E+03    0.1632873527E+03    0.1447594281E+03
          15    0.3570104587E+03    0.2561182275E+03    0.8361456984E+04
          16    0.3734803901E+03    0.1615778332E+03    0.1131491803E+03
          17    0.3749798472E+03    0.1804102746E+03    0.1459528590E+03
          18    0.3559822339E+03    0.2783193630E+03    0.9453304872E+02
          19    0.3644171956E+03    0.2777814478E+03    0.6077306528E+03
          20    0.3744674086E+03    0.1479350632E+03    0.1771482950E+03
          21    0.3898874827E+03    0.1459185770E+03    0.3074554122E+03
          22    0.4242598227E+03    0.1581258142E+03    0.7730710389E+03
          23    0.3806851459E+03    0.2584924650E+03   -0.2975977523E+03
          24    0.3816915305E+03    0.2629490010E+03   -0.2875053256E+03
          25    0.3754942377E+03    0.1644851565E+03    0.1473575121E+03
          26    0.3458653882E+03    0.2542593083E+03    0.1966496559E+03
          27    0.3770118065E+03    0.2516988041E+03   -0.2913515887E+03
          28    0.3451210924E+03    0.2542602330E+03    0.1991999297E+03
          29    0.2921831407E+03    0.2329604992E+03    0.8379058702E+02
          30    0.3710885344E+03    0.1626859616E+03    0.3024720587E+04
          31    0.3831196096E+03    0.2676571258E+03    0.2787815538E+03
          32    0.2906347130E+03    0.1982559666E+03    0.3807192528E+03
          33    0.3690890040E+03    0.1618133273E+03    0.7497150939E+04
          34    0.4057465140E+03    0.1723495284E+03    0.1870535428E+04
          35    0.3032534190E+03    0.7484419280E+02    0.1447101733E+03
          36    0.3751833768E+03    0.1610973105E+03    0.1323397355E+03
          37    0.2872116467E+03    0.1506474131E+03    0.6304565488E+02
          38    0.3453455483E+03    0.2542311012E+03    0.1986220950E+03
          39    0.2878985673E+03    0.1526786835E+03    0.6715311383E+02
          40    0.3601928427E+03    0.1569803462E+03    0.2816192233E+04
          41    0.3806414409E+03    0.2653662236E+03   -0.2965176307E+03
          42    0.4238724326E+03    0.1623345143E+03    0.1454792316E+04
          43    0.3224580585E+03    0.7850734009E+02    0.1514634593E+03
          44    0.3698084379E+03    0.1640252634E+03    0.1373692361E+03
          45    0.3733547633E+03    0.1635680154E+03    0.2713111630E+04
          46    0.3785325918E+03    0.1626529325E+03    0.1140169019E+03
          47    0.3687993273E+03    0.1621620478E+03    0.3308866841E+04
          48    0.4163955910E+03    0.1601957644E+03    0.1433541492E+04
          49    0.3590660120E+03    0.1607978823E+03    0.1761395659E+03
          50    0.3746808599E+03    0.2550093939E+03   -0.2887783102E+03
          51    0.4192849432E+03    0.1543747852E+03    0.7777881495E+03
          52    0.3195113395E+03    0.7917305357E+02    0.1470001760E+03
          53    0.2835306662E+03    0.1540818159E+03    0.7182173737E+02
          54    0.4216671525E+03    0.1556223741E+03    0.7757959056E+03
          55    0.3622549888E+03    0.1577976161E+03    0.2525106416E+04
          56    0.3617556050E+03    0.2592911598E+03   -0.6795151869E+04
          57    0.4170192022E+03    0.1539203881E+03   -0.7681285268E+03
          58    0.2683491337E+03    0.6522797723E+02    0.1434509779E+03
          59    0.4210223563E+03    0.1540745886E+03    0.6851511603E+03
          60    0.3581065048E+03    0.1565370883E+03    0.3080445424E+04
          61    0.4084353672E+03    0.2195937669E+03   -0.7320484856E+02
          62    0.3580556462E+03    0.2663498860E+03    0.8344854017E+02
          63    0.3747505060E+03    0.1652634505E+03    0.1405238065E+03
          64    0.3229202687E+03    0.2211497882E+03    0.3500239084E+03
          65    0.2862776060E+03    0.1894517888E+03    0.1597765860E+04
          66    0.3584833927E+03    0.1607897988E+03    0.1777765412E+03
          67    0.3651351618E+03    0.1411807389E+03   -0.7345282526E+03
          68    0.3586272262E+03    0.1608107250E+03    0.1777787148E+03
          69    0.4166381074E+03    0.1557521806E+03    0.7477317879E+03
          70    0.3775406414E+03    0.1561280839E+03    0.1755300215E+03
          71    0.4318258092E+03    0.2237659907E+03   -0.9187542019E+02
          72    0.3911802347E+03    0.1438165452E+03    0.3349655801E+03
          73    0.4115647358E+03    0.1737263425E+03    0.1896233107E+04
          74    0.3249558216E+03    0.1518284093E+03    0.8056631207E+02
          75    0.2856474786E+03    0.6791522659E+02    0.1460127436E+03
          76    0.3770506070E+03    0.1583330346E+03    0.1721713728E+03
          77    0.4209207180E+03    0.1547410440E+03    0.7544860435E+03
          78    0.3761414105E+03    0.1637919555E+03    0.3053539232E+04
          79    0.3806808126E+03    0.2575318568E+03   -0.2842700879E+03
          80    0.3567632343E+03    0.1236440503E+03    0.1580684973E+03
          81    0.3728946545E+03    0.1666193453E+03    0.1454551296E+03
          82    0.2839699017E+03    0.1539352559E+03    0.6587281007E+02
          83    0.4056103146E+03    0.1726891348E+03   -0.1888988700E+04
          84    0.3637084117E+03    0.1619141275E+03    0.1797163590E+03
          85    0.3922910489E+03    0.1483882987E+03   -0.2852221122E+03
          86    0.4205615321E+03    0.1557600763E+03   -0.7660632893E+03
          87    0.3770246425E+03    0.2508074483E+03   -0.2782827410E+03
          88    0.3702340222E+03    0.1495908701E+03    0.1721856600E+03
          89    0.2884420982E+03    0.6574980222E+02    0.1434609868E+03
          90    0.4209778218E+03    0.1538882582E+03   -0.6432538121E+03
          91    0.4166959670E+03    0.1491808108E+03    0.1618392877E+03
          92    0.3631685150E+03    0.1350825286E+03   -0.6842650980E+03
          93    0.3736607319E+03    0.1652964849E+03    0.1143502225E+03
          94    0.2909525500E+03    0.2132884701E+03    0.5662036999E+03
          95    0.3735309791E+03    0.1637307471E+03   -0.6077061002E+04
          96    0.3778330522E+03    0.1935147262E+03    0.1383880437E+03
          97    0.3625803745E+03    0.2769920345E+03    0.7090941287E+02
          98    0.3680719474E+03    0.1622356781E+03    0.3379123093E+04
          99    0.2703064016E+03    0.5987734315E+02    0.1449255116E+03
         100    0.3765341346E+03    0.1683980291E+03    0.1257318210E+03
