     Index              y_true              y_pred        descriptor_1        descriptor_2
         1    0.4460000000E+02    0.3360934254E+02    0.3189172000E+00    0.2595780772E-01
         2    0.2680000000E+02    0.2309160335E+02    0.7774104000E-01   -0.3667463651E-01
         3    0.7520000000E+02    0.6379473902E+02    0.6367122900E+00    0.0000000000E+00
         4    0.2720000000E+02    0.3423418937E+02    0.1972405200E+00   -0.4505375877E-01
         5    0.5301000000E+02    0.4143293355E+02    0.2836209000E+00   -0.4542457079E-01
         6    0.3007000000E+02    0.3027672189E+02    0.1068095700E+00   -0.6844689024E-01
         7    0.2548000000E+02    0.2865193567E+02    0.1257789500E+00   -0.4722683528E-01
         8    0.7737000000E+02    0.7231916343E+02    0.4076000000E+00   -0.1825383201E+00
         9    0.1790000000E+02    0.1644987395E+02    0.1604511200E+00    0.5290744169E-01
        10    0.5100000000E+02    0.5064940887E+02    0.4431891600E+00   -0.1898754586E-01
        11    0.4263000000E+02    0.4956343583E+02    0.4138440400E+00   -0.2789597122E-01
        12    0.4307000000E+02    0.5745142676E+02    0.3860413200E+00   -0.9558867847E-01
        13    0.5090000000E+02    0.6414807041E+02    0.5795068000E+00   -0.3378142041E-01
        14    0.6029000000E+02    0.5870127569E+02    0.4824905800E+00   -0.5089650791E-01
        15    0.6660000000E+02    0.6684200833E+02    0.6007429400E+00   -0.4001364910E-01
        16    0.8872000000E+02    0.7982309613E+02    0.6873006000E+00   -0.7871060361E-01
        17    0.6383000000E+02    0.7118828203E+02    0.5800368000E+00   -0.8027225580E-01
        18    0.4216000000E+02    0.3742781544E+02    0.3502494700E+00    0.1780073584E-01
        19    0.1850000000E+02    0.1940932918E+02    0.9995458000E-01    0.0000000000E+00
        20    0.2681000000E+02    0.2192644275E+02    0.2105434100E+00    0.4404070017E-01
        21    0.3682000000E+02    0.5919575643E+02    0.4438875800E+00   -0.7539407953E-01
        22    0.8285000000E+02    0.8851387054E+02    0.8068502400E+00   -0.7076992568E-01
        23    0.1464000000E+02    0.4142252627E+02    0.3836152100E+00    0.9589927227E-02
        24    0.5774000000E+02    0.5613505318E+02    0.5467684600E+00    0.1475698780E-02
        25    0.3615000000E+02    0.2109789764E+02    0.1041702800E+00   -0.8904040294E-02
        26    0.3200000000E+01    0.9349504628E+01   -0.2170000000E-01    0.0000000000E+00
        27    0.6900000000E+02    0.7438970587E+02    0.7335275900E+00   -0.1720481347E-01
        28    0.4537000000E+02    0.3853542375E+02   -0.1077040800E+00   -0.2411977604E+00
        29    0.9080000000E+02    0.6985777967E+02    0.6538852200E+00   -0.3085251911E-01
        30    0.5060000000E+01    0.1954088055E+02    0.9364338000E-01   -0.4342063891E-02
        31    0.2796000000E+02    0.2387874682E+02    0.1991164000E+00    0.2478871253E-01
        32    0.6056000000E+02    0.5906750563E+02    0.6101625400E+00    0.1682368822E-01
        33    0.3120000000E+02    0.2420543207E+02    0.2215355500E+00    0.3493687526E-01
        34    0.2622000000E+02    0.2976457255E+02    0.3380861400E+00    0.6203926460E-01
        35    0.6524000000E+02    0.5749075592E+02    0.5142791400E+00   -0.2538530190E-01
        36    0.2067000000E+02    0.1982322902E+02    0.2369349100E+00    0.7251823741E-01
        37    0.2551000000E+02    0.2398569821E+02    0.1619707000E+00    0.3667029487E-02
        38    0.2817000000E+02    0.2304545548E+02    0.1948096800E+00    0.2795943977E-01
        39    0.1790000000E+02    0.3085792608E+02    0.3055790000E+00    0.3691177719E-01
        40    0.7420000000E+02    0.6672225139E+02    0.5620481100E+00   -0.6048008318E-01
        41    0.6276000000E+02    0.5721225001E+02    0.4791263400E+00   -0.4285056104E-01
        42    0.2078000000E+02    0.1985668409E+02    0.2179122000E+00    0.6184324134E-01
