        Rank        RMSE       MaxAE  Feature_ID
           1    4.014017   13.684060  (      12   11444)
           2    4.015161   13.670628  (      12   11407)
           3    4.061616   11.117806  (    1108   11891)
           4    4.071713   11.216454  (    1142   11891)
           5    4.087529   11.235338  (    1257   11891)
           6    4.088191   11.290845  (     934   11891)
           7    4.092015   12.062494  (     629   11444)
           8    4.093877   11.338126  (     591   11891)
           9    4.095049   12.048689  (     629   11407)
          10    4.102141   11.253527  (    1365   11891)
          11    4.103123   12.761988  (     934   10625)
          12    4.105330   12.768952  (    1142   10625)
          13    4.111677   13.797734  (      12   13587)
          14    4.114845   12.378913  (    2260   10625)
          15    4.115687   12.763976  (    1257   10625)
          16    4.118668   12.715909  (     703   10625)
          17    4.120547   11.276847  (    1536   11891)
          18    4.122781   11.629756  (    2260   11891)
          19    4.123248   14.178945  (      57   11407)
          20    4.123994   14.194204  (      57   11444)
          21    4.126608   12.756732  (    1365   10625)
          22    4.129163   11.460060  (     703   11891)
          23    4.131483   11.582205  (    2800   11444)
          24    4.131782   12.415544  (     591   13587)
          25    4.132726   13.379952  (     139   11444)
          26    4.133175   13.365025  (     139   11407)
          27    4.134823   11.567958  (    2800   11407)
          28    4.138435   11.245616  (    2273   11891)
          29    4.138882   12.049708  (    1118   11444)
          30    4.140970   13.485551  (     934   10453)
          31    4.141009   12.746338  (    1536   10625)
          32    4.141896   12.035837  (    1118   11407)
          33    4.142830   13.105215  (     236   10158)
          34    4.143052   13.495881  (    1142   10453)
          35    4.149472   12.824567  (    2800   13587)
          36    4.151615   12.368749  (    1142   13587)
          37    4.151844   13.220208  (     109   10158)
          38    4.152004   13.456850  (     147   11444)
          39    4.152595   13.442167  (     147   11407)
          40    4.153748   12.217482  (    3325   11325)
          41    4.153866   13.490734  (    1257   10453)
          42    4.154950   12.812953  (     236   11807)
          43    4.156102   13.430933  (     703   10453)
          44    4.158616   12.069795  (    3325   13587)
          45    4.159237   13.748323  (     109   11325)
          46    4.160011   11.327763  (    1991   11891)
          47    4.160205   12.456948  (     139   11807)
          48    4.160520   12.909481  (     364   11444)
          49    4.161227   13.496577  (     215   11444)
          50    4.161275   12.527477  (    1142   11325)
          51    4.161943   13.481947  (     215   11407)
          52    4.163026   13.329461  (     109   10843)
          53    4.163961   12.897060  (     364   11407)
          54    4.164657   14.349208  (      12   17324)
          55    4.164903   13.633626  (      12   15003)
          56    4.165129   13.483196  (    1365   10453)
          57    4.166266   13.513518  (      96   11444)
          58    4.166398   12.385133  (    1257   13587)
          59    4.166709   12.894138  (    1142   14847)
          60    4.166734   13.498949  (      96   11407)
          61    4.168330   13.555341  (     147   10362)
          62    4.168659   13.108564  (     297   10158)
          63    4.168933   12.578171  (     934   11325)
          64    4.170371   12.733229  (    2273   10625)
          65    4.170509   13.533394  (      84   11444)
          66    4.170884   12.872011  (    1142   19020)
          67    4.170940   13.518864  (      84   11407)
          68    4.171800   12.433804  (     934   13587)
          69    4.172345   13.477316  (     178   11444)
          70    4.172945   13.462671  (     178   11407)
          71    4.173050   12.721701  (    1991   10625)
          72    4.174074   12.541611  (    1257   11325)
          73    4.174101   13.532640  (      98   11444)
          74    4.174707   13.518246  (      98   11407)
          75    4.175796   12.917165  (    1556   10625)
          76    4.176085   13.112752  (    2260   10453)
          77    4.176323   12.391084  (    1142   10362)
          78    4.176407   12.831126  (    1108   10625)
          79    4.179632   12.400698  (    1365   13587)
          80    4.179920   13.472366  (    1536   10453)
          81    4.180385   12.950069  (     934   14847)
          82    4.181632   13.612151  (      96   10362)
          83    4.181853   12.909894  (    1257   14847)
          84    4.183031   12.529150  (    2260   17162)
          85    4.186161   12.555840  (    1365   11325)
          86    4.186541   13.633102  (      84   10362)
          87    4.186700   12.476543  (     591   10362)
          88    4.187756   12.889358  (    1257   19020)
          89    4.187810   13.574688  (     178   10362)
          90    4.187823   12.019662  (    2260   10158)
          91    4.187896   12.552353  (     147   11807)
          92    4.187998   12.728889  (     978   13587)
          93    4.188694   11.252455  (    1174   11444)
          94    4.188860   13.389834  (    3325   12160)
          95    4.189586   13.433872  (     109   17162)
          96    4.190431   11.236899  (    1174   11407)
          97    4.190463   12.387817  (    1257   10362)
          98    4.191201   12.934819  (     934   19020)
          99    4.193137   12.613573  (      96   11807)
         100    4.193477   13.010717  (      12   11807)
