     Index              y_true              y_pred        descriptor_1        descriptor_2
         1    0.1516000000E+03    0.1536623259E+03   -0.5022222800E+00    0.2115097600E-02
         2    0.1984000000E+03    0.2161059168E+03   -0.2159699200E+00    0.2094348470E-01
         3    0.2195740000E+03    0.1709001453E+03   -0.4303332000E+00    0.5357038476E-02
         4    0.2362500000E+03    0.2195345480E+03   -0.2882391100E+00   -0.2149772229E-02
         5    0.2256100000E+03    0.2414833693E+03   -0.2039171400E+00    0.0000000000E+00
         6    0.3092000000E+03    0.3136471501E+03   -0.1211411200E+00   -0.4625524928E-01
         7    0.1839000000E+03    0.1788426750E+03   -0.4120172100E+00    0.2790321912E-02
         8    0.3540000000E+03    0.3555544163E+03   -0.3205694000E-01   -0.6187019270E-01
         9    0.3340000000E+03    0.3377379646E+03    0.3293384000E+00    0.5425297894E-01
        10    0.2606000000E+03    0.2072296969E+03   -0.3522568600E+00   -0.7946812800E-02
        11    0.4062400000E+03    0.3695911013E+03    0.2363374000E+00   -0.1685225674E-02
        12    0.2234200000E+03    0.2243622812E+03   -0.2603097700E+00    0.8958487450E-03
        13    0.3137600000E+03    0.3163915024E+03    0.3417640000E-02   -0.1472188522E-01
        14    0.7620000000E+02    0.5854381383E+02   -0.7795582900E+00    0.1695303750E-01
        15    0.2930000000E+03    0.3093085905E+03   -0.1376850000E-01   -0.1266672600E-01
        16    0.3410000000E+03    0.3613862034E+03   -0.4768200000E-01   -0.7172714207E-01
        17    0.1338500000E+03    0.1742452284E+03   -0.4019399600E+00    0.9946560000E-02
        18    0.2443500000E+03    0.2514778381E+03   -0.6846964000E-01    0.2759160965E-01
        19    0.2138000000E+03    0.2390205663E+03   -0.2754420400E+00   -0.1725981455E-01
        20    0.2050000000E+02    0.1302387293E+02   -0.1000000000E+01    0.0000000000E+00
        21    0.4260000000E+03    0.3914292063E+03    0.3127311600E+00   -0.1603680715E-02
        22    0.1721500000E+03    0.1971900706E+03   -0.3246050800E+00    0.9228669202E-02
        23    0.1744500000E+03    0.1404140926E+03   -0.5561000000E+00    0.0000000000E+00
        24    0.3520000000E+03    0.3524907431E+03   -0.6416757000E-01   -0.6774796200E-01
        25    0.3124500000E+03    0.3084045639E+03   -0.9792528000E-01   -0.3487979905E-01
        26    0.3525250000E+03    0.3465668677E+03    0.1307784800E+00   -0.8630874000E-02
        27    0.3535000000E+03    0.3462690033E+03    0.4538462000E-01   -0.3176236707E-01
        28    0.2300000000E+03    0.2351051638E+03   -0.3020786100E+00   -0.2082268598E-01
        29    0.2375000000E+03    0.2408400264E+03   -0.2273085000E+00   -0.5799491775E-02
        30    0.4610000000E+03    0.3992070816E+03    0.2087014600E+00   -0.3756184650E-01
        31    0.2720000000E+03    0.3267068806E+03    0.5698648000E-01   -0.9889102080E-02
        32    0.1832000000E+03    0.1852859587E+03   -0.4171704600E+00   -0.4779414612E-02
        33    0.3200000000E+03    0.3293636444E+03    0.5795760000E-02   -0.2646483840E-01
        34    0.3474000000E+03    0.3493959572E+03    0.8838642000E-01   -0.2295856292E-01
        35    0.2482000000E+03    0.2833228985E+03   -0.8542635000E-01   -0.7486545000E-02
        36    0.1114000000E+03    0.1275915098E+03   -0.4908012000E+00    0.3015793863E-01
        37    0.2800000000E+03    0.2579559174E+03   -0.2209833600E+00   -0.2041953144E-01
        38    0.2287000000E+03    0.2643852333E+03   -0.1916700100E+00   -0.1852473168E-01
        39    0.2677000000E+03    0.2543726879E+03   -0.2201811800E+00   -0.1677573693E-01
        40    0.1399000000E+03    0.1441672829E+03   -0.5430217500E+00    0.0000000000E+00
        41    0.8981300000E+02    0.7003389388E+02   -0.6554083100E+00    0.4001764262E-01
        42    0.1591000000E+03    0.1956941095E+03   -0.3787132300E+00   -0.4179077000E-02
