        Rank        RMSE       MaxAE  Feature_ID
           1   19.883919   48.006694  (       1   10014)
           2   19.963348   45.233647  (       1   10001)
           3   19.999551   44.218824  (       1   10002)
           4   20.123042   47.415534  (       1   10003)
           5   20.162070   60.345256  (       4   11604)
           6   20.179823   50.360560  (       1   10005)
           7   20.231749   44.590238  (       1   10004)
           8   20.255076   49.948263  (       1   10007)
           9   20.258291   47.085826  (       1   10006)
          10   20.296952   45.220696  (       1   10008)
          11   20.326991   47.019326  (       1   10009)
          12   20.327094   45.385768  (       1   10015)
          13   20.346654   47.194096  (       1   10012)
          14   20.357815   45.018122  (       1   10010)
          15   20.360575   47.410928  (       1   10036)
          16   20.375351   43.528791  (       1   10011)
          17   20.389292   47.453140  (       1   10192)
          18   20.415535   44.960689  (       1   10013)
          19   20.454024   45.438795  (       1   10028)
          20   20.457978   49.111782  (       1   10018)
          21   20.479324   49.385905  (       1   10024)
          22   20.489090   49.567348  (       1   11461)
          23   20.499065   46.768596  (       1   10017)
          24   20.502304   45.116570  (       1   10025)
          25   20.507713   44.268977  (       1   10016)
          26   20.527976   45.352887  (       1   10034)
          27   20.535083   49.949635  (       1   10022)
          28   20.538900   47.226597  (       1   10054)
          29   20.540530   45.097423  (       1   10019)
          30   20.549625   46.275408  (       1   10029)
          31   20.579605   51.414637  (       1   10020)
          32   20.582485   46.107994  (       1   16574)
          33   20.585327   49.410251  (       1   10021)
          34   20.588148   44.366286  (       1   10026)
          35   20.588758   43.814753  (       1   10023)
          36   20.591747   45.707615  (       1   10030)
          37   20.598944   44.265361  (       1   10031)
          38   20.623486   46.660620  (       1   10083)
          39   20.635708   46.619161  (       1   10027)
          40   20.636165   46.729896  (       1   10037)
          41   20.640706   44.963834  (       1   10040)
          42   20.641934   46.492829  (       1   10177)
          43   20.642800   46.657933  (       1   10093)
          44   20.662522   45.854672  (       1   17466)
          45   20.673640   43.691138  (       1   10077)
          46   20.674096   48.989959  (       1   10032)
          47   20.682652   51.222544  (       1   10072)
          48   20.685585   51.125128  (       1   10066)
          49   20.686895   51.925402  (       1   10033)
          50   20.702059   45.127003  (       1   10035)
          51   20.703794   45.501201  (       1   10038)
          52   20.712605   48.491990  (       1   10063)
          53   20.726665   46.081799  (       1   10041)
          54   20.728799   50.815747  (       1   10039)
          55   20.730150   44.839553  (       1   10046)
          56   20.733512   44.714975  (       1   10078)
          57   20.735953   49.641624  (       1   10051)
          58   20.739222   46.463555  (       1   10292)
          59   20.750490   43.372890  (       1   10057)
          60   20.756788   44.879299  (       1   10048)
          61   20.757566   50.667498  (       1   10067)
          62   20.766892   44.188461  (       1   10096)
          63   20.781480   48.244940  (       1   10042)
          64   20.786671   59.543946  (      14   10163)
          65   20.787794   44.690515  (       1   10091)
          66   20.790090   43.938971  (       1   10044)
          67   20.790756   49.460019  (       1   10049)
          68   20.791031   49.439564  (       1   10047)
          69   20.792006   48.583817  (       1   10043)
          70   20.793230   45.522223  (       1   18173)
          71   20.799358   45.506271  (       1   18441)
          72   20.799722   46.722292  (       1   10095)
          73   20.802160   45.720434  (       1   10053)
          74   20.803389   53.885039  (       1   10480)
          75   20.806196   56.719995  (       1   10045)
          76   20.810177   44.730600  (       1   10050)
          77   20.811539   45.419802  (       1   19011)
          78   20.822033   53.486639  (       1   10340)
          79   20.822630   53.499938  (       1   10346)
          80   20.823585   51.482308  (       1   10355)
          81   20.825202   46.146998  (       1   15426)
          82   20.828314   45.090686  (       1   10070)
          83   20.833235   46.136813  (       1   10062)
          84   20.835654   44.833685  (       1   10052)
          85   20.835787   47.517497  (       1   10203)
          86   20.836030   45.249393  (       1   19295)
          87   20.838812   54.774245  (       1   10055)
          88   20.838863   49.234903  (       1   10075)
          89   20.840887   43.941190  (       1   10060)
          90   20.846618   53.508541  (       1   10163)
          91   20.849679   45.654942  (       1   19170)
          92   20.851125   45.559636  (       1   19735)
          93   20.853544   43.876933  (       1   10056)
          94   20.855560   46.180741  (      14   14249)
          95   20.856008   45.639425  (       1   19414)
          96   20.858270   49.570318  (       1   10700)
          97   20.860197   43.865726  (       1   10115)
          98   20.861623   46.782059  (       1   10107)
          99   20.865339   45.244862  (       5   12564)
         100   20.865586   50.273021  (       1   10085)
