     Index              y_true              y_pred        descriptor_1        descriptor_2
         1    0.1588000000E+03    0.1472411071E+03   -0.8499000000E+00   -0.2758690200E+00
         2    0.4711500000E+03    0.4616050779E+03    0.1641100000E+01   -0.6745536000E-01
         3    0.3602000000E+03    0.3411803778E+03    0.7881000000E+00   -0.1984684400E+00
         4    0.3860000000E+03    0.4117620885E+03    0.1810300000E+01   -0.3856765800E+00
         5    0.4460000000E+03    0.4155770703E+03    0.1907400000E+01   -0.4169500400E+00
         6    0.2530000000E+03    0.2859227602E+03   -0.8100000000E-01   -0.1711140000E-01
         7    0.2561000000E+03    0.2427628761E+03    0.1573000000E+00   -0.3390624000E+00
         8    0.2744000000E+03    0.2431665977E+03   -0.4233000000E+00   -0.4368672000E-01
         9    0.3945000000E+03    0.3856674777E+03    0.1208700000E+01   -0.2033925900E+00
        10    0.4780000000E+03    0.4895913859E+03    0.2220300000E+01   -0.2295848800E+00
        11    0.3091000000E+03    0.3263760454E+03    0.1282400000E+01   -0.5174488800E+00
        12    0.3260000000E+03    0.3169648923E+03    0.2203000000E+00   -0.2449754000E-01
        13    0.2720000000E+03    0.2557466619E+03   -0.2308000000E+00   -0.8226482000E-01
        14    0.5132000000E+03    0.4522901627E+03    0.2048100000E+01   -0.3166787400E+00
        15    0.3674300000E+03    0.3904153751E+03    0.8821000000E+00   -0.1613214000E-01
        16    0.2634000000E+03    0.2822821985E+03    0.6439000000E+00   -0.4005412800E+00
        17    0.3632000000E+03    0.3134005740E+03    0.3350000000E-01    0.5328912000E-01
        18    0.2396000000E+03    0.2565947476E+03   -0.3904000000E+00    0.2371600000E-02
        19    0.3275000000E+03    0.3452553811E+03    0.4606000000E+00   -0.1389444000E-01
        20    0.4380000000E+03    0.4269879422E+03    0.1421400000E+01   -0.1180075400E+00
        21    0.2886400000E+03    0.3045639058E+03    0.1417000000E+00   -0.4265940000E-01
        22    0.2516000000E+03    0.2884078869E+03   -0.1050000000E-01   -0.4114708000E-01
        23    0.3450000000E+03    0.3529600079E+03    0.6271000000E+00   -0.6209056000E-01
        24    0.4240000000E+03    0.3577392496E+03    0.1109600000E+01   -0.2836805000E+00
        25    0.4920000000E+03    0.4867882420E+03    0.2234600000E+01   -0.2498999100E+00
        26    0.2566500000E+03    0.2011700049E+03   -0.7634000000E+00   -0.6782809000E-01
        27    0.9034100000E+02    0.1047031228E+03   -0.1635000000E+01   -0.7759220000E-01
        28    0.2561000000E+03    0.2450478716E+03   -0.4504000000E+00   -0.2120508000E-01
        29    0.2990000000E+03    0.2756069960E+03   -0.1601000000E+00   -0.2528568000E-01
        30    0.9070000000E+02    0.8415159278E+02   -0.1978300000E+01    0.0000000000E+00
        31    0.1693000000E+03    0.2060343616E+03   -0.2829000000E+00   -0.2880096800E+00
        32    0.4010000000E+03    0.4148539991E+03    0.1216700000E+01   -0.7117968000E-01
        33    0.3380000000E+03    0.3672624743E+03    0.2148600000E+01   -0.7644316800E+00
        34    0.1743000000E+03    0.2045915464E+03   -0.1800000000E+00   -0.3467609700E+00
        35    0.2466500000E+03    0.2706911860E+03   -0.3225000000E+00    0.3385746000E-01
        36    0.4680000000E+03    0.4929656910E+03    0.2109100000E+01   -0.1576208400E+00
        37    0.2480000000E+03    0.2473199426E+03   -0.4874000000E+00    0.8105400000E-02
        38    0.4097000000E+03    0.4015017511E+03    0.1362000000E+01   -0.2069630200E+00
        39    0.3010000000E+03    0.2949558213E+03    0.7788000000E+00   -0.4095660400E+00
        40    0.2490000000E+03    0.2464181244E+03   -0.5103000000E+00    0.1547113000E-01
        41    0.3281500000E+03    0.3647736728E+03    0.9160000000E-01    0.2637544200E+00
        42    0.3990000000E+03    0.4204127491E+03    0.1528200000E+01   -0.2026907000E+00
