     Index              y_true              y_pred        descriptor_1        descriptor_2
         1    0.2990000000E+03    0.2836237896E+03   -0.8232483600E+00    0.1024545041E-01
         2    0.3602000000E+03    0.3738230886E+03   -0.2948865500E+00    0.1110905355E-01
         3    0.3275000000E+03    0.3581264233E+03   -0.7287467200E+00    0.6037912256E-01
         4    0.2516000000E+03    0.2995206450E+03   -0.7510401700E+00    0.1342014827E-01
         5    0.4240000000E+03    0.4036386636E+03   -0.2911922000E+00    0.3610469858E-01
         6    0.2561000000E+03    0.2492275738E+03   -0.1138156800E+01    0.2631066177E-01
         7    0.2490000000E+03    0.2246268228E+03   -0.1210747200E+01    0.1573848593E-01
         8    0.2480000000E+03    0.2532384550E+03   -0.1071821880E+01    0.2015690273E-01
         9    0.3091000000E+03    0.2978737883E+03   -0.4379354200E+00   -0.3324628862E-01
        10    0.3891500000E+03    0.4049095846E+03    0.1273850500E+00   -0.2330843368E-01
        11    0.3990000000E+03    0.3947032843E+03   -0.9830542000E-01    0.5738180108E-03
        12    0.4150000000E+03    0.4125830229E+03   -0.8038392500E+00    0.1178615738E+00
        13    0.2680300000E+03    0.2466982316E+03   -0.5573659200E+00   -0.5980288847E-01
        14    0.3674300000E+03    0.3897364934E+03   -0.4096495200E+00    0.4132282456E-01
        15    0.3387000000E+03    0.3891487277E+03   -0.6814247000E-01   -0.8542046403E-02
        16    0.4460000000E+03    0.4224102320E+03    0.1476044800E+00   -0.1124600596E-01
        17    0.3945000000E+03    0.4160732371E+03    0.5380928000E-01   -0.3114862772E-02
        18    0.2566500000E+03    0.2360269815E+03   -0.1034326820E+01    0.0000000000E+00
        19    0.4010000000E+03    0.4114559530E+03   -0.5584804000E-01    0.8781503845E-02
        20    0.4711500000E+03    0.4580880580E+03    0.2784480200E+00    0.3909937629E-03
        21    0.2401500000E+03    0.2477413209E+03   -0.1110321860E+01    0.2101477984E-01
        22    0.3860000000E+03    0.3637632868E+03   -0.2776226400E+00    0.0000000000E+00
        23    0.9034100000E+02    0.1029327865E+03   -0.1822770900E+01    0.0000000000E+00
        24    0.4380000000E+03    0.4175739428E+03   -0.7135245000E-01    0.1626105620E-01
        25    0.3450000000E+03    0.3368148635E+03   -0.7922429200E+00    0.5130884115E-01
        26    0.2886400000E+03    0.2689241326E+03   -0.4435965600E+00   -0.5721620823E-01
        27    0.2634000000E+03    0.2953770634E+03   -0.6827395800E+00    0.0000000000E+00
        28    0.9070000000E+02    0.7667852084E+02   -0.1978300000E+01    0.0000000000E+00
        29    0.4780000000E+03    0.4771717697E+03    0.2238764400E+00    0.2461925169E-01
        30    0.2466500000E+03    0.2914431789E+03   -0.7139143600E+00    0.1137623830E-02
        31    0.3281500000E+03    0.3037638787E+03   -0.5194589800E+00   -0.1641943515E-01
        32    0.4680000000E+03    0.4492272202E+03    0.2494572800E+00   -0.3005775390E-02
        33    0.1743000000E+03    0.1501584996E+03   -0.1543007880E+01    0.0000000000E+00
        34    0.1588000000E+03    0.1486485500E+03   -0.1161553800E+01   -0.5642845557E-01
        35    0.5132000000E+03    0.4542442942E+03    0.9614398000E-01    0.2345008056E-01
        36    0.2720000000E+03    0.2525800251E+03   -0.8845771200E+00   -0.7471327818E-02
        37    0.2530000000E+03    0.2948895725E+03   -0.5529749300E+00   -0.1917366059E-01
        38    0.4920000000E+03    0.4932876063E+03    0.3235957100E+00    0.2400498756E-01
        39    0.3380000000E+03    0.3581788163E+03    0.1443080500E+00   -0.6576777874E-01
        40    0.2561000000E+03    0.2768178725E+03   -0.4620548200E+00   -0.4778921638E-01
        41    0.8950000000E+02    0.1009773589E+03   -0.1695688590E+01   -0.2004287685E-01
        42    0.3260000000E+03    0.3203133838E+03   -0.6576698400E+00    0.1772816712E-01
