Model_ID, [(c_i,i=0,n)_j,j=1,ntask]
           1    0.2225496852E+03    0.1079555589E+03    0.3309327362E+04
           2    0.3169241687E+03    0.1953118147E+03    0.1330800949E+04
           3    0.3171280992E+03    0.1919367262E+03    0.2059303665E+04
           4    0.3389916940E+03    0.2235625534E+03   -0.7368292479E+03
           5    0.3384303374E+03    0.2250285378E+03   -0.1156635052E+04
           6    0.2911624207E+03    0.1721323209E+03    0.3463442880E+04
           7    0.2925386116E+03    0.1671002125E+03   -0.8677936138E+03
           8    0.3390433627E+03    0.2152119530E+03   -0.6720236538E+03
           9    0.3373468558E+03    0.2216693403E+03   -0.1429465135E+04
          10    0.2907480825E+03    0.1729441926E+03    0.1282648958E+04
          11    0.3191659073E+03    0.1904112973E+03   -0.2020187386E+04
          12    0.3425823206E+03    0.1705471122E+03   -0.1944351543E+03
          13    0.2911267978E+03    0.1760804809E+03    0.1450174272E+04
          14    0.3131146423E+03    0.1884178597E+03    0.1014814121E+04
          15    0.3405695178E+03    0.1706754834E+03    0.1875933027E+03
          16    0.3140363278E+03    0.1790653287E+03   -0.3235371452E+04
          17    0.3089596292E+03    0.1798953725E+03    0.3207454172E+03
          18    0.2896807155E+03    0.1805617449E+03    0.8424339529E+03
          19    0.2896753623E+03    0.1805794396E+03    0.8419134718E+03
          20    0.2918989129E+03    0.1765103993E+03    0.8465367163E+03
          21    0.3176130376E+03    0.1970444790E+03    0.1668816784E+04
          22    0.3204417757E+03    0.1924830636E+03    0.9013355161E+03
          23    0.3289818919E+03    0.2121468423E+03   -0.4658639646E+03
          24    0.3188850855E+03    0.1900454355E+03   -0.1751008240E+04
          25    0.3153103234E+03    0.1891473058E+03   -0.3240061740E+04
          26    0.3523096543E+03    0.1396634601E+03   -0.1099531383E+04
          27    0.3265899075E+03    0.2008028050E+03   -0.1402681545E+04
          28    0.3207281432E+03    0.1923752927E+03   -0.1722889438E+04
          29    0.2903279216E+03    0.1794174903E+03    0.8560215812E+03
          30    0.2208585024E+03    0.1182703591E+03   -0.5724962807E+03
          31    0.3021238148E+03    0.1804709580E+03    0.3227592984E+04
          32    0.3193163141E+03    0.1919251556E+03    0.9884471717E+03
          33    0.3140625336E+03    0.1815949792E+03   -0.3084361435E+04
          34    0.2314923453E+03    0.9340456684E+02    0.3071792931E+04
          35    0.3104991265E+03    0.1879096586E+03    0.1091148097E+04
          36    0.2905795493E+03    0.1791685253E+03    0.8515903526E+03
          37    0.2905014717E+03    0.1732703350E+03    0.4393297480E+03
          38    0.3416180379E+03    0.2070423867E+03   -0.7173427968E+02
          39    0.3305297473E+03    0.2137990477E+03   -0.1166896395E+04
          40    0.3391892746E+03    0.2005778860E+03   -0.2488858692E+03
          41    0.2287121285E+03    0.1072613635E+03   -0.5205443960E+03
          42    0.3391460787E+03    0.2004840872E+03   -0.2461297374E+03
          43    0.3389803910E+03    0.1700634403E+03   -0.2188483484E+03
          44    0.3135170379E+03    0.1665287588E+03    0.3653328972E+04
          45    0.3143542201E+03    0.1839337273E+03   -0.5669864676E+03
          46    0.2906086736E+03    0.1791364942E+03    0.6321810970E+03
          47    0.3442111958E+03    0.2071588702E+03   -0.8408933335E+02
          48    0.3204989847E+03    0.1920803361E+03   -0.1490219285E+04
          49    0.2997606644E+03    0.1804384229E+03    0.3472018792E+04
          50    0.3354678692E+03    0.2250466546E+03   -0.5378447231E+03
          51    0.3092402968E+03    0.1836659487E+03    0.2972266197E+03
          52    0.3378640687E+03    0.2116913248E+03   -0.5923189432E+03
          53    0.3386751245E+03    0.1291450991E+03   -0.4371571495E+04
          54    0.3087967859E+03    0.1820908684E+03   -0.4370017385E+03
          55    0.3420610466E+03    0.1752991834E+03   -0.2019283033E+03
          56    0.3419630860E+03    0.1728598760E+03   -0.1872647516E+03
          57    0.3412864258E+03    0.1716810818E+03   -0.1895269931E+03
          58    0.3367200756E+03    0.2200456023E+03   -0.8283246750E+03
          59    0.2964666699E+03    0.1672536904E+03    0.2068033494E+04
          60    0.3442773953E+03    0.1966447229E+03   -0.7711964568E+02
          61    0.3141197940E+03    0.1556119469E+03    0.5549373534E+03
          62    0.3399977042E+03    0.1754577596E+03    0.1952063331E+03
          63    0.3154500941E+03    0.1879317009E+03   -0.1917230323E+04
          64    0.3196994974E+03    0.1983445883E+03    0.1159621142E+04
          65    0.2908784431E+03    0.1781384264E+03    0.1083834573E+04
          66    0.3143987850E+03    0.1975864358E+03    0.1025025498E+04
          67    0.3104725005E+03    0.1894199503E+03   -0.3701694506E+03
          68    0.3354230247E+03    0.2256146075E+03   -0.5473624399E+03
          69    0.2927883719E+03    0.1544981218E+03   -0.5677358772E+03
          70    0.2853829671E+03    0.1397240374E+03    0.5370202012E+03
          71    0.3568704507E+03   -0.1918585809E+03   -0.9888625650E+03
          72    0.2043790515E+03    0.1005019201E+03   -0.4544454189E+03
          73    0.3081793927E+03    0.1879575365E+03    0.4245442716E+04
          74    0.2780093265E+03    0.1448883966E+03    0.2320802519E+03
          75    0.3331956138E+03    0.2030593605E+03   -0.1274264376E+03
          76    0.2914282476E+03    0.1781747304E+03    0.8334762033E+03
          77    0.3126986067E+03    0.1981097899E+03    0.6053337630E+03
          78    0.3121381946E+03    0.1859659799E+03    0.2884273624E+03
          79    0.3339257314E+03    0.1787037786E+03   -0.2235695735E+03
          80    0.3364817656E+03    0.1754275721E+03   -0.2223446830E+03
          81    0.3361440900E+03    0.1761155690E+03   -0.2265165346E+03
          82    0.3195783537E+03    0.1909297743E+03   -0.1630821245E+04
          83    0.2848842522E+03    0.1490567306E+03   -0.6775173627E+03
          84    0.2218765603E+03    0.1040987366E+03    0.2786638828E+04
          85    0.3256474162E+03    0.2031425732E+03   -0.4638853140E+03
          86    0.2953385769E+03    0.1774280479E+03   -0.3965799925E+04
          87    0.3148937926E+03    0.1871968182E+03    0.2780154297E+04
          88    0.3149092525E+03    0.1880197528E+03    0.1449821138E+04
          89    0.3263542356E+03    0.1646489735E+03   -0.8917569809E+03
          90    0.2238738478E+03    0.1092310431E+03   -0.5040176892E+03
          91    0.3426451988E+03    0.2098515081E+03   -0.8506910704E+02
          92    0.3384630967E+03    0.1748972821E+03   -0.2298139126E+03
          93    0.2963999317E+03    0.1364082224E+03    0.5611118785E+03
          94    0.2196400590E+03    0.1237546630E+03   -0.5544387103E+03
          95    0.3204777109E+03    0.1920513877E+03   -0.1757887161E+04
          96    0.3158277253E+03    0.1917476179E+03   -0.7082309720E+03
          97    0.3153686547E+03    0.1887790611E+03    0.1551519147E+04
          98    0.2854747738E+03    0.1266828548E+03    0.2023748407E+03
          99    0.3304478344E+03    0.1652556158E+03    0.1523763738E+03
         100    0.3225094868E+03    0.1928665857E+03    0.7917784609E+03
