Model_ID, [(c_i,i=0,n)_j,j=1,ntask]
           1    0.4846562923E+02   -0.4826618133E+02   -0.2847420854E+03
           2    0.9131966085E+01    0.8368094230E+02    0.3054322978E+03
           3    0.4947172393E+02   -0.4913047986E+02   -0.2886330328E+03
           4    0.8893227493E+01   -0.8386958705E+02    0.4945649526E+03
           5    0.8839035993E+01    0.8373183934E+02    0.3132565177E+03
           6    0.9297997213E+01    0.8559015574E+02   -0.1439793225E+03
           7    0.9878546601E+01    0.4668929411E+02    0.3479163637E+03
           8    0.9401642051E+01    0.8259870975E+02    0.3105429702E+03
           9    0.8160974287E+01   -0.8499975005E+02    0.3174827431E+03
          10    0.1312233851E+02    0.7469972408E+02    0.8772785897E+03
          11    0.1045924662E+02    0.6269230580E+02    0.1546195595E+04
          12    0.1429411785E+02    0.7396521034E+02    0.5737045351E+03
          13    0.4468693227E+01   -0.9672336018E+02    0.1483977106E+03
          14    0.8001945286E+01   -0.8627710104E+02    0.3066093837E+03
          15    0.4923952670E+02   -0.4677532458E+02   -0.2764424835E+03
          16    0.4878002690E+02   -0.4802947734E+02   -0.2836592082E+03
          17    0.1428171320E+02   -0.7378305010E+02    0.5713247897E+03
          18    0.9564833568E+01    0.8454339424E+02   -0.1465919139E+03
          19    0.4911559067E+02   -0.4729289497E+02   -0.2794533630E+03
          20    0.1324733081E+02   -0.6432044231E+02    0.1802669678E+03
          21    0.9266397163E+01   -0.8165950028E+02    0.4803471864E+03
          22    0.6005066597E+01    0.9318213339E+02    0.1448481760E+03
          23    0.9242348890E+01    0.8181136468E+02    0.4794913332E+03
          24    0.6435089011E+01   -0.8948238086E+02    0.1546292512E+03
          25    0.4886053937E+02    0.4435857754E+02   -0.3652045815E+03
          26    0.9087670579E+01    0.8549651473E+02   -0.1465295938E+03
          27    0.6778085756E+01   -0.8891227059E+02    0.1541888710E+03
          28    0.8783193838E+01    0.4893771582E+02    0.3680184799E+03
          29    0.1343950202E+02    0.7355378585E+02    0.8914170741E+03
          30    0.9137374218E+01   -0.8274445746E+02    0.4685092997E+03
          31    0.9693650318E+01    0.7990147936E+02    0.4884922604E+03
          32    0.7913068040E+01   -0.8561111694E+02    0.4789728792E+03
          33    0.1403554396E+02    0.7429602379E+02    0.5754171947E+03
          34    0.1220429359E+02    0.6141861429E+02   -0.2967271372E+03
          35    0.5102794970E+02   -0.4392245743E+02    0.1032325821E+03
          36    0.5102892339E+02   -0.4392192032E+02    0.1032307830E+03
          37    0.9228902846E+01    0.4601669888E+02    0.2929868982E+03
          38    0.1302529069E+02    0.7437889378E+02    0.8916858461E+03
          39    0.1504908706E+02    0.1424386349E+03   -0.9958112753E+02
          40    0.8965553730E+01   -0.8611297792E+02    0.1190536433E+03
          41    0.1402289305E+02    0.7411421097E+02    0.5730322182E+03
          42    0.1559172102E+02    0.7154245445E+02    0.5601287950E+03
          43    0.6757494510E+01   -0.8892880074E+02    0.1587387296E+03
          44    0.1583571322E+02    0.6946209794E+02    0.6449626720E+03
          45    0.7071667956E+01    0.8878124675E+02   -0.1471520473E+03
          46    0.7105995701E+01   -0.8834598369E+02    0.1583890999E+03
          47    0.9473432879E+01   -0.8386305004E+02    0.4165745971E+03
          48    0.1434934180E+02    0.4095023742E+02    0.9826060072E+03
          49    0.4898927682E+02   -0.4708701513E+02   -0.2819266640E+03
          50    0.7674173712E+01    0.6389258840E+02   -0.9263953014E+02
          51    0.1236101392E+02    0.7658879981E+02    0.4424512280E+03
          52    0.1581261253E+02   -0.6932699353E+02    0.6431416992E+03
          53    0.9504918694E+01    0.8081582660E+02    0.4849826963E+03
          54    0.5040899285E+02    0.5020873842E+02   -0.4002497659E+02
          55    0.9719853404E+01   -0.8244695420E+02    0.4294992430E+03
          56    0.5040703654E+02    0.5018858933E+02   -0.4002148359E+02
          57    0.4243601255E+01   -0.9713125787E+02    0.1253904426E+03
          58    0.1585447838E+02    0.7175542638E+02    0.5670785590E+03
          59    0.9712019772E+01    0.8059172178E+02    0.4756431224E+03
          60    0.4930144389E+02    0.5120379946E+02   -0.3729414872E+02
          61    0.5088130344E+02    0.4677870510E+02   -0.3995072129E+02
          62    0.5088022841E+02    0.4677865681E+02   -0.3995029549E+02
          63    0.4929950539E+02    0.5118521132E+02   -0.3729069395E+02
          64    0.1393170348E+02    0.7439239675E+02    0.5759391555E+03
          65    0.9867835848E+01    0.8392423208E+02    0.1941155759E+03
          66    0.7453062594E+01    0.4751813814E+02    0.2753692428E+03
          67    0.9922843069E+01    0.8370145123E+02    0.1947953400E+03
          68    0.4936538550E+02    0.5110510325E+02   -0.3752893144E+02
          69    0.1462504087E+02    0.7259120315E+02    0.8482774032E+03
          70    0.9673253006E+01    0.8420819365E+02    0.1958315493E+03
          71    0.4286688723E+01    0.7038556173E+02   -0.4183942653E+03
          72    0.6208847992E+01    0.8851811491E+02    0.1340317983E+03
          73    0.9256486953E+01    0.8239385632E+02    0.4747832858E+03
          74    0.1698981355E+02    0.6739204451E+02    0.6345144640E+03
          75    0.1059575659E+02    0.6550410763E+02    0.8986163664E+03
          76    0.6736489399E+01    0.8890340401E+02   -0.1508322443E+03
          77    0.6395548156E+01    0.6845510323E+02   -0.4237609966E+03
          78    0.9410287971E+01    0.8145005831E+02    0.4806299279E+03
          79    0.1089679262E+02   -0.7893516833E+02    0.2382781141E+03
          80    0.5739042241E+01    0.9316950995E+02    0.1471091484E+03
          81    0.7523804570E+01   -0.8506264106E+02    0.2562936160E+03
          82    0.1490939589E+02    0.7084642793E+02    0.8824227934E+03
          83    0.9244570292E+01    0.8234867631E+02    0.4741816445E+03
          84    0.9097820493E+01    0.8324772559E+02    0.4658933410E+03
          85    0.6970397585E+01   -0.8862322312E+02    0.1590380256E+03
          86    0.6123630775E+01   -0.9118469705E+02   -0.1092600613E+03
          87    0.1053869581E+02    0.6458379160E+02    0.2507959205E+03
          88    0.1560679403E+02    0.6973664373E+02    0.6465515284E+03
          89    0.1003647914E+02    0.6546302116E+02    0.2579257374E+03
          90    0.9278859239E+01    0.8220439741E+02    0.4751122456E+03
          91    0.1099677709E+02    0.7866810219E+02    0.4852117696E+03
          92    0.7096190521E+01    0.9979771262E+02   -0.1067472669E+03
          93    0.2540059158E+02    0.5457182272E+02    0.2333333813E+03
          94    0.1054383906E+02    0.8230761256E+02    0.1933032606E+03
          95    0.7313053246E+01    0.8774164369E+02   -0.1498329253E+03
          96    0.1478169014E+02    0.1345550661E+03   -0.1024864318E+03
          97    0.9326242270E+01    0.8201366464E+02    0.4762660623E+03
          98    0.8299651094E+01   -0.8335996469E+02    0.4650878826E+03
          99    0.1558319872E+02    0.6960244040E+02    0.6447270430E+03
         100    0.6039510401E+01   -0.8960308235E+02    0.1515915396E+03
