Model_ID, [(c_i,i=0,n)_j,j=1,ntask]
           1    0.2825952600E+03    0.1946482530E+03    0.2053447701E+04
           2    0.3516867113E+03   -0.2711190886E+03   -0.4723389444E+03
           3    0.3514889939E+03   -0.2706830398E+03   -0.4707768479E+03
           4    0.2845979597E+03    0.1933153279E+03    0.1777647124E+04
           5    0.3505385264E+03   -0.2692757253E+03   -0.4358619416E+03
           6    0.2822114658E+03    0.1934870100E+03    0.2049102892E+04
           7    0.3503489983E+03   -0.2688562270E+03   -0.4344725041E+03
           8    0.3507003375E+03    0.2645417991E+03   -0.4558705099E+03
           9    0.3516313871E+03    0.2649794290E+03   -0.4658725834E+03
          10    0.3507992266E+03    0.2676378710E+03   -0.4645253597E+03
          11    0.3496530733E+03    0.2629285112E+03   -0.4215168491E+03
          12    0.3502168272E+03    0.2647770616E+03   -0.4388220992E+03
          13    0.3498112687E+03    0.2666553842E+03   -0.4571395788E+03
          14    0.3498903171E+03    0.2656429965E+03   -0.4558486543E+03
          15    0.3497227099E+03    0.2676149859E+03   -0.4583221957E+03
          16    0.3496836636E+03    0.2674950670E+03   -0.4648250980E+03
          17    0.3505104510E+03    0.2632270649E+03   -0.4300897006E+03
          18    0.3508638295E+03    0.2655226910E+03   -0.4626913594E+03
          19    0.3488010533E+03    0.2654765116E+03   -0.4494139926E+03
          20    0.3500466507E+03    0.2629098332E+03   -0.4521918651E+03
          21    0.2824688350E+03   -0.1929722067E+03    0.1774779825E+04
          22    0.2804600656E+03   -0.1939258361E+03    0.2031607266E+04
          23    0.3494604132E+03    0.2697596497E+03   -0.4607716879E+03
          24    0.2818948569E+03    0.1922378287E+03    0.1991623415E+04
          25    0.3496861973E+03    0.2658713713E+03   -0.4288430437E+03
          26    0.3487412541E+03    0.2649686542E+03   -0.4223319835E+03
          27    0.3488291645E+03    0.2639815549E+03   -0.4212349873E+03
          28    0.3486443161E+03    0.2659036611E+03   -0.4233316602E+03
          29    0.1740815329E+03    0.1140772697E+03   -0.2687088114E+03
          30    0.2872443732E+03    0.1898572037E+03    0.1950913919E+04
          31    0.3485399424E+03    0.2656479102E+03   -0.4285959430E+03
          32    0.2558575419E+03    0.8556771992E+02    0.3607279999E+03
          33    0.3486087013E+03    0.2668145227E+03   -0.4496466908E+03
          34    0.3490094993E+03    0.2613139063E+03   -0.4181052009E+03
          35    0.3477748360E+03    0.2638707013E+03   -0.4155110265E+03
          36    0.3498174635E+03    0.2650110757E+03   -0.4479371217E+03
          37    0.3497582424E+03    0.2637843516E+03   -0.4272095041E+03
          38    0.3483633987E+03    0.2679905512E+03   -0.4253766553E+03
          39    0.2868545373E+03    0.1890193420E+03    0.1959230521E+04
          40    0.2800910216E+03   -0.1928704070E+03    0.2032017958E+04
          41    0.2822622775E+03    0.1908447486E+03    0.1754122007E+04
          42    0.2802751834E+03    0.1917932701E+03    0.2008528760E+04
          43    0.3478604397E+03    0.2675855105E+03   -0.4468303465E+03
          44    0.3488274408E+03    0.2634928056E+03   -0.4146939523E+03
          45    0.2762343858E+03    0.1967213659E+03    0.1957494984E+04
          46    0.2836402659E+03    0.1904836699E+03    0.1762026063E+04
          47    0.3475826159E+03    0.2651966706E+03   -0.4157182981E+03
          48    0.2836832205E+03    0.1904606843E+03    0.1721652455E+04
          49    0.3018538012E+03    0.2041086928E+03    0.1005918743E+04
          50    0.3016572261E+03    0.2041963188E+03    0.1000979307E+04
          51    0.2881478288E+03   -0.1936512280E+03    0.1994445660E+04
          52    0.2885424447E+03   -0.1942911528E+03    0.1974270218E+04
          53    0.3028026458E+03   -0.2048882973E+03    0.1000197109E+04
          54    0.3147710793E+03    0.2497926509E+03    0.5562528604E+03
          55    0.2781862402E+03    0.1955235328E+03    0.1698777494E+04
          56    0.3468474006E+03    0.2659781150E+03   -0.4131602711E+03
          57    0.2455665571E+03    0.8088878566E+02    0.1909013843E+03
          58    0.3630083480E+03    0.1254765825E+03   -0.4002056006E+03
          59    0.2799104076E+03    0.1907837460E+03    0.2010123332E+04
          60    0.3602854873E+03    0.2603830140E+03   -0.4461663589E+03
          61    0.2834194378E+03    0.1862512750E+03   -0.1810677113E+04
          62    0.3645655377E+03    0.2605975029E+03   -0.4210787286E+03
          63    0.2758983660E+03    0.1956995694E+03    0.1958235709E+04
          64    0.2904344344E+03   -0.1930776421E+03    0.1712466142E+04
          65    0.2890784838E+03    0.1881669352E+03    0.1668004312E+04
          66    0.2894907947E+03   -0.1914676915E+03    0.1750607500E+04
          67    0.2797884291E+03   -0.1917102936E+03    0.1978988177E+04
          68    0.3009625390E+03   -0.2040832299E+03    0.9781028675E+03
          69    0.3480647671E+03    0.2619265090E+03   -0.4423178438E+03
          70    0.2776351191E+03    0.1761198720E+03   -0.1737573468E+04
          71    0.2815485773E+03   -0.1903555103E+03    0.1769309499E+04
          72    0.2979930489E+03    0.2125233729E+03   -0.1687286453E+04
          73    0.3782560999E+03    0.1524025734E+03   -0.4602886381E+03
          74    0.2815918104E+03   -0.1903198177E+03    0.1728192925E+04
          75    0.2865183535E+03    0.1878149177E+03    0.1901643689E+04
          76    0.3304696769E+03    0.1202308775E+03    0.2299477397E+03
          77    0.3725399579E+03    0.1495503269E+03   -0.4051198376E+03
          78    0.2776691987E+03    0.1854964508E+03    0.1956671239E+04
          79    0.3979538018E+03   -0.1551099817E+03    0.2385840414E+03
          80    0.2881295290E+03    0.1834805439E+03    0.3571044668E+03
          81    0.2796173271E+03    0.1845498906E+03    0.1706751270E+04
          82    0.3574104185E+03   -0.2809643128E+03   -0.4127420951E+03
          83    0.2878511027E+03    0.1899783453E+03    0.5303094091E+03
          84    0.2878025989E+03   -0.1925893408E+03    0.1946343516E+04
          85    0.2780870775E+03    0.1023099281E+03   -0.1237544115E+03
          86    0.3023463263E+03   -0.2025485743E+03    0.9884866299E+03
          87    0.3194443012E+03    0.2410080394E+03   -0.1805525198E+04
          88    0.2615040151E+03    0.8700012071E+02   -0.1758231909E+04
          89    0.2792192522E+03   -0.2065693426E+03    0.1927608932E+04
          90    0.3027926048E+03   -0.2084292591E+03    0.1001883637E+04
          91    0.2758623827E+03    0.1807471947E+03    0.6249237583E+03
          92    0.2795715282E+03   -0.2072375117E+03    0.1908187363E+04
          93    0.2773181954E+03    0.1847697254E+03    0.1970295941E+04
          94    0.3478493192E+03    0.2613100887E+03   -0.4404508624E+03
          95    0.3111303822E+03    0.1931234915E+03    0.8276060276E+03
          96    0.2888844507E+03    0.2096686928E+03   -0.2615381196E+03
          97    0.2764301748E+03    0.1017124878E+03   -0.1202066342E+03
          98    0.2745384736E+03    0.1828667376E+03    0.1037782023E+04
          99    0.2678797612E+03    0.1020107291E+03   -0.1834066720E+04
         100    0.2886677738E+03   -0.1924458734E+03    0.1979019427E+04
