        Rank        RMSE       MaxAE  Feature_ID
           1   29.703627  115.005433  (    3941   12162)
           2   29.764895   61.257991  (    3505   19415)
           3   29.881103   96.870760  (    2690   19415)
           4   30.069118  101.668903  (     349   12992)
           5   30.384680   99.941632  (      58   10639)
           6   30.509298  115.320973  (    3941   16476)
           7   30.546930  114.515271  (    3941   19258)
           8   30.667339   92.119696  (    1592   12162)
           9   30.743312  125.958383  (    3964   12162)
          10   30.766012   75.877700  (     803   11538)
          11   30.855693   71.589731  (    9958   16375)
          12   30.880379   86.250628  (     349   10639)
          13   30.926476  108.790353  (    1486   12992)
          14   30.945585  113.348710  (      58   12992)
          15   31.003618   86.666518  (    6786   19415)
          16   31.003765   75.036373  (    1243   19415)
          17   31.025785   92.392435  (    1592   19258)
          18   31.157136   95.172169  (     966   12162)
          19   31.206192   72.233354  (     197   11538)
          20   31.268444   72.082112  (    1004   19415)
          21   31.270983  108.678048  (      58   15951)
          22   31.283889  105.693290  (    6761   12992)
          23   31.341533   74.873674  (    2160   11538)
          24   31.379652  105.279093  (     419   12992)
          25   31.386640   79.896308  (    3250   16269)
          26   31.391795   77.147996  (     964   19415)
          27   31.416840   81.211127  (    3250   18739)
          28   31.436503  125.428191  (    3964   19258)
          29   31.457903   62.953803  (    3226   19415)
          30   31.461979   77.625989  (     197   19415)
          31   31.492102   75.573897  (       2   15585)
          32   31.497332   92.335123  (    1592   16476)
          33   31.504368  126.236631  (    3964   16476)
          34   31.512968   67.818470  (     909   11538)
          35   31.521498   67.996293  (    3131   19415)
          36   31.526623   94.864010  (     966   19258)
          37   31.547128   88.753417  (       6   11538)
          38   31.578497   69.551839  (     380   11538)
          39   31.581073   92.903785  (    1486   10639)
          40   31.601019   76.234917  (      89   19415)
          41   31.655645  101.751933  (    1420   12162)
          42   31.666840   72.915102  (      89   11538)
          43   31.672217  100.566608  (      58   19558)
          44   31.676928   84.974956  (    2715   16375)
          45   31.692881   87.181045  (      23   19753)
          46   31.728486   68.772667  (     195   19415)
          47   31.738023   88.572770  (      19   12166)
          48   31.766787  106.969554  (    1451   12992)
          49   31.768142   97.577835  (      58   17063)
          50   31.779947   84.901766  (    9281   19415)
          51   31.803321   83.893265  (    8187   19929)
          52   31.803449   86.547847  (    1592   19068)
          53   31.807679  120.245006  (     973   12992)
          54   31.824930   72.657785  (     975   19415)
          55   31.843484   80.605386  (      16   15585)
          56   31.859421  102.041901  (    1420   19258)
          57   31.876939   79.290849  (    7215   15032)
          58   31.890086  102.069436  (      58   19457)
          59   31.895839   89.679444  (      19   13578)
          60   31.912802  104.358183  (      11   14290)
          61   31.932130   83.620526  (      57   11538)
          62   31.932672   68.162957  (    1004   11538)
          63   31.936888  126.327535  (       1   10001)
          64   31.954147   88.958107  (       2   10639)
          65   31.973974   93.659607  (      72   10005)
          66   31.974681   95.000545  (     966   16476)
          67   31.980499   85.653629  (     294   10539)
          68   32.004385   71.004679  (    1644   19415)
          69   32.004412   83.518313  (    8187   19853)
          70   32.027986  123.448786  (     101   10007)
          71   32.032824   83.540274  (      19   11281)
          72   32.042035  109.344639  (     722   12992)
          73   32.042712  122.442115  (    3941   18345)
          74   32.054184   73.074986  (    3226   11538)
          75   32.056098  122.584004  (    3941   17317)
          76   32.056657   77.191232  (       3   12055)
          77   32.059636   75.060877  (      20   11538)
          78   32.066553   85.445101  (    3025   16375)
          79   32.089214   90.439183  (     419   10639)
          80   32.134092   79.989572  (    7215   15934)
          81   32.149070   81.055223  (    2579   19415)
          82   32.149581   71.487436  (    6770   19415)
          83   32.155028  104.070042  (     359   10003)
          84   32.157783   81.272817  (    9281   11538)
          85   32.170377  102.494018  (     294   10005)
          86   32.175921  101.859734  (       2   11762)
          87   32.189365  102.392741  (     349   14703)
          88   32.214863  102.519817  (     122   10639)
          89   32.219901   94.108847  (    6804   19415)
          90   32.255703  119.185167  (    1950   12162)
          91   32.265458  101.573846  (    3589   12992)
          92   32.268994  106.320409  (     359   10031)
          93   32.271122   86.772827  (    5434   17293)
          94   32.283824  100.056636  (     349   12674)
          95   32.286460   72.857764  (    9958   11538)
          96   32.291497   88.619734  (      78   10639)
          97   32.293478   99.459284  (     690   13407)
          98   32.294077  116.262501  (    1625   12992)
          99   32.295474  112.139921  (    1693   12992)
         100   32.305871   82.440180  (    7910   19790)
