     Index              y_true              y_pred        descriptor_1        descriptor_2
         1    0.2401500000E+03    0.2342183816E+03   -0.4257091800E+00    0.4292440000E-02
         2    0.4920000000E+03    0.4517493946E+03    0.2658524000E+00   -0.6157807000E-01
         3    0.3450000000E+03    0.3590088468E+03    0.1628557000E-01    0.3339635000E-01
         4    0.3091000000E+03    0.2900251922E+03   -0.2944388800E+00   -0.8079696000E-01
         5    0.3260000000E+03    0.3159148817E+03   -0.1895042800E+00   -0.5520043000E-01
         6    0.2720000000E+03    0.2407197267E+03   -0.3904929000E+00    0.2382030000E-01
         7    0.3010000000E+03    0.2939820755E+03   -0.1878216900E+00    0.5696148000E-01
         8    0.1588000000E+03    0.1771324939E+03   -0.5001759500E+00    0.1797147300E+00
         9    0.5132000000E+03    0.4514388035E+03    0.3275630300E+00    0.3116295000E-01
        10    0.3891500000E+03    0.3954274722E+03   -0.4144080000E-02   -0.1789042500E+00
        11    0.2561000000E+03    0.2454430413E+03   -0.4507799200E+00   -0.8888304000E-01
        12    0.2466500000E+03    0.3022427508E+03   -0.2301605400E+00   -0.4690907000E-01
        13    0.2634000000E+03    0.2322311609E+03   -0.8167670000E-01    0.5225958100E+00
        14    0.2744000000E+03    0.2308196869E+03   -0.4433046100E+00   -0.4712520000E-02
        15    0.9034100000E+02    0.1006960232E+03   -0.8732052700E+00    0.1072344000E-01
        16    0.4711500000E+03    0.4316925546E+03    0.1455121900E+00   -0.1391063200E+00
        17    0.1743000000E+03    0.1899097584E+03   -0.3653495800E+00    0.3150504500E+00
        18    0.4460000000E+03    0.4441909407E+03    0.1215167000E+00   -0.2370622400E+00
        19    0.3674300000E+03    0.4122032415E+03    0.2396498700E+00    0.9745488000E-01
        20    0.3275000000E+03    0.3481073925E+03   -0.6096370000E-01   -0.2623950000E-01
        21    0.3334000000E+03    0.3787400834E+03    0.2848263400E+00    0.3315442000E+00
        22    0.3990000000E+03    0.3661855081E+03    0.2135191800E+00    0.2889553000E+00
        23    0.4240000000E+03    0.4136293313E+03    0.1032432500E+00   -0.1112401900E+00
        24    0.2480000000E+03    0.2321318100E+03   -0.4403272000E+00   -0.6874200000E-02
        25    0.4780000000E+03    0.4877231775E+03    0.3107095000E+00   -0.1751820000E+00
        26    0.4380000000E+03    0.4518323388E+03    0.3078431800E+00    0.5565000000E-04
        27    0.1693000000E+03    0.2046168569E+03   -0.4212990700E+00    0.1588323600E+00
        28    0.2516000000E+03    0.2779883394E+03   -0.2965168500E+00   -0.2367690000E-01
        29    0.4150000000E+03    0.3799450239E+03    0.1155553200E+00    0.7539228000E-01
        30    0.2561000000E+03    0.2541351462E+03   -0.2769616800E+00    0.1244977200E+00
        31    0.8950000000E+02    0.1291896230E+03   -0.8369947400E+00   -0.7825240000E-01
        32    0.4010000000E+03    0.4208780646E+03    0.1205402800E+00   -0.1219283900E+00
        33    0.4680000000E+03    0.4915532919E+03    0.1692759300E+00   -0.4033266300E+00
        34    0.3632000000E+03    0.3178055449E+03   -0.2067096300E+00   -0.9007856000E-01
        35    0.3602000000E+03    0.3654758588E+03   -0.7313086000E-01   -0.1310700300E+00
        36    0.3945000000E+03    0.3787661223E+03    0.8521950000E-02   -0.7687251000E-01
        37    0.3387000000E+03    0.3878676932E+03    0.5461140000E-02   -0.1269080300E+00
        38    0.2990000000E+03    0.2553728795E+03   -0.3777354900E+00   -0.3060196000E-01
        39    0.9070000000E+02    0.6571618806E+02   -0.9964000000E+00    0.3600000000E-02
        40    0.2680300000E+03    0.2948317371E+03   -0.7500462000E-01    0.2194190400E+00
        41    0.3380000000E+03    0.3758508598E+03    0.7264140000E-01    0.3245268000E-01
        42    0.2396000000E+03    0.2491117019E+03   -0.3815013600E+00   -0.4857480000E-02
