Model_ID, [(c_i,i=0,n)_j,j=1,ntask]
           1    0.6357543991E+02   -0.6437061039E+02    0.2134188109E+03
           2    0.5837714220E+02   -0.5227616313E+02   -0.2153506860E+03
           3    0.6333560039E+02   -0.6446676305E+02   -0.2086484543E+03
           4    0.5928162000E+02   -0.5469843448E+02   -0.2093468856E+03
           5    0.5996967520E+02   -0.5748279959E+02   -0.2103172933E+03
           6    0.5863489325E+02   -0.5617870535E+02   -0.1920995186E+03
           7    0.6292241013E+02   -0.6331843832E+02    0.2099469050E+03
           8    0.6269213883E+02   -0.6342675138E+02   -0.2053750370E+03
           9    0.8839418823E+02   -0.4198979967E+02    0.2654062771E+03
          10    0.5758185467E+02   -0.5346399580E+02   -0.1953364640E+03
          11    0.5848935832E+02   -0.5188695173E+02    0.2169411332E+03
          12    0.6013864670E+02   -0.5722398931E+02    0.2134257605E+03
          13    0.5934812153E+02    0.2641054427E+02   -0.2102774423E+03
          14    0.5726382766E+02   -0.5268169642E+02   -0.2040074405E+03
          15    0.5956733074E+02    0.2634101422E+02    0.2144495932E+03
          16    0.5789190066E+02   -0.4917227322E+02   -0.1945652520E+03
          17    0.5935585334E+02   -0.5424450275E+02    0.2102578867E+03
          18    0.5873723410E+02   -0.5376932618E+02   -0.2061853029E+03
          19    0.5809506212E+02   -0.5522827436E+02   -0.1892727282E+03
          20    0.5910767260E+02   -0.2663559020E+02   -0.2100519105E+03
          21    0.5938297896E+02   -0.5644793829E+02   -0.2069612877E+03
          22    0.5932700961E+02   -0.2656515470E+02    0.2142168715E+03
          23    0.5740057699E+02   -0.5236608108E+02    0.2060770172E+03
          24    0.5679777296E+02   -0.4962208677E+02   -0.2062513897E+03
          25    0.6198090643E+02   -0.6159774530E+02    0.2052507975E+03
          26    0.6176133498E+02   -0.6171720526E+02   -0.2009135184E+03
          27    0.5721084201E+02   -0.5027044866E+02   -0.2083825437E+03
          28    0.6181537367E+02   -0.6009869314E+02   -0.2076113021E+03
          29    0.5647280447E+02   -0.5378352802E+02   -0.1843314877E+03
          30    0.5954743820E+02   -0.5618825380E+02    0.2099333289E+03
          31    0.5799967880E+02   -0.4885767535E+02    0.1960737598E+03
          32    0.5818081967E+02    0.2603100766E+02   -0.2049582808E+03
          33    0.4335755838E+02   -0.3973872428E+02    0.2090649412E+03
          34    0.6239729178E+02   -0.6193276173E+02    0.2072201926E+03
          35    0.6216978684E+02   -0.6203925065E+02   -0.2027096685E+03
          36    0.5675820747E+02   -0.5176710651E+02   -0.2009415542E+03
          37    0.6252836923E+02   -0.6243064182E+02    0.2082697767E+03
          38    0.6136400061E+02   -0.5551319197E+02   -0.1921540221E+03
          39    0.6230086691E+02   -0.6254060890E+02   -0.2037571145E+03
          40    0.6235448560E+02    0.6209672633E+02    0.2068999370E+03
          41    0.5714381618E+02   -0.5014111517E+02   -0.1753635827E+03
          42    0.5869607147E+02   -0.2594292856E+02   -0.2075381650E+03
          43    0.5741209532E+02   -0.5401867038E+02   -0.1859360975E+03
          44    0.6212982410E+02    0.6220913482E+02   -0.2024471636E+03
          45    0.6234430591E+02    0.6211614423E+02    0.2068290659E+03
          46    0.4308972637E+02   -0.3978296308E+02   -0.2041736928E+03
          47    0.5805289025E+02   -0.5259540162E+02   -0.2024904860E+03
          48    0.6212014025E+02    0.6222954405E+02   -0.2023863680E+03
          49    0.6233329924E+02    0.6213293536E+02    0.2067535733E+03
          50    0.4653579652E+02   -0.3304853559E+02   -0.2072705022E+03
          51    0.6096301425E+02   -0.5297315072E+02   -0.2037481855E+03
          52    0.6197264542E+02   -0.5982852194E+02    0.2106674551E+03
          53    0.5891661768E+02   -0.2587799735E+02    0.2117238356E+03
          54    0.6210963091E+02    0.6224731737E+02   -0.2023209834E+03
          55    0.5837941100E+02    0.2594484459E+02    0.2086161229E+03
          56    0.5907671159E+02   -0.5836892024E+02   -0.1872549224E+03
          57    0.6232210166E+02   -0.6214641864E+02    0.2066777436E+03
          58    0.4550715075E+02    0.4050966958E+02   -0.2034369397E+03
          59    0.6198987660E+02   -0.6349276032E+02   -0.2065590079E+03
          60    0.6209890606E+02   -0.6226172305E+02   -0.2022547641E+03
          61    0.6038366551E+02   -0.5438478605E+02   -0.1868327773E+03
          62    0.5864939542E+02   -0.5515154732E+02   -0.2030610558E+03
          63    0.6220910025E+02   -0.6335254112E+02    0.2108870541E+03
          64    0.5693169298E+02   -0.5315442002E+02   -0.1837392605E+03
          65    0.5602349103E+02   -0.5076407033E+02   -0.1873004710E+03
          66    0.6475154911E+02   -0.1915670726E+02   -0.2067614913E+03
          67    0.5757447066E+02   -0.5176242989E+02   -0.2000915077E+03
          68    0.6214418811E+02    0.6174702948E+02    0.2053033271E+03
          69    0.6192331098E+02    0.6186348678E+02   -0.2009301620E+03
          70    0.5353667775E+02    0.3708524630E+02    0.2056918294E+03
          71    0.5881161498E+02   -0.5332398358E+02    0.2070209572E+03
          72    0.5478006268E+02   -0.1732735585E+02   -0.1975591428E+03
          73    0.5643277485E+02   -0.5142564510E+02   -0.1891590761E+03
          74    0.5813865932E+02   -0.5423793637E+02   -0.2005410325E+03
          75    0.5575384836E+02   -0.5008088194E+02   -0.1956084026E+03
          76    0.5690860987E+02   -0.4925450878E+02    0.2075990664E+03
          77    0.4348603968E+02   -0.3949309426E+02    0.2084361680E+03
          78    0.6103994457E+02   -0.6026568503E+02   -0.1976137141E+03
          79    0.6359921321E+02   -0.6472645385E+02   -0.1959148155E+03
          80    0.4573828974E+02    0.4035050854E+02    0.2067010609E+03
          81    0.6125305994E+02   -0.6014143149E+02    0.2018006423E+03
          82    0.4591402666E+02   -0.3620191147E+02    0.2073214617E+03
          83    0.5923990829E+02   -0.5343873167E+02   -0.1873838758E+03
          84    0.6379921837E+02   -0.6458122673E+02    0.1999516252E+03
          85    0.6360213503E+02   -0.6452190447E+02   -0.1960074545E+03
          86    0.5615554176E+02   -0.5073572874E+02   -0.1976077998E+03
          87    0.5732161191E+02   -0.4989679094E+02    0.2097934398E+03
          88    0.5445700715E+02   -0.2393523354E+02   -0.2051380816E+03
          89    0.6380430105E+02   -0.6438146027E+02    0.2000865902E+03
          90    0.5497585650E+02   -0.1726716459E+02    0.2009199357E+03
          91    0.4321823527E+02   -0.3953302890E+02   -0.2035005529E+03
          92    0.6111774981E+02   -0.5922546520E+02    0.2375787700E+03
          93    0.5831999091E+02   -0.5287904424E+02   -0.2036568139E+03
          94    0.5437159194E+02    0.2403997704E+02   -0.2048023126E+03
          95    0.4116719040E+02    0.2516427027E+02   -0.2055638880E+03
          96    0.5689272331E+02   -0.5145505509E+02    0.2029125290E+03
          97    0.5581636291E+02   -0.4408410982E+02    0.2288311021E+03
          98    0.5880937375E+02   -0.5489285773E+02    0.2058777133E+03
          99    0.4665394837E+02   -0.3429574607E+02    0.2063889718E+03
         100    0.4565012755E+02   -0.3623861332E+02   -0.2024123991E+03
