        Rank        RMSE       MaxAE  Feature_ID
           1    4.310527   15.057742  (    8853   16987)
           2    4.326476   14.925104  (    8139   16987)
           3    4.340737   16.132947  (    5212   11326)
           4    4.348028   14.588930  (    1779   10792)
           5    4.348752   16.076717  (       4   11361)
           6    4.359591   14.768532  (    1626   16987)
           7    4.369626   14.897910  (    8355   16987)
           8    4.374577   15.379128  (     194   10559)
           9    4.376370   14.024056  (    4265   10792)
          10    4.388147   14.755817  (    1600   16987)
          11    4.402157   15.970564  (    6353   16987)
          12    4.408822   15.974086  (    5786   16987)
          13    4.416666   16.754127  (    8114   11361)
          14    4.429016   19.005083  (     355   10046)
          15    4.432136   14.409052  (    1626   11086)
          16    4.433822   14.532997  (    8139   11086)
          17    4.439439   15.978549  (    9924   11361)
          18    4.440450   17.328384  (    4453   11361)
          19    4.444280   14.243952  (    3320   10792)
          20    4.448069   15.202382  (     194   10032)
          21    4.448937   14.824141  (    6919   16987)
          22    4.449543   15.430634  (    7574   11361)
          23    4.453460   14.580842  (    6237   10792)
          24    4.453580   14.532281  (     256   19977)
          25    4.453718   15.020527  (     973   16987)
          26    4.457506   18.844638  (     355   11177)
          27    4.457696   14.607087  (    6662   10792)
          28    4.458151   13.749437  (    1710   10855)
          29    4.460179   15.114590  (    1311   16987)
          30    4.461327   14.404680  (    1600   11086)
          31    4.462340   14.633937  (    7119   10792)
          32    4.462959   15.600813  (     971   11361)
          33    4.463389   14.792994  (    1742   16987)
          34    4.465600   15.577640  (      89   16987)
          35    4.466133   14.845644  (    2941   10788)
          36    4.466256   16.311422  (    1256   10656)
          37    4.468584   14.978640  (    1082   10559)
          38    4.471731   16.356463  (    5212   16854)
          39    4.475692   14.515851  (    8355   11086)
          40    4.475838   14.963941  (    7803   11361)
          41    4.476052   16.262020  (     106   11361)
          42    4.478147   14.824874  (    2718   16987)
          43    4.478508   16.292975  (     705   15324)
          44    4.482739   14.308562  (    1311   11086)
          45    4.485386   14.836871  (    2033   16987)
          46    4.486533   17.792231  (       9   11361)
          47    4.487597   18.386989  (     283   10281)
          48    4.488437   17.906027  (      74   10009)
          49    4.489503   16.509424  (    2468   15324)
          50    4.492301   16.147475  (      38   10663)
          51    4.493664   16.334906  (    6065   16987)
          52    4.495505   16.746181  (    3249   10656)
          53    4.495890   13.971976  (    6919   11086)
          54    4.496271   16.364411  (    1965   10656)
          55    4.496953   16.373485  (    1256   10855)
          56    4.497306   18.120893  (      81   11361)
          57    4.498805   14.806157  (    2534   16987)
          58    4.498969   16.007420  (    1233   10792)
          59    4.500711   16.478438  (     973   10559)
          60    4.500847   14.973633  (    2420   11361)
          61    4.502157   16.437879  (     150   11361)
          62    4.503461   16.876102  (     419   11025)
          63    4.503639   16.831438  (    4045   11326)
          64    4.504508   16.186438  (    1345   11361)
          65    4.505926   15.044251  (    9548   11361)
          66    4.506889   16.315901  (    5212   10939)
          67    4.507435   16.569405  (     141   10060)
          68    4.508451   15.456688  (    1316   10855)
          69    4.510291   15.385594  (    2044   10855)
          70    4.511977   15.485851  (    5307   16987)
          71    4.513062   13.897875  (    1710   10656)
          72    4.513335   16.810785  (    3249   10855)
          73    4.514127   16.792714  (    1276   10559)
          74    4.514478   13.963722  (    1488   11361)
          75    4.516413   14.512651  (     256   18815)
          76    4.519284   16.188370  (     954   18540)
          77    4.519898   15.949757  (      38   13734)
          78    4.520810   16.380107  (     140   11361)
          79    4.521068   18.061198  (     338   10009)
          80    4.521319   14.340903  (    1742   11086)
          81    4.521474   15.476170  (    5271   16987)
          82    4.523313   15.360819  (      48   15324)
          83    4.524341   16.219114  (      32   10029)
          84    4.524912   16.608758  (     168   11361)
          85    4.526399   14.536312  (     141   10792)
          86    4.527357   16.355726  (     143   11361)
          87    4.527502   19.320361  (       5   18488)
          88    4.527651   16.074882  (       4   10192)
          89    4.527792   13.932503  (    5406   11361)
          90    4.529665   16.389001  (     211   11361)
          91    4.529935   18.231623  (    5212   10192)
          92    4.530432   15.547841  (    3043   10792)
          93    4.531337   15.238633  (    1443   16987)
          94    4.533136   17.593084  (     117   16987)
          95    4.533712   17.415595  (    5212   10855)
          96    4.534218   16.065874  (     954   11221)
          97    4.534727   14.301771  (    2033   11086)
          98    4.534855   19.536006  (      12   11361)
          99    4.535205   18.031219  (      22   10192)
         100    4.535487   16.436668  (    1965   10855)
