        Rank        RMSE       MaxAE  Feature_ID
           1   30.296725   94.791125  (     122   13831)
           2   30.336886  103.259349  (    6359   10936)
           3   30.443465   98.467774  (    3098   10762)
           4   30.484131   89.963549  (     273   10762)
           5   30.533216   98.140368  (    1584   10013)
           6   30.562548  110.255335  (    7849   10762)
           7   30.669860  106.680746  (    7064   19265)
           8   30.808793  109.741370  (    6609   10762)
           9   30.811389  114.876246  (    9456   10762)
          10   30.889639  105.893924  (    1584   10002)
          11   30.910924  100.816955  (    1584   10003)
          12   30.939420   96.345894  (    1807   13831)
          13   30.999884   83.917903  (    8083   13831)
          14   31.030247   86.511924  (     585   13831)
          15   31.035375   92.022689  (      42   10244)
          16   31.069217  106.255834  (     964   10002)
          17   31.115820  101.048883  (    1584   10004)
          18   31.162735   98.028418  (     147   10762)
          19   31.171795   93.417861  (      80   10762)
          20   31.191047   95.549440  (     481   13831)
          21   31.258969   90.450171  (      21   10762)
          22   31.270670  109.103421  (    3061   13295)
          23   31.273525  101.158047  (     964   10003)
          24   31.321833  109.662038  (    7697   10762)
          25   31.328853   96.834814  (    4917   13831)
          26   31.336783   98.162041  (    1584   10030)
          27   31.339121   98.123199  (    1584   10031)
          28   31.364380   98.680884  (     122   12051)
          29   31.408745  106.806318  (     562   10762)
          30   31.412708   95.148963  (     462   10762)
          31   31.439224  101.411024  (     964   10004)
          32   31.487373  104.476149  (    3061   12321)
          33   31.513352   90.106186  (    1264   13831)
          34   31.525154   82.195114  (     233   10004)
          35   31.537224   98.201007  (    1132   10244)
          36   31.542470   82.999524  (    8292   10840)
          37   31.567315   95.168420  (    1698   13831)
          38   31.587915   82.813060  (    1828   10377)
          39   31.625806  109.768208  (    1733   10762)
          40   31.629135  113.022949  (      15   10850)
          41   31.631883   96.827721  (     248   10762)
          42   31.649570   82.180272  (    8141   10936)
          43   31.655033  107.418308  (    4153   16213)
          44   31.670034  101.065197  (     154   10762)
          45   31.697262   95.897195  (     120   10762)
          46   31.723247  107.906118  (      21   10679)
          47   31.723784   95.170382  (    2010   13831)
          48   31.736589   90.971482  (      54   15510)
          49   31.737620   88.265599  (    1643   16213)
          50   31.775288   87.251572  (    1001   16213)
          51   31.824871  106.989321  (    3061   16213)
          52   31.828967  105.047911  (     481   19265)
          53   31.840789   98.280361  (    2261   10762)
          54   31.844707  101.691054  (    6088   10936)
          55   31.852179  121.015409  (    1795   12321)
          56   31.862891  102.564042  (     267   19265)
          57   31.871769   93.345320  (     129   13831)
          58   31.881154  104.430024  (    3061   12837)
          59   31.883657  105.147123  (    3061   10154)
          60   31.891179  105.293944  (    3061   13120)
          61   31.897825  106.893237  (    7654   10762)
          62   31.899932  105.046342  (    3061   13046)
          63   31.919149   97.943020  (     964   10013)
          64   31.921476  104.781975  (    3061   13010)
          65   31.935789   81.576337  (     233   10053)
          66   31.955581   93.367384  (     267   13831)
          67   31.958094  100.792429  (    3925   10377)
          68   31.963687  105.606192  (    3061   13423)
          69   31.970554  100.958456  (     882   10004)
          70   31.972726   82.042725  (    8292   15850)
          71   31.986896   83.010874  (     114   15510)
          72   31.989664  104.666323  (    4153   17783)
          73   31.993386  104.136863  (     122   19778)
          74   32.012821  105.067510  (    2958   13831)
          75   32.030260   81.899541  (     233   10039)
          76   32.042167   93.128506  (    3880   13831)
          77   32.044047  102.097557  (    2144   10762)
          78   32.060282  111.027263  (    4111   10762)
          79   32.063355   94.752556  (     964   10019)
          80   32.064643  110.583403  (    1953   10762)
          81   32.068254   94.365267  (     964   10020)
          82   32.080866   83.339932  (    8141   18534)
          83   32.096077  100.166400  (    7279   10762)
          84   32.100515   83.406340  (     233   10037)
          85   32.104067   81.856682  (    2670   10377)
          86   32.123986  103.401827  (     122   19265)
          87   32.127455   81.733564  (    2918   10377)
          88   32.130665   81.415976  (    8141   19674)
          89   32.138729  106.778016  (    2356   10762)
          90   32.152927   95.548466  (      15   10244)
          91   32.158921   81.469842  (     208   10045)
          92   32.159438  106.972754  (    7064   19778)
          93   32.167748   98.890878  (     562   12044)
          94   32.170998   99.065687  (    7986   10762)
          95   32.174273  106.942949  (      21   10473)
          96   32.175057   83.279487  (     233   10044)
          97   32.184062  103.708089  (    2391   10762)
          98   32.193502   81.506341  (    8141   13368)
          99   32.194991   81.611284  (     233   10009)
         100   32.199250   81.639397  (     233   10036)
