Model_ID, [(c_i,i=0,n)_j,j=1,ntask]
           1    0.4729659877E+01   -0.1645720460E+02    0.3322632353E+03
           2    0.4854159116E+01   -0.1701103581E+02   -0.3378999263E+03
           3    0.4649734471E+01   -0.1762736796E+02   -0.1915199943E+03
           4    0.4112542050E+01   -0.1814920253E+02   -0.1938101761E+03
           5    0.4289646645E+01   -0.1795331292E+02   -0.1938855674E+03
           6    0.4926649651E+01   -0.1733213644E+02   -0.1902172663E+03
           7    0.4599391339E+01   -0.8854840621E+01   -0.1917066099E+03
           8    0.4331743024E+01   -0.8985680378E+01   -0.1928485547E+03
           9    0.4543005334E+01   -0.1753309111E+02   -0.1916481626E+03
          10    0.4503363377E+01    0.1771096558E+02   -0.1921423535E+03
          11    0.4758017332E+01   -0.1028643085E+02    0.3198333457E+03
          12    0.4494944622E+01   -0.8923764334E+01   -0.1963964767E+03
          13    0.4423986684E+01   -0.8931609258E+01   -0.1928614833E+03
          14    0.4650612109E+01   -0.1758476139E+02   -0.1917874365E+03
          15    0.4582409852E+01   -0.1766913500E+02   -0.1914330421E+03
          16    0.3827840740E+01   -0.1838248174E+02   -0.1949052818E+03
          17    0.4872989619E+01   -0.1062736875E+02   -0.3249760542E+03
          18    0.4482274333E+01   -0.1760293526E+02   -0.1922549847E+03
          19    0.4511803409E+01   -0.1772154995E+02   -0.1920959896E+03
          20    0.4482285292E+01   -0.1759236754E+02   -0.1922545071E+03
          21    0.4680225168E+01    0.1454414194E+02    0.1680475557E+03
          22    0.5372059054E+01    0.4473948029E+02   -0.3307746139E+03
          23    0.4992593040E+01    0.4594238202E+02   -0.3310469352E+03
          24    0.4482711541E+01   -0.1757401606E+02   -0.1922514207E+03
          25    0.4546036214E+01   -0.1746952910E+02   -0.1916298255E+03
          26    0.4521533257E+01   -0.1772893377E+02   -0.1920423503E+03
          27    0.5286578256E+01    0.1360237757E+02    0.9348547408E+02
          28    0.5357469382E+01    0.4493261464E+02   -0.3265295583E+03
          29    0.4032632923E+01   -0.1796508678E+02   -0.1960338937E+03
          30    0.4601122199E+01   -0.8837377039E+01   -0.1913294593E+03
          31    0.4603692364E+01   -0.8839840934E+01   -0.1918193900E+03
          32    0.4485208212E+01   -0.1753254186E+02   -0.1922359463E+03
          33    0.4485559221E+01   -0.1752834972E+02   -0.1922338353E+03
          34    0.4796215780E+01   -0.1750955045E+02   -0.1907607374E+03
          35    0.5352110964E+01    0.4483210221E+02   -0.3273002798E+03
          36    0.4740946134E+01   -0.8753929933E+01   -0.1900334716E+03
          37    0.4072278695E+01   -0.1810083810E+02   -0.1958291141E+03
          38    0.4429820344E+01   -0.1763318251E+02   -0.1928158940E+03
          39    0.4540374582E+01   -0.8867201097E+01   -0.1919381323E+03
          40    0.5203053039E+01    0.4536533564E+02   -0.3282939433E+03
          41    0.5194450297E+01    0.4539362290E+02   -0.3284365156E+03
          42    0.4875324324E+01    0.4639035182E+02   -0.3282389709E+03
          43    0.5255375022E+01    0.4517814883E+02   -0.3275746087E+03
          44    0.4037170656E+01   -0.1789933600E+02   -0.1960014918E+03
          45    0.4284743473E+01   -0.7199495736E+01    0.3153193552E+03
          46    0.5272559632E+01    0.4510852560E+02   -0.3302843711E+03
          47    0.5525561865E+01    0.4430773365E+02   -0.3260918148E+03
          48    0.4548467896E+01    0.1773433835E+02   -0.1918932702E+03
          49    0.4469010519E+01   -0.1776981551E+02   -0.1926061443E+03
          50    0.4549901955E+01   -0.1773421012E+02   -0.1918853164E+03
          51    0.4623471228E+01   -0.1767227638E+02   -0.1912055232E+03
          52    0.4653734649E+01   -0.8798358049E+01   -0.1904852805E+03
          53    0.5368077043E+01    0.4473616333E+02   -0.3288851925E+03
          54    0.3754163287E+01   -0.1822865580E+02   -0.1952994126E+03
          55    0.4493584237E+01   -0.1745746160E+02   -0.1921865582E+03
          56    0.4433286706E+01   -0.1756888193E+02   -0.1927931636E+03
          57    0.4444243128E+01   -0.8916164370E+01   -0.1933048884E+03
          58    0.5379703437E+01    0.4468954764E+02   -0.3288594806E+03
          59    0.5380446285E+01    0.4468639644E+02   -0.3288585458E+03
          60    0.4092288099E+01   -0.9052288594E+01   -0.1957186183E+03
          61    0.4132758947E+01    0.1825274440E+02    0.1658424888E+03
          62    0.4568443617E+01   -0.1773280155E+02   -0.1919439280E+03
          63    0.5400658634E+01    0.1348097725E+02    0.9319963339E+02
          64    0.4754739574E+01   -0.1740910633E+02   -0.1891164072E+03
          65    0.4562908998E+01   -0.1773168205E+02   -0.1918131213E+03
          66    0.4557725856E+01   -0.1772978273E+02   -0.1916803631E+03
          67    0.4487981161E+01   -0.8887541785E+01   -0.1925012820E+03
          68    0.4688385592E+01    0.1409908035E+02    0.9695518220E+02
          69    0.3793622809E+01   -0.1836557037E+02   -0.1950784655E+03
          70    0.4489366045E+01   -0.8880704297E+01   -0.1919864703E+03
          71    0.4663544588E+01   -0.8832779105E+01   -0.1937166325E+03
          72    0.3759718371E+01   -0.1816113717E+02   -0.1952697221E+03
          73    0.5398484718E+01    0.4456886190E+02   -0.3265566884E+03
          74    0.4502061442E+01   -0.1740165201E+02   -0.1921373695E+03
          75    0.4337576199E+01   -0.1787614487E+02   -0.1947319853E+03
          76    0.5546371355E+01    0.4407331692E+02   -0.3283836741E+03
          77    0.3165966428E+01   -0.1148234009E+02    0.9041602564E+02
          78    0.4578772066E+01   -0.1772584750E+02   -0.1917249654E+03
          79    0.4587211074E+01   -0.7441452214E+01   -0.1849371274E+03
          80    0.3746446513E+01   -0.9786842829E+01    0.3002432003E+03
          81    0.4116366711E+01   -0.1809958344E+02   -0.1955846048E+03
          82    0.4667110788E+01   -0.8790285833E+01   -0.1909607581E+03
          83    0.4146830052E+01    0.1771867453E+02    0.9614807582E+02
          84    0.4510694087E+01   -0.1777208777E+02   -0.1923752250E+03
          85    0.3814365319E+01   -0.9184184293E+01   -0.1949634484E+03
          86    0.5449337394E+01    0.4432755246E+02   -0.3264370653E+03
          87    0.4507891694E+01   -0.8683941695E+01   -0.1921037216E+03
          88    0.4635976160E+01   -0.8762606839E+01    0.3151312284E+03
          89    0.4600145744E+01   -0.8794813404E+01   -0.1874597703E+03
          90    0.4591399157E+01   -0.8859747243E+01   -0.1916547254E+03
          91    0.4860639344E+01   -0.1431641704E+02    0.1651022039E+03
          92    0.5072325196E+01   -0.1093922917E+02    0.2975448500E+03
          93    0.4422107205E+01   -0.1774823270E+02   -0.1921236449E+03
          94    0.5357055478E+01    0.1391822320E+02    0.1571229652E+03
          95    0.4427997458E+01    0.1794365538E+02    0.1637749199E+03
          96    0.4134595488E+01    0.1750715825E+02   -0.1944072117E+03
          97    0.5468470760E+01    0.4423410752E+02   -0.3264179396E+03
          98    0.1696199942E+02    0.2083432603E+02   -0.1721012697E+03
          99    0.3828250956E+01   -0.1009070697E+02   -0.3033301326E+03
         100    0.4038564404E+01    0.1021615520E+02   -0.3151370796E+03
