     Index              y_true              y_pred        descriptor_1        descriptor_2
         1    0.4610000000E+03    0.4053122071E+03    0.2077213600E+00    0.7065927000E+00
         2    0.2300000000E+03    0.2318874102E+03   -0.3067437600E+00    0.2927590800E+00
         3    0.1721500000E+03    0.1765791514E+03   -0.5247609500E+00    0.3121888000E+00
         4    0.2720000000E+03    0.3136486556E+03    0.6427670000E-01    0.1272667800E+00
         5    0.2606000000E+03    0.2150497986E+03   -0.3564840600E+00    0.2519952000E+00
         6    0.2195740000E+03    0.1742089723E+03   -0.5031388000E+00    0.2261112800E+00
         7    0.3958500000E+03    0.4228490409E+03    0.1980282300E+00    0.9216597600E+00
         8    0.3116500000E+03    0.2921734711E+03   -0.1219886800E+00    0.4200108000E+00
         9    0.3474000000E+03    0.3859707583E+03    0.8648415000E-01    0.8396784000E+00
        10    0.2287000000E+03    0.2509784807E+03   -0.1940304100E+00    0.1809153000E+00
        11    0.3670000000E+03    0.3846882476E+03    0.4173788000E-01    0.9515298000E+00
        12    0.2677000000E+03    0.2576489294E+03   -0.2241717000E+00    0.3369697500E+00
        13    0.3124500000E+03    0.3311029403E+03   -0.1028149600E+00    0.7832227500E+00
        14    0.1984000000E+03    0.1878431377E+03   -0.5381660500E+00    0.4704772000E+00
        15    0.2138000000E+03    0.2516829494E+03   -0.2752939200E+00    0.4165455500E+00
        16    0.1744500000E+03    0.1814421078E+03   -0.5493838400E+00    0.4333921200E+00
        17    0.3590000000E+03    0.4070817112E+03    0.1929151800E+00    0.7671050600E+00
        18    0.4062400000E+03    0.4206076467E+03    0.2424667600E+00    0.7729227000E+00
        19    0.2482000000E+03    0.2575434707E+03   -0.8961853000E-01   -0.4181270000E-01
        20    0.2443500000E+03    0.2231408621E+03   -0.4407169600E+00    0.5750876800E+00
        21    0.2930000000E+03    0.3017039030E+03   -0.1173288000E-01    0.2126475000E+00
        22    0.4260000000E+03    0.4037870268E+03    0.3172248900E+00    0.3829089200E+00
        23    0.1399000000E+03    0.1414438314E+03   -0.5476325100E+00    0.0000000000E+00
        24    0.1338500000E+03    0.1892285143E+03   -0.4040015400E+00    0.1087560000E+00
        25    0.1832000000E+03    0.2124208761E+03   -0.4220052000E+00    0.4077325200E+00
        26    0.7620000000E+02    0.8636356451E+02   -0.7819157100E+00    0.6752615000E-01
        27    0.3200000000E+03    0.3040699903E+03    0.6409200000E-03    0.2032641600E+00
        28    0.3540000000E+03    0.3113493800E+03   -0.3670012000E-01    0.3860494800E+00
        29    0.2256100000E+03    0.2086064296E+03   -0.5250787800E+00    0.6561691500E+00
        30    0.3535000000E+03    0.3217111221E+03    0.4098316000E-01    0.2790133500E+00
        31    0.3092000000E+03    0.2810712269E+03   -0.1253580000E+00    0.3105361000E+00
        32    0.1875850000E+03    0.2008613104E+03   -0.4496813700E+00    0.3615812800E+00
        33    0.1839000000E+03    0.1891136859E+03   -0.4167546600E+00    0.1433203200E+00
        34    0.3410000000E+03    0.3556730134E+03    0.2802382000E+00   -0.2869536000E-01
        35    0.3520000000E+03    0.3035275926E+03   -0.6924777000E-01    0.3936116000E+00
        36    0.3410000000E+03    0.3103166876E+03   -0.1707047400E+00    0.7511000000E+00
        37    0.2050000000E+02    0.2292039805E+02   -0.1000000000E+01    0.0000000000E+00
        38    0.1591000000E+03    0.1967652951E+03   -0.3817676100E+00    0.1270884800E+00
        39    0.2362500000E+03    0.2237285586E+03   -0.2920052400E+00    0.1639915200E+00
        40    0.2234200000E+03    0.2126755033E+03   -0.4501412300E+00    0.4894300700E+00
        41    0.3137600000E+03    0.3027892917E+03    0.2868160000E-02    0.1832936000E+00
        42    0.1516000000E+03    0.1635218491E+03   -0.5070314100E+00    0.1225522400E+00
