Model_ID, [(c_i,i=0,n)_j,j=1,ntask]
           1    0.2046486280E+02    0.2039078606E+02   -0.2252097971E+03
           2    0.2264774849E+02    0.2193454041E+02   -0.2460490771E+03
           3    0.2074333334E+02    0.2090625400E+02    0.1664758291E+03
           4    0.2080976052E+02    0.2100867678E+02   -0.1624877217E+03
           5    0.2087195865E+02    0.2112223455E+02   -0.1608996689E+03
           6    0.2280189500E+02    0.2174852650E+02    0.2550624764E+03
           7    0.2089441623E+02    0.2119206597E+02   -0.1711851006E+03
           8    0.2264563185E+02    0.2124211841E+02    0.1885526549E+03
           9    0.2236647588E+02    0.2091945480E+02    0.1186788238E+03
          10    0.2251738088E+02    0.2104675082E+02   -0.1207691279E+03
          11    0.2051802391E+02    0.1979509306E+02    0.1518509810E+03
          12    0.2253108642E+02    0.2106032625E+02    0.1864374685E+03
          13    0.2255204356E+02    0.2098553681E+02    0.1862798684E+03
          14    0.2252414951E+02    0.2107916233E+02   -0.1862263741E+03
          15    0.2027012393E+02    0.1947717921E+02    0.1077112590E+03
          16    0.2252058449E+02    0.2108383842E+02    0.1860865149E+03
          17    0.2252045700E+02    0.2108406247E+02    0.1860813926E+03
          18    0.2252032914E+02    0.2108428611E+02   -0.1860762401E+03
          19    0.2249881258E+02    0.2110469776E+02    0.4667108928E+03
          20    0.2251662921E+02    0.2108880237E+02    0.1859253433E+03
          21    0.2103137445E+02    0.2094485079E+02    0.1700321255E+03
          22    0.2149916892E+02    0.2023584755E+02   -0.1164734150E+03
          23    0.2262843393E+02    0.2142913845E+02    0.2042256110E+03
          24    0.2250629557E+02    0.2110380147E+02   -0.1854400579E+03
          25    0.2275559906E+02    0.2146351646E+02    0.1867998159E+03
          26    0.2117042303E+02    0.1973285503E+02   -0.1223193545E+03
          27    0.2248268742E+02    0.2084339088E+02    0.1805463681E+03
          28    0.2229742780E+02    0.2082261805E+02    0.1765832717E+03
          29    0.2225282052E+02    0.2158711520E+02    0.2895186684E+03
          30    0.2107259019E+02    0.2168503430E+02   -0.2034978071E+03
          31    0.2246066788E+02    0.2115026188E+02   -0.1835926957E+03
          32    0.2053957460E+02    0.2008917684E+02    0.2266140859E+03
          33    0.2222939531E+02    0.2064871548E+02    0.1802544792E+03
          34    0.2044866246E+02    0.1967421914E+02    0.1680671223E+03
          35    0.2298801058E+02    0.2247190701E+02   -0.1732332373E+03
          36    0.2237738364E+02    0.2090751719E+02    0.1819122803E+03
          37    0.2017217076E+02    0.1925509584E+02    0.1637487224E+03
          38    0.2051698828E+02    0.1980276191E+02    0.1704566831E+03
          39    0.2230685452E+02    0.2150467979E+02    0.1736326179E+03
          40    0.1858626177E+02    0.1869435174E+02    0.1011933844E+03
          41    0.2009725714E+02    0.2002295300E+02    0.2606337675E+03
          42    0.1873901158E+02   -0.1804146221E+02    0.9525287020E+02
          43    0.2043261715E+02    0.1985992600E+02    0.1828548070E+03
          44    0.2011422930E+02   -0.1860518402E+02   -0.3657691814E+02
          45    0.2305376017E+02    0.2257920751E+02   -0.1710187527E+03
          46    0.2245919910E+02    0.2122147651E+02    0.1837371538E+03
          47    0.1952187211E+02    0.1885448132E+02   -0.1047541934E+03
          48    0.2257326129E+02    0.2113257586E+02    0.1628460247E+03
          49    0.2036287224E+02    0.1952464333E+02    0.1662569114E+03
          50    0.2034267862E+02    0.1949736416E+02   -0.1073422004E+03
          51    0.2141501788E+02    0.2129999172E+02    0.3311870210E+03
          52    0.1974099319E+02    0.1945335579E+02   -0.6778744522E+02
          53    0.2035333762E+02    0.1953788303E+02   -0.1659320183E+03
          54    0.2035063681E+02    0.1954343261E+02    0.1658535762E+03
          55    0.2035049616E+02    0.1954361363E+02    0.1658481008E+03
          56    0.2035035523E+02    0.1954379435E+02   -0.1658425992E+03
          57    0.2034755474E+02    0.1954923415E+02    0.1657545896E+03
          58    0.2221790103E+02   -0.2184733103E+02    0.3771015283E+03
          59    0.2037456575E+02    0.1944023195E+02    0.1653063897E+03
          60    0.1982915293E+02    0.1977031452E+02    0.8362916729E+02
          61    0.2145437762E+02   -0.1979277144E+02   -0.3912982372E+02
          62    0.2033553425E+02    0.1955977238E+02   -0.1651913320E+03
          63    0.2034737307E+02    0.1935932351E+02    0.1615954807E+03
          64    0.2030546303E+02    0.1962513920E+02   -0.1644034900E+03
          65    0.1987107069E+02    0.1882215903E+02    0.1550953281E+03
          66    0.2262410414E+02    0.2121783427E+02    0.1856008844E+03
          67    0.2285050339E+02    0.2228993433E+02    0.9880537404E+02
          68    0.1925794104E+02    0.1840601099E+02   -0.1094684903E+03
          69    0.2057463383E+02    0.2054388958E+02   -0.7845559342E+02
          70    0.2114867765E+02    0.2082352420E+02   -0.1441228035E+03
          71    0.1889670704E+02    0.1922231487E+02   -0.6589967569E+02
          72    0.2030408939E+02    0.1951834977E+02    0.4117808063E+03
          73    0.1825693362E+02   -0.1642917991E+02   -0.1402734142E+03
          74    0.2025748894E+02    0.2047942300E+02   -0.1431803607E+03
          75    0.1841429563E+02   -0.1653994727E+02   -0.1451556490E+03
          76    0.2305508959E+02    0.2260647098E+02   -0.1806172575E+03
          77    0.2235211459E+02    0.2042009498E+02    0.1714396765E+03
          78    0.2028844526E+02   -0.1869715051E+02   -0.3728296622E+02
          79    0.2272491249E+02    0.2207369593E+02   -0.9743222759E+02
          80    0.1949413153E+02   -0.1827224223E+02   -0.3520535516E+02
          81    0.2064978585E+02    0.2123693953E+02    0.1744209230E+03
          82    0.2023919573E+02    0.1940086210E+02    0.1621472658E+03
          83    0.1825529696E+02   -0.1640316328E+02   -0.1307279704E+03
          84    0.1991004874E+02    0.2002417837E+02    0.9124881452E+02
          85    0.2271301332E+02    0.2197846170E+02    0.9660161217E+02
          86    0.2166512581E+02   -0.1993296642E+02   -0.4000573405E+02
          87    0.2012299980E+02    0.1989594147E+02    0.1542658871E+03
          88    0.2346275991E+02    0.2245629646E+02   -0.1587688121E+03
          89    0.2064669953E+02   -0.2069977231E+02    0.1648565068E+03
          90    0.1840856403E+02   -0.1650523514E+02   -0.1350424072E+03
          91    0.2271083253E+02    0.2209005398E+02    0.9717429107E+02
          92    0.2270805769E+02    0.2209810447E+02    0.9714370211E+02
          93    0.2270485779E+02    0.2210554975E+02   -0.9709662206E+02
          94    0.2055788296E+02    0.2062707819E+02    0.2020997390E+03
          95    0.2070780583E+02   -0.2079276442E+02   -0.1606490827E+03
          96    0.2013921080E+02    0.1938926342E+02    0.9920987529E+02
          97    0.2027981631E+02    0.1965521328E+02    0.1632010643E+03
          98    0.1993729068E+02    0.2001631036E+02    0.2005395695E+03
          99    0.2076806315E+02   -0.2090313085E+02   -0.1590092090E+03
         100    0.2162498121E+02   -0.2119456657E+02    0.1859066631E+03
