Model_ID, [(c_i,i=0,n)_j,j=1,ntask]
           1    0.3557865477E+03    0.1246965163E+03   -0.5353753928E+03
           2    0.3695547355E+03   -0.1077317530E+03   -0.5442566640E+03
           3    0.3409896513E+03   -0.1014382464E+03   -0.5449067202E+03
           4    0.3234680778E+03    0.1158363647E+03   -0.4759744187E+03
           5    0.2308724403E+03    0.9522486713E+02   -0.1533702048E+04
           6    0.3302803421E+03   -0.9440973164E+02   -0.5446616335E+03
           7    0.2874446898E+03   -0.1090900766E+03   -0.4630653580E+03
           8    0.2642715434E+03   -0.1019358005E+03   -0.4384336130E+03
           9    0.1947237193E+03    0.1006513697E+03    0.2888422065E+03
          10    0.3168625956E+03    0.1159706744E+03    0.3169013390E+03
          11    0.2166474507E+03    0.1004825333E+03   -0.1620526697E+04
          12    0.2785217574E+03    0.1099272628E+03   -0.5502044130E+03
          13    0.4198149410E+03   -0.1774932190E+03   -0.6650318484E+03
          14    0.3175745532E+03    0.1182967689E+03   -0.4149267820E+03
          15    0.3595547503E+03    0.1518063507E+03    0.4068524881E+03
          16    0.4047157859E+03    0.3162005396E+03    0.3642127367E+03
          17    0.2540866221E+03    0.1056467423E+03    0.1083934033E+04
          18    0.4067811419E+03    0.3211152091E+03    0.4946312588E+03
          19    0.2159192520E+03    0.8866386610E+02   -0.4468815308E+03
          20    0.4050103637E+03    0.3180848449E+03    0.3858536062E+03
          21    0.2279797252E+03   -0.1092126916E+03   -0.4977767959E+03
          22    0.4052771122E+03    0.3154840022E+03    0.3748191639E+03
          23    0.2819507085E+03    0.1113959126E+03   -0.5809633970E+03
          24    0.2173867137E+03    0.9770085195E+02   -0.1581501385E+04
          25    0.4071852694E+03    0.3235476576E+03    0.5213078037E+03
          26    0.2382076335E+03    0.1058911057E+03   -0.1662440901E+04
          27    0.3162075085E+03   -0.9452460184E+02   -0.5152708497E+03
          28    0.4067851861E+03    0.3188142915E+03    0.4943246397E+03
          29    0.2547385390E+03    0.8635485745E+02   -0.5591924217E+03
          30    0.4016484388E+03    0.2855122976E+03    0.3356555078E+03
          31    0.3601840997E+03    0.1512018337E+03    0.4165165945E+03
          32    0.2845476771E+03   -0.1044896682E+03   -0.5058378098E+03
          33    0.2558964720E+03    0.1023706831E+03   -0.5151694537E+03
          34    0.2908800139E+03   -0.1099963703E+03   -0.4834020244E+03
          35    0.2825128525E+03   -0.1093074070E+03    0.5886038147E+03
          36    0.3689966556E+03   -0.1163475008E+03   -0.5478249491E+03
          37    0.2330350225E+03    0.9830769793E+02   -0.1588903935E+04
          38    0.4080884254E+03    0.3253219857E+03    0.5244056134E+03
          39    0.3833096635E+03    0.2441385140E+03    0.3401901644E+03
          40    0.4059148751E+03    0.3199077082E+03    0.3867652406E+03
          41    0.3920999807E+03    0.1518247746E+03    0.5086542623E+03
          42    0.2928246909E+03   -0.1128334859E+03   -0.5022788678E+03
          43    0.3812705379E+03    0.3122651122E+03    0.4948163179E+03
          44    0.3361423350E+03   -0.1020521987E+03   -0.6584839001E+03
          45    0.3910210302E+03    0.1535618375E+03    0.5185719773E+03
          46    0.4204716422E+03   -0.1728109755E+03    0.3777463372E+03
          47    0.3144180687E+03    0.1209821129E+03    0.7778796606E+03
          48    0.3338425427E+03   -0.1356616854E+03    0.5675752242E+03
          49    0.4068801455E+03    0.3259610144E+03    0.2467927630E+03
          50    0.4105312031E+03   -0.1523538823E+03    0.5738074363E+03
          51    0.3429257525E+03    0.1136648131E+03   -0.5416329761E+03
          52    0.4079392989E+03    0.3234533442E+03    0.5027367789E+03
          53    0.3066138891E+03    0.1158289679E+03   -0.5960810831E+03
          54    0.2336156763E+03    0.9343545619E+02   -0.4675448377E+03
          55    0.3194081465E+03    0.1216072496E+03   -0.4543982572E+03
          56    0.3329034372E+03    0.1468431627E+03    0.5051797154E+03
          57    0.4078949676E+03    0.3232865874E+03   -0.5002748455E+03
          58    0.4093606082E+03    0.3185548912E+03    0.5101968796E+03
          59    0.4053262637E+03    0.3189827993E+03    0.3833472754E+03
          60    0.3478112089E+03    0.1239022334E+03    0.3418076222E+03
          61    0.2273497077E+03    0.9078518898E+02   -0.1493877796E+04
          62    0.2594814165E+03    0.1064668490E+03   -0.1310207633E+04
          63    0.1993826160E+03    0.9724477570E+02    0.4548579711E+03
          64    0.2370372445E+03   -0.1253381468E+03   -0.4697122961E+03
          65    0.2415397995E+03    0.8946151039E+02   -0.1473980047E+04
          66    0.4048925804E+03    0.3183208473E+03    0.3815408339E+03
          67    0.4071228790E+03    0.3133576700E+03    0.3747249547E+03
          68    0.3507288071E+03    0.2303753187E+03    0.1057676213E+04
          69    0.4075323088E+03    0.3244363763E+03    0.5189771716E+03
          70    0.2052417480E+03    0.1244809020E+03    0.2766870940E+03
          71    0.4138362315E+03   -0.1557547753E+03    0.1030919604E+04
          72    0.3078867968E+03   -0.8808300948E+02   -0.5161947999E+03
          73    0.3783722049E+03    0.2410268709E+03    0.4155341950E+03
          74    0.4056835348E+03    0.3195542614E+03   -0.3835713265E+03
          75    0.4056889118E+03    0.3195678961E+03   -0.3835147027E+03
          76    0.4058387983E+03    0.3209708090E+03    0.3835045771E+03
          77    0.3935598045E+03    0.3118867002E+03    0.4979249125E+03
          78    0.4056924252E+03    0.3195768345E+03    0.3834771092E+03
          79    0.3293451727E+03    0.1524094710E+03   -0.5313440598E+03
          80    0.3922294079E+03    0.1507186097E+03    0.5086179736E+03
          81    0.4064905935E+03    0.3213006675E+03    0.3823565834E+03
          82    0.2345650543E+03    0.1237099393E+03   -0.1492511214E+04
          83    0.4056959219E+03    0.3195857540E+03    0.3834392185E+03
          84    0.3509222629E+03    0.2312193473E+03    0.1054371038E+04
          85    0.4053825396E+03    0.3190861514E+03    0.3820874144E+03
          86    0.3508240517E+03    0.2303798183E+03    0.1058133741E+04
          87    0.4057012098E+03    0.3195992878E+03    0.3833810022E+03
          88    0.4065860478E+03    0.3215232569E+03    0.3818381945E+03
          89    0.4055278599E+03    0.3181646825E+03    0.3830991715E+03
          90    0.3496136060E+03    0.2295440867E+03    0.1046385065E+04
          91    0.4052192114E+03    0.3188337639E+03    0.3811771435E+03
          92    0.4059703168E+03    0.3200341399E+03    0.3842301868E+03
          93    0.3464013788E+03    0.1122830144E+03    0.1144973780E+04
          94    0.4079743432E+03    0.3265061214E+03    0.5193245244E+03
          95    0.4077727662E+03    0.3248094851E+03   -0.5190514956E+03
          96    0.3738175608E+03    0.3075962511E+03    0.3712692983E+03
          97    0.4077501562E+03    0.3127445343E+03    0.3863366798E+03
          98    0.4077819840E+03    0.3248318618E+03   -0.5189413745E+03
          99    0.4196628358E+03   -0.1736303746E+03    0.3719763801E+03
         100    0.1961344730E+03    0.9827247222E+02    0.2896999427E+03
