     Index              y_true              y_pred        descriptor_1        descriptor_2
         1    0.3670000000E+03    0.3915321945E+03   -0.1899600000E+01    0.1492052854E-01
         2    0.2050000000E+02    0.2956117578E+02    0.1000000000E+01    0.0000000000E+00
         3    0.1591000000E+03    0.1699610163E+03   -0.1703000000E+00    0.2439876450E-03
         4    0.2720000000E+03    0.3436193653E+03   -0.2183500000E+01   -0.6819736018E-01
         5    0.3535000000E+03    0.3797413998E+03   -0.1784200000E+01    0.1698029860E-01
         6    0.3124500000E+03    0.3235635505E+03   -0.1405800000E+01    0.5961374991E-02
         7    0.2443500000E+03    0.2315544143E+03   -0.6777000000E+00    0.1081447472E-02
         8    0.3200000000E+03    0.3141059655E+03   -0.1302000000E+01    0.8978972940E-02
         9    0.2300000000E+03    0.2493899566E+03   -0.7780000000E+00    0.6990300600E-02
        10    0.2482000000E+03    0.2565682962E+03   -0.5701000000E+00    0.3953904764E-01
        11    0.2677000000E+03    0.2602400406E+03   -0.8571000000E+00    0.8387319850E-02
        12    0.1984000000E+03    0.2041114334E+03   -0.4426000000E+00    0.1805386280E-02
        13    0.2234200000E+03    0.2029066942E+03   -0.3723000000E+00    0.9126088908E-02
        14    0.3340000000E+03    0.3464417286E+03   -0.2386100000E+01   -0.8995431195E-01
        15    0.3958500000E+03    0.3713393938E+03   -0.2367700000E+01   -0.6245459640E-01
        16    0.1114000000E+03    0.1259976052E+03    0.1624000000E+00   -0.3934597330E-02
        17    0.7620000000E+02    0.9737599759E+02    0.4424000000E+00    0.1049825520E-02
        18    0.2930000000E+03    0.3190031918E+03   -0.1419400000E+01   -0.3187519680E-03
        19    0.4610000000E+03    0.3583239038E+03   -0.2112800000E+01   -0.4468489787E-01
        20    0.3410000000E+03    0.3574865315E+03   -0.1995600000E+01   -0.3129194250E-01
        21    0.3590000000E+03    0.3430099584E+03   -0.2193100000E+01   -0.6998235803E-01
        22    0.3520000000E+03    0.3239170302E+03   -0.1471300000E+01   -0.1639784808E-02
        23    0.3474000000E+03    0.3598644661E+03   -0.1778700000E+01   -0.2520450300E-02
        24    0.4260000000E+03    0.4046192471E+03   -0.1827200000E+01    0.3699831838E-01
        25    0.1839000000E+03    0.1990484487E+03   -0.3531000000E+00    0.7544390570E-02
        26    0.2362500000E+03    0.2036776357E+03   -0.4709000000E+00   -0.2073923568E-02
        27    0.2195740000E+03    0.1698946526E+03   -0.1364000000E+00    0.4296319040E-02
        28    0.1744500000E+03    0.1714626752E+03    0.8780000000E-01    0.3313311996E-01
        29    0.8981300000E+02    0.6995323261E+02    0.6792000000E+00    0.2000868584E-02
        30    0.3137600000E+03    0.2942255486E+03   -0.1297000000E+01   -0.1058607245E-01
        31    0.1399000000E+03    0.1287617944E+03    0.1690000000E+00   -0.3277137150E-03
        32    0.2375000000E+03    0.2190915302E+03   -0.5462000000E+00    0.4415787870E-02
        33    0.2256100000E+03    0.2160225539E+03   -0.4532000000E+00    0.1260344800E-01
        34    0.2138000000E+03    0.2382789758E+03   -0.6444000000E+00    0.1195161872E-01
        35    0.4062400000E+03    0.4193655635E+03   -0.1614500000E+01    0.7780961057E-01
        36    0.3525250000E+03    0.3129114164E+03   -0.1205300000E+01    0.1951825457E-01
        37    0.2287000000E+03    0.2782783675E+03   -0.1067600000E+01    0.1109970696E-02
        38    0.1338500000E+03    0.1857392058E+03   -0.3189000000E+00   -0.1804375188E-02
        39    0.3410000000E+03    0.3372379090E+03   -0.1520000000E+01    0.5958686895E-02
        40    0.1721500000E+03    0.1783236032E+03   -0.2212000000E+00    0.2543925384E-02
        41    0.3410000000E+03    0.3702251067E+03   -0.2258400000E+01   -0.5030266777E-01
        42    0.3540000000E+03    0.3207592233E+03   -0.1480300000E+01   -0.5937730432E-02
