Model_ID, [(c_i,i=0,n)_j,j=1,ntask]
           1    0.3332870053E+03    0.2476104896E+03    0.8760033212E+02
           2    0.3332837050E+03    0.2464402807E+03    0.8525600673E+02
           3    0.3274805718E+03    0.2366475499E+03    0.7779748804E+02
           4    0.3273303312E+03    0.2374509171E+03    0.7964497436E+02
           5    0.3197927694E+03    0.2151912439E+03    0.1016146987E+03
           6    0.3198395493E+03    0.2138057846E+03    0.9839740395E+02
           7    0.3158285476E+03    0.2058013422E+03    0.1757271729E+03
           8    0.3156487287E+03    0.1969090783E+03    0.1126427557E+03
           9    0.3102892740E+03    0.2051584671E+03    0.2162549884E+03
          10    0.3224555217E+03    0.2141520055E+03    0.1080837892E+03
          11    0.3122457488E+03    0.2128098016E+03    0.1036398677E+03
          12    0.3227347110E+03    0.2138985623E+03    0.1050588099E+03
          13    0.3218801885E+03    0.2147234247E+03    0.1136056226E+03
          14    0.2806123032E+03    0.2459437699E+03   -0.6187640707E+02
          15    0.3403124025E+03    0.2253334791E+03   -0.1637575343E+03
          16    0.3266184491E+03    0.2441116647E+03    0.8695955332E+02
          17    0.3155572380E+03    0.2116737226E+03    0.2221522144E+03
          18    0.3170512465E+03    0.2241284914E+03    0.5256313329E+03
          19    0.2889756023E+03    0.2173104569E+03    0.1047546818E+03
          20    0.3096056414E+03    0.2214526426E+03    0.3146454278E+03
          21    0.3180105982E+03    0.1982054942E+03    0.9633850890E+02
          22    0.3162227237E+03    0.2215532672E+03    0.2213075708E+03
          23    0.3138224164E+03    0.2094588368E+03    0.1137360550E+03
          24    0.3245995438E+03    0.2155881710E+03    0.9511131106E+02
          25    0.2884996618E+03    0.2203309951E+03    0.1133789017E+03
          26    0.3111803707E+03    0.2033274121E+03    0.2852608293E+03
          27    0.2997635225E+03    0.2052520308E+03    0.1833082447E+03
          28    0.3394207126E+03    0.2253723934E+03   -0.1964480263E+03
          29    0.3241337880E+03    0.2162311562E+03    0.1000370610E+03
          30    0.3161442570E+03    0.2217529448E+03    0.2200621348E+03
          31    0.3189864156E+03    0.2140663577E+03    0.1965649565E+03
          32    0.3255495394E+03    0.2156114124E+03    0.1190431771E+03
          33    0.3176995224E+03    0.2283870342E+03    0.2583115039E+03
          34    0.3138707741E+03    0.2152773424E+03    0.2487205098E+03
          35    0.3201337912E+03    0.2198849550E+03    0.1834331079E+03
          36    0.3280388137E+03    0.2171358806E+03    0.1028208717E+03
          37    0.3889151406E+03    0.1439009042E+03    0.2988163900E+03
          38    0.2882928894E+03    0.2279872051E+03    0.1107371909E+03
          39    0.3094990300E+03    0.2216335076E+03    0.3142672602E+03
          40    0.3080490161E+03    0.2219889959E+03    0.3330446382E+03
          41    0.3058690289E+03    0.2044649730E+03    0.7870030243E+02
          42    0.2987427323E+03    0.2322605891E+03   -0.1477773832E+03
          43    0.3262843705E+03    0.2408907577E+03    0.8533451885E+02
          44    0.2877021664E+03    0.2281264852E+03   -0.1125248140E+03
          45    0.3133096345E+03    0.2040243216E+03    0.2602515781E+03
          46    0.3176716630E+03    0.2282335455E+03    0.2579717883E+03
          47    0.2877380972E+03    0.2321244920E+03    0.1203872982E+03
          48    0.3139965661E+03    0.2134332298E+03    0.2357143138E+03
          49    0.3262437886E+03    0.2409519615E+03    0.8531456216E+02
          50    0.3213661748E+03    0.2340819291E+03    0.7802643061E+02
          51    0.3088717758E+03    0.2151247236E+03    0.6524844719E+02
          52    0.2794386892E+03    0.2438210309E+03    0.6759438829E+02
          53    0.3141040671E+03    0.1971174586E+03    0.2837275234E+03
          54    0.3196987226E+03    0.2320609524E+03    0.1967173148E+03
          55    0.3045423611E+03    0.2196741279E+03   -0.1432171117E+03
          56    0.3328697983E+03    0.2463020889E+03    0.7989326211E+02
          57    0.2814575761E+03    0.2357685524E+03    0.5931188854E+02
          58    0.3371504001E+03    0.2336509714E+03    0.9700069761E+02
          59    0.3349535439E+03    0.2471599011E+03    0.9509271331E+02
          60    0.2995781117E+03    0.2052241776E+03    0.1818127233E+03
          61    0.3267611396E+03    0.2426217395E+03    0.8430083966E+02
          62    0.3068537876E+03    0.2190864985E+03   -0.1326773686E+03
          63    0.3185016360E+03    0.2514439685E+03    0.5126149537E+03
          64    0.3245362912E+03    0.2364446148E+03    0.1159835163E+03
          65    0.3126889492E+03    0.1976158816E+03    0.3008764860E+03
          66    0.3018353584E+03    0.2338157142E+03   -0.1406304907E+03
          67    0.3174906458E+03    0.1983526067E+03    0.1746994070E+03
          68    0.2998318946E+03    0.2124336125E+03   -0.1339287742E+03
          69    0.3165488179E+03    0.2348263815E+03    0.6167874240E+02
          70    0.2865474044E+03    0.2326335498E+03   -0.1234164319E+03
          71    0.2911730995E+03    0.2263032089E+03    0.1085371617E+03
          72    0.2972929118E+03    0.2333576780E+03   -0.1514962050E+03
          73    0.3177396855E+03    0.2169422788E+03    0.2627440348E+03
          74    0.3957137474E+03    0.1930020167E+03   -0.1113838029E+03
          75    0.3151423434E+03    0.2224040613E+03   -0.4574259230E+03
          76    0.3124440639E+03    0.1965500880E+03    0.1284651560E+03
          77    0.3061823608E+03    0.2307125940E+03   -0.1238967455E+03
          78    0.3543908091E+03    0.3137877487E+03   -0.1251653086E+03
          79    0.3257195258E+03    0.2385126894E+03   -0.8365453275E+02
          80    0.3135241206E+03    0.1975313935E+03    0.1218638870E+03
          81    0.3140170392E+03    0.1972718179E+03    0.2831751820E+03
          82    0.2998808666E+03    0.2273036757E+03   -0.1477290748E+03
          83    0.2987617888E+03    0.2354249958E+03   -0.1469828253E+03
          84    0.3153855415E+03    0.2222819672E+03   -0.4516992571E+03
          85    0.2988165528E+03    0.2299177566E+03   -0.1482191618E+03
          86    0.3123646291E+03    0.2301454078E+03    0.1218160719E+03
          87    0.3017349699E+03    0.2223260328E+03    0.1220120984E+03
          88    0.3081290503E+03    0.2136752462E+03    0.6498777511E+02
          89    0.3167164883E+03    0.2299634195E+03    0.2703420414E+03
          90    0.3216327674E+03    0.2251415862E+03    0.2075555469E+03
          91    0.3137900668E+03    0.1972605840E+03    0.1211782970E+03
          92    0.3168118222E+03    0.2106726255E+03    0.2247075927E+03
          93    0.3253559714E+03    0.2411801725E+03    0.8018417637E+02
          94    0.3541788924E+03    0.3129878467E+03   -0.1230412743E+03
          95    0.3169702619E+03    0.2178500311E+03   -0.2101701076E+03
          96    0.3233735416E+03    0.2173556084E+03    0.1051988937E+03
          97    0.2937368989E+03    0.1831197037E+03    0.7538881797E+02
          98    0.3189446230E+03    0.2287682005E+03    0.5817502236E+02
          99    0.3219875725E+03    0.2331339647E+03    0.9878385427E+02
         100    0.3078226088E+03    0.2223732338E+03    0.3323463765E+03
