        Rank        RMSE       MaxAE  Feature_ID
           1   30.474914   97.874628  (      11   16267)
           2   30.504261  101.882857  (    1592    6528)
           3   30.506904  100.087438  (    1592    2744)
           4   30.617790  100.532669  (      11   13899)
           5   30.630835   99.546907  (    7624    7929)
           6   30.646167  100.871910  (      11   15166)
           7   30.650056  102.654125  (      11   15521)
           8   30.657704   99.238669  (     272    2194)
           9   30.664726  104.396574  (      11   18960)
          10   30.673863  101.998007  (      11   15341)
          11   30.676954  100.225557  (      11   10175)
          12   30.696308  102.362525  (      11   15783)
          13   30.696980  104.468791  (      11   10058)
          14   30.704391   98.365449  (      11   11818)
          15   30.712428   98.463778  (      11   18506)
          16   30.713107   91.574190  (      11   15297)
          17   30.724732   99.678837  (      11   11738)
          18   30.742072   98.578333  (      11   10071)
          19   30.746960  100.337972  (      11   10464)
          20   30.758624   99.969246  (      11   15185)
          21   30.758819  102.440280  (      11   17312)
          22   30.768711  104.667392  (      11   10036)
          23   30.776421   98.743759  (      11   15057)
          24   30.792877  103.996095  (    1046    8563)
          25   30.793625  101.115370  (     238    9480)
          26   30.797989   98.373993  (     167    6027)
          27   30.799191  101.751280  (     829    7624)
          28   30.807943   98.293743  (      11   16812)
          29   30.808474   99.479968  (    1592    2118)
          30   30.812504   99.443890  (       1    9813)
          31   30.814785   98.400132  (      11   16068)
          32   30.818843   99.711134  (    3632    9598)
          33   30.826257   98.197889  (      11   14653)
          34   30.833529  101.678548  (    1881    3831)
          35   30.851165  105.455814  (      11   13898)
          36   30.855781  102.868574  (      11   17746)
          37   30.856859  109.451213  (      80   19244)
          38   30.861072   98.622414  (      11   12684)
          39   30.861526   98.036931  (    3181    7624)
          40   30.865731  102.947108  (      11   17128)
          41   30.873064   98.235378  (      11   10949)
          42   30.874194  110.198963  (      80   12948)
          43   30.874781  109.164167  (      11   10613)
          44   30.876320  105.205469  (      11   13494)
          45   30.877362  103.882056  (      11   10893)
          46   30.878104   97.745591  (      11   14121)
          47   30.881555  105.466316  (      11   15508)
          48   30.885798  104.477950  (      11   11358)
          49   30.889008   98.383496  (      11   19706)
          50   30.890888  108.827481  (      80   16495)
          51   30.893937  100.682472  (       2    7290)
          52   30.895021  104.561291  (      11   10438)
          53   30.899570   99.841707  (      11   16076)
          54   30.900454  101.041208  (     676    2657)
          55   30.901548  109.507019  (      80   12887)
          56   30.904196   99.462772  (      11   12860)
          57   30.910676   99.522623  (      11   10432)
          58   30.913085   99.615378  (     512    6300)
          59   30.919670  109.139890  (      80   11572)
          60   30.921758   98.996588  (      11   14565)
          61   30.922759   99.498017  (    1592    2764)
          62   30.928004  105.016151  (    7040    9295)
          63   30.930272  102.730518  (      11   10431)
          64   30.931667  101.053629  (    2156    8155)
          65   30.933532   98.520626  (      11   13527)
          66   30.935300  100.836702  (     238    1403)
          67   30.936898  104.923898  (       2    1403)
          68   30.945281   99.732481  (    4940    6773)
          69   30.946833   99.512636  (      11   11385)
          70   30.949535  103.725401  (      11   10960)
          71   30.949921   99.080361  (      11   11241)
          72   30.955043   98.438838  (      11   18717)
          73   30.955164  101.550758  (      11   14917)
          74   30.957675  109.387583  (      54   12591)
          75   30.963382  108.080041  (      80   12955)
          76   30.964849   98.361751  (      11   12093)
          77   30.965665   98.203706  (      11   17618)
          78   30.969464  103.404845  (      11   10852)
          79   30.970154   98.634590  (      11   17049)
          80   30.970783  107.638012  (      54   17018)
          81   30.974653  103.417262  (      11   10318)
          82   30.976243  101.796770  (    1354    8859)
          83   30.976543  109.508327  (       2    3436)
          84   30.976772   99.969354  (     421    2554)
          85   30.979219  103.199524  (       1   12141)
          86   30.980198   98.173746  (      11   16803)
          87   30.982550  101.541385  (    4696    6534)
          88   30.986826  109.469173  (       1   11093)
          89   30.988830  104.898240  (      11   11318)
          90   30.990101  105.623761  (      11   15107)
          91   30.990742   98.510435  (      11   18372)
          92   30.991329  104.149420  (      11   16454)
          93   30.991862   98.519528  (      11   18258)
          94   30.993795   99.182664  (      11   10341)
          95   30.994503  103.124290  (     272    2118)
          96   30.995912   99.696242  (     272    1387)
          97   30.997672  101.059285  (      11    9813)
          98   30.997696  102.419468  (      11   10366)
          99   31.002523  101.553966  (      11   10320)
         100   31.002916  107.103396  (      80   13408)
