Model_ID, [(c_i,i=0,n)_j,j=1,ntask]
           1    0.3336213018E+03    0.8824628865E+02   -0.1147066298E+03
           2    0.2840286352E+03   -0.7639320513E+02    0.4159235018E+02
           3    0.2941854823E+03   -0.7421273138E+02    0.4927048917E+02
           4    0.3271409586E+03    0.9847682715E+02   -0.5458100745E+02
           5    0.2795642931E+03    0.7445962723E+02   -0.4302925239E+02
           6    0.3262918985E+03    0.9825742234E+02   -0.5534287801E+02
           7    0.3213971869E+03    0.9239479717E+02   -0.4162255886E+02
           8    0.2905529963E+03   -0.7151683340E+02    0.4983773070E+02
           9    0.3318685549E+03    0.9039900366E+02   -0.4044681470E+02
          10    0.3210399164E+03    0.9741248226E+02   -0.6154799355E+02
          11    0.3503571391E+03    0.9751681718E+02   -0.4506768821E+02
          12    0.3196752741E+03    0.9729216410E+02   -0.6305570757E+02
          13    0.3208726453E+03    0.9541875403E+02   -0.4349646392E+02
          14    0.3331995779E+03    0.8908451782E+02   -0.1189647939E+03
          15    0.3379299088E+03    0.8953343179E+02   -0.1019657399E+03
          16    0.3963445528E+03    0.1012703675E+03   -0.9090868012E+02
          17    0.3412931574E+03    0.9111628677E+02   -0.9382354228E+02
          18    0.3566312072E+03    0.9351069825E+02   -0.4775375210E+02
          19    0.3494701569E+03    0.9610356651E+02   -0.4793601204E+02
          20    0.3171399161E+03    0.8680826248E+02   -0.4161483190E+02
          21    0.3197496032E+03    0.9710312914E+02   -0.6281765540E+02
          22    0.3179656326E+03    0.9268945245E+02   -0.4628240016E+02
          23    0.3377050682E+03    0.8943413612E+02   -0.1038278653E+03
          24    0.3241247281E+03    0.1353320311E+03   -0.7208995065E+02
          25    0.2859449494E+03    0.7917521738E+02   -0.9606255102E+02
          26    0.2849376718E+03    0.7207498604E+02   -0.4411855193E+02
          27    0.2894427269E+03   -0.5287696187E+02    0.6894344541E+02
          28    0.3323352703E+03    0.8805498451E+02   -0.1220527422E+03
          29    0.2852967453E+03   -0.7347622456E+02    0.4525250098E+02
          30    0.2681879849E+03    0.8433383248E+02   -0.4943544462E+02
          31    0.3329085923E+03    0.8829963189E+02   -0.1203016425E+03
          32    0.2939431659E+03    0.5321890506E+02   -0.6746452566E+02
          33    0.3556569584E+03    0.9642424593E+02   -0.3661360095E+02
          34    0.2898791359E+03   -0.6705582737E+02    0.5283584587E+02
          35    0.3423061513E+03    0.9370670212E+02   -0.8229151356E+02
          36    0.3195381631E+03    0.9641646045E+02   -0.3123027740E+02
          37    0.3095223799E+03    0.8997122177E+02   -0.7186973440E+02
          38    0.3387867248E+03    0.9052797687E+02   -0.9922916728E+02
          39    0.2818281320E+03   -0.4644637012E+02    0.7201033599E+02
          40    0.3202072452E+03    0.9765071363E+02   -0.6138196925E+02
          41    0.3562052033E+03    0.9796300813E+02   -0.3857126999E+02
          42    0.3029350921E+03    0.9095295309E+02   -0.4895377299E+02
          43    0.3090612732E+03    0.9210099180E+02   -0.4255729910E+02
          44    0.3423620836E+03    0.9452628089E+02   -0.8134580697E+02
          45    0.3425651039E+03    0.9590507064E+02   -0.9592769402E+02
          46    0.3560108017E+03    0.9203113071E+02   -0.4347833810E+02
          47    0.3416588245E+03    0.9380473881E+02   -0.8406300412E+02
          48    0.3204572644E+03    0.9655079397E+02   -0.5864161557E+02
          49    0.3392763204E+03    0.8976782928E+02   -0.9671181634E+02
          50    0.3082601951E+03    0.8933481422E+02   -0.7413533984E+02
          51    0.2670231546E+03    0.8311659203E+02   -0.5167553988E+02
          52    0.3190464236E+03    0.9397667723E+02   -0.4520688982E+02
          53    0.3348995282E+03    0.8841636096E+02   -0.1030815409E+03
          54    0.2868926256E+03   -0.5417937866E+02    0.6592571377E+02
          55    0.3094608426E+03    0.9057196339E+02   -0.7147206661E+02
          56    0.3417190028E+03    0.9133483922E+02   -0.9143838657E+02
          57    0.3381459704E+03    0.9110841504E+02   -0.1047471280E+03
          58    0.2901160474E+03    0.5472344961E+02   -0.6557104783E+02
          59    0.3176462915E+03    0.9162450690E+02   -0.7490542791E+02
          60    0.3398109981E+03    0.9045691412E+02   -0.9686856921E+02
          61    0.2646926114E+03   -0.7403709965E+02    0.4672239909E+02
          62    0.2789176134E+03    0.7626125353E+02   -0.4040690615E+02
          63    0.3385756210E+03    0.9528600021E+02   -0.3948403864E+02
          64    0.2870177594E+03   -0.6386521297E+02    0.5486714685E+02
          65    0.3328568546E+03    0.9319614687E+02   -0.4235481130E+02
          66    0.2554881837E+03    0.7473014556E+02   -0.4587230168E+02
          67    0.2823224744E+03    0.7972235759E+02   -0.3829486798E+02
          68    0.2848239354E+03    0.5553836835E+02   -0.6351985226E+02
          69    0.3358211496E+03    0.9768862641E+02   -0.4296070683E+02
          70    0.3437041470E+03    0.9561239980E+02   -0.9159870336E+02
          71    0.3339934134E+03    0.8889421311E+02   -0.1091113684E+03
          72    0.3378590444E+03    0.8954679366E+02   -0.1021309284E+03
          73    0.3371153967E+03    0.9267115388E+02   -0.5558082845E+02
          74    0.2662465802E+03    0.7671755959E+02   -0.4215151074E+02
          75    0.3155111609E+03    0.9064004009E+02   -0.8051841945E+02
          76    0.3584821642E+03    0.8712233302E+02   -0.7253800169E+02
          77    0.3528149080E+03    0.1096906834E+03   -0.4595466950E+02
          78    0.3437154292E+03    0.9677552677E+02   -0.9027447625E+02
          79    0.3386501185E+03    0.8990496549E+02   -0.9988963727E+02
          80    0.3042378907E+03    0.7948867865E+02   -0.8274502242E+02
          81    0.3769366506E+03    0.1003238448E+03   -0.6245315445E+02
          82    0.2863634045E+03   -0.5663505035E+02    0.6241815712E+02
          83    0.2746673178E+03    0.8162058548E+02   -0.3592830524E+02
          84    0.2871425261E+03    0.5644196076E+02   -0.6261420130E+02
          85    0.3185234331E+03    0.1127968884E+03    0.5629158166E+02
          86    0.3529727788E+03    0.1095553343E+03   -0.4549099010E+02
          87    0.2790512054E+03   -0.5687711866E+02    0.6178711845E+02
          88    0.3133417558E+03    0.1360726098E+03   -0.5211229631E+02
          89    0.3379066158E+03    0.9408033570E+02   -0.4314693754E+02
          90    0.3417622221E+03    0.9408316232E+02   -0.8417076363E+02
          91    0.3383366756E+03    0.8974207317E+02   -0.1006114908E+03
          92    0.3217038128E+03    0.9556073890E+02   -0.3727443456E+02
          93    0.3383303722E+03    0.8974917902E+02   -0.1006663800E+03
          94    0.3571451733E+03    0.8755584419E+02   -0.7036370136E+02
          95    0.2779963685E+03   -0.7137891143E+02    0.4292524972E+02
          96    0.2647185109E+03   -0.7050243076E+02    0.4478842873E+02
          97    0.2874263615E+03    0.6058959728E+02   -0.5722173075E+02
          98    0.3401048555E+03    0.9313021962E+02   -0.5181656696E+02
          99    0.3533882320E+03    0.9765427199E+02   -0.4049368283E+02
         100    0.3100196794E+03    0.8833741000E+02   -0.1009496212E+03
