        Rank        RMSE       MaxAE  Feature_ID
           1    9.429073   20.358093  (      14   10270)
           2    9.487451   21.353776  (    1651   14754)
           3    9.548070   24.880135  (    2870   12488)
           4    9.575231   24.610158  (    1675   12488)
           5    9.589559   25.167583  (    5722   12488)
           6    9.614927   21.750928  (    7450   12488)
           7    9.648148   23.523052  (    3674   14707)
           8    9.656800   22.299664  (       8   19602)
           9    9.711753   26.192469  (    1796   14754)
          10    9.714092   27.889843  (    1608   12488)
          11    9.719306   33.342970  (    2184   12488)
          12    9.727435   23.280618  (    1675   15238)
          13    9.745930   33.527471  (    4380   12488)
          14    9.747650   19.422636  (    2076   15238)
          15    9.751162   33.287422  (    1968   12488)
          16    9.753173   33.170702  (    2420   12488)
          17    9.769977   27.744365  (     914   10270)
          18    9.771403   20.308754  (    2784   15238)
          19    9.780416   22.825148  (    1348   15238)
          20    9.784435   25.606101  (    2565   11914)
          21    9.787542   19.800367  (    2103   15238)
          22    9.790236   27.673164  (     949   10270)
          23    9.791702   32.636665  (    5976   12488)
          24    9.795738   24.337021  (    2076   11914)
          25    9.797555   32.756552  (    5037   12488)
          26    9.799848   19.784023  (    2236   15238)
          27    9.806506   32.500726  (    3047   12488)
          28    9.815129   33.062882  (    3237   12488)
          29    9.817481   26.377237  (    4738   11914)
          30    9.820101   34.268156  (    9875   16098)
          31    9.822209   21.518945  (    1227   15238)
          32    9.822584   22.101478  (    1103   15238)
          33    9.823868   23.902396  (    5722   17050)
          34    9.824819   25.864751  (    2784   11914)
          35    9.826139   33.223160  (    4001   12488)
          36    9.828441   33.106943  (    4858   12488)
          37    9.828675   33.159738  (    2704   12488)
          38    9.830496   33.175816  (    2634   12488)
          39    9.831190   33.222236  (    2810   12488)
          40    9.832848   33.070933  (    3442   12488)
          41    9.833282   33.059129  (    3317   12488)
          42    9.833775   33.105645  (    3494   12488)
          43    9.833976   33.047301  (    3203   12488)
          44    9.834534   20.251385  (      58   10270)
          45    9.836102   33.129369  (    2551   12488)
          46    9.836707   23.542643  (    2870   15238)
          47    9.837304   20.901721  (    2784   12488)
          48    9.837811   20.266717  (      56   10270)
          49    9.838270   33.247961  (    5994   12488)
          50    9.838335   32.692726  (    5847   12488)
          51    9.839185   33.012627  (    3223   12488)
          52    9.839552   27.363526  (    3481   14754)
          53    9.841505   20.282201  (      55   10270)
          54    9.842807   25.051108  (    2103   11914)
          55    9.844103   32.966725  (    4236   12488)
          56    9.847778   33.399472  (    5096   12488)
          57    9.849165   33.356687  (    4935   12488)
          58    9.849622   33.358323  (    4964   12488)
          59    9.853042   26.786834  (    4519   14754)
          60    9.856065   33.242561  (    6099   12488)
          61    9.856563   33.244221  (    6131   12488)
          62    9.856634   34.071230  (    5811   16098)
          63    9.857020   21.056478  (     171   10270)
          64    9.858117   20.341844  (    2855   15238)
          65    9.862678   24.138928  (    1348   12488)
          66    9.865488   32.535505  (    4380   17050)
          67    9.866687   33.855777  (    3954   12488)
          68    9.866690   24.999334  (    2236   11914)
          69    9.867199   26.795702  (    6858   14754)
          70    9.867764   23.521925  (       8   10270)
          71    9.869163   33.416171  (    6274   12488)
          72    9.869959   33.153710  (    7760   12488)
          73    9.870105   33.608330  (    3153   12488)
          74    9.876795   32.865407  (    2108   12488)
          75    9.877331   32.984486  (    1714   12488)
          76    9.877605   33.302949  (    7768   12488)
          77    9.877780   33.784308  (    5520   12488)
          78    9.879866   22.440667  (     316   19602)
          79    9.882278   33.103119  (    9093   12488)
          80    9.885495   22.092723  (    1382   15238)
          81    9.885981   20.433966  (    2879   15238)
          82    9.887671   26.701123  (    8664   14754)
          83    9.887730   33.702868  (    4199   12488)
          84    9.888084   25.629492  (    2855   11914)
          85    9.889110   23.034493  (    3674   13977)
          86    9.893111   20.995921  (    1720   15238)
          87    9.893283   23.625008  (    2870   17050)
          88    9.896037   20.497796  (    2933   15238)
          89    9.899791   23.871065  (    3365   19602)
          90    9.901092   23.220422  (    9660   15238)
          91    9.906037   33.592849  (    5312   12488)
          92    9.913321   20.333752  (    3244   15238)
          93    9.917215   20.485284  (    3007   15238)
          94    9.917604   21.374588  (      23   10270)
          95    9.918483   33.515778  (    9756   12488)
          96    9.920703   26.835254  (    7450   11914)
          97    9.921759   24.606374  (     293   10270)
          98    9.922978   20.510938  (     242   10270)
          99    9.924967   21.448896  (    2652   19602)
         100    9.927032   25.600186  (    2879   11914)
