        Rank        RMSE       MaxAE  Feature_ID
           1   32.281853  110.675914  (    2236   10009)
           2   32.286360  104.642487  (      13   10271)
           3   32.313091  110.561249  (    2452   10009)
           4   32.327452   78.702692  (    3656   13019)
           5   32.337698  105.523225  (    2236   10039)
           6   32.348363   77.246405  (    3656   13077)
           7   32.370073   85.861552  (    4077   10010)
           8   32.372035  105.393392  (    2452   10039)
           9   32.378129   77.998918  (    3656   14280)
          10   32.387517  112.203047  (     253   17766)
          11   32.389215   92.099632  (     835   10061)
          12   32.467558   76.870035  (    3656   13368)
          13   32.486028   91.158079  (     835   10053)
          14   32.506499   83.432372  (    3053   10010)
          15   32.563692   82.284248  (      53   10528)
          16   32.574876   87.739236  (    1402   10019)
          17   32.575936  103.269641  (      13   10009)
          18   32.595937   79.317569  (    3656   15997)
          19   32.608207   77.393733  (    3656   13877)
          20   32.635163   87.013247  (     999   10007)
          21   32.647149  105.277865  (      13   10130)
          22   32.649366   78.908768  (    3656   15755)
          23   32.683879  134.226951  (     676   10035)
          24   32.689682   88.858751  (    2452   10019)
          25   32.692523   97.891392  (     438   17766)
          26   32.693158   72.516360  (    1176   10010)
          27   32.771412   84.599325  (    4589   10010)
          28   32.772072   88.882788  (    2236   10019)
          29   32.791440   81.024413  (     287   10010)
          30   32.799841   90.915339  (     840   10009)
          31   32.825710   74.120755  (    3656   16006)
          32   32.828399   89.181237  (    8567   10010)
          33   32.831908   88.089548  (    4077   10020)
          34   32.835883   74.570541  (    1176   10020)
          35   32.847254   86.592203  (     439   10007)
          36   32.860461   90.914004  (    1808   10019)
          37   32.875132   98.304054  (     249   10007)
          38   32.882880  103.101265  (    2236   10052)
          39   32.903239  102.199396  (      27   10007)
          40   32.905807   87.750232  (     835   10019)
          41   32.913365  102.963723  (    2452   10052)
          42   32.915126  106.339327  (      57   10009)
          43   32.938758  104.389280  (      13   10084)
          44   32.946695  104.490754  (      13   10076)
          45   32.947359   77.614733  (    3656   17025)
          46   32.957079  102.705996  (      48   10007)
          47   32.968892   87.838835  (    1402   10047)
          48   32.971280   85.277122  (     355   10007)
          49   32.990856   87.331978  (    1598   10009)
          50   33.000963   80.170613  (    3053   10020)
          51   33.002250  101.610794  (     566   10004)
          52   33.014774   95.496899  (    1741   10019)
          53   33.037293  102.877869  (      13   10049)
          54   33.038830   85.240889  (      57   10528)
          55   33.064629   96.618093  (    2641   10009)
          56   33.089152  108.603708  (      32   10009)
          57   33.099438   82.728652  (    3656   15217)
          58   33.105181   87.372576  (    1066   10039)
          59   33.105709   88.967213  (    2452   10047)
          60   33.106822  103.614645  (     215   10007)
          61   33.107111   91.961738  (    1066   10009)
          62   33.109184   90.033804  (     569   10009)
          63   33.121406  116.036948  (    2204   17766)
          64   33.133157   92.234158  (     249   10009)
          65   33.137547   92.281109  (       5   10010)
          66   33.141615   87.999245  (     511   10007)
          67   33.149539   94.914219  (    1492   10009)
          68   33.157094   79.147593  (    3656   17420)
          69   33.162112   80.193740  (    3656   10320)
          70   33.162676   75.296674  (    3053   10320)
          71   33.163665  100.345581  (    5304   10019)
          72   33.176014  108.161049  (    1808   10009)
          73   33.183040   87.131760  (    1203   10039)
          74   33.183581   91.732946  (    1203   10009)
          75   33.185054   88.729747  (    2236   10047)
          76   33.185524   92.207712  (    2452   10053)
          77   33.189398   97.882752  (     120   10003)
          78   33.191504   91.043915  (     192   10007)
          79   33.197286   87.215739  (     569   10039)
          80   33.202907   92.870705  (     249   10055)
          81   33.203536  107.746844  (     354   10044)
          82   33.203982  104.330063  (      13   10310)
          83   33.208790   89.509580  (     835   10052)
          84   33.210529   88.979825  (     170   10007)
          85   33.216950   66.575903  (    8783   15523)
          86   33.217101   99.236381  (      13   11248)
          87   33.226247   77.359490  (    3656   17871)
          88   33.227250  106.253610  (      13   10184)
          89   33.228213  100.649547  (     250   10004)
          90   33.242150   99.324033  (      13   10039)
          91   33.250303   80.552708  (    2471   10019)
          92   33.252330  112.634748  (    7635   10009)
          93   33.257916   87.719367  (     597   10007)
          94   33.262656   82.483170  (    3053   10176)
          95   33.262664   86.797810  (    1598   10039)
          96   33.265460   91.951600  (    2236   10053)
          97   33.270586   97.196558  (     840   10007)
          98   33.274162  114.166854  (       1   10001)
          99   33.274508   91.010348  (    1808   10047)
         100   33.283527   79.781809  (    3656   11016)
