     Index              y_true              y_pred        descriptor_1        descriptor_2
         1    0.5132000000E+03    0.4155382998E+03    0.1162600000E+01   -0.8688697417E-01
         2    0.2680300000E+03    0.3020996433E+03   -0.6890000000E-01   -0.8194007250E-02
         3    0.2466500000E+03    0.2351861871E+03   -0.6081000000E+00   -0.8455770510E-02
         4    0.3334000000E+03    0.3991328176E+03    0.1523600000E+01   -0.2099223955E+00
         5    0.2990000000E+03    0.2556815747E+03   -0.4917000000E+00    0.3780781690E-02
         6    0.2480000000E+03    0.2163691919E+03   -0.8104000000E+00    0.4104253650E-02
         7    0.4920000000E+03    0.4503945131E+03    0.1169200000E+01   -0.1836386802E-01
         8    0.3275000000E+03    0.3335708386E+03    0.1163000000E+00    0.8983636480E-02
         9    0.4380000000E+03    0.4140029025E+03    0.8583000000E+00   -0.1410542526E-01
        10    0.3010000000E+03    0.3116915044E+03    0.2380000000E+00   -0.6540543450E-01
        11    0.4010000000E+03    0.4235000882E+03    0.7104000000E+00    0.4188981980E-01
        12    0.3260000000E+03    0.3008072340E+03   -0.1438000000E+00    0.7879398696E-02
        13    0.3450000000E+03    0.3426233821E+03    0.2336000000E+00   -0.2039693282E-02
        14    0.2530000000E+03    0.2465890380E+03   -0.5015000000E+00   -0.1207984120E-01
        15    0.2516000000E+03    0.2736764348E+03   -0.3601000000E+00    0.7193663730E-02
        16    0.2634000000E+03    0.2520466012E+03   -0.5202000000E+00    0.3569280000E-02
        17    0.3380000000E+03    0.3705853862E+03    0.1147800000E+01   -0.1736911105E+00
        18    0.4460000000E+03    0.4599983359E+03    0.1499400000E+01   -0.8136070576E-01
        19    0.3674300000E+03    0.3662538712E+03    0.3764000000E+00    0.9925675375E-02
        20    0.2886400000E+03    0.2751327052E+03   -0.3357000000E+00    0.4041509744E-02
        21    0.3990000000E+03    0.3946863996E+03    0.9695000000E+00   -0.8071727400E-01
        22    0.4680000000E+03    0.4893080281E+03    0.1478900000E+01   -0.1724628780E-01
        23    0.2566500000E+03    0.2509582352E+03   -0.9234000000E+00    0.1019099107E+00
        24    0.1743000000E+03    0.2239920515E+03   -0.2652000000E+00   -0.1164873276E+00
        25    0.2561000000E+03    0.2275283310E+03   -0.5008000000E+00   -0.5062530390E-01
        26    0.8950000000E+02    0.1107683840E+03   -0.1620000000E+01   -0.6618642930E-02
        27    0.3632000000E+03    0.3528016732E+03    0.5838000000E+00   -0.6886676132E-01
        28    0.3387000000E+03    0.3526449656E+03    0.3209000000E+00   -0.3632227200E-02
        29    0.4150000000E+03    0.3682504161E+03    0.5245000000E+00   -0.2298151627E-01
        30    0.9034100000E+02    0.9590587780E+02   -0.1600000000E+01   -0.4152490040E-01
        31    0.3091000000E+03    0.3097562943E+03   -0.3500000000E-01   -0.1232910000E-02
        32    0.1588000000E+03    0.1833338039E+03   -0.1060500000E+01   -0.4045212000E-04
        33    0.4097000000E+03    0.4436053304E+03    0.1149400000E+01   -0.2709428727E-01
        34    0.2561000000E+03    0.2821248998E+03   -0.8710000000E-01   -0.4386708900E-01
        35    0.3891500000E+03    0.4243286424E+03    0.9401000000E+00   -0.1371432586E-01
        36    0.3860000000E+03    0.3320518071E+03    0.1396600000E+01   -0.3132970800E+00
        37    0.9070000000E+02    0.6743659878E+02   -0.1996400000E+01    0.0000000000E+00
        38    0.1693000000E+03    0.2362189629E+03   -0.4871000000E+00   -0.3654615580E-01
        39    0.3281500000E+03    0.3353875101E+03   -0.2563000000E+00    0.1055427395E+00
        40    0.2401500000E+03    0.2144695448E+03   -0.7721000000E+00   -0.9269413650E-02
        41    0.3945000000E+03    0.3767124926E+03    0.5691000000E+00   -0.1706690227E-01
        42    0.2744000000E+03    0.2865402009E+03   -0.7586000000E+00    0.1324493280E+00
