        Rank        RMSE       MaxAE  Feature_ID
           1   27.295904   58.048589  (      25   10117)
           2   27.331833   60.091369  (      25   10133)
           3   27.349810   79.341639  (    1881   10117)
           4   27.466546   82.074450  (    1881   10133)
           5   27.814277   74.648182  (    1462   13412)
           6   27.841556   75.482678  (    1881   15797)
           7   27.880673   76.143531  (     946   13412)
           8   27.984770   77.024704  (    1881   16882)
           9   27.988715   65.590775  (      25   11222)
          10   27.999286   65.759653  (      25   11263)
          11   28.004086   80.857458  (    3012   13145)
          12   28.151834   92.250373  (      18   15056)
          13   28.205090   62.186146  (     539   15501)
          14   28.234133   76.006811  (    1462   13467)
          15   28.239070   62.082639  (    2428   13412)
          16   28.283190   77.463780  (     946   13467)
          17   28.319594   58.036363  (     100   11351)
          18   28.336760   80.625239  (       1   10069)
          19   28.338794   62.842709  (      74   14894)
          20   28.347470   90.663991  (       1   10001)
          21   28.372182   71.509151  (    5010   13145)
          22   28.412192   57.431512  (      74   13701)
          23   28.418391   63.561685  (     539   10587)
          24   28.426881   64.004623  (      74   12858)
          25   28.430278   89.156004  (     171   15501)
          26   28.431132   83.012280  (       1   10037)
          27   28.435370   95.081580  (       1   10002)
          28   28.445207   86.861502  (       1   10052)
          29   28.445752   75.555825  (     171   12452)
          30   28.459323   81.029064  (       1   10234)
          31   28.498883   58.249565  (      74   14469)
          32   28.499159   59.943155  (    6046   12858)
          33   28.507829   63.391206  (      25   10157)
          34   28.512286   65.466505  (    1150   13467)
          35   28.535330   77.412232  (    3012   12457)
          36   28.541827   74.662620  (    1462   15435)
          37   28.585412   82.902874  (    1881   10157)
          38   28.594733   92.145174  (    1462   19802)
          39   28.602851   63.853010  (       1   10004)
          40   28.603755   93.001963  (       1   10003)
          41   28.605357   77.397321  (    1603   11351)
          42   28.606729   76.197224  (     946   15435)
          43   28.652447   62.195033  (       5   10133)
          44   28.659091   70.242392  (      25   15797)
          45   28.671234   82.020259  (       1   10287)
          46   28.683093   63.716521  (    2871   12858)
          47   28.687762   62.520970  (      76   12858)
          48   28.701951   61.926949  (       5   10117)
          49   28.724298   60.470161  (     100   12624)
          50   28.738937   82.800926  (       1   10109)
          51   28.741435   76.397166  (    1462   14984)
          52   28.745429   75.905448  (     207   15797)
          53   28.746530   60.735782  (      76   19272)
          54   28.770890   68.253508  (      25   13467)
          55   28.772152   85.437229  (       1   10046)
          56   28.777909   85.008003  (    2007    5629)
          57   28.778828   81.169126  (       1   12452)
          58   28.782260   76.419433  (     620   10117)
          59   28.783292   77.865027  (     946   14984)
          60   28.783719   56.634859  (     539   17223)
          61   28.793284   72.469892  (    4437   13145)
          62   28.794693   74.946558  (    1462   17040)
          63   28.797476   86.329586  (       1   10360)
          64   28.799339   78.840560  (     620   10133)
          65   28.799497   76.478132  (    1462   16056)
          66   28.803940   69.539671  (      25   16882)
          67   28.804584   78.942923  (    1603   12624)
          68   28.814179   85.914191  (     617    5586)
          69   28.817188   85.493044  (       1   10117)
          70   28.820955   77.567451  (    1603   12969)
          71   28.822430   92.361629  (       1   10005)
          72   28.836434   77.940922  (     946   16056)
          73   28.837902   79.756278  (    3816   11351)
          74   28.843220   61.374796  (       5   10157)
          75   28.849992   68.304294  (    1753    4792)
          76   28.850762   76.478301  (     946   17040)
          77   28.850990   63.901332  (    2871   12568)
          78   28.855949   63.158369  (     505   12858)
          79   28.873062   60.481951  (      74   19821)
          80   28.876032   76.862572  (     207   10133)
          81   28.876990   81.714806  (       1   19287)
          82   28.885577   75.052609  (    1462   15909)
          83   28.890087   76.578485  (    1462   15186)
          84   28.895549   59.232702  (       5   19272)
          85   28.913718   75.395274  (    1881   13467)
          86   28.915979   76.428621  (     207   10157)
          87   28.916542   93.116212  (       1   10012)
          88   28.917439   75.263319  (    1462   10117)
          89   28.918896   98.793466  (       1   10024)
          90   28.927044   76.765151  (     946   10117)
          91   28.928734   78.046813  (     946   15186)
          92   28.932072   92.242350  (       1   10006)
          93   28.938906  103.748960  (       1   10007)
          94   28.940365   62.426062  (      74   19418)
          95   28.943277   76.590037  (     946   15909)
          96   28.944526   93.600969  (     946   19802)
          97   28.948696   96.795863  (       1   10009)
          98   28.953047   61.383873  (    8875   19272)
          99   28.953067   71.172573  (      27    5629)
         100   28.953788  110.608717  (      18   11214)
