        Rank        RMSE       MaxAE  Feature_ID
           1   24.619099   61.205079  (       8   16599)
           2   24.755645   62.722003  (       8   13624)
           3   24.898381   61.271898  (       8   19116)
           4   24.966062   63.132179  (       8   15844)
           5   25.012910   65.313710  (       8   13992)
           6   25.058133   60.448319  (       8   15211)
           7   25.226175   60.784858  (       8   18536)
           8   25.323293   65.081706  (       8   15693)
           9   25.347467   63.418408  (       8   16638)
          10   25.404329   62.559461  (       1   10002)
          11   25.407904   61.695318  (       1   10005)
          12   25.469819   64.383546  (       8   19146)
          13   25.530556   62.907054  (       8   19137)
          14   25.555124   65.012219  (       8   13669)
          15   25.577915   58.237500  (       8   11417)
          16   25.742017   59.963080  (       9   16599)
          17   25.828630   66.435426  (       8   18191)
          18   25.900696   59.145025  (       8   15014)
          19   26.166753   59.161047  (       8   14670)
          20   26.180471   58.799681  (       8   19508)
          21   26.211295   59.114299  (       8   15867)
          22   26.225178   58.507114  (       8   15420)
          23   26.297390   59.003437  (       9   13624)
          24   26.340485   60.493866  (       9   19116)
          25   26.406277   60.462009  (       8   14988)
          26   26.429471   60.106326  (       9   15211)
          27   26.431419   61.401169  (       9   13992)
          28   26.476644   59.386480  (       9   15844)
          29   26.509283   57.310743  (       9   11417)
          30   26.571263   59.685395  (       9   18536)
          31   26.584136   59.387114  (       9   16638)
          32   26.644933   58.571276  (       9   15014)
          33   26.701200   51.004124  (       2   11440)
          34   26.705251   64.087955  (      80   18356)
          35   26.750367   63.995271  (      18   18356)
          36   26.796681   58.259579  (       9   19508)
          37   26.810347   55.410711  (       2   11417)
          38   26.847459   71.198025  (       1   10003)
          39   26.850156   70.358000  (       2   17125)
          40   26.885950   70.285813  (       2   17925)
          41   26.892425   58.549094  (       9   15867)
          42   26.916459   64.699228  (       1   10006)
          43   26.917931   57.952340  (       9   15420)
          44   26.949151   56.675470  (       9   14988)
          45   26.952104   52.709720  (       8   11440)
          46   26.977766   60.622452  (       9   19146)
          47   27.004339   61.391230  (       9   15693)
          48   27.038299   55.170313  (       2   13072)
          49   27.044289   58.547782  (       9   14670)
          50   27.073594   61.474039  (       2   13669)
          51   27.083986   78.421797  (       2   10052)
          52   27.086510   59.618608  (       9   19137)
          53   27.091587   62.064372  (       2   13992)
          54   27.165076   58.103384  (    2340   18356)
          55   27.172361   61.316193  (       9   13669)
          56   27.187485   65.375919  (       8   14603)
          57   27.198216   61.783567  (       2   15693)
          58   27.202273   56.403453  (       2   14670)
          59   27.203324   66.893398  (       1   10001)
          60   27.221032   72.529601  (       2   12111)
          61   27.222566   67.645695  (       1   10004)
          62   27.229208   60.214053  (       2   13624)
          63   27.246976   60.407292  (       2   16638)
          64   27.258686   64.396656  (       1   10106)
          65   27.259239   59.856535  (       2   19137)
          66   27.276935   67.751797  (       1   10010)
          67   27.278348   56.327598  (       2   15014)
          68   27.288306   75.174029  (       9   10044)
          69   27.295281   67.804454  (       1   10009)
          70   27.335305   68.593598  (       1   10015)
          71   27.340281   66.275586  (       1   10020)
          72   27.343856   64.036284  (       1   10013)
          73   27.351163   64.567578  (       1   10246)
          74   27.365639   55.822349  (       2   15420)
          75   27.370386   56.324651  (       2   15867)
          76   27.377905   62.797342  (       2   18191)
          77   27.379878   60.584562  (       2   15844)
          78   27.382152   57.333529  (       2   14988)
          79   27.383828   78.533418  (       8   12111)
          80   27.396739   68.177551  (       1   10644)
          81   27.399835   58.330663  (       2   15211)
          82   27.403330   66.628110  (       1   10197)
          83   27.406294   70.145492  (       1   10075)
          84   27.414077   62.670532  (       1   10474)
          85   27.433665   65.528225  (       1   10058)
          86   27.441409   64.618077  (       1   10241)
          87   27.441534   61.139667  (       2   14603)
          88   27.451501   82.860527  (       2   10409)
          89   27.460667   67.019145  (       1   10029)
          90   27.475641   61.411371  (       2   19146)
          91   27.484165   67.584887  (       1   10008)
          92   27.496469   66.659211  (       1   10014)
          93   27.497665   59.338491  (       2   16599)
          94   27.507341   62.746479  (       9   18191)
          95   27.525935   58.640534  (       2   18536)
          96   27.526235   74.559583  (       1   10345)
          97   27.531103   69.386409  (       1   11178)
          98   27.533318   67.030213  (       1   10051)
          99   27.538994   69.956637  (       1   10067)
         100   27.541384   73.593842  (       2   10932)
