        Rank        RMSE       MaxAE  Feature_ID
           1   29.433779   68.249264  (    8454   10063)
           2   29.570791   67.573292  (    8454   10062)
           3   29.918805   81.756361  (    3726   14910)
           4   29.990026   57.392160  (    2183   10143)
           5   29.997413   69.688041  (    4324    6641)
           6   30.009162   60.984942  (       1   10002)
           7   30.206593   92.975727  (       1   10003)
           8   30.223391   68.327475  (    1180    6641)
           9   30.444999   60.879481  (       1   10009)
          10   30.590601   92.502623  (       1   10005)
          11   30.626672   88.330472  (    1808   13649)
          12   30.641126   67.935496  (    1551    4324)
          13   30.755412   79.585393  (       6   10001)
          14   30.764497   84.632069  (    1808   17659)
          15   30.776076   83.028152  (    1808   16323)
          16   30.812704   84.202729  (     275   10570)
          17   30.835444   73.673233  (       1   10001)
          18   30.836465   67.958689  (       1   10004)
          19   30.842444   80.497186  (    1446   11487)
          20   30.854682   77.249618  (    3209   14910)
          21   30.854770   81.028431  (    1458   11487)
          22   30.883501   68.029047  (       1   10006)
          23   30.898581   91.602608  (       1   10095)
          24   30.899345   71.633532  (    1180    1551)
          25   30.902184   87.172092  (       1   10110)
          26   30.904149   96.509860  (       2   10003)
          27   30.935658   94.250860  (       1   10050)
          28   30.951856   93.924005  (       1   10058)
          29   30.962335   80.654503  (     463   11240)
          30   30.981830   82.272476  (    1514    4267)
          31   30.982534   71.271466  (     614   11240)
          32   30.993156   79.215688  (     275   10261)
          33   30.998342   85.695645  (    1808   14099)
          34   31.016408   92.275233  (       1   10101)
          35   31.066220   91.134309  (       1   10063)
          36   31.075070   92.325075  (       1   10114)
          37   31.076874   71.851361  (       6   10625)
          38   31.081028   67.658794  (    1344   11031)
          39   31.081681   79.463069  (      53   14576)
          40   31.082346   83.331576  (     789    1551)
          41   31.087549   84.256651  (      44   10805)
          42   31.089027   93.416223  (       1   10076)
          43   31.113547   80.483716  (    7103   14910)
          44   31.114193   67.298183  (     604    6641)
          45   31.123607   68.415314  (       1   10007)
          46   31.126820   79.104036  (       6   10014)
          47   31.127121   92.057349  (       1   10499)
          48   31.154572   84.094039  (      74   10805)
          49   31.174494   73.015997  (       6   11315)
          50   31.188806   87.143100  (       6   10261)
          51   31.191132   83.504055  (      16   14576)
          52   31.201241   76.903879  (       6   10018)
          53   31.202646   65.289261  (    7081   11240)
          54   31.203314   75.741844  (    8454   10423)
          55   31.203744   81.922935  (      53   14099)
          56   31.210235   90.259811  (    1808   13263)
          57   31.224146   76.000044  (    8454   10467)
          58   31.229492   79.049768  (       6   10010)
          59   31.231213   78.301190  (    7977   14910)
          60   31.235552   75.126860  (     134    6641)
          61   31.241966   82.909048  (     690   11240)
          62   31.255924   75.954390  (     638   11240)
          63   31.260688   79.953309  (      52   14576)
          64   31.261772   75.701098  (    1344   10143)
          65   31.266411   70.222444  (    6641    7796)
          66   31.270550   90.846738  (       1   10062)
          67   31.283943   83.682088  (    1808   18374)
          68   31.285558   95.747976  (       2   10499)
          69   31.285627   96.078829  (       2   10005)
          70   31.287221   90.794821  (    5194   13263)
          71   31.294627   89.130703  (    5194   13649)
          72   31.295675   77.508646  (       6   10065)
          73   31.303335   85.323421  (     865   11240)
          74   31.303989   98.752331  (    2741   14910)
          75   31.306567   88.473701  (       1   10143)
          76   31.314767   75.076561  (    8454   10478)
          77   31.316520   91.679743  (    4232    4820)
          78   31.321566   71.628304  (       1   10458)
          79   31.328639   74.699600  (       6   13273)
          80   31.330322   82.433703  (       6   14910)
          81   31.333271   94.714302  (       1   10068)
          82   31.336548   75.328440  (    8454   10525)
          83   31.345026   71.048481  (     377   11240)
          84   31.349495   91.022629  (      44   10144)
          85   31.355317   92.365569  (       1   10097)
          86   31.359321   85.277813  (    5194   17659)
          87   31.359944   78.394821  (     661   11240)
          88   31.363988   83.616782  (    5194   16323)
          89   31.365171   77.360797  (     380   11947)
          90   31.367144   92.509974  (       1   10146)
          91   31.375215   76.836170  (     377   11947)
          92   31.376199   71.554640  (     380   11240)
          93   31.385628   83.533299  (     930   10143)
          94   31.399486   97.860375  (       2   10050)
          95   31.403987   74.324938  (     275   14910)
          96   31.408456   92.696496  (       1   10247)
          97   31.411468   78.232085  (     763   14910)
          98   31.412231   87.119932  (    5194   16968)
          99   31.417865   99.310453  (       1   10012)
         100   31.419199   92.618606  (       1   10222)
