        Rank        RMSE       MaxAE  Feature_ID
           1    3.285170    9.555399  (      27   10984)
           2    3.308841   10.221258  (    8905   10217)
           3    3.320137   10.413541  (    8905   10181)
           4    3.322813    9.553309  (    8905   10229)
           5    3.325789    9.673299  (    8905   10095)
           6    3.325800    9.674055  (    8905   10094)
           7    3.328801   10.480251  (      27   10068)
           8    3.330770    8.870383  (    8905   10795)
           9    3.337130    9.865049  (    8905   10069)
          10    3.337738    9.600191  (    8905   10305)
          11    3.338483    9.529657  (    8905   10386)
          12    3.339737    9.743578  (    8905   10182)
          13    3.348713    9.727213  (    8905   10262)
          14    3.350009    9.792025  (    8905   10246)
          15    3.361949    9.629398  (    8905   10130)
          16    3.363811   11.299929  (    8905   16164)
          17    3.364981    8.610532  (    8905   18198)
          18    3.367166    9.312025  (      27   10298)
          19    3.370405    9.234802  (     334   10302)
          20    3.373172   11.045871  (    8905   16650)
          21    3.377528    8.897702  (     565   14339)
          22    3.378737   11.009151  (    8905   17673)
          23    3.379903    8.797486  (    1996   14339)
          24    3.380274    9.572654  (    8905   10150)
          25    3.380787    9.659805  (    8905   10172)
          26    3.382681    8.626024  (     169   14339)
          27    3.386033   10.771975  (      27   13150)
          28    3.386121   11.166166  (    8905   15321)
          29    3.387465    9.670461  (    8905   10221)
          30    3.389844   10.923668  (    8905   10920)
          31    3.390055   10.165236  (      27   13796)
          32    3.390989    8.924612  (      78   10298)
          33    3.394033    9.519627  (      27   13795)
          34    3.394213    9.655613  (    8905   10308)
          35    3.394623    9.666572  (    8905   10231)
          36    3.395032    9.676977  (    8905   10220)
          37    3.395065    9.682307  (    8905   10222)
          38    3.395540    8.362892  (    8905   16714)
          39    3.395843   10.809980  (    8905   15354)
          40    3.396148    9.848909  (    8905   10144)
          41    3.396802    9.764574  (    8905   10074)
          42    3.398058    9.795765  (    8905   10070)
          43    3.398212    9.155620  (      27   10427)
          44    3.398962    9.505639  (    8905   10121)
          45    3.399784   11.158225  (    8905   18476)
          46    3.399854    9.502143  (      27   14337)
          47    3.400063   12.129183  (      99   18839)
          48    3.401736    9.168273  (    8905   10148)
          49    3.401868   10.114920  (    9718   12358)
          50    3.402756   10.090081  (     108   10984)
          51    3.402917   11.094770  (    8905   17509)
          52    3.403924   10.175507  (    9309   11462)
          53    3.404745   11.245874  (    8905   16561)
          54    3.404977   11.074428  (    8905   18336)
          55    3.406442   11.037345  (    8905   19225)
          56    3.406559    9.715696  (    8905   10151)
          57    3.407775    9.661158  (    8905   10391)
          58    3.407825    8.940809  (    9309   10933)
          59    3.408823    9.356656  (    8905   10112)
          60    3.409875    9.705226  (    8905   10283)
          61    3.410034   11.171267  (    8905   19730)
          62    3.410416    9.871140  (    8905   10175)
          63    3.410616    9.865686  (    8905   10174)
          64    3.410804   10.463316  (      27   11300)
          65    3.411595   10.873367  (    8905   16795)
          66    3.412301   10.925633  (    8905   16518)
          67    3.412434    9.299825  (    8905   10565)
          68    3.412633    9.843410  (    8905   10267)
          69    3.412699    9.833197  (    8905   10120)
          70    3.414098    9.232766  (     108   13647)
          71    3.414333   10.696839  (    8905   13286)
          72    3.414624   10.952652  (    8905   17396)
          73    3.414942    9.814525  (    8905   10010)
          74    3.415070    8.830285  (      27   10640)
          75    3.415852    8.940040  (    9309   11665)
          76    3.416403    9.675654  (    8905   10412)
          77    3.417159    9.653418  (      27   12575)
          78    3.417218    9.654152  (      27   12571)
          79    3.417606    9.488683  (    8905   10447)
          80    3.418123    9.504393  (      27   14966)
          81    3.418239    9.795061  (    8905   10077)
          82    3.418319   11.210463  (    8905   16879)
          83    3.418680   11.012542  (    8905   18391)
          84    3.418896    9.826478  (    8905   10071)
          85    3.420469   10.513799  (      27   12547)
          86    3.421006    8.560405  (    8905   14050)
          87    3.421601    9.699852  (      27   13596)
          88    3.422323    9.903783  (    8905   10123)
          89    3.423172   10.048499  (    8905   10506)
          90    3.423864    9.474142  (      78   10068)
          91    3.424729   10.935585  (    8905   18029)
          92    3.424838    9.921092  (    8905   10325)
          93    3.425241    9.893764  (    8905   10228)
          94    3.425388   11.101689  (    8905   18309)
          95    3.426597    9.519137  (     108   11477)
          96    3.427685   10.786900  (    9681   18149)
          97    3.429342    9.824992  (      27   11984)
          98    3.429488   10.936341  (      27   12708)
          99    3.429911    9.386561  (      78   10602)
         100    3.431207    9.737588  (    8905   10368)
