Model_ID, [(c_i,i=0,n)_j,j=1,ntask]
           1    0.4183145026E+01    0.3122307087E+02   -0.4207752350E+02
           2    0.4587518572E+01    0.1544026933E+02    0.6629128897E+02
           3    0.4251807268E+01    0.3111104865E+02   -0.4198105187E+02
           4    0.4395938460E+01    0.3085827012E+02   -0.4156358584E+02
           5    0.4311751839E+01    0.3670919566E+02   -0.3952750520E+02
           6    0.4142331843E+01    0.3705538140E+02   -0.3999418531E+02
           7    0.4356666085E+01    0.3660893870E+02   -0.3937710342E+02
           8    0.4296571613E+01    0.3103067759E+02   -0.4190789493E+02
           9    0.4723443641E+01    0.3468805834E+02    0.7962507491E+02
          10    0.4246679864E+01    0.3553434014E+02   -0.7921349385E+02
          11    0.4197546780E+01    0.3693526738E+02   -0.3990768538E+02
          12    0.4818610518E+01    0.2913153021E+02   -0.3032683218E+03
          13    0.4602957346E+01    0.2944679105E+02    0.1474949923E+03
          14    0.4344349032E+01    0.3094002295E+02   -0.4182299787E+02
          15    0.4520829402E+01    0.3508874994E+02   -0.8135277670E+02
          16    0.3876947314E+01    0.3737135031E+02   -0.4011641804E+02
          17    0.4953789701E+01    0.1482513571E+02   -0.8355341259E+02
          18    0.4665572336E+01    0.3506473838E+02    0.1370634279E+03
          19    0.4534130012E+01    0.3506105431E+02   -0.8120164329E+02
          20    0.4472871400E+01    0.3518887329E+02   -0.8109563418E+02
          21    0.4879714484E+01    0.2903788449E+02   -0.3030730604E+03
          22    0.4716444198E+01    0.2857753705E+02    0.4057378046E+02
          23    0.4597131605E+01    0.3492203918E+02    0.8096918503E+02
          24    0.4547489969E+01    0.3503277396E+02    0.8103049258E+02
          25    0.4571463153E+01    0.3474142036E+02   -0.7774691447E+02
          26    0.4657526238E+01    0.3031495883E+02   -0.4064219707E+02
          27    0.4604041378E+01    0.3485983398E+02    0.1303243774E+03
          28    0.4738677860E+01    0.2939165351E+02    0.1446281506E+03
          29    0.4530565484E+01    0.3482621876E+02   -0.7799079324E+02
          30    0.4558489238E+01    0.2911029747E+02    0.1415465105E+03
          31    0.4214802313E+01    0.3114374393E+02   -0.4218640324E+02
          32    0.4257039045E+01    0.3679792046E+02   -0.3980558051E+02
          33    0.4375230510E+01    0.3512266245E+02   -0.7875444968E+02
          34    0.4406075242E+01    0.3388946409E+02   -0.7229204100E+02
          35    0.4919480678E+01    0.2897034258E+02   -0.3029050699E+03
          36    0.5013755841E+01    0.2880108099E+02   -0.2991830840E+03
          37    0.4903059464E+01    0.2828051393E+02    0.4019409095E+02
          38    0.4339442096E+01    0.1817079466E+02   -0.4003412105E+02
          39    0.4777171749E+01    0.2848372644E+02    0.4053521970E+02
          40    0.4800645905E+01    0.2929596136E+02    0.1445022952E+03
          41    0.4560106308E+01    0.3521380188E+02   -0.8246046893E+02
          42    0.4784109744E+01    0.2882917671E+02    0.4184047668E+02
          43    0.4574504108E+01    0.1516162310E+02   -0.7388692560E+02
          44    0.4542117937E+01    0.2954397387E+02   -0.3028092421E+03
          45    0.4620941272E+01    0.2901281710E+02    0.1413601011E+03
          46    0.4932705953E+01    0.2906935854E+02    0.1429925419E+03
          47    0.3971226045E+01    0.3596596686E+02   -0.7604309226E+02
          48    0.4961883254E+01    0.2889392912E+02   -0.3026986948E+03
          49    0.4922791525E+01    0.2867770252E+02    0.1480448377E+03
          50    0.4816636221E+01    0.2841649232E+02    0.4050766807E+02
          51    0.4289212110E+01    0.3140375425E+02   -0.4247265805E+02
          52    0.4426695259E+01    0.3501424917E+02   -0.7864167422E+02
          53    0.4228840427E+01    0.3727016312E+02    0.3009619299E+02
          54    0.4754805649E+01    0.2878742327E+02    0.1398015929E+03
          55    0.4182967603E+01    0.3737335352E+02    0.3021039506E+02
          56    0.4840106367E+01    0.2908981592E+02   -0.3064450523E+03
          57    0.4840976044E+01    0.2922700741E+02    0.1443987724E+03
          58    0.4009613773E+01    0.3773105253E+02    0.3057096199E+02
          59    0.4985347582E+01    0.2903606495E+02    0.1428472541E+03
          60    0.4237122338E+01    0.3543843298E+02    0.3605718141E+02
          61    0.5106975331E+01    0.1470932636E+02   -0.8525573331E+02
          62    0.4431819551E+01    0.3076381292E+02   -0.4165324828E+02
          63    0.3929385128E+01    0.3151346479E+02   -0.4116823646E+02
          64    0.4461411486E+01    0.1531810356E+02    0.4568483080E+02
          65    0.4661533427E+01    0.2894305076E+02    0.1412257970E+03
          66    0.4400600061E+01    0.3511639744E+02    0.3559555821E+02
          67    0.4443916037E+01    0.3502384367E+02    0.3544897778E+02
          68    0.4108887235E+01    0.3706024451E+02   -0.4019888339E+02
          69    0.4546139216E+01    0.3536468136E+02   -0.7479380629E+02
          70    0.4799869767E+01    0.3494911636E+02    0.7636148686E+02
          71    0.4123998869E+01    0.3541796803E+02   -0.7905436749E+02
          72    0.4504321793E+01    0.3545343420E+02   -0.7503974090E+02
          73    0.4298017490E+01    0.3385254082E+02    0.4191663410E+02
          74    0.4392364167E+01    0.3515001160E+02    0.1348196987E+03
          75    0.4550781641E+01    0.1724372832E+02   -0.7943257998E+02
          76    0.4142540916E+01    0.3413759722E+02    0.4237104598E+02
          77    0.4341194612E+01    0.3376543951E+02    0.4172905538E+02
          78    0.4827521204E+01    0.3435249824E+02    0.1354700048E+03
          79    0.4858679831E+01    0.2834068264E+02    0.4047665361E+02
          80    0.5132761248E+01    0.2848276875E+02    0.1426644089E+03
          81    0.4217448330E+01    0.3407685844E+02   -0.4233090331E+02
          82    0.4883980416E+01    0.2914903626E+02    0.1442739935E+03
          83    0.4147122900E+01    0.3687066080E+02   -0.3888727119E+02
          84    0.4800116759E+01    0.3495248782E+02   -0.7694536135E+02
          85    0.5001369231E+01    0.2870785120E+02    0.1449951113E+03
          86    0.5130372056E+01    0.2784232228E+02    0.3948410994E+02
          87    0.4848420965E+01    0.1718146378E+02    0.1392429365E+03
          88    0.4415849600E+01    0.3364271792E+02    0.4084463361E+02
          89    0.4760207320E+01    0.3503619790E+02   -0.7716565595E+02
          90    0.4676959013E+01    0.2945598506E+02    0.1217840616E+03
          91    0.4866482866E+01    0.1488628681E+02   -0.8051376487E+02
          92    0.4686261237E+01    0.2916296552E+02    0.1417761169E+03
          93    0.4186724689E+01    0.3405085157E+02    0.4244724663E+02
          94    0.4703181364E+01    0.3459789591E+02    0.1373694245E+03
          95    0.4432923472E+01    0.3561211307E+02   -0.7648336921E+02
          96    0.4463271100E+01    0.2939372620E+02   -0.8104518937E+02
          97    0.4457727349E+01    0.3355859479E+02    0.4067367739E+02
          98    0.4289800922E+01    0.3532659007E+02    0.3599160052E+02
          99    0.4704782083E+01    0.2886444743E+02    0.1410739413E+03
         100    0.4552658541E+01    0.3544196835E+02   -0.7633159728E+02
