        Rank        RMSE       MaxAE  Feature_ID
           1   10.225468   22.311342  (       1   10001)
           2   10.297136   25.257827  (       8   10001)
           3   10.419725   23.352973  (       1   10002)
           4   10.422588   23.548071  (    8203   16138)
           5   10.427384   23.567794  (    1896   16138)
           6   10.433423   23.533472  (    2151   16138)
           7   10.449571   23.167851  (       1   10006)
           8   10.465343   23.723830  (    7331   16138)
           9   10.482365   22.945768  (    5395   16138)
          10   10.487840   24.134504  (    9682   16138)
          11   10.489603   23.023962  (       1   10003)
          12   10.504116   32.789733  (       1   10005)
          13   10.519493   22.868505  (    1824   16138)
          14   10.528274   23.280574  (    4810   16138)
          15   10.529769   22.646457  (    3366   16138)
          16   10.547534   24.049351  (    5984   16138)
          17   10.566761   33.740170  (    1134   11393)
          18   10.573637   21.948485  (    2155   16138)
          19   10.582262   23.126762  (       1   10004)
          20   10.595130   26.022450  (      40   10001)
          21   10.612254   29.624860  (    1479   12959)
          22   10.613184   31.136692  (       7   10001)
          23   10.614020   21.969733  (       8   10002)
          24   10.622843   24.210991  (    3288   16138)
          25   10.625411   24.449080  (      74   16138)
          26   10.630194   28.318212  (      74   11558)
          27   10.631929   25.389787  (      12   10001)
          28   10.654583   23.633734  (      46   16138)
          29   10.656356   21.608178  (    8247   16138)
          30   10.658507   23.716815  (      36   16138)
          31   10.668307   32.830808  (    5578   10012)
          32   10.668993   23.449955  (    1129   16138)
          33   10.672302   22.158440  (     162   16138)
          34   10.672485   28.165828  (       5   10001)
          35   10.672888   33.298996  (       1   10010)
          36   10.676305   30.533474  (       6   10005)
          37   10.677955   21.808727  (    3466   16138)
          38   10.680123   22.038508  (    2008   16138)
          39   10.687074   22.215148  (     595   16138)
          40   10.687381   34.687144  (    6287   12277)
          41   10.687852   24.440715  (    2376   16138)
          42   10.691802   23.807518  (      63   16138)
          43   10.691887   23.975355  (    8410   16138)
          44   10.692608   22.650465  (     962   16138)
          45   10.714787   23.925935  (      45   16138)
          46   10.714899   22.468290  (     900   10001)
          47   10.716031   22.583745  (     136   10001)
          48   10.718955   23.091544  (    2582   16138)
          49   10.719507   30.014313  (      39   10001)
          50   10.720493   25.233185  (      98   10001)
          51   10.723257   23.438638  (    2252   16138)
          52   10.725431   23.043288  (    8589   16138)
          53   10.733467   20.717711  (    5291   16138)
          54   10.743749   22.006582  (    2651   16138)
          55   10.743842   23.448504  (    3252   10475)
          56   10.746103   23.640966  (    5040   16138)
          57   10.746288   19.616463  (    3356   16138)
          58   10.746968   22.344907  (    3476   16138)
          59   10.749193   23.345772  (       1   10007)
          60   10.751202   25.953154  (      26   10001)
          61   10.752405   23.711334  (       1   10021)
          62   10.754651   23.702643  (       1   12022)
          63   10.755143   35.780150  (    4699   12349)
          64   10.756774   25.117316  (       1   10011)
          65   10.757596   35.286549  (    7796   10619)
          66   10.764544   22.843139  (     431   16138)
          67   10.765711   25.075647  (       4   10007)
          68   10.769865   22.180998  (    6046   16138)
          69   10.771302   24.952194  (       6   10001)
          70   10.776221   35.857093  (    4699   12277)
          71   10.777007   24.420247  (    2487   16138)
          72   10.778652   24.160728  (       1   10008)
          73   10.779587   35.019977  (    2529   10724)
          74   10.780491   23.352623  (       1   10084)
          75   10.783579   25.563508  (     281   10001)
          76   10.783624   22.131857  (    7370   16138)
          77   10.784812   25.336318  (     165   10001)
          78   10.787200   36.118970  (    2529   10619)
          79   10.789414   25.789646  (    9367   16138)
          80   10.789636   37.245908  (     665   10619)
          81   10.790482   24.250083  (       1   10358)
          82   10.794167   25.159813  (       6   10002)
          83   10.795466   37.143935  (     685   10619)
          84   10.796517   24.921749  (     186   10001)
          85   10.796745   33.942430  (       1   10012)
          86   10.797449   36.187083  (     665   10724)
          87   10.798645   36.088871  (     685   10724)
          88   10.800270   22.749086  (    4678   16138)
          89   10.802475   23.252923  (    4809   16138)
          90   10.804125   22.723737  (    2890   16138)
          91   10.807092   24.571225  (    4811   16138)
          92   10.809286   23.243080  (     237   10001)
          93   10.809388   25.137622  (       8   10007)
          94   10.809482   23.265977  (       1   10013)
          95   10.811587   24.192631  (       4   10001)
          96   10.812151   21.853740  (    9427   16138)
          97   10.812788   22.713273  (    3668   16138)
          98   10.814391   25.363616  (     197   10001)
          99   10.814479   24.994444  (    1364   10001)
         100   10.816667   25.042210  (    1185   16138)
