Model_ID, [(c_i,i=0,n)_j,j=1,ntask]
           1    0.7669531463E+02   -0.6932565024E+02   -0.1346941028E+03
           2    0.7882804613E+02   -0.5876437242E+02   -0.1401491212E+03
           3    0.7511282478E+02   -0.6532058984E+02   -0.1470672191E+03
           4    0.4635444201E+02    0.3609428662E+02   -0.8865705645E+02
           5    0.7172630268E+02   -0.7526440778E+02   -0.8532713722E+02
           6    0.7167381225E+02   -0.7506970719E+02   -0.8552586134E+02
           7    0.8059579257E+02   -0.7399262691E+02   -0.1068532919E+03
           8    0.4641293609E+02    0.3591419142E+02   -0.8796406196E+02
           9    0.4944513716E+02    0.3718664262E+02   -0.8709987380E+02
          10    0.4695624508E+02    0.3634992015E+02   -0.8832218080E+02
          11    0.7605320046E+02   -0.6728725374E+02    0.1216300857E+03
          12    0.6610546048E+02   -0.5630255838E+02    0.5599405439E+02
          13    0.4320185284E+02    0.4138423409E+02   -0.8420485903E+02
          14    0.7131517718E+02   -0.7388240831E+02   -0.8631408611E+02
          15    0.4298264202E+02    0.4157541191E+02   -0.8545806077E+02
          16    0.7216348547E+02   -0.7490941629E+02   -0.8663219225E+02
          17    0.7274038799E+02   -0.6508819844E+02    0.2009357948E+03
          18    0.4237499886E+02    0.4183504845E+02   -0.8397499255E+02
          19    0.7943051179E+02   -0.7033043911E+02    0.1015882398E+03
          20    0.7547953245E+02   -0.5764237478E+02   -0.1373154854E+03
          21    0.6061134818E+02   -0.2902015513E+02   -0.2506979198E+03
          22    0.7265982021E+02   -0.5832522455E+02   -0.1330151857E+03
          23    0.7689881050E+02   -0.5499641456E+02   -0.1499547135E+03
          24    0.7799845264E+02   -0.3451926398E+02   -0.8437601695E+02
          25    0.7003759332E+02    0.5892721695E+02   -0.7503952017E+02
          26    0.6793364734E+02    0.5487296649E+02    0.2230652981E+03
          27    0.7199580222E+02   -0.5646078368E+02   -0.1335113468E+03
          28    0.4062100407E+02    0.3653177951E+02   -0.7394617073E+02
          29    0.5034992986E+02    0.3668929579E+02   -0.8610821720E+02
          30    0.4070748057E+02    0.3642792636E+02   -0.7336513945E+02
          31    0.6739264670E+02   -0.6300205669E+02    0.1064904432E+03
          32    0.4361793436E+02    0.4011018041E+02   -0.8124766574E+02
          33    0.6858035631E+02   -0.5768959925E+02   -0.7620196835E+02
          34    0.7326530214E+02    0.6247749233E+02   -0.1312267118E+03
          35    0.6620449550E+02   -0.5656986739E+02    0.4920862542E+02
          36    0.6693491138E+02   -0.6050057148E+02    0.5710712016E+02
          37    0.4215588686E+02    0.4140924745E+02   -0.8387377659E+02
          38    0.4237730993E+02    0.4118790635E+02   -0.8260970438E+02
          39    0.6634575899E+02   -0.5563546146E+02   -0.7923850559E+02
          40    0.6089056565E+02    0.4867787244E+02    0.1651085884E+03
          41    0.4445689984E+02    0.3955811335E+02   -0.8291785376E+02
          42    0.4080522527E+02    0.3658208227E+02   -0.7378260639E+02
          43    0.7086978520E+02   -0.1838084644E+02   -0.8575100612E+02
          44    0.6843062950E+02   -0.5625255464E+02   -0.8056475513E+02
          45    0.4092619973E+02    0.3646069133E+02   -0.7315542695E+02
          46    0.7693145790E+02   -0.7025841844E+02   -0.1480712498E+03
          47    0.7713372301E+02   -0.6945777598E+02   -0.1392370976E+03
          48    0.4985918378E+02    0.2689304354E+02   -0.8274907984E+02
          49    0.7131606758E+02    0.5837509054E+02   -0.1343928198E+03
          50    0.7904237239E+02    0.7177658358E+02   -0.1374808753E+03
          51    0.7168228770E+02   -0.7588126105E+02   -0.8238613137E+02
          52    0.4325344450E+02    0.4091661917E+02   -0.8542131945E+02
          53    0.5546583834E+02    0.2515689584E+02   -0.8426466667E+02
          54    0.4230747583E+02    0.4097945330E+02   -0.8252554561E+02
          55    0.8372744078E+02    0.7682446548E+02   -0.2987081320E+03
          56    0.7002308959E+02   -0.3733030756E+02   -0.8399361114E+02
          57    0.5434433985E+02    0.3686502537E+02   -0.8301358551E+02
          58    0.6010087614E+02   -0.4754495298E+02   -0.8309082351E+02
          59    0.7566713080E+02   -0.6663044803E+02   -0.1093755219E+03
          60    0.8241098359E+02   -0.7494935736E+02   -0.1324453455E+03
          61    0.7985280455E+02   -0.7292453188E+02   -0.1060986659E+03
          62    0.8296135136E+02   -0.8299612311E+02   -0.3670726265E+03
          63    0.6004630462E+02    0.5025898298E+02    0.1561511054E+03
          64    0.7881859483E+02   -0.7058653490E+02   -0.1108583351E+03
          65    0.7194751808E+02   -0.3741005201E+02   -0.3060800247E+03
          66    0.6740503609E+02   -0.5412738403E+02   -0.7743709169E+02
          67    0.8024919961E+02   -0.6314289668E+02   -0.1135173664E+03
          68    0.4982998671E+02   -0.3640370310E+02   -0.8415936635E+02
          69    0.7753050471E+02   -0.7391342531E+02   -0.1291172160E+03
          70    0.6037631021E+02    0.4905844478E+02    0.1616803260E+03
          71    0.4436765181E+02    0.3907097249E+02   -0.8199160355E+02
          72    0.7529719350E+02   -0.6520799405E+02    0.1064358900E+03
          73    0.7160064010E+02   -0.3718844166E+02   -0.3217096593E+03
          74    0.8073500028E+02   -0.7585463910E+02    0.1381193457E+03
          75    0.7626606717E+02   -0.5799736234E+02   -0.1405252114E+03
          76    0.4981887802E+02    0.3629945565E+02   -0.8443197081E+02
          77    0.7625407724E+02    0.5773459102E+02   -0.1382372809E+03
          78    0.7281766878E+02   -0.3700261219E+02   -0.2950181253E+03
          79    0.5208291604E+02   -0.4108855442E+02   -0.8488898702E+02
          80    0.7405942181E+02   -0.3855637233E+02   -0.2816634277E+03
          81    0.8045576403E+02   -0.7823201474E+02    0.1349424594E+03
          82    0.7609959938E+02   -0.7006499988E+02   -0.1451771700E+03
          83    0.7395443799E+02   -0.3848386167E+02   -0.2817826935E+03
          84    0.7591524627E+02   -0.5642655654E+02   -0.1384612513E+03
          85    0.6733523956E+02   -0.5894988053E+02    0.8508554427E+02
          86    0.7289093919E+02   -0.3871488743E+02   -0.3063576843E+03
          87    0.7278888003E+02   -0.3865023571E+02   -0.3067135375E+03
          88    0.4304061349E+02    0.4102400401E+02   -0.8318692627E+02
          89    0.4338903490E+02    0.4022330677E+02   -0.8322478659E+02
          90    0.4310593263E+02    0.4133107943E+02   -0.8202824828E+02
          91    0.4603450252E+02    0.3992322572E+02   -0.8317223096E+02
          92    0.7618882050E+02    0.6673268652E+02   -0.1390987125E+03
          93    0.7769455510E+02   -0.5641500691E+02   -0.1146137590E+03
          94    0.7884442109E+02   -0.6945480377E+02    0.1032412895E+03
          95    0.8061283536E+02   -0.6430799187E+02   -0.1259932766E+03
          96    0.4968140395E+02   -0.3593793831E+02   -0.8464376018E+02
          97    0.4309557003E+02    0.4139188490E+02   -0.8245633514E+02
          98    0.7613045296E+02   -0.5756393873E+02   -0.1383187191E+03
          99    0.7148568940E+02   -0.5697213138E+02   -0.1480022180E+03
         100    0.6554435295E+02   -0.5262392699E+02   -0.7964477240E+02
