        Rank        RMSE       MaxAE  Feature_ID
           1    3.898447   12.437220  (       1   10001)
           2    3.945407   12.542928  (       1   10002)
           3    3.958699   11.997451  (       1   10004)
           4    3.969179   12.530498  (       1   10003)
           5    3.973056   10.798095  (       4   10034)
           6    3.978591   10.996210  (       4   10012)
           7    3.997167   11.266416  (       4   10002)
           8    3.998905   11.205192  (       4   10001)
           9    4.005314   12.526296  (       1   10005)
          10    4.007413   12.567639  (       1   10007)
          11    4.013509   11.163617  (       4   10010)
          12    4.013732   11.240653  (       4   10003)
          13    4.016710   10.666473  (       4   10004)
          14    4.022906   11.316303  (       4   10084)
          15    4.023597   11.231210  (       4   10007)
          16    4.025995   12.551412  (       1   10009)
          17    4.026150   12.787744  (       1   10006)
          18    4.030009   10.555572  (       4   10045)
          19    4.034929   13.208346  (      25   10498)
          20    4.035962   12.539150  (       1   10010)
          21    4.038469   12.610158  (       1   10008)
          22    4.043874   11.224875  (       4   10005)
          23    4.050889   10.746361  (    6759   10001)
          24    4.054362   11.107123  (       4   10025)
          25    4.054820   12.459403  (       1   10012)
          26    4.056700   10.658153  (       4   10024)
          27    4.068082   11.523620  (       4   10006)
          28    4.072060   12.150359  (       1   10013)
          29    4.072694   11.452133  (       4   10029)
          30    4.073749   11.113284  (       4   10022)
          31    4.076458   12.558035  (       1   10014)
          32    4.080978   12.979514  (       1   10011)
          33    4.095533   12.124285  (       1   10024)
          34    4.095553   11.336039  (       4   10103)
          35    4.095789   13.343327  (      25   17322)
          36    4.098031   11.801818  (       4   10608)
          37    4.099945   11.232225  (       4   10161)
          38    4.103333   11.231402  (       4   10014)
          39    4.106723   11.029446  (       4   10059)
          40    4.107058   12.878737  (       1   10017)
          41    4.108562   12.925887  (       1   10018)
          42    4.108753   10.978903  (       4   10395)
          43    4.110262   13.015122  (       1   10016)
          44    4.110383   12.490541  (       1   10020)
          45    4.110544   13.106573  (       1   10015)
          46    4.111619   11.128738  (       4   10020)
          47    4.111619   11.171562  (       4   10027)
          48    4.111852   10.819009  (       4   10013)
          49    4.113054   11.377548  (       4   10008)
          50    4.114712   11.237299  (       4   10032)
          51    4.115495   12.380149  (    3491   10001)
          52    4.115542   11.259301  (       4   10407)
          53    4.119297   11.017912  (       4   10106)
          54    4.121085   13.867078  (       1   10023)
          55    4.121464   13.087412  (       1   10019)
          56    4.121665   11.151844  (       4   10035)
          57    4.130337   11.213139  (       4   10086)
          58    4.131556   11.154741  (       4   10085)
          59    4.131878   12.042891  (       1   10028)
          60    4.132569   12.994426  (       1   10095)
          61    4.132944   11.330696  (       4   10047)
          62    4.136570   16.630260  (    2526   10077)
          63    4.138117   11.690601  (       4   10055)
          64    4.138928   11.138291  (       4   10042)
          65    4.140335   11.616487  (       4   10048)
          66    4.141395   10.367610  (    6759   10012)
          67    4.143784   10.929521  (       4   10136)
          68    4.144986   13.071564  (       1   10021)
          69    4.145272   12.566991  (       1   10027)
          70    4.146321   12.516940  (       1   10022)
          71    4.147167   11.577749  (       4   10119)
          72    4.147624   11.156379  (       4   10200)
          73    4.147987   11.175127  (       4   10067)
          74    4.148999   12.534537  (       1   10025)
          75    4.151119   10.943216  (       4   10132)
          76    4.153009   11.628912  (       4   10017)
          77    4.153951   13.558812  (       4   19426)
          78    4.154630   11.041689  (       4   10065)
          79    4.154925   11.164803  (       4   10058)
          80    4.155650   12.545266  (       1   10026)
          81    4.157039   11.642012  (       4   10134)
          82    4.157425   12.278844  (       4   10128)
          83    4.157497   12.131188  (       1   10045)
          84    4.158524   12.637415  (       1   10032)
          85    4.158717   11.341112  (       4   10031)
          86    4.158764   11.168242  (       4   10277)
          87    4.159152   11.867893  (       4   10074)
          88    4.160118   12.557995  (       1   10035)
          89    4.163428   13.599212  (       4   17798)
          90    4.164025   10.539535  (       4   10999)
          91    4.164066   12.443504  (     178   16248)
          92    4.165549   11.345931  (       4   10009)
          93    4.165708   11.687616  (       4   10056)
          94    4.166436   11.474073  (       4   10041)
          95    4.166759   11.258610  (       4   10192)
          96    4.167330   10.800275  (       4   10330)
          97    4.167643   12.683062  (       1   10364)
          98    4.168577   11.926701  (       4   10141)
          99    4.169178   11.901195  (       4   10015)
         100    4.169621   10.659137  (    6759   10007)
