Model_ID, [(c_i,i=0,n)_j,j=1,ntask]
           1    0.3125645058E+02    0.3201693671E+02    0.2977171478E+02
           2    0.3115331064E+02    0.3195578881E+02    0.3000572276E+02
           3    0.3172893041E+02    0.3283483073E+02    0.2910981801E+02
           4    0.3116674339E+02    0.3206907846E+02    0.2978420203E+02
           5    0.2749814579E+02    0.3309049373E+02   -0.1380260093E+02
           6    0.3321208062E+02    0.3606428179E+02    0.4063908658E+02
           7    0.3263506802E+02    0.3472548627E+02    0.3124070777E+02
           8    0.3267418572E+02    0.3469607666E+02    0.3049435794E+02
           9    0.3116401175E+02    0.3216791636E+02    0.2930360511E+02
          10    0.3115692632E+02    0.3247413688E+02    0.2986572191E+02
          11    0.3285609310E+02    0.3536376276E+02    0.4798329219E+02
          12    0.3266607939E+02    0.3486969213E+02    0.3110494031E+02
          13    0.3327027124E+02    0.3571150626E+02    0.3028914589E+02
          14    0.2649352866E+02    0.3203877860E+02   -0.1505158053E+02
          15    0.3272011557E+02    0.3539737342E+02    0.3154223706E+02
          16    0.3112721583E+02    0.3246315549E+02    0.2820037180E+02
          17    0.3090258752E+02    0.3166779855E+02   -0.3044522617E+02
          18    0.2843415953E+02    0.3664639092E+02   -0.1208374490E+02
          19    0.2909539223E+02    0.3288833271E+02    0.7898951348E+02
          20    0.3123341330E+02    0.3236807560E+02    0.4480444676E+02
          21    0.3099953826E+02    0.3153847576E+02    0.2777301443E+02
          22    0.3267864111E+02    0.3499626114E+02    0.3069786066E+02
          23    0.2705888968E+02    0.2553054652E+02    0.3966295401E+02
          24    0.2769509480E+02    0.3458107072E+02   -0.1717259285E+02
          25    0.3145886683E+02    0.3285328523E+02    0.3719252569E+02
          26    0.3336103848E+02    0.3632817321E+02   -0.2337386138E+02
          27    0.3237542552E+02    0.3441838408E+02   -0.3185148162E+02
          28    0.3137007656E+02    0.3241657294E+02    0.2248549267E+02
          29    0.2700883084E+02    0.3399441295E+02   -0.1840704612E+02
          30    0.2777530108E+02    0.3451945836E+02   -0.1680743733E+02
          31    0.3112001333E+02    0.3244688029E+02    0.2821617216E+02
          32    0.3065751689E+02    0.3117527149E+02   -0.2960733243E+02
          33    0.3163174685E+02    0.3314774380E+02   -0.2159478509E+02
          34    0.2681015541E+02    0.3204113865E+02   -0.1405464248E+02
          35    0.3114042097E+02    0.3430814931E+02   -0.2642850438E+02
          36    0.2538159992E+02    0.3117859976E+02   -0.1675090368E+02
          37    0.2675487917E+02    0.3244662957E+02   -0.1460090240E+02
          38    0.3266830896E+02    0.3534596863E+02    0.2976016538E+02
          39    0.2803088736E+02    0.3615358269E+02   -0.1175387550E+02
          40    0.3079646824E+02    0.3150506823E+02   -0.3025979251E+02
          41    0.3076249030E+02    0.3176975077E+02   -0.3014076916E+02
          42    0.2824127574E+02    0.3439461020E+02   -0.1316074657E+02
          43    0.3063254935E+02    0.3126719980E+02   -0.2978919267E+02
          44    0.3120400136E+02    0.3247582914E+02   -0.2106012155E+02
          45    0.3052789286E+02    0.3098744560E+02   -0.2994135829E+02
          46    0.3280138021E+02    0.3544250829E+02   -0.2245288445E+02
          47    0.3277614910E+02    0.3547859218E+02   -0.2286672781E+02
          48    0.3290927441E+02    0.3528089172E+02    0.2360044354E+02
          49    0.3242357607E+02    0.3420684181E+02    0.2873070910E+02
          50    0.3273225078E+02    0.3546441395E+02   -0.2347892762E+02
          51    0.2573583839E+02    0.2226770642E+02    0.3819743312E+02
          52    0.2805783304E+02    0.3555368765E+02   -0.9053359183E+01
          53    0.2770193181E+02    0.3592102759E+02   -0.1269308779E+02
          54    0.2968670926E+02    0.2897061853E+02   -0.2312222008E+02
          55    0.3055535511E+02    0.3110948850E+02   -0.2996845972E+02
          56    0.3280053678E+02    0.3558423746E+02   -0.2281610572E+02
          57    0.2781576013E+02    0.3562522715E+02   -0.1175008258E+02
          58    0.2794656288E+02    0.3570670993E+02   -0.1155607843E+02
          59    0.3148155601E+02    0.3284371525E+02   -0.2165881891E+02
          60    0.3106032522E+02    0.3474287534E+02   -0.1801336949E+02
          61    0.2737461976E+02    0.3429665877E+02   -0.1749355597E+02
          62    0.2596411923E+02    0.2497638201E+02   -0.3276608674E+02
          63    0.2659751218E+02    0.3368447859E+02   -0.1902911253E+02
          64    0.3281363112E+02    0.3567647161E+02   -0.2264966498E+02
          65    0.2692402796E+02    0.3367722621E+02   -0.1800534813E+02
          66    0.2733428080E+02    0.2663467130E+02    0.5202942432E+02
          67    0.2777356262E+02    0.3624985358E+02   -0.1280007450E+02
          68    0.3057122291E+02    0.3122807489E+02   -0.2969867286E+02
          69    0.3112776519E+02    0.3243216402E+02   -0.2113881045E+02
          70    0.2654516680E+02    0.3154999794E+02   -0.1535961642E+02
          71    0.2697410525E+02    0.3524277741E+02   -0.1305586240E+02
          72    0.2789043458E+02    0.3596765273E+02   -0.1175962083E+02
          73    0.3272961892E+02    0.3521954019E+02   -0.2214159779E+02
          74    0.2647605806E+02    0.3156373278E+02   -0.1557162692E+02
          75    0.2811712806E+02    0.3429072223E+02   -0.7100441513E+01
          76    0.3225345606E+02    0.3422559761E+02   -0.3167754238E+02
          77    0.3220226933E+02    0.3670612092E+02    0.6592202926E+02
          78    0.3298133538E+02    0.3615490345E+02   -0.3340818202E+02
          79    0.3280249980E+02    0.3592744791E+02   -0.2264490071E+02
          80    0.3111091443E+02    0.3198590804E+02   -0.2846293855E+02
          81    0.2685674165E+02    0.3518495416E+02   -0.1319848667E+02
          82    0.2948337690E+02    0.3297083713E+02    0.5808833005E+02
          83    0.2708870022E+02    0.3320363821E+02   -0.1076760773E+02
          84    0.3107262192E+02    0.3239798292E+02   -0.2160772234E+02
          85    0.3244203880E+02    0.3431990455E+02    0.2781144386E+02
          86    0.2788980965E+02    0.3598717969E+02   -0.5865369288E+01
          87    0.2621396755E+02    0.3346657106E+02   -0.1980951036E+02
          88    0.3113757334E+02    0.3250985971E+02   -0.2103091344E+02
          89    0.3224757239E+02    0.3682638749E+02    0.6901500496E+02
          90    0.2858214917E+02    0.3745923918E+02   -0.1181027963E+02
          91    0.2737911668E+02    0.2968288991E+02   -0.4718582951E+02
          92    0.3250456781E+02    0.3510274287E+02    0.2850408521E+02
          93    0.2673595838E+02    0.3363445731E+02   -0.1846809339E+02
          94    0.2735177145E+02    0.3387470368E+02   -0.1689964986E+02
          95    0.2705181766E+02    0.3242388519E+02   -0.1363801287E+02
          96    0.2843764512E+02    0.3599872297E+02   -0.1667281568E+02
          97    0.3040632319E+02    0.3532050187E+02   -0.2253983231E+02
          98    0.2069036414E+02    0.3684363724E+02   -0.9429052768E+01
          99    0.3192955843E+02    0.3361184236E+02   -0.3117818010E+02
         100    0.2687260514E+02    0.2604157132E+02    0.4053422776E+02
