Model_ID, [(c_i,i=0,n)_j,j=1,ntask]
           1    0.5057291079E+01    0.1426782944E+02    0.6435507983E+02
           2    0.5084673997E+01    0.1410986741E+02    0.6336908946E+02
           3    0.5751376041E+01    0.1688893125E+02    0.6293010778E+02
           4    0.5690232166E+01    0.1693005159E+02    0.6258603070E+02
           5    0.5663342872E+01    0.1696328689E+02    0.6284606106E+02
           6    0.5453671857E+01    0.1715569606E+02    0.6329570592E+02
           7    0.5636944116E+01    0.1698199328E+02    0.6286357513E+02
           8    0.5835082469E+01    0.1673247919E+02    0.6196390151E+02
           9    0.5217719986E+01    0.8594832622E+01    0.6170888656E+02
          10    0.5614142995E+01    0.1699230118E+02    0.6286389788E+02
          11    0.5590728571E+01    0.1701719968E+02    0.6310781621E+02
          12    0.5964417082E+01   -0.1661987700E+02    0.6271515224E+02
          13    0.5695854759E+01    0.1695062917E+02    0.6144576981E+02
          14    0.5781123363E+01    0.1668168995E+02    0.6157773240E+02
          15    0.5363183273E+01    0.1722503600E+02    0.6276759373E+02
          16    0.5479123045E+01    0.1277600316E+02    0.5962028749E+02
          17    0.5300031193E+01    0.1696023040E+02    0.5976875049E+02
          18    0.5720580618E+01    0.1672339217E+02    0.6124077626E+02
          19    0.5694302220E+01    0.1675500983E+02    0.6149211759E+02
          20    0.5487882874E+01    0.1694256826E+02    0.6192315552E+02
          21    0.5668334081E+01    0.1677320352E+02    0.6150959395E+02
          22    0.6039712651E+01    0.1645727040E+02    0.6081323650E+02
          23    0.5856699204E+01    0.1671746112E+02    0.6224787814E+02
          24    0.5862615839E+01    0.1653202327E+02    0.6066019973E+02
          25    0.5252263556E+01    0.8492553697E+01    0.6041748758E+02
          26    0.5532625885E+01    0.1655499805E+02    0.6003401593E+02
          27    0.5171626878E+01    0.1385654842E+02    0.6118449412E+02
          28    0.5645895741E+01    0.1678319424E+02    0.6151213699E+02
          29    0.5982258283E+01    0.1655823786E+02    0.6256747292E+02
          30    0.5623035936E+01    0.1680665390E+02    0.6174956685E+02
          31    0.5990846341E+01   -0.1641806692E+02    0.6140444184E+02
          32    0.5564574648E+01    0.1697681667E+02    0.6259503100E+02
          33    0.5726099166E+01    0.1674626452E+02    0.6010596269E+02
          34    0.5398519500E+01    0.1701215266E+02    0.6140195208E+02
          35    0.5330944576E+01    0.1676821197E+02    0.5856671972E+02
          36    0.5193261081E+01    0.1371628802E+02    0.6038369033E+02
          37    0.5743060531E+01    0.1664701414E+02    0.5926355387E+02
          38    0.5440043807E+01    0.1387263804E+02    0.6018282705E+02
          39    0.5558948256E+01    0.1637134915E+02    0.5891431800E+02
          40    0.6063559918E+01    0.1626555713E+02    0.5956889110E+02
          41    0.5521587275E+01    0.1260857536E+02    0.5789536428E+02
          42    0.5884623855E+01    0.1651504622E+02    0.6093734040E+02
          43    0.5529736211E+01    0.8335182139E+01    0.6194295769E+02
          44    0.4193226522E+01    0.1231923152E+02    0.5325143117E+02
          45    0.5449342884E+01    0.1375154141E+02    0.5974599969E+02
          46    0.5365924610E+01    0.1674889565E+02    0.5938629858E+02
          47    0.5000562014E+01    0.8631114313E+01    0.6175919445E+02
          48    0.1215474562E+02    0.2785636613E+02   -0.1122531995E+02
          49    0.5165981824E+01   -0.8551125122E+01    0.6153934793E+02
          50    0.5510043537E+01   -0.1661946716E+02    0.5940480253E+02
          51    0.5483192080E+01   -0.1665173575E+02    0.5965438189E+02
          52    0.5269668119E+01    0.1684965849E+02    0.6008392340E+02
          53    0.4943855846E+01    0.8659793333E+01    0.6153391724E+02
          54    0.5166948194E+01    0.8543042336E+01    0.6120497363E+02
          55    0.5345453608E+01    0.1676656717E+02    0.5960947420E+02
          56    0.6008366385E+01    0.1635774514E+02    0.6127562417E+02
          57    0.5310369003E+01    0.1680379739E+02    0.5965877367E+02
          58    0.5173198388E+01    0.1693783709E+02    0.6001420724E+02
          59    0.5202104427E+01    0.1690231338E+02    0.5975564435E+02
          60    0.5210136919E+01    0.8512126874E+01    0.6105944495E+02
          61    0.5456303669E+01   -0.1667149054E+02    0.5967138676E+02
          62    0.4213787869E+01    0.1222023587E+02    0.5277965747E+02
          63    0.5596802423E+01    0.1676877745E+02    0.6126588216E+02
          64    0.5278885144E+01    0.1683297601E+02    0.5969290596E+02
          65    0.5107887255E+01    0.8573483517E+01    0.6149631041E+02
          66    0.5553490399E+01    0.1655933282E+02    0.5913679564E+02
          67    0.5326965009E+01    0.1676485581E+02    0.5958952215E+02
          68    0.5331030710E+01    0.1678629373E+02    0.5963614782E+02
          69    0.5301908300E+01    0.8460665500E+01    0.6055479252E+02
          70    0.5466307199E+01    0.1664712788E+02    0.5945275593E+02
          71    0.5516651016E+01    0.1654737639E+02    0.5879265486E+02
          72    0.5655799652E+01   -0.1642574190E+02    0.5882425934E+02
          73    0.5144292913E+01    0.1696083378E+02    0.6003674213E+02
          74    0.5312771009E+01    0.1677135169E+02    0.5959075349E+02
          75    0.5363827879E+01    0.1675340204E+02    0.5959201029E+02
          76    0.5391437078E+01    0.1671994178E+02    0.5933954643E+02
          77    0.5545839869E+01    0.1380018372E+02    0.6069842421E+02
          78    0.1205621653E+02    0.2465886255E+02   -0.1120248592E+02
          79    0.5408613008E+01   -0.1669166059E+02    0.5930578375E+02
          80    0.5500368222E+01    0.1661034174E+02    0.5940037683E+02
          81    0.5769478002E+01    0.1645843082E+02    0.5805440586E+02
          82    0.5262106568E+01    0.1684233612E+02    0.5990153586E+02
          83    0.1209107542E+02    0.2740778228E+02   -0.1201382991E+02
          84    0.5593789481E+01    0.1646981379E+02    0.5848945159E+02
          85    0.5433009992E+01   -0.1668319908E+02    0.5967315137E+02
          86    0.1207368191E+02    0.2442505912E+02   -0.1135018342E+02
          87    0.4177607975E+01    0.1096787256E+02    0.5799406879E+02
          88    0.4842940646E+01    0.1724758610E+02    0.5998221074E+02
          89    0.1210315525E+02    0.2736288867E+02   -0.1202701532E+02
          90    0.5567680816E+01    0.1650074722E+02    0.5873361774E+02
          91    0.1204551559E+02    0.2453994086E+02   -0.1128174596E+02
          92    0.5336175669E+01    0.1677440242E+02    0.5961092531E+02
          93    0.5229685421E+01    0.1274586768E+02    0.5962928684E+02
          94    0.5358960885E+01    0.1669102130E+02    0.5914085201E+02
          95    0.5409631149E+01   -0.1670748728E+02    0.5990858302E+02
          96    0.5119250701E+01    0.1697537489E+02    0.6004334640E+02
          97    0.5176292954E+01    0.1692473840E+02    0.5956772464E+02
          98    0.5035841222E+01    0.8517156309E+01    0.6000797649E+02
          99    0.5094052425E+01    0.1700255984E+02    0.6028730486E+02
         100    0.5198559020E+01   -0.8439489470E+01    0.5980789889E+02
