        Rank        RMSE       MaxAE  Feature_ID
           1   26.539713   66.260750  (     168   10001)
           2   26.741289   69.757483  (       1   10001)
           3   27.054631   69.193109  (      46   10001)
           4   27.120936   67.632607  (      37   10002)
           5   27.554628   67.214131  (    1545   10002)
           6   28.005578   66.056522  (      25   10001)
           7   28.070755   72.450143  (     168   10004)
           8   28.193494   67.053236  (      46   10002)
           9   28.252500   54.506867  (     456   13264)
          10   28.269196   70.498145  (    1781   10002)
          11   28.336382   59.075259  (     844   13264)
          12   28.376815   64.085452  (     764   10001)
          13   28.610979   69.906249  (       1   10002)
          14   28.669708   76.382225  (     662   11196)
          15   28.692173   65.218701  (     943   10391)
          16   28.748531   79.043394  (       1   10168)
          17   28.775973   80.422310  (       1   10311)
          18   28.801600   65.292496  (      59   10001)
          19   28.815825   63.504017  (      48   10009)
          20   28.885843   69.311278  (     542   10038)
          21   28.936434   87.107192  (    2033   10522)
          22   28.996981   53.281245  (     844   10017)
          23   29.031595   68.828912  (     662   15164)
          24   29.051850   80.433038  (       1   10228)
          25   29.055399   68.699261  (     549   10002)
          26   29.055448   74.053882  (      43   17186)
          27   29.075185   81.660923  (       1   10149)
          28   29.077176   68.070024  (     662   10332)
          29   29.084205   65.293941  (     943   12297)
          30   29.117738   62.941243  (     456   10017)
          31   29.120391   72.186137  (     216   12028)
          32   29.120540   82.382309  (    2139   10644)
          33   29.169734   80.885097  (       1   10724)
          34   29.186115   73.292204  (      59   10017)
          35   29.194418   72.599846  (    1357   10038)
          36   29.210040   81.649358  (     542   10622)
          37   29.246819   72.040741  (    1545   10001)
          38   29.253466   72.354786  (    4073   10009)
          39   29.313755   74.000139  (      58   10001)
          40   29.327760   72.241437  (       1   19232)
          41   29.360576   85.795561  (       1   10092)
          42   29.361445   63.095525  (     274   10009)
          43   29.366573   76.737281  (     943   11020)
          44   29.388538   76.274921  (     662   10994)
          45   29.415236   69.395060  (       1   10004)
          46   29.436120   76.475698  (     943   11009)
          47   29.442171   67.554387  (      37   10001)
          48   29.445264   80.709230  (    1296   10001)
          49   29.450508   73.577732  (    1357   10007)
          50   29.456226   65.567712  (     208   10002)
          51   29.473122   79.765619  (      43   13326)
          52   29.487058   86.225553  (     764   11071)
          53   29.487291   66.143710  (    1075   13264)
          54   29.495202   86.975643  (     662   11677)
          55   29.519262   64.865233  (     542   10007)
          56   29.521555   75.315907  (     168   10002)
          57   29.521865   85.240154  (     303   10009)
          58   29.525684   75.875842  (     303   10001)
          59   29.529470   97.783745  (     662   13729)
          60   29.531981   73.431163  (     943   10676)
          61   29.538012   77.059985  (      67   10002)
          62   29.553196   76.492418  (     943   11159)
          63   29.558359   85.071642  (      37   10325)
          64   29.584575   76.718374  (     943   11584)
          65   29.587097   75.903601  (     218   10002)
          66   29.603919   78.559304  (      25   10311)
          67   29.605695   68.045714  (      14   10002)
          68   29.611769   65.734327  (     799   10031)
          69   29.613811   78.044898  (    2139   11982)
          70   29.616702   76.532094  (     943   10991)
          71   29.634509   78.694007  (     662   19656)
          72   29.639025   65.722444  (     844   15679)
          73   29.643208   75.931742  (     943   10921)
          74   29.646249   80.381318  (    1046   10009)
          75   29.679371   76.252301  (     943   10912)
          76   29.682765   76.005615  (     216   15265)
          77   29.684240   85.946708  (       1   10343)
          78   29.688133   79.639433  (     672   11071)
          79   29.690850   68.492122  (    1545   10217)
          80   29.695405   78.517356  (       1   11000)
          81   29.700345   74.319555  (    1046   11950)
          82   29.706527   86.783691  (      37   10295)
          83   29.726425   76.693942  (     943   10943)
          84   29.727285   76.688133  (     943   10947)
          85   29.727595   99.259523  (      48   18417)
          86   29.730817   76.665179  (     943   10950)
          87   29.734506   76.642596  (     943   10958)
          88   29.735455   76.636996  (     943   10960)
          89   29.737216   76.873102  (     943   10749)
          90   29.747378   73.673070  (       1   17980)
          91   29.748676   66.520763  (     641   10009)
          92   29.752530   69.642399  (      35   16818)
          93   29.759261   71.901839  (     456   10137)
          94   29.762474   64.797054  (      25   10002)
          95   29.769939  102.625248  (      43   10036)
          96   29.771070   68.542860  (     764   10004)
          97   29.772256   80.980050  (     943   11273)
          98   29.773241   76.997921  (     943   10717)
          99   29.774636   65.174725  (     943   10355)
         100   29.779455   78.349019  (     943   11470)
