     Index              y_true              y_pred        descriptor_1        descriptor_2
         1    0.3891500000E+03    0.3660048346E+03    0.1280896000E+00    0.1072000000E+00
         2    0.2401500000E+03    0.2022161249E+03   -0.4944675400E+00    0.1587878500E+00
         3    0.2561000000E+03    0.2553879890E+03   -0.1804484000E+00    0.2921000000E+00
         4    0.9034100000E+02    0.1078270832E+03   -0.9938339200E+00    0.0000000000E+00
         5    0.4150000000E+03    0.3884072369E+03   -0.1656158000E-01   -0.2079851400E+00
         6    0.3450000000E+03    0.3663159976E+03   -0.1078499800E+00   -0.2108422800E+00
         7    0.3990000000E+03    0.3963932516E+03    0.4714002000E-01   -0.1657873800E+00
         8    0.3275000000E+03    0.3534617801E+03   -0.1742276000E+00   -0.2302839500E+00
         9    0.2720000000E+03    0.2690979693E+03   -0.3669542600E+00   -0.3216685000E-01
        10    0.3602000000E+03    0.3460940148E+03   -0.1467371600E+00   -0.1535529600E+00
        11    0.3260000000E+03    0.3171266387E+03   -0.2819536600E+00   -0.1781007500E+00
        12    0.1588000000E+03    0.1672797005E+03   -0.6499158400E+00    0.1394137800E+00
        13    0.4097000000E+03    0.4066775010E+03    0.3095901200E+00    0.1304644600E+00
        14    0.3860000000E+03    0.3333590840E+03   -0.8801446000E-01   -0.5900000000E-02
        15    0.2566500000E+03    0.2830219248E+03   -0.2867688900E+00    0.0000000000E+00
        16    0.2530000000E+03    0.2941738252E+03   -0.3035721600E+00   -0.8287895000E-01
        17    0.3380000000E+03    0.4028086715E+03    0.2060728800E+00    0.1260000000E-01
        18    0.2680300000E+03    0.2949064914E+03   -0.3020194500E+00   -0.8476182000E-01
        19    0.3632000000E+03    0.3695660812E+03   -0.5437980000E-02   -0.9111144000E-01
        20    0.4460000000E+03    0.3898924186E+03    0.1970516000E+00    0.7040000000E-01
        21    0.2561000000E+03    0.2356055853E+03   -0.6212796900E+00   -0.1919342400E+00
        22    0.2396000000E+03    0.2210814030E+03   -0.4735194500E+00    0.8478678000E-01
        23    0.1743000000E+03    0.1515387772E+03   -0.8174188500E+00    0.0000000000E+00
        24    0.4711500000E+03    0.4770367065E+03   -0.6602014000E-01   -0.7539186600E+00
        25    0.2466500000E+03    0.2700858363E+03   -0.4231844100E+00   -0.1129086000E+00
        26    0.3281500000E+03    0.2961355075E+03   -0.6395798000E+00   -0.5440287600E+00
        27    0.3010000000E+03    0.3100836922E+03   -0.1354132900E+00    0.5650000000E-01
        28    0.9070000000E+02    0.1062992670E+03   -0.1000000000E+01    0.0000000000E+00
        29    0.4380000000E+03    0.4332949164E+03    0.8996523000E-01   -0.3080583000E+00
        30    0.2886400000E+03    0.3326904849E+03   -0.6020630000E-01    0.3500455000E-01
        31    0.4920000000E+03    0.4674789175E+03    0.1924681600E+00   -0.3556040400E+00
        32    0.2516000000E+03    0.2800515882E+03   -0.3346555400E+00   -0.4813464000E-01
        33    0.2744000000E+03    0.2567568276E+03   -0.4472873900E+00   -0.7309720000E-01
        34    0.3387000000E+03    0.3688796876E+03   -0.3423338000E-01   -0.1260072000E+00
        35    0.2634000000E+03    0.2660376136E+03   -0.3553155000E+00    0.0000000000E+00
        36    0.5132000000E+03    0.4373482078E+03    0.2093695500E+00   -0.1698899400E+00
        37    0.3334000000E+03    0.4057635632E+03    0.6042536000E-01   -0.1986811200E+00
        38    0.2990000000E+03    0.2717825086E+03   -0.3971841500E+00   -0.8722780000E-01
        39    0.4680000000E+03    0.4726356412E+03    0.3021201300E+00   -0.2364832800E+00
        40    0.2480000000E+03    0.2328555165E+03   -0.4941192000E+00   -0.6549760000E-02
        41    0.3674300000E+03    0.3912255954E+03   -0.4469280000E-02   -0.2070227500E+00
        42    0.3945000000E+03    0.3830545375E+03    0.6801980000E-02   -0.1476921600E+00
