        Rank        RMSE       MaxAE  Feature_ID
           1    4.387506   17.210944  (    3035   10786)
           2    4.411575   15.547615  (    3035   10005)
           3    4.416253   17.236895  (    3035   10279)
           4    4.419566   17.225517  (    3035   14508)
           5    4.444437   15.806753  (    3035   10344)
           6    4.445934   17.185630  (    3035   11400)
           7    4.451499   19.392114  (    3035   10215)
           8    4.452650   17.993595  (    3035   12429)
           9    4.474720   18.049707  (    3035   10679)
          10    4.475901   17.119907  (    3035   11680)
          11    4.478476   14.339861  (       1   10985)
          12    4.482060   14.303424  (       1   10717)
          13    4.486664   15.877609  (       1   10012)
          14    4.494326   19.330673  (    3035   10755)
          15    4.498126   17.561471  (    3035   10502)
          16    4.503854   16.441129  (       1   10004)
          17    4.507712   15.546407  (       1   10014)
          18    4.512760   16.739935  (     101   10847)
          19    4.515837   18.323010  (    3035   16514)
          20    4.518282   15.539931  (       1   10002)
          21    4.521453   17.172580  (    3035   13123)
          22    4.521586   16.110559  (    3035   10560)
          23    4.521687   18.021757  (    3035   11650)
          24    4.522227   18.943115  (       1   10026)
          25    4.523631   15.763885  (       1   10010)
          26    4.526220   17.174594  (    3035   10886)
          27    4.529715   17.629317  (    3035   12128)
          28    4.530244   17.804862  (    3035   16478)
          29    4.531187   15.663004  (       1   10030)
          30    4.532792   14.731659  (       1   10001)
          31    4.535886   15.540913  (       1   10009)
          32    4.536465   17.975185  (    3035   14444)
          33    4.537702   14.452643  (       1   10020)
          34    4.538272   16.426002  (    2503   10007)
          35    4.543429   16.733787  (       1   10007)
          36    4.545809   17.416446  (    3035   14153)
          37    4.547290   15.420079  (       1   10015)
          38    4.547824   17.849990  (    3035   13867)
          39    4.548139   15.751724  (       1   10008)
          40    4.548720   16.608529  (    3035   19563)
          41    4.551057   17.012530  (       1   10063)
          42    4.551861   13.513258  (       9   17548)
          43    4.554208   17.397239  (    3035   13244)
          44    4.554577   16.421971  (    3426   10007)
          45    4.555959   15.008141  (       9   19879)
          46    4.557276   14.743157  (       9   10356)
          47    4.557356   17.841824  (    3035   11392)
          48    4.560428   15.582907  (       1   10021)
          49    4.560718   15.213299  (     825   10985)
          50    4.561236   18.697421  (    3035   16094)
          51    4.561596   15.069197  (       9   11196)
          52    4.562568   15.050686  (    5245   10005)
          53    4.563277   17.929129  (    3035   15981)
          54    4.564042   14.746744  (       1   10035)
          55    4.564232   17.686690  (    3035   12301)
          56    4.566069   17.546169  (    3035   16615)
          57    4.566458   14.960787  (       9   10864)
          58    4.567564   17.742653  (    3035   10555)
          59    4.567758   17.914283  (    3035   17618)
          60    4.567864   16.784052  (       1   10068)
          61    4.568461   17.332518  (    3035   11084)
          62    4.569700   17.478517  (    3035   13365)
          63    4.570028   17.376431  (    3035   15531)
          64    4.570042   16.603496  (    3035   10588)
          65    4.570254   17.532229  (    3035   17305)
          66    4.570446   15.788927  (       1   10019)
          67    4.570973   15.402009  (       1   10003)
          68    4.571784   15.111481  (       9   12827)
          69    4.572258   15.622155  (    5823   10004)
          70    4.572756   17.935227  (    3035   14716)
          71    4.573049   17.764076  (    3035   12544)
          72    4.573506   15.077275  (     866   14482)
          73    4.573632   15.156915  (     825   10717)
          74    4.573714   14.828729  (       9   10645)
          75    4.574035   17.436273  (    3035   16637)
          76    4.574557   18.371362  (    8281   10192)
          77    4.574708   13.668039  (       1   10305)
          78    4.575058   17.757662  (    3035   13367)
          79    4.575192   17.950442  (    3035   18980)
          80    4.575413   16.936823  (    6251   18589)
          81    4.575623   15.100312  (       1   10062)
          82    4.576292   17.743882  (    3035   14090)
          83    4.576500   14.437737  (       1   10086)
          84    4.576697   14.771057  (       9   10735)
          85    4.577163   15.533380  (       1   10023)
          86    4.579611   13.668087  (       1   10399)
          87    4.579643   17.400903  (       1   10006)
          88    4.579741   16.489259  (     249   10007)
          89    4.579753   15.488838  (       1   10054)
          90    4.580082   15.058430  (     866   10012)
          91    4.580325   16.299867  (       1   10027)
          92    4.580698   16.509945  (    3035   10018)
          93    4.580957   14.663464  (       1   10053)
          94    4.581200   14.448768  (       1   10032)
          95    4.581678   15.597027  (       1   10047)
          96    4.581974   15.606403  (       1   10051)
          97    4.582432   17.216519  (    3035   10487)
          98    4.582631   15.592589  (       1   10045)
          99    4.582643   15.458903  (       1   10060)
         100    4.582702   18.179842  (    8281   10007)
