        Rank        RMSE       MaxAE  Feature_ID
           1   20.722634   67.162578  (       4   11158)
           2   21.700725   61.029095  (       1   10001)
           3   22.369307   67.820137  (       4   15174)
           4   22.475688   68.319697  (       4   17317)
           5   22.682928   65.781668  (       4   12334)
           6   22.748327   74.851590  (       1   10002)
           7   22.762113   77.049384  (       1   10003)
           8   22.830634   63.354886  (       1   10004)
           9   22.975886   68.650349  (       1   10005)
          10   23.072085   68.646220  (       4   10006)
          11   23.638626   68.463619  (       1   10006)
          12   23.759086   68.121080  (       1   10007)
          13   23.897201   49.769646  (    8362   19300)
          14   23.962879   65.895269  (      42   11158)
          15   23.982842   62.461384  (       1   10024)
          16   24.021168   53.956598  (     136   15298)
          17   24.024994   67.968403  (     495   19300)
          18   24.028344   63.432128  (       1   10009)
          19   24.030892   63.209585  (       1   10014)
          20   24.033828   66.870139  (       4   18255)
          21   24.071536   64.345519  (       1   10008)
          22   24.076307   59.694676  (      18   10001)
          23   24.124203   60.706851  (    1147   10804)
          24   24.128123   56.047870  (    1010   19300)
          25   24.146656   66.887665  (       1   10010)
          26   24.156740   67.930703  (       1   10012)
          27   24.161099   63.824813  (       4   11900)
          28   24.187955   66.844316  (       1   10011)
          29   24.212791   61.219733  (     843   15298)
          30   24.216208   66.978619  (       1   10013)
          31   24.219477   55.403411  (       4   11995)
          32   24.228387   50.389277  (    7888   19300)
          33   24.232979   65.155222  (       4   11134)
          34   24.243638   61.990764  (       1   10017)
          35   24.253527   62.573156  (       1   10015)
          36   24.266313   57.377752  (    1147   19300)
          37   24.273167   51.679769  (    5942   19300)
          38   24.280042   69.991227  (       1   10016)
          39   24.302693   67.071310  (       1   10018)
          40   24.311921   53.839556  (    1955   11083)
          41   24.316664   61.688023  (       1   10019)
          42   24.320334   83.656881  (       1   10067)
          43   24.323096   61.814243  (       1   10020)
          44   24.324885   62.385572  (       1   10029)
          45   24.343508   51.152075  (    9542   19300)
          46   24.354730   56.616922  (     136   18163)
          47   24.361190   63.012773  (       1   10030)
          48   24.367244   61.007028  (       1   10021)
          49   24.369559   64.860281  (       1   10025)
          50   24.376905   61.239295  (       1   10023)
          51   24.385289   63.401585  (       1   10022)
          52   24.401680   62.034913  (      26   15770)
          53   24.407593   56.778331  (       4   10676)
          54   24.433198   63.433563  (       1   10032)
          55   24.436188   61.486231  (       1   10028)
          56   24.440649   54.721488  (       4   12850)
          57   24.441516   62.365474  (       4   10102)
          58   24.442372   55.938544  (       4   10823)
          59   24.445189   60.875498  (       1   10027)
          60   24.453814   61.572194  (       1   10026)
          61   24.465062   63.934498  (       1   10035)
          62   24.474310   62.425650  (       1   10031)
          63   24.482301   57.813213  (       1   10184)
          64   24.491059   59.137705  (       1   10053)
          65   24.497253   59.999209  (       1   10040)
          66   24.499274   69.949491  (       1   10052)
          67   24.500692   59.525507  (    1147   14129)
          68   24.506270   66.320050  (       4   10140)
          69   24.508128   68.291637  (       1   10043)
          70   24.520378   61.751402  (       1   10033)
          71   24.527697   66.862429  (       4   10139)
          72   24.533781   57.150134  (       1   10665)
          73   24.539179   62.187107  (       1   10037)
          74   24.544226   68.783334  (      26   10897)
          75   24.546798   76.835475  (     422   15174)
          76   24.548952   63.998564  (       1   10034)
          77   24.551131   59.290734  (       1   10042)
          78   24.557673   70.436160  (       1   10068)
          79   24.564021   66.606179  (      26   10271)
          80   24.566944   62.010735  (       1   10041)
          81   24.571462   61.301009  (       1   10038)
          82   24.576153   62.862994  (       1   10039)
          83   24.586537   62.549361  (       1   10047)
          84   24.586770   64.648199  (       1   10036)
          85   24.588084   71.108095  (       4   10068)
          86   24.591333   61.701602  (       4   12598)
          87   24.604512   62.450172  (       4   16125)
          88   24.607977   60.809110  (    1738   15298)
          89   24.629791   60.830590  (    4568   19300)
          90   24.635166   67.525461  (     315   12599)
          91   24.637068   61.235968  (       1   10044)
          92   24.640980   59.587501  (    3455   19300)
          93   24.654358   62.493021  (       4   10484)
          94   24.654579   59.871918  (     843   16715)
          95   24.659563   64.686089  (       1   10045)
          96   24.662758   62.028381  (       1   10055)
          97   24.665180   64.382025  (       1   10046)
          98   24.665640   65.916748  (       1   10048)
          99   24.666682   54.435635  (       4   10542)
         100   24.669241   68.650219  (       1   10128)
