Model_ID, [(c_i,i=0,n)_j,j=1,ntask]
           1    0.1842733070E+03    0.1122245814E+03    0.3887110044E+04
           2    0.1814541910E+03    0.1033991422E+03    0.3771870867E+04
           3    0.1912083866E+03    0.1021929568E+03   -0.2239741892E+03
           4    0.1913636226E+03    0.1019067166E+03    0.2266600099E+03
           5    0.1830318794E+03    0.1082126592E+03    0.3756548272E+03
           6    0.1800755476E+03    0.1100311994E+03   -0.2576856288E+04
           7    0.1798057737E+03    0.1088541338E+03    0.2765404056E+04
           8    0.1834737440E+03    0.1148777272E+03   -0.1909400368E+04
           9    0.1834149293E+03    0.1116653981E+03    0.2439114361E+04
          10    0.1825052553E+03    0.1040761591E+03    0.4350905167E+04
          11    0.1847297074E+03    0.1137130266E+03    0.3861142170E+04
          12    0.1839462391E+03    0.1099763503E+03   -0.3554335441E+03
          13    0.2938710641E+03    0.1647181532E+03   -0.5437973723E+03
          14    0.2075399953E+03    0.1199373413E+03    0.3857601557E+04
          15    0.1824347638E+03    0.1053753215E+03    0.3324532625E+03
          16    0.2504508720E+03    0.8055788400E+02   -0.1541321316E+03
          17    0.3027795989E+03    0.2126793355E+03   -0.4764298183E+03
          18    0.1834163138E+03    0.1147225738E+03    0.3505374323E+03
          19    0.1982605699E+03    0.1072891917E+03    0.2805296482E+03
          20    0.1865499801E+03    0.1060992358E+03   -0.9550623159E+03
          21    0.1832906327E+03    0.1091985876E+03    0.1679631243E+03
          22    0.2027780725E+03    0.1102655882E+03    0.4061232506E+04
          23    0.2428680773E+03    0.7502885282E+02    0.4200777322E+03
          24    0.2341809506E+03    0.7210854484E+02   -0.4880325197E+03
          25    0.1845037663E+03    0.1124267551E+03    0.2108043518E+03
          26    0.1841573644E+03    0.1094779732E+03   -0.2160837998E+03
          27    0.1797479839E+03    0.1099363711E+03    0.3367031181E+03
          28    0.1847174178E+03    0.1123445944E+03    0.2091570863E+03
          29    0.2789032902E+03    0.9329224512E+02   -0.1627668868E+03
          30    0.1847281451E+03    0.1122609573E+03    0.2099510633E+03
          31    0.2022010068E+03    0.1106654299E+03    0.1124632789E+03
          32    0.2977611538E+03    0.1698547952E+03   -0.5377374803E+03
          33    0.1825970895E+03    0.1053648219E+03    0.4058564800E+03
          34    0.1836127205E+03    0.1093806988E+03    0.2441973519E+03
          35    0.1833436230E+03    0.1109427840E+03    0.2542501246E+04
          36    0.2382703114E+03    0.7699468398E+02   -0.4883260911E+03
          37    0.2970553400E+03    0.1699324194E+03   -0.5284044422E+03
          38    0.1833627720E+03    0.1117922150E+03    0.1416344135E+03
          39    0.1849550278E+03    0.1120954893E+03    0.2086750292E+03
          40    0.2421158855E+03    0.1309215410E+03    0.5854208933E+03
          41    0.1832983163E+03    0.1095166690E+03    0.2448664122E+03
          42    0.1807310258E+03    0.1045714069E+03    0.3046738715E+04
          43    0.1834194785E+03    0.1095370622E+03    0.2446249051E+03
          44    0.1842770793E+03    0.1079642248E+03   -0.3616357984E+03
          45    0.2972071283E+03   -0.1687138660E+03   -0.5423944097E+03
          46    0.2524927736E+03    0.8342923062E+02   -0.1974565060E+03
          47    0.1967169623E+03    0.1082065693E+03    0.2882601717E+03
          48    0.1825245957E+03    0.1101277013E+03    0.2437076964E+03
          49    0.1827522009E+03    0.1144020010E+03    0.7065162073E+03
          50    0.1827834976E+03    0.1099587673E+03    0.2441312107E+03
          51    0.1833504546E+03    0.1102728536E+03    0.2638048508E+04
          52    0.2477163235E+03    0.1283179470E+03    0.1654613836E+03
          53    0.1956698130E+03    0.1117565237E+03    0.1052008501E+03
          54    0.1960976888E+03    0.1083269875E+03    0.2846211045E+03
          55    0.1830508455E+03    0.1097666438E+03    0.2435921280E+03
          56    0.1983610259E+03    0.1110260766E+03    0.9071326205E+02
          57    0.1826181449E+03    0.1067347313E+03   -0.2685800940E+04
          58    0.1943212708E+03    0.1119070151E+03    0.9472853466E+02
          59    0.1823719116E+03    0.1101311293E+03    0.2415691648E+03
          60    0.1830962325E+03    0.1105343851E+03    0.2499819491E+03
          61    0.1833734294E+03    0.1147574187E+03    0.2743931172E+03
          62    0.1954220663E+03    0.1092305458E+03    0.2874733202E+03
          63    0.1918810894E+03    0.1027933565E+03   -0.1599550773E+03
          64    0.1816873909E+03    0.1068456039E+03    0.5200497813E+03
          65    0.1815785275E+03    0.1083947705E+03    0.1404989019E+03
          66    0.1815689942E+03    0.1069277753E+03    0.1418617235E+03
          67    0.2409029379E+03    0.7648876447E+02    0.4295057791E+03
          68    0.1829037988E+03    0.1047068301E+03    0.3300812361E+03
          69    0.1820690735E+03    0.1148572354E+03    0.2576536922E+03
          70    0.1833283633E+03    0.1095815412E+03    0.2423165302E+03
          71    0.1829351872E+03    0.1044425057E+03    0.3389387545E+03
          72    0.1825730768E+03    0.1001588871E+03    0.2712421395E+04
          73    0.1837854075E+03    0.1094255040E+03    0.2423705776E+03
          74    0.2460553881E+03    0.1235437564E+03   -0.1488913818E+03
          75    0.1856393579E+03    0.1170637000E+03   -0.2478613425E+03
          76    0.1831479529E+03    0.1129700767E+03    0.3244853421E+04
          77    0.1827189391E+03    0.1090648337E+03   -0.2097496664E+03
          78    0.1821818412E+03    0.1169704632E+03    0.2489488530E+04
          79    0.2455493594E+03    0.1249996984E+03   -0.1599147469E+03
          80    0.1836025503E+03    0.1094223711E+03    0.2416573283E+03
          81    0.1828149718E+03    0.1100174202E+03    0.2418151526E+03
          82    0.1820291960E+03    0.1134110080E+03   -0.5304346473E+03
          83    0.1961924986E+03    0.1087511265E+03    0.2858239344E+03
          84    0.1863780432E+03    0.1110880518E+03    0.3009071550E+04
          85    0.1798068822E+03    0.1071437690E+03    0.2767389708E+04
          86    0.1793748383E+03    0.1111713056E+03    0.3642646221E+03
          87    0.1826017759E+03    0.1110080706E+03    0.3772713037E+03
          88    0.2698742695E+03    0.8570333082E+02   -0.1656061159E+03
          89    0.1921584190E+03    0.9823256641E+02   -0.5160329472E+03
          90    0.1771593840E+03    0.1386050316E+03   -0.1411686610E+03
          91    0.1827325607E+03    0.1100117464E+03    0.2399421441E+03
          92    0.1851448892E+03    0.1024289072E+03   -0.5079046926E+03
          93    0.1818575785E+03    0.1070876288E+03    0.4760646612E+03
          94    0.2915787112E+03    0.9513012019E+02    0.2225700792E+03
          95    0.1836690503E+03    0.1107773799E+03    0.2774422260E+03
          96    0.1823499113E+03    0.1144809290E+03    0.3235610582E+04
          97    0.1831568659E+03    0.1127850421E+03    0.3215405941E+04
          98    0.1857970787E+03    0.1135494669E+03   -0.1696344909E+03
          99    0.2078595016E+03    0.1069025662E+03   -0.1240745132E+03
         100    0.1854609853E+03    0.1183813550E+03    0.3057283643E+04
