Model_ID, [(c_i,i=0,n)_j,j=1,ntask]
           1    0.3170273440E+02    0.1685639573E+02   -0.5982424782E+03
           2    0.4167096682E+01    0.1168328119E+02   -0.1903175186E+03
           3    0.2800389773E+02    0.2538969287E+02   -0.6998660790E+02
           4    0.3971586258E+01    0.1177724882E+02   -0.1511769777E+03
           5    0.6320390498E+01    0.1678213812E+02   -0.1524321187E+03
           6    0.2055634398E+02    0.2059682655E+02    0.5313390789E+03
           7    0.2913049777E+02    0.2704654718E+02   -0.5885524252E+02
           8    0.2633438850E+02    0.2105978064E+02   -0.7363451993E+02
           9    0.5703153216E+01    0.1372953457E+02   -0.1669994203E+03
          10    0.5544490543E+01    0.1382310743E+02   -0.1323280232E+03
          11    0.3118040110E+02    0.1637311180E+02   -0.7318143638E+03
          12    0.2685304541E+02    0.1380275402E+02    0.5060749833E+03
          13    0.4846341891E+01    0.1750437305E+02   -0.1370338989E+03
          14    0.3144381404E+02    0.1699535895E+02   -0.1465749814E+04
          15    0.4482907077E+01    0.1562763952E+02   -0.1419882780E+03
          16    0.5631650349E+01    0.1212331954E+02   -0.1889269585E+03
          17    0.6542981721E+01    0.1653881875E+02   -0.1879069877E+03
          18    0.5448202001E+01    0.1222172890E+02   -0.1500886686E+03
          19    0.4673669165E+01    0.1549097865E+02   -0.1780899860E+03
          20    0.6017406337E+01    0.1347361006E+02   -0.1480808153E+03
          21    0.5031104909E+01    0.1734885239E+02   -0.1716009434E+03
          22    0.6176687616E+01    0.1695336047E+02   -0.4746211101E+03
          23    0.3150594089E+02    0.1653703353E+02   -0.1549333472E+04
          24    0.3811522415E+01    0.1188900241E+02   -0.4696113211E+03
          25    0.5689831018E+01    0.1371897619E+02   -0.8982798031E+03
          26    0.6116508444E+01    0.1800813694E+02   -0.1689629828E+03
          27    0.5953198509E+01    0.1814567403E+02   -0.1342743192E+03
          28    0.5877357499E+01    0.1821373135E+02   -0.1341755932E+03
          29    0.6042159050E+01    0.1807318727E+02   -0.1687403680E+03
          30    0.5255143460E+01    0.1240722841E+02   -0.4746360722E+03
          31    0.5863214249E+01    0.1806769396E+02   -0.1334095989E+03
          32    0.6028025746E+01    0.1792700309E+02   -0.1677083057E+03
          33    0.5863469194E+01    0.1822548865E+02   -0.1341594255E+03
          34    0.2990823963E+02    0.1592364885E+02    0.3665893975E+03
          35    0.6029537865E+01    0.1808193092E+02   -0.1686135006E+03
          36    0.5824883805E+01    0.1825863146E+02   -0.1343210011E+03
          37    0.2925664495E+02   -0.3492592917E+02   -0.4264241690E+03
          38    0.5812648530E+01    0.1831502435E+02   -0.1735322164E+03
          39    0.5991649070E+01    0.1811416403E+02   -0.1688017521E+03
          40    0.6384704067E+01    0.1762732233E+02   -0.1679190112E+03
          41    0.5416067175E+01    0.1394108666E+02   -0.4088742716E+03
          42    0.2214244080E+02    0.1480470413E+02   -0.9040940041E+03
          43    0.5813193703E+01    0.1815453173E+02   -0.1386454550E+03
          44    0.5642510994E+01    0.1842118701E+02   -0.1343966097E+03
          45    0.5790581245E+01    0.1828139411E+02   -0.1344626813E+03
          46    0.4105506707E+01    0.1114911582E+02   -0.1462048795E+03
          47    0.6230220343E+01    0.1774721046E+02   -0.1329969473E+03
          48    0.5957982861E+01    0.1813613280E+02   -0.1689687957E+03
          49    0.3245519360E+02    0.1754503539E+02    0.6040020296E+03
          50    0.2848681917E+02   -0.3476845073E+02   -0.4478294420E+03
          51    0.1183191800E+02    0.2789347886E+02   -0.3875016844E+03
          52    0.5855164722E+01    0.1364133679E+02   -0.4642874091E+03
          53    0.5532353908E+01    0.1853361459E+02   -0.1342432944E+03
          54    0.6203886334E+01    0.1787269614E+02   -0.1691827281E+03
          55    0.3129043355E+02    0.1658831656E+02   -0.2756420849E+03
          56    0.6344983399E+01    0.1770819704E+02   -0.1688239035E+03
          57    0.5780386396E+01    0.1828422543E+02   -0.1344290760E+03
          58    0.2089947551E+02    0.1546103887E+02    0.6236067122E+03
          59    0.5818450632E+01    0.1825664436E+02   -0.1681936823E+03
          60    0.2206103740E+02    0.1412489103E+02   -0.6053705226E+03
          61    0.3105356914E+02    0.1624302057E+02   -0.7331463884E+03
          62    0.5949029637E+01    0.1813600978E+02   -0.1688228491E+03
          63    0.2943582823E+02    0.1554993532E+02   -0.5788972243E+03
          64    0.6186964826E+01    0.1783512834E+02   -0.1338913657E+03
          65    0.6046815477E+01    0.1795737055E+02   -0.1318497118E+03
          66    0.6046369739E+01    0.1799666119E+02   -0.1340464478E+03
          67    0.5663168879E+01    0.1841074246E+02   -0.1365497335E+03
          68    0.2871900843E+02   -0.3498589439E+02   -0.4263813418E+03
          69    0.6286310482E+01    0.1773780546E+02   -0.1468576633E+03
          70    0.5707106560E+01    0.1837305243E+02   -0.1681919210E+03
          71    0.2046101437E+02    0.1527787935E+02    0.6119028105E+03
          72    0.5618612609E+01    0.1362016837E+02   -0.1683010179E+03
          73    0.6098839137E+01    0.1800382931E+02   -0.9112798636E+03
          74    0.5999090654E+01    0.1797248513E+02   -0.1729519723E+03
          75    0.5352023944E+01    0.1384807460E+02   -0.1721414277E+03
          76    0.1062308588E+02    0.1109133410E+02   -0.1829632476E+03
          77    0.1060552994E+02    0.1110374304E+02   -0.1831226898E+03
          78    0.5761775370E+01    0.8984598326E+01   -0.1776144851E+03
          79    0.5605630759E+01    0.1364270482E+02   -0.1686090551E+03
          80    0.4320468044E+01    0.1103013667E+02   -0.1823290909E+03
          81    0.6025708132E+01    0.1806594882E+02   -0.9094220719E+03
          82    0.6007189738E+01    0.1793085515E+02   -0.9060797193E+03
          83    0.2155850094E+02    0.1507047820E+02   -0.6601701066E+02
          84    0.3145027997E+02    0.1658500143E+02   -0.5816339961E+03
          85    0.5250814601E+01    0.1391528095E+02   -0.1681950722E+03
          86    0.4336483604E+01    0.1576844629E+02   -0.4398941024E+03
          87    0.5080641405E+01    0.1402277840E+02   -0.1336940255E+03
          88    0.2551777074E+02    0.2056207792E+02   -0.6896844375E+02
          89    0.1172688453E+02    0.2838338864E+02    0.6526634395E+03
          90    0.6244521748E+01    0.1327144705E+02   -0.1819717874E+03
          91    0.6200885006E+01    0.1765373382E+02   -0.1459339336E+03
          92    0.6060062083E+01    0.1807530240E+02   -0.1642467044E+03
          93    0.2694635269E+02    0.2180401756E+02   -0.6473454117E+02
          94    0.5458841464E+01    0.1371253283E+02   -0.1332697965E+03
          95    0.1179823046E+02    0.2785196440E+02   -0.4833430562E+03
          96    0.3217438028E+02    0.1537830589E+02   -0.5494392025E+03
          97    0.2930334312E+02    0.3464027771E+02   -0.4258584854E+03
          98    0.2882577396E+02   -0.3444042421E+02   -0.4076892684E+03
          99    0.6011284192E+01    0.1807919330E+02   -0.9096804208E+03
         100    0.5444699139E+01    0.1373670333E+02   -0.1335672804E+03
