Model_ID, [(c_i,i=0,n)_j,j=1,ntask]
           1    0.1756571341E+03    0.1074557560E+03   -0.3832630512E+03
           2    0.2405541512E+03    0.7290265491E+02    0.3658901764E+03
           3    0.2022599270E+03    0.1153052762E+03   -0.4256271102E+03
           4    0.2141796191E+03    0.1022590338E+03    0.3546635689E+03
           5    0.2525897102E+03    0.8240881963E+02    0.3471821545E+03
           6    0.2102837927E+03    0.9765352699E+02    0.3352551599E+03
           7    0.1788092463E+03    0.9906764245E+02    0.2441132215E+03
           8    0.1004198855E+03    0.9752393302E+02    0.3392137208E+03
           9    0.9146996677E+02    0.1059625047E+03    0.3112091017E+03
          10    0.1733892874E+03    0.1076813731E+03   -0.3658704624E+03
          11    0.2084529755E+03    0.1055718482E+03    0.3622225893E+03
          12    0.2046055529E+03    0.1007573454E+03    0.3419390788E+03
          13    0.1651720041E+03    0.8828328394E+02   -0.3720142645E+03
          14    0.1992693542E+03    0.9676288084E+02    0.2098835552E+03
          15    0.1946578251E+03    0.1179046585E+03   -0.3980355690E+03
          16    0.1998824925E+03    0.1156619259E+03   -0.4112951721E+03
          17    0.9995650222E+02    0.9768510150E+02    0.3384902641E+03
          18    0.1731824664E+03    0.1077269782E+03   -0.3636561586E+03
          19    0.1991351113E+03    0.9659513091E+02   -0.2054392370E+03
          20    0.1996753595E+03    0.1157158173E+03   -0.4091513441E+03
          21    0.2045434168E+03    0.9814899482E+02    0.3240568745E+03
          22    0.1756750017E+03    0.9095609908E+02   -0.1859618787E+03
          23    0.2377355337E+03    0.7843205672E+02    0.3730326786E+03
          24    0.1685601324E+03    0.1115361499E+03    0.2595318309E+03
          25    0.2103236785E+03    0.1118533313E+03   -0.4495403432E+03
          26    0.1733383684E+03    0.1081717953E+03   -0.3709570608E+03
          27    0.1628085367E+03    0.9491994985E+02    0.3162893166E+03
          28    0.1921021740E+03    0.1187660735E+03   -0.3837217936E+03
          29    0.2735248710E+03    0.1876456135E+03    0.2241694284E+03
          30    0.1791448186E+03    0.9860155891E+02    0.2708322436E+03
          31    0.1855788406E+03    0.9150113793E+02    0.2746945306E+03
          32    0.2743979488E+03    0.1862190977E+03    0.2238448081E+03
          33    0.1854375855E+03    0.9147908657E+02    0.2791735001E+03
          34    0.1854311379E+03    0.9147955328E+02    0.2792948985E+03
          35    0.1856114059E+03    0.9156779502E+02    0.2701911607E+03
          36    0.1856106093E+03    0.9157914384E+02    0.2695696987E+03
          37    0.2607925768E+03    0.1444069921E+03   -0.4984310055E+03
          38    0.1039937368E+03    0.9565977827E+02    0.2621989643E+03
          39    0.1729976886E+03    0.1071556787E+03    0.3547920999E+03
          40    0.1731271251E+03    0.1082144339E+03   -0.3686075340E+03
          41    0.1947199499E+03    0.1184565659E+03   -0.4027947231E+03
          42    0.2998670308E+03    0.1891692947E+03   -0.4670306861E+03
          43    0.1755827793E+03    0.8492957062E+02    0.3028177056E+03
          44    0.1732508696E+03    0.1066143577E+03    0.3495535129E+03
          45    0.1993405229E+03    0.1150410085E+03    0.4003201178E+03
          46    0.1989130887E+03    0.1159180101E+03   -0.4028854177E+03
          47    0.1999891470E+03    0.1161985765E+03   -0.4163791363E+03
          48    0.1946854807E+03    0.1184336145E+03   -0.4017826698E+03
          49    0.2024777563E+03    0.9753936090E+02    0.2270513225E+03
          50    0.1967959130E+03    0.1173393908E+03    0.2723601550E+03
          51    0.2039136402E+03    0.9849516481E+02    0.3220128870E+03
          52    0.1994805098E+03    0.1143873214E+03    0.3943467435E+03
          53    0.1943596572E+03    0.1179712002E+03   -0.3813327506E+03
          54    0.1723649930E+03    0.1077940351E+03   -0.3546852883E+03
          55    0.2566049853E+03    0.1431860483E+03   -0.4840335843E+03
          56    0.2034887904E+03    0.1052611615E+03    0.2650247090E+03
          57    0.1744028398E+03    0.9133030837E+02   -0.1913600864E+03
          58    0.1751512343E+03    0.9949359291E+02    0.2101948375E+03
          59    0.1724438791E+03    0.1078279357E+03   -0.3547801730E+03
          60    0.1849228254E+03    0.9161111515E+02    0.2835237869E+03
          61    0.1854358474E+03    0.9186919760E+02    0.2572234671E+03
          62    0.1722380411E+03    0.1081355215E+03   -0.3529873293E+03
          63    0.1081860945E+03    0.1516402179E+03   -0.7777742698E+03
          64    0.1720676356E+03    0.1079715167E+03   -0.3537418796E+03
          65    0.1854144826E+03    0.9189388257E+02    0.2563214600E+03
          66    0.1804932107E+03    0.9339937970E+02    0.2690395698E+03
          67    0.1805278727E+03    0.9340746810E+02    0.2678562571E+03
          68    0.1724545002E+03    0.1078680998E+03   -0.3547451131E+03
          69    0.2036758325E+03    0.9862357487E+02    0.3051323422E+03
          70    0.1802568867E+03    0.9340287798E+02    0.2739779908E+03
          71    0.1781785445E+03    0.9829091216E+02    0.2165201258E+03
          72    0.1811215263E+03    0.9300713992E+02    0.2874203899E+03
          73    0.2492461861E+03   -0.1169308986E+03   -0.4655830448E+03
          74    0.2030252042E+03    0.9873285501E+02    0.3195519815E+03
          75    0.1806164653E+03    0.9345872504E+02    0.2631998307E+03
          76    0.1997768491E+03    0.1162493854E+03   -0.4140992393E+03
          77    0.2033904955E+03    0.9868556284E+02    0.3089550585E+03
          78    0.1728140729E+03    0.1076799750E+03   -0.3544844095E+03
          79    0.1806239148E+03    0.9346761214E+02    0.2625640473E+03
          80    0.1703008945E+03    0.1089629648E+03    0.2387919136E+03
          81    0.1990521268E+03    0.1160444263E+03   -0.4023870251E+03
          82    0.1993001238E+03    0.1157044192E+03   -0.4016885028E+03
          83    0.2375248547E+03    0.6996548878E+02    0.3507304127E+03
          84    0.2039332010E+03    0.9862324773E+02    0.2989289001E+03
          85    0.2021269800E+03    0.9771149337E+02    0.2270186088E+03
          86    0.1734489645E+03    0.1081223466E+03   -0.3648451569E+03
          87    0.1727929605E+03    0.1077502600E+03   -0.3537845667E+03
          88    0.2104608060E+03    0.1124798471E+03   -0.4565260655E+03
          89    0.2039739451E+03    0.9863260072E+02    0.2974806232E+03
          90    0.1725275313E+03    0.1079371915E+03   -0.3541425572E+03
          91    0.1799768167E+03    0.9346346018E+02    0.2768190412E+03
          92    0.2484170340E+03    0.7892977248E+02    0.3312295062E+03
          93    0.1839149859E+03    0.9209853723E+02    0.2709193971E+03
          94    0.1839405848E+03    0.9210863981E+02    0.2697975222E+03
          95    0.2020994394E+03    0.9772528252E+02    0.2267401475E+03
          96    0.1999046329E+03    0.1008670264E+03    0.2990656599E+03
          97    0.1028398586E+03    0.9603461936E+02    0.2623466223E+03
          98    0.2978185348E+03    0.1855172935E+03   -0.4519427406E+03
          99    0.3253373416E+03    0.2329269228E+03    0.3078920344E+03
         100    0.1989418312E+03    0.1158788764E+03   -0.4002941333E+03
