     Index              y_true              y_pred        descriptor_1        descriptor_2
         1    0.1790000000E+02    0.2955658076E+02   -0.4451073480E-02   -0.6607732000E-01
         2    0.5100000000E+02    0.4979725081E+02   -0.1483621593E+00   -0.7265872000E-01
         3    0.1464000000E+02    0.4202791529E+02   -0.1892950312E+00   -0.7303400000E-02
         4    0.4460000000E+02    0.3080344746E+02   -0.3285343638E-01   -0.5371926000E-01
         5    0.7420000000E+02    0.6725986487E+02   -0.2516777556E+00   -0.9195375000E-01
         6    0.2720000000E+02    0.2018235482E+02    0.1706609664E-01   -0.3354378000E-01
         7    0.2067000000E+02    0.1897914759E+02    0.5571758220E-02   -0.2005458000E-01
         8    0.2796000000E+02    0.2548070127E+02    0.1284187520E-01   -0.5711728000E-01
         9    0.3615000000E+02    0.5009630873E+02   -0.1597280161E+00   -0.6671982000E-01
        10    0.6660000000E+02    0.5529724198E+02   -0.3028117500E+00    0.9068300000E-03
        11    0.4307000000E+02    0.4802245459E+02   -0.3493470499E+00    0.6746424000E-01
        12    0.6276000000E+02    0.5779673978E+02   -0.3432924919E+00    0.1492995000E-01
        13    0.5060000000E+01    0.1498145516E+02   -0.1343778876E+00    0.9124241000E-01
        14    0.5301000000E+02    0.4586438895E+02   -0.1713138063E+00   -0.3811796000E-01
        15    0.6524000000E+02    0.6845740824E+02   -0.1868917398E+00   -0.1402299000E+00
        16    0.8285000000E+02    0.9303499308E+02   -0.5151272000E+00   -0.4794818000E-01
        17    0.4263000000E+02    0.3848858316E+02   -0.1743659795E+00    0.5342800000E-03
        18    0.1850000000E+02    0.1577666646E+02    0.0000000000E+00   -0.4980300000E-03
        19    0.6029000000E+02    0.5264413819E+02   -0.3913997551E+00    0.7196690000E-01
        20    0.6056000000E+02    0.7062306542E+02   -0.2741377478E+00   -0.9399613000E-01
        21    0.3120000000E+02    0.2354318757E+02    0.8352467760E-02   -0.4455480000E-01
        22    0.2681000000E+02    0.3186116851E+02    0.1173429840E-01   -0.8810508000E-01
        23    0.5015000000E+02    0.3871923631E+02    0.1267023153E-01   -0.1228016000E+00
        24    0.3187000000E+02    0.2253605989E+02    0.5040136080E-02   -0.3738538000E-01
        25    0.6900000000E+02    0.8279972789E+02   -0.5623823241E+00    0.3379327000E-01
        26    0.5090000000E+02    0.4508379770E+02   -0.1732736400E+00   -0.3295802000E-01
        27    0.3682000000E+02    0.4811462918E+02   -0.4379617159E+00    0.1248975000E+00
        28    0.2078000000E+02    0.1945361121E+02   -0.8524416000E-01    0.3691674000E-01
        29    0.7737000000E+02    0.5890545974E+02   -0.5261608800E+00    0.1288862400E+00
        30    0.2548000000E+02    0.2426165057E+02    0.0000000000E+00   -0.4266900000E-01
        31    0.6383000000E+02    0.6762502432E+02   -0.4010327345E+00    0.3804000000E-02
        32    0.5774000000E+02    0.6110003076E+02   -0.3219002642E+00   -0.1546304000E-01
        33    0.3007000000E+02    0.3900395315E+02   -0.2023548218E+00    0.1625778000E-01
        34    0.2680000000E+02    0.3655660673E+02    0.0000000000E+00   -0.1037758000E+00
        35    0.3200000000E+01    0.1131032547E+02    0.0000000000E+00    0.2170000000E-01
        36    0.5646000000E+02    0.5735022105E+02   -0.3872350474E+00    0.4585656000E-01
        37    0.2551000000E+02    0.2416592503E+02   -0.2088993676E-01   -0.2854598000E-01
        38    0.1845000000E+02    0.2416917660E+02   -0.3499337160E-01   -0.1934846000E-01
        39    0.9080000000E+02    0.7700717113E+02   -0.4352232571E+00   -0.2048949000E-01
        40    0.4537000000E+02    0.3702776301E+02    0.0000000000E+00   -0.1061174800E+00
        41    0.2817000000E+02    0.3396133772E+02    0.2171921638E-01   -0.1050661500E+00
        42    0.8872000000E+02    0.7066322987E+02   -0.4274418436E+00    0.5956800000E-02
