Model_ID, [(c_i,i=0,n)_j,j=1,ntask]
           1    0.3380587470E+03    0.1493197884E+03   -0.1799699492E+04
           2    0.3384932934E+03    0.1423005387E+03   -0.1784894915E+04
           3    0.3367359160E+03    0.1004279084E+03   -0.1839083039E+04
           4    0.3474421922E+03    0.1086829221E+03   -0.7872646335E+03
           5    0.3340084991E+03    0.1498445349E+03   -0.1804140818E+04
           6    0.3529884661E+03    0.1878944927E+03    0.1379410336E+04
           7    0.3416855348E+03    0.1549663065E+03   -0.1794855534E+04
           8    0.3486943155E+03    0.1618408849E+03   -0.1770456781E+04
           9    0.3405033748E+03    0.1701168318E+03    0.1324241089E+04
          10    0.3503646645E+03    0.2072644614E+03    0.1280763741E+04
          11    0.2544747101E+03    0.1441209421E+03    0.3206042056E+03
          12    0.3376059356E+03    0.1868619736E+03    0.1234428908E+04
          13    0.3330593420E+03    0.1772210602E+03   -0.1685329282E+04
          14    0.3400430569E+03   -0.1545060606E+03   -0.1571675677E+04
          15    0.3487166610E+03    0.1083164958E+03   -0.7491522888E+03
          16    0.3508629464E+03    0.2061594776E+03    0.1288837622E+04
          17    0.3685845079E+03    0.1519742992E+03   -0.6156962785E+03
          18    0.3632403102E+03    0.2473911901E+03   -0.1192584497E+04
          19    0.3419215174E+03    0.1467361581E+03   -0.1780279694E+04
          20    0.3375343790E+03    0.1853760187E+03    0.1236932078E+04
          21    0.3635573337E+03    0.1481119308E+03   -0.5904659441E+03
          22    0.4102288096E+03    0.2011432774E+03    0.5928372426E+03
          23    0.4104689640E+03    0.2015524194E+03    0.5908035341E+03
          24    0.3271300631E+03    0.1884501171E+03   -0.1730004836E+04
          25    0.3348930956E+03   -0.1411934670E+03   -0.1685254638E+04
          26    0.3368954094E+03    0.1405573970E+03   -0.1609194310E+04
          27    0.2498146133E+03    0.1503241544E+03    0.5928531120E+03
          28    0.3367264222E+03    0.1829600724E+03   -0.7197869958E+03
          29    0.3353505115E+03    0.2842835367E+03    0.3299361963E+04
          30    0.3421552815E+03    0.1073111573E+03   -0.7417534931E+03
          31    0.2554442209E+03    0.1220773749E+03   -0.1690316701E+04
          32    0.3485447629E+03    0.1535569216E+03   -0.1758211438E+04
          33    0.3363145741E+03    0.1697524949E+03   -0.1683410032E+04
          34    0.3355497755E+03    0.1580834741E+03   -0.1716745418E+04
          35    0.3407590615E+03    0.1448979854E+03   -0.1562879552E+04
          36    0.3514140883E+03   -0.1726468863E+03   -0.1597050213E+04
          37    0.2485731987E+03    0.8153066157E+02   -0.1105329334E+04
          38    0.3341509161E+03    0.1837475012E+03   -0.1716638973E+04
          39    0.3624745096E+03    0.2496538629E+03   -0.7961474702E+03
          40    0.3369564412E+03    0.1390413918E+03   -0.1609407319E+04
          41    0.3365747200E+03    0.1412970053E+03   -0.1593726623E+04
          42    0.3349712566E+03   -0.1396178555E+03   -0.1684848770E+04
          43    0.3534960900E+03    0.2030772445E+03    0.1325004803E+04
          44    0.3382705575E+03    0.1835563005E+03    0.1319506959E+04
          45    0.3454533995E+03    0.2187141344E+03    0.1292082726E+04
          46    0.2492790427E+03    0.1519079524E+03    0.5736022652E+03
          47    0.3351714157E+03    0.1434744933E+03   -0.1489730011E+04
          48    0.3433276174E+03    0.1879782199E+03   -0.7268110513E+03
          49    0.3431412736E+03    0.1057420211E+03   -0.7718359455E+03
          50    0.3360185307E+03    0.1818332068E+03   -0.1685052248E+04
          51    0.2958308763E+03    0.1397002107E+03    0.2342674968E+03
          52    0.3424199734E+03    0.1040382393E+03   -0.7715557610E+03
          53    0.3357119495E+03    0.1381857328E+03   -0.1592658541E+04
          54    0.3401129907E+03    0.9973961340E+02   -0.7609274844E+03
          55    0.3417218038E+03    0.1054180227E+03   -0.1739511852E+04
          56    0.3434660252E+03    0.9762675525E+02   -0.7763003839E+03
          57    0.3407724844E+03    0.1432418357E+03   -0.1563850002E+04
          58    0.3400284669E+03    0.1803384424E+03    0.1329057728E+04
          59    0.3362206302E+03    0.1406865827E+03   -0.1608343104E+04
          60    0.3497496152E+03    0.1769674869E+03   -0.1577303100E+04
          61    0.3411997340E+03   -0.1433679095E+03   -0.1547962878E+04
          62    0.2553738854E+03    0.1146843153E+03   -0.1688318644E+04
          63    0.3664503713E+03    0.3001592535E+03    0.6066758747E+03
          64    0.3366370992E+03    0.1397442003E+03   -0.1594214783E+04
          65    0.3129426465E+03    0.1137148587E+03    0.1563237803E+04
          66    0.3337044900E+03    0.1864804234E+03   -0.1559267529E+04
          67    0.3372234917E+03    0.1936605633E+03   -0.1748311994E+04
          68    0.3528621168E+03   -0.1723977289E+03   -0.6968636597E+03
          69    0.3663126263E+03    0.3006528416E+03    0.6073352605E+03
          70    0.3395847189E+03    0.1319388797E+03   -0.1698367220E+04
          71    0.3490092875E+03    0.1773960849E+03   -0.1593404145E+04
          72    0.3470325066E+03    0.1080289612E+03   -0.1659559475E+04
          73    0.3442757074E+03    0.1097219022E+03   -0.7694697133E+03
          74    0.3368615252E+03    0.8471162936E+02   -0.1634755538E+04
          75    0.3398499340E+03    0.1692114318E+03   -0.7738764690E+03
          76    0.3336314486E+03    0.1850703063E+03   -0.1569362177E+04
          77    0.3433383819E+03    0.9107798570E+02   -0.1654263139E+04
          78    0.3660209247E+03    0.3008440602E+03    0.6049404650E+03
          79    0.3352452902E+03    0.1418253245E+03   -0.1491663717E+04
          80    0.3666380267E+03    0.2998684276E+03    0.6095976970E+03
          81    0.4075734842E+03    0.1972717704E+03   -0.6023745697E+03
          82    0.3124754103E+03    0.2341775480E+03    0.3271597419E+03
          83    0.3659807510E+03    0.3010456007E+03    0.6055759593E+03
          84    0.2572086628E+03    0.8563188889E+02    0.6297410540E+03
          85    0.3215272374E+03    0.1821962901E+03   -0.7247554735E+03
          86    0.3405211439E+03    0.1071081910E+03   -0.1652041575E+04
          87    0.3357878348E+03    0.1367494506E+03   -0.1592890863E+04
          88    0.3358617658E+03    0.1803283913E+03   -0.1715874397E+04
          89    0.3396388129E+03    0.1307642935E+03   -0.1696909384E+04
          90    0.4078237428E+03    0.1977126868E+03    0.5997786818E+03
          91    0.3671476919E+03    0.2977614906E+03    0.6071646465E+03
          92    0.3662368875E+03    0.3007312733E+03    0.6081585158E+03
          93    0.3670688831E+03    0.2981644317E+03    0.6090504267E+03
          94    0.3347974339E+03    0.2804420177E+03    0.3394753615E+04
          95    0.3342377026E+03    0.1451577448E+03   -0.1614043535E+04
          96    0.3668257529E+03    0.2980878792E+03    0.6055583403E+03
          97    0.4134044604E+03    0.2304131735E+03   -0.1540039124E+03
          98    0.2617280411E+03    0.9004481247E+02    0.2293722293E+03
          99    0.3670853541E+03    0.2978232139E+03    0.6081861025E+03
         100    0.3418225136E+03   -0.9726609583E+02   -0.1729370920E+04
