        Rank        RMSE       MaxAE  Feature_ID
           1   25.897828   59.651254  (     664   11019)
           2   26.559754   81.751865  (    4775   10282)
           3   26.841097   61.267951  (    8113   13995)
           4   26.885217   55.329190  (     664   13995)
           5   26.887097   83.927334  (    5381   10282)
           6   26.944458   63.220662  (      66   14411)
           7   26.955460   62.053749  (     299   13995)
           8   26.997283   60.473371  (     180   13995)
           9   27.028031   58.253165  (     540   13995)
          10   27.077302   68.310144  (     540   11019)
          11   27.101133   62.924314  (     299   10674)
          12   27.115558   61.980442  (      66   13003)
          13   27.121289   80.671571  (     318   10679)
          14   27.135599   89.018828  (    4161   10282)
          15   27.175347   66.225492  (    2767   13995)
          16   27.184695   59.169185  (    2243   11019)
          17   27.188793   68.023971  (      14   10413)
          18   27.195771   86.734147  (    2413   10282)
          19   27.198524   70.921027  (      59   13995)
          20   27.202499   76.334210  (     318   19717)
          21   27.211087   82.253648  (     318   11586)
          22   27.252359   90.358543  (      28   10282)
          23   27.272582   65.174589  (      59   10150)
          24   27.292724   61.312433  (    8113   11019)
          25   27.325409   78.499362  (      14   11370)
          26   27.353852   86.342831  (     661   10507)
          27   27.360815   69.130439  (      32   11249)
          28   27.367787   76.311495  (     318   13820)
          29   27.380948   63.298448  (     664   10674)
          30   27.384014   67.463704  (     333   10843)
          31   27.404446   65.704607  (    8113   14773)
          32   27.420782   90.201785  (     327   17699)
          33   27.428212   64.833881  (      66   11167)
          34   27.480273   87.370565  (     327   12066)
          35   27.480575   61.325959  (     540   10674)
          36   27.482201   90.950046  (    4892   10282)
          37   27.484228   89.352280  (    3608   10282)
          38   27.494430   82.503002  (      99   10679)
          39   27.515749   64.205594  (     185   12214)
          40   27.533238   88.059279  (     327   12347)
          41   27.533732   78.646937  (    4775   10679)
          42   27.535530   81.462868  (    6986   10282)
          43   27.543871   83.674156  (     260   10679)
          44   27.546111   72.093259  (      59   11019)
          45   27.547254   88.164388  (     327   12142)
          46   27.553416   79.666589  (      14   12097)
          47   27.557711   61.226104  (     431   13499)
          48   27.559210   93.756821  (    1904   10282)
          49   27.561337   88.180467  (     327   12194)
          50   27.563461   61.106899  (     180   11019)
          51   27.565584   65.124744  (    8113   10674)
          52   27.572374   89.193467  (     327   19337)
          53   27.572915   56.143786  (     540   10150)
          54   27.582545   66.151939  (     180   10674)
          55   27.600880   68.257461  (      59   10674)
          56   27.604922   55.911219  (    2243   13995)
          57   27.605271   92.350828  (     957   10282)
          58   27.607336   85.231629  (     260   11586)
          59   27.611749   88.239339  (     327   12377)
          60   27.618806   82.877912  (     125   11715)
          61   27.624594   62.986868  (     299   11019)
          62   27.625039   77.660444  (     381   10661)
          63   27.628786   62.743636  (    1754   11019)
          64   27.633331   77.375004  (     381   10743)
          65   27.634499   88.106420  (     327   11751)
          66   27.640016   89.376584  (     327   16063)
          67   27.641221   66.996181  (     180   10150)
          68   27.643840   79.368836  (     260   10743)
          69   27.644113   78.630371  (     318   15778)
          70   27.657611   87.473052  (     327   13395)
          71   27.665603   87.826981  (     327   15232)
          72   27.668541   79.689330  (     260   10661)
          73   27.668762   81.989367  (     381   10679)
          74   27.672224   57.950320  (     664   10827)
          75   27.680890   63.084145  (      89   15740)
          76   27.686256   86.395596  (     661   11264)
          77   27.692551   86.351348  (     661   10673)
          78   27.700222   63.024294  (      66   10844)
          79   27.705131   77.219683  (    4775   11396)
          80   27.706806   84.148360  (      99   11586)
          81   27.716649   91.568937  (     327   11446)
          82   27.730012   83.537829  (     381   11586)
          83   27.744124   68.822291  (     299   10150)
          84   27.751848   83.059448  (     327   19605)
          85   27.752457   87.748797  (     327   12611)
          86   27.758587   78.470308  (      53   10005)
          87   27.761392   99.410749  (       4   10005)
          88   27.763087   87.728299  (     327   12609)
          89   27.763790   66.856061  (      80   10135)
          90   27.766069   82.778636  (     119   10679)
          91   27.774726   90.571567  (    8767   10007)
          92   27.778534   58.519770  (     664   10150)
          93   27.780256   89.569053  (     327   14287)
          94   27.785091   88.682096  (     327   13251)
          95   27.789082   86.057572  (      99   10282)
          96   27.789534   88.713824  (     327   13230)
          97   27.791713   64.101992  (    2243   10674)
          98   27.797315   84.795825  (     318   10282)
          99   27.808160   70.016029  (    2767   12210)
         100   27.808571   89.802065  (     327   17846)
