        Rank        RMSE       MaxAE  Feature_ID
           1   27.913789   85.240617  (      19   10001)
           2   27.948693   84.996726  (      19   10002)
           3   28.331529   84.273032  (       1   10001)
           4   28.369225   84.005180  (       1   10002)
           5   28.703539   97.742600  (       3   10004)
           6   28.725369   86.149484  (      19   10003)
           7   28.727464  100.590266  (      29   10004)
           8   28.814260   90.438022  (      50   10001)
           9   28.861018   98.036160  (      19   10004)
          10   28.861732   91.168078  (       1   10004)
          11   28.873928   87.356285  (       3   10001)
          12   28.879354   75.923003  (      19   10027)
          13   28.896799   90.137354  (      50   10002)
          14   28.904811   65.836251  (     961   13490)
          15   28.914686   86.732946  (       1   10003)
          16   28.953843   87.063464  (       3   10002)
          17   28.995636  104.888346  (      50   10004)
          18   29.031233   90.110887  (       3   10003)
          19   29.040472  107.720653  (      87   10004)
          20   29.051507   77.494865  (      19   10105)
          21   29.069409   82.701128  (    9756   10347)
          22   29.105905   80.274031  (      19   10016)
          23   29.134618   91.936540  (      50   10003)
          24   29.197644   82.615573  (      19   10011)
          25   29.248992   68.210722  (     315   12075)
          26   29.268982   74.021143  (      19   10136)
          27   29.311469   67.240209  (     961   12518)
          28   29.368504   89.225673  (       1   10005)
          29   29.395529   91.430162  (    3542   10370)
          30   29.398709   95.906265  (      19   10005)
          31   29.436184   98.163756  (      29   10005)
          32   29.445037   88.974049  (       1   10006)
          33   29.448557   70.574347  (    5609   12075)
          34   29.449130   68.577348  (     315   13747)
          35   29.452622   80.825790  (      19   10022)
          36   29.463733   74.121733  (    1855   10012)
          37   29.465243   68.316320  (     315   13854)
          38   29.483563   95.627670  (      19   10006)
          39   29.484416   68.195470  (     315   13928)
          40   29.486452   78.197128  (      19   10040)
          41   29.488610   77.181368  (      19   10178)
          42   29.494987   73.912903  (      19   10149)
          43   29.502551   95.264574  (       3   10005)
          44   29.537259   97.856749  (      29   10006)
          45   29.563439   72.908128  (    7553   12075)
          46   29.567647   67.317145  (     387   12075)
          47   29.578995   80.588562  (    2523   12896)
          48   29.579514   67.715693  (     315   11975)
          49   29.582255   79.962803  (      19   10257)
          50   29.606236   94.962139  (       3   10006)
          51   29.667435   67.537178  (     315   14730)
          52   29.712610   85.721494  (     738   10370)
          53   29.730942   85.816762  (    6356   10334)
          54   29.760487   80.941741  (    6356   12074)
          55   29.776657   67.105591  (     961   14291)
          56   29.797878   81.690258  (    2523   12592)
          57   29.799963   67.192568  (     961   14953)
          58   29.801420   69.743038  (     961   12075)
          59   29.806951   78.032472  (    2523   11965)
          60   29.809484   71.216982  (     315   13490)
          61   29.813173   66.886085  (     387   11975)
          62   29.841755   68.717712  (     315   13111)
          63   29.841886   65.833058  (     961   12592)
          64   29.842957   81.279351  (       1   10016)
          65   29.843704   78.836365  (    9756   10027)
          66   29.851876   68.062362  (     387   13111)
          67   29.853966  102.157955  (      50   10005)
          68   29.869242   64.805364  (     961   12896)
          69   29.883032   67.623555  (     961   14325)
          70   29.886188   67.580994  (     387   13747)
          71   29.886507   71.520561  (      19   10546)
          72   29.894615   67.329613  (     387   13854)
          73   29.897315   66.698664  (     315   14625)
          74   29.899840   81.166186  (       1   10008)
          75   29.902394   78.746470  (     172   10105)
          76   29.910362   67.212732  (     387   13928)
          77   29.917234   78.667097  (      19   10044)
          78   29.934957   79.771978  (      19   10052)
          79   29.937497   85.033595  (      50   10016)
          80   29.938741   77.489761  (      19   10066)
          81   29.946335   70.081305  (    3596   18770)
          82   29.946635   81.568240  (    6356   10633)
          83   29.955291   66.446983  (     315   18257)
          84   29.959597   81.161646  (       1   10009)
          85   29.965295   82.072104  (      50   10105)
          86   29.968161  101.822379  (      50   10006)
          87   29.968790   92.723870  (    1682   10370)
          88   29.970518   81.459025  (    6356   10332)
          89   29.972644   70.679604  (    3596   18813)
          90   29.975977   78.481716  (      19   10045)
          91   29.981579   82.821132  (    2523   17623)
          92   29.982723   87.739498  (      50   10011)
          93   29.989639   66.136912  (     961   12836)
          94   29.994318   69.336101  (     961   11975)
          95   29.996617   71.209003  (    3372   10370)
          96   30.018678   65.670163  (     315   13847)
          97   30.025036   87.812079  (       3   10308)
          98   30.026872   92.712910  (       1   10010)
          99   30.026980   71.769424  (      19   10441)
         100   30.029930   78.231386  (      19   10058)
