Materials	Properties	feature1	feature2	feature3	feature4	feature5	feature6	feature7	feature8	feature9	feature10	feature11	feature12	feature13	feature14	feature15	feature16	feature17	feature18	feature19	feature20
sample1	438.0000	0.0000	0.0000	0.0000	0.0000	0.0000	0.0000	0.0000	0.0000	0.0000	0.0000	0.9504	0.0961	0.2027	0.7326	0.4283	0.2315	0.6937	0.5286	0.4083	0.6342
sample2	256.1000	0.0000	0.0000	0.0000	0.0000	0.0000	0.0000	0.0000	0.0000	0.0000	0.0000	0.4823	0.1155	0.2256	1.0000	0.2280	0.2284	0.5661	0.6292	0.3112	0.7405
sample3	394.5000	0.0000	0.0000	0.0000	0.0000	0.0000	0.0000	0.0000	0.0000	0.0000	0.0000	0.6454	0.0816	0.2888	0.7326	0.2787	0.2840	0.6272	0.2372	0.2768	0.4449
sample4	401.0000	0.0000	0.0000	0.0000	0.0000	0.2500	0.0000	0.0000	0.0000	0.0000	0.0000	0.8511	0.0786	0.3127	0.7326	0.5830	0.7099	0.6859	0.3558	0.4415	0.8003
sample5	256.1000	0.0000	0.0000	0.0000	0.0000	0.2500	0.0000	0.0000	0.0000	0.0000	0.0000	0.3901	0.1119	0.5163	0.3372	0.3840	1.0000	0.5575	0.8701	0.6021	0.9289
sample6	424.0000	0.0000	0.0000	0.0000	0.0000	0.0000	0.0000	0.0000	0.0000	0.0000	0.0000	0.7730	0.1850	0.0913	0.7326	0.3776	0.3889	0.6521	0.4257	0.6101	0.6479
sample7	409.7000	0.0000	1.0000	0.0000	0.0000	0.0000	0.0000	0.0000	0.0000	0.0000	0.0000	0.9716	0.0689	0.2489	0.7326	0.4892	0.5309	0.8391	0.0000	0.4129	0.3809
sample8	169.3000	0.0000	0.0000	0.0000	0.0000	0.0000	0.0000	0.0000	1.0000	0.0000	0.0000	0.3688	0.1028	0.2511	0.4070	0.2787	0.2901	0.6748	0.8385	0.3597	0.8650
sample9	415.0000	0.0000	0.0000	0.0000	0.0000	0.0000	0.0000	0.0000	0.0000	0.0000	0.0000	0.9220	0.4377	0.0945	0.7326	0.4752	0.2685	0.6864	0.7895	0.4457	0.8738
sample10	328.1500	0.0000	0.0000	0.0000	0.0000	0.0000	0.0000	0.0000	0.0000	0.0000	0.0000	0.4752	0.0387	1.0000	0.7326	0.2280	0.2469	0.5896	0.6933	0.4522	0.7545
sample11	513.2000	0.0000	0.0000	0.0000	0.0000	0.0000	0.0000	0.0000	0.0000	0.0000	0.0000	0.9645	0.1125	0.0000	0.7326	0.3805	0.0000	0.7114	0.1577	0.3635	0.4029
sample12	367.4300	0.0000	0.0000	0.0000	0.0000	0.0000	1.0000	0.0000	0.0000	0.0000	0.0000	0.9078	0.0375	0.0022	0.4535	0.4058	0.0000	0.6025	0.6343	0.5382	0.9010
sample13	338.0000	0.0000	0.0000	0.0000	0.0000	0.0000	0.0000	0.0000	0.0000	0.0000	0.0000	0.9787	0.0665	0.0087	1.0000	0.3776	0.0154	0.7561	0.1002	0.3788	0.4308
sample14	471.1500	0.0000	0.0000	0.0000	0.0000	0.0000	0.0000	0.0000	0.0000	0.0000	0.0000	0.8085	0.0665	0.9532	0.7326	0.3294	0.2469	0.6673	0.1216	0.5501	0.4899
sample15	268.0300	0.0000	0.0000	0.0000	0.0000	0.0000	0.0000	0.0000	0.0000	0.0000	0.0000	0.4894	0.0846	0.3589	0.7326	0.2280	0.5000	0.4563	0.4010	0.8701	0.1776
sample16	274.4000	0.0000	0.0000	0.0000	0.0000	0.0000	0.0000	0.0000	1.0000	0.0000	0.0000	0.3688	0.0580	0.2178	0.4070	0.2344	0.2778	0.5614	0.8550	0.6197	0.8765
sample17	89.5000	0.0000	0.0000	1.0000	0.0000	0.0000	0.0000	0.0000	0.0000	0.0000	0.0000	0.1489	0.0290	0.0141	0.4535	0.2280	0.0000	0.1011	0.9666	0.9178	1.0000
sample18	263.4000	0.0000	0.0000	0.0000	0.0000	0.0000	0.0000	0.0000	0.0000	1.0000	0.0000	0.7092	0.1022	0.2721	0.0000	0.3561	0.6111	1.0000	0.8556	0.0096	0.9290
sample19	468.0000	0.0000	0.0000	0.0000	0.0000	0.0000	0.0000	0.0000	0.0000	0.0000	0.0000	0.8014	0.0169	0.2540	0.7326	0.3738	0.3796	0.6692	0.1081	0.1101	0.0138
sample20	248.0000	0.0000	0.0000	0.0000	0.3333	0.0000	0.0000	0.0000	0.0000	0.0000	0.0000	0.3688	0.0919	0.2325	0.3605	0.2420	0.3148	0.5030	0.8356	0.6468	0.9012
sample21	246.6500	0.0000	0.0000	0.0000	0.0000	0.0000	0.0000	0.3333	0.0000	0.0000	0.0000	0.5390	0.0883	0.4680	0.3605	0.2863	0.5309	0.6182	0.8005	0.4610	0.8918
sample22	446.0000	0.0000	0.0000	0.0000	0.0000	0.0000	0.0000	0.0000	0.0000	0.0000	0.0000	0.7730	0.0617	0.1566	1.0000	0.3332	0.2315	0.6261	0.2290	0.0466	0.0000
sample23	158.8000	0.0000	0.0000	0.0000	0.0000	0.0000	0.0000	0.0000	0.0000	0.0000	0.0000	0.2340	0.0961	0.3083	0.7326	0.0949	0.4630	0.1878	0.7120	0.7336	0.7949
sample24	363.2000	0.0000	0.0000	0.0000	0.0000	1.0000	0.0000	0.0000	0.0000	0.0000	0.0000	0.6028	0.0520	0.0046	0.3372	1.0000	0.0000	0.6843	0.8989	0.6514	0.9704
sample25	239.6000	0.0000	0.0000	0.0000	0.6667	0.0000	0.0000	0.0000	0.0000	0.0000	0.0000	0.4184	0.0623	0.2190	0.3605	0.3066	0.3642	0.5020	0.8393	0.6613	0.8987
sample26	386.0000	0.0000	0.0000	0.0000	0.0000	0.0000	0.0000	0.0000	0.0000	0.0000	0.0000	1.0000	0.1004	0.0059	1.0000	0.3738	0.0185	0.7809	0.3480	0.0000	0.6034
sample27	338.7000	0.0000	0.0000	0.0000	0.0000	0.0000	0.0000	0.0000	0.0000	0.0000	0.0000	0.6879	0.1608	0.2167	0.7326	0.2851	0.4630	0.5418	0.1408	0.5650	0.4899
sample28	478.0000	1.0000	0.0000	0.0000	0.0000	0.0000	0.0000	0.0000	0.0000	0.0000	0.0000	0.9716	0.1088	0.1450	0.7326	0.4372	0.2778	0.7348	0.0794	0.3116	0.3419
sample29	256.6500	0.0000	0.0000	0.0000	0.0000	0.0000	0.0000	0.0000	0.0000	0.0000	0.0000	0.2979	0.0000	0.0000	0.0000	0.1777	0.0000	0.5243	0.9397	0.5608	0.9584
sample30	301.0000	0.0000	0.0000	0.0000	0.0000	0.0000	0.0000	0.0000	0.0000	0.0000	0.0000	0.6738	0.1119	0.2697	1.0000	0.2724	0.2685	0.6951	0.5307	0.3850	0.7246
sample31	90.7000	0.0000	0.0000	0.0000	0.0000	0.0000	0.0000	0.0000	0.0000	0.0000	0.0000	0.0000	0.0000	0.0000	0.0000	0.0000	0.0000	0.0000	1.0000	1.0000	0.9964
sample32	389.1500	0.0000	0.0000	0.0000	0.0000	0.0000	0.0000	0.0000	0.0000	0.0000	0.0000	0.6170	0.1215	0.2758	1.0000	0.2825	0.2778	0.5852	0.2777	0.1288	0.1651
sample33	360.2000	0.0000	0.0000	0.0000	0.0000	0.0000	0.0000	0.0000	0.0000	0.0000	0.0000	0.6170	0.1711	0.3252	0.7326	0.3269	0.4599	0.6086	0.4128	0.5218	0.6258
sample34	326.0000	0.0000	0.0000	0.0000	0.0000	0.0000	0.0000	0.0000	0.0000	0.0000	0.0000	0.6099	0.1433	0.3081	0.6395	0.3738	0.5525	0.5876	0.7237	0.4973	0.8663
sample35	345.0000	0.0000	0.0000	0.0000	0.0000	0.0000	0.0000	0.0000	0.0000	0.0000	0.0000	0.8865	0.1886	0.1339	0.7326	0.5234	0.2315	0.6782	0.8853	0.5887	0.9507
sample36	327.5000	0.0000	0.0000	0.0000	0.0000	0.0000	0.0000	0.0000	0.0000	0.0000	0.0000	0.7447	0.2666	0.2549	0.6395	0.4727	0.4784	0.6296	0.7853	0.4939	0.8792
sample37	399.0000	0.0000	0.0000	0.0000	0.0000	0.0000	0.5000	0.0000	0.0000	0.0000	0.0000	0.9362	0.0762	0.0227	0.7326	0.3928	0.0340	0.6600	0.3140	0.2324	0.6705
sample38	251.6000	0.0000	0.0000	0.0000	0.3333	0.0000	0.0000	0.0000	0.0000	0.0000	0.0000	0.5035	0.1814	0.2932	0.6395	0.3409	0.4753	0.5423	0.6891	0.4950	0.8721
sample39	174.3000	0.0000	0.0000	0.0000	0.0000	0.0000	0.0000	0.0000	0.0000	0.0000	0.0000	0.5035	1.0000	0.9796	0.0000	0.2217	0.2160	0.6525	0.9054	0.3253	0.9469
sample40	309.1000	0.0000	0.0000	0.0000	0.0000	0.0000	0.0000	0.0000	0.0000	0.0000	0.0000	0.4752	0.0308	0.3357	0.7326	0.2724	0.4630	0.5871	0.0617	0.8326	0.1528
sample41	240.1500	0.0000	0.0000	0.0000	1.0000	0.0000	0.0000	0.0000	0.0000	0.0000	0.0000	0.4397	0.0695	0.1691	0.3605	0.3713	0.3148	0.4825	0.8725	0.6923	0.9592
sample42	288.6400	0.0000	0.0000	0.0000	0.0000	0.0000	0.0000	1.0000	0.0000	0.0000	0.0000	0.9929	0.1433	0.2705	0.3605	0.5056	0.5309	0.8452	0.8047	0.4297	0.8918
