        Rank        RMSE       MaxAE  Feature_ID
           1    3.217592   10.562873  (    7640   13739)
           2    3.233340   10.178297  (    7640   10672)
           3    3.248247    7.655298  (     223   10003)
           4    3.251214    7.599792  (       5   10003)
           5    3.306810   10.121669  (    7640   10384)
           6    3.319618    7.262010  (       5   10001)
           7    3.321230    9.965537  (    5953   15018)
           8    3.345202    8.139673  (     223   10001)
           9    3.347389    8.860200  (    7640   17567)
          10    3.408131   10.425223  (     518   15821)
          11    3.445657   10.013130  (    2495   15018)
          12    3.454506   10.251377  (     662   15821)
          13    3.458364   10.255836  (     679   15821)
          14    3.458501   10.185428  (     539   15821)
          15    3.472816   10.793201  (    7640   19907)
          16    3.479940   10.376318  (     783   15821)
          17    3.484302   10.502837  (     930   15821)
          18    3.485502   10.287436  (     818   15821)
          19    3.486205   10.156880  (    7640   11369)
          20    3.486823   10.350518  (     917   15821)
          21    3.499055   10.487247  (    7640   16525)
          22    3.503765   10.568005  (      19   16329)
          23    3.512968    9.673059  (    2774   15821)
          24    3.515088   10.380702  (    7640   12411)
          25    3.518664   10.244326  (    1692   15821)
          26    3.520072   10.328186  (    1041   15821)
          27    3.521297    8.054245  (       5   14199)
          28    3.521980   10.462739  (     163   16329)
          29    3.526676   10.336026  (    1085   15821)
          30    3.527212   11.586016  (     315   15821)
          31    3.532184   10.424103  (     656   15821)
          32    3.533235    9.377330  (       5   11623)
          33    3.534665    9.220308  (       5   13822)
          34    3.540142   10.534553  (    1189   15821)
          35    3.540168    9.745032  (     176   15821)
          36    3.542237    8.623594  (      15   14199)
          37    3.545875    9.288667  (    3598   10157)
          38    3.546171    9.530085  (    6178   15821)
          39    3.547545   10.762955  (    7640   17852)
          40    3.549959   11.136484  (     108   19987)
          41    3.551201    9.472745  (       5   13126)
          42    3.553375   10.141213  (    2725   16329)
          43    3.555575    9.542780  (    1682   15821)
          44    3.557216   10.471792  (     698   15821)
          45    3.558121   10.379082  (       5   18510)
          46    3.558154    9.157809  (     176   16329)
          47    3.559896   12.654133  (     201   15821)
          48    3.561373   10.644423  (    9542   19715)
          49    3.561440   10.559781  (    9542   17493)
          50    3.562704   10.716126  (     120   16329)
          51    3.563717   10.783606  (    7640   12066)
          52    3.563843    7.831994  (      15   10003)
          53    3.564508   10.348588  (    9542   14758)
          54    3.567105   10.099233  (    3701   16329)
          55    3.567630   10.289221  (    1430   15821)
          56    3.568268   10.500135  (    1670   15821)
          57    3.570517    8.586067  (    5194   15018)
          58    3.570692    9.120629  (     346   16329)
          59    3.570827    9.717665  (    7855   17945)
          60    3.571019   12.074324  (     334   15821)
          61    3.572644   10.033199  (       5   17138)
          62    3.573184   10.208786  (    9542   11564)
          63    3.573281    9.314365  (      19   10246)
          64    3.573326   10.404470  (    1817   19239)
          65    3.573553   10.470769  (    1795   19239)
          66    3.574305   10.066790  (    9542   12042)
          67    3.576452   10.453756  (    7640   16564)
          68    3.576501   10.858276  (     476   15821)
          69    3.577004   10.464488  (    7640   16049)
          70    3.577715    9.740543  (     310   16329)
          71    3.578713    9.767797  (    1710   16329)
          72    3.579168   10.165820  (    9542   11425)
          73    3.579545   10.539503  (    1693   19239)
          74    3.579801   10.468849  (    1763   15821)
          75    3.579872   10.980969  (     668   19987)
          76    3.580110   10.249318  (    9542   11567)
          77    3.580455   10.120475  (    3936   16329)
          78    3.583410    9.676278  (    1603   15821)
          79    3.584453   10.266023  (    9542   11822)
          80    3.584897   10.351509  (     137   15821)
          81    3.585541   10.583392  (     681   16329)
          82    3.586167   10.473719  (    7640   17591)
          83    3.586345   10.160401  (    9542   10736)
          84    3.586791   10.119127  (    4042   16329)
          85    3.587706   10.811166  (     340   16329)
          86    3.587736    9.581283  (    1964   15821)
          87    3.588033   11.150485  (      24   19987)
          88    3.588152   10.348877  (    1491   15821)
          89    3.589005   10.656594  (      19   19987)
          90    3.589366   10.106900  (     176   19239)
          91    3.589975   10.197551  (    3669   16329)
          92    3.590951   10.927978  (     103   16329)
          93    3.591433   12.080245  (     369   15821)
          94    3.591436   12.093616  (     478   15821)
          95    3.591593   10.956567  (    1191   19987)
          96    3.592182   10.621530  (    7640   16129)
          97    3.592744    7.496876  (      15   10001)
          98    3.593136   10.110096  (    9542   12445)
          99    3.593965   10.062467  (    1078   11721)
         100    3.594585   10.520771  (     167   16329)
