        Rank        RMSE       MaxAE  Feature_ID
           1   26.178893   69.515670  (     172   10549)
           2   26.197333   57.707979  (       3   11126)
           3   26.221829   77.712426  (       3   10012)
           4   26.262946   66.555665  (    5979   11885)
           5   26.326347   57.847094  (       3   10748)
           6   26.375163   58.005876  (       3   12604)
           7   26.431261   77.292486  (       3   10019)
           8   26.549987   58.317297  (       3   11754)
           9   26.666164   77.527959  (       3   10044)
          10   26.764201   64.784133  (       3   10040)
          11   26.906920   77.177658  (       3   10100)
          12   26.909605   71.741355  (       2   18771)
          13   26.944809   78.924216  (    6149   12970)
          14   26.990134   70.430919  (     476   11885)
          15   26.996796   76.853995  (       3   10149)
          16   27.041105   76.907590  (       3   10167)
          17   27.066975   79.441273  (    6149   16121)
          18   27.070359   71.553019  (       2   18745)
          19   27.082121   75.856003  (       3   10041)
          20   27.086624   66.438865  (     663   11885)
          21   27.091739   75.811212  (       3   10036)
          22   27.096795   65.727986  (       3   11885)
          23   27.105441   72.658160  (     172   10217)
          24   27.116706   68.903412  (     172   10734)
          25   27.117132   79.282037  (    6149   16491)
          26   27.130967   67.492605  (     172   10041)
          27   27.150562   67.584110  (     172   10036)
          28   27.172332   67.802811  (     172   10295)
          29   27.182406   67.419831  (     172   10247)
          30   27.190905   68.634527  (       3   10450)
          31   27.203851   68.775039  (     184   11885)
          32   27.226403   76.520989  (       3   10301)
          33   27.244885   68.111562  (       3   10371)
          34   27.252428   75.653297  (       3   10197)
          35   27.261485   75.075546  (       3   10249)
          36   27.265693   67.955282  (     172   10396)
          37   27.277092   66.657541  (     172   10197)
          38   27.291816   64.171230  (       3   10137)
          39   27.299275   68.649607  (     183   11885)
          40   27.300105   68.642457  (     188   11885)
          41   27.301118   68.588468  (     180   11885)
          42   27.303144   68.633969  (     191   11885)
          43   27.308391   70.173289  (     573   11885)
          44   27.311255   70.165473  (     582   11885)
          45   27.316338   70.156288  (     590   11885)
          46   27.319478   68.684047  (     195   11885)
          47   27.320841   70.107397  (     575   11885)
          48   27.321491   75.417339  (       3   10034)
          49   27.322165   70.210861  (     597   11885)
          50   27.322482   66.992094  (     172   10261)
          51   27.336180   63.843822  (       3   10358)
          52   27.357201   72.301850  (     172   18801)
          53   27.363116   66.081888  (     172   10034)
          54   27.364898   63.850530  (       3   10350)
          55   27.366235   75.351291  (       3   10148)
          56   27.369213   63.710425  (       3   11969)
          57   27.377365   66.267216  (     172   10249)
          58   27.397446   71.522692  (     172   10137)
          59   27.411622   73.871909  (     172   10243)
          60   27.416433   63.705337  (       3   11972)
          61   27.418914   75.662164  (       3   10472)
          62   27.429329   66.832434  (     172   10133)
          63   27.457326   74.483278  (       3   10441)
          64   27.457896   74.983996  (       3   10369)
          65   27.460067   66.343922  (     172   10148)
          66   27.463837   74.866620  (       3   10261)
          67   27.478925   75.042348  (       3   10310)
          68   27.480104   75.123362  (       3   10362)
          69   27.499610   75.165068  (       3   10423)
          70   27.514296   75.237329  (       3   10365)
          71   27.521435   63.055434  (       3   15452)
          72   27.527210   69.017082  (     172   16572)
          73   27.544654   74.448054  (       3   10247)
          74   27.550570   78.081925  (    6149   11299)
          75   27.552850   78.558319  (    6149   11997)
          76   27.566033   77.998130  (    6149   11418)
          77   27.571279   67.173049  (     172   10411)
          78   27.576235   68.346548  (     216   11885)
          79   27.576507   68.353099  (     214   11885)
          80   27.578078   68.405648  (     219   11885)
          81   27.578096   68.398947  (     223   11885)
          82   27.578160   68.338654  (     221   11885)
          83   27.580308   68.390905  (     230   11885)
          84   27.587653   77.672666  (    6149   10935)
          85   27.590858   66.603315  (     172   10365)
          86   27.594718   68.281683  (     215   11885)
          87   27.599869   68.445780  (     234   11885)
          88   27.600192   68.438921  (     237   11885)
          89   27.602702   68.430723  (     240   11885)
          90   27.610405   66.409415  (     172   10423)
          91   27.613894   79.045422  (    6149   13624)
          92   27.624523   67.856801  (       3   13089)
          93   27.626545   66.369691  (     172   10362)
          94   27.630107   77.529033  (    6149   11095)
          95   27.634017   68.476889  (       3   17670)
          96   27.634681   78.761567  (    6149   13972)
          97   27.642351   68.466522  (     252   11885)
          98   27.644920   77.978847  (    6149   12447)
          99   27.647368   68.288869  (     172   10065)
         100   27.650464   78.619671  (    6149   13756)
