Model_ID, [(c_i,i=0,n)_j,j=1,ntask]
           1    0.5223253401E+02    0.5204469327E+02    0.1762596941E+03
           2    0.5433222783E+02    0.4621153330E+02    0.1656351321E+03
           3    0.6912645002E+02    0.3240121981E+02   -0.1675486993E+03
           4    0.6440431307E+02   -0.2626915052E+02    0.1542888691E+03
           5    0.5189250691E+02    0.5206576142E+02    0.1767615111E+03
           6    0.6671665363E+02    0.6051502388E+02    0.1427742722E+03
           7    0.6683853956E+02   -0.6063470460E+02    0.1433861778E+03
           8    0.5385637956E+02    0.4017414641E+02    0.1769813066E+03
           9    0.7480072570E+02   -0.5902187403E+02    0.1664769724E+03
          10    0.6584841281E+02   -0.2762535211E+02    0.1379659167E+03
          11    0.6613771143E+02   -0.5936080572E+02    0.1400479972E+03
          12    0.6461802823E+02   -0.5627872670E+02    0.1549129381E+03
          13    0.6637496413E+02   -0.6002715362E+02    0.1414943515E+03
          14    0.6510903944E+02    0.5722404785E+02    0.1566028499E+03
          15    0.6521116261E+02   -0.5730412515E+02    0.1570210022E+03
          16    0.6630727216E+02   -0.5993509296E+02    0.1418454362E+03
          17    0.6481038773E+02   -0.5682684110E+02    0.1558515729E+03
          18    0.6168411188E+02   -0.2907093224E+02    0.1612273408E+03
          19    0.6615931867E+02   -0.5966621619E+02    0.1408381534E+03
          20    0.6473785107E+02   -0.5671858729E+02    0.1561192941E+03
          21    0.6619448334E+02   -0.5972824959E+02    0.1421673574E+03
          22    0.7170840795E+02    0.7166018768E+02    0.1577759113E+03
          23    0.6592163942E+02   -0.5982517322E+02    0.1414876282E+03
          24    0.6461754034E+02   -0.5651587724E+02    0.1555240355E+03
          25    0.6683704953E+02   -0.6059387691E+02    0.1491641446E+03
          26    0.6439409378E+02   -0.5668015482E+02    0.1565973239E+03
          27    0.6597214298E+02    0.5913347842E+02    0.1401006879E+03
          28    0.6604079691E+02   -0.2972883714E+02    0.1405065522E+03
          29    0.6445588912E+02    0.5605342637E+02    0.1551691020E+03
          30    0.6148945661E+02    0.2930911182E+02    0.1755602104E+03
          31    0.6600179035E+02   -0.5937200397E+02    0.1398341464E+03
          32    0.6605986648E+02   -0.5949257830E+02    0.1411692549E+03
          33    0.6448736555E+02   -0.5628754046E+02    0.1549433055E+03
          34    0.4403131587E+02   -0.3079117985E+02    0.1715665725E+03
          35    0.5454962966E+02   -0.4327363085E+02    0.1566936256E+03
          36    0.6451070068E+02   -0.2816669062E+02    0.1553721345E+03
          37    0.6306049997E+02   -0.3066006580E+02    0.1446196679E+03
          38    0.6284111626E+02   -0.3055057833E+02    0.1948957383E+03
          39    0.6688050126E+02   -0.6059600743E+02    0.1501229219E+03
          40    0.6301640307E+02   -0.5385021849E+02    0.1584251862E+03
          41    0.6598884984E+02   -0.2968249134E+02    0.1406708470E+03
          42    0.5485426449E+02    0.4239997589E+02    0.1576932755E+03
          43    0.6462225220E+02   -0.5650156089E+02    0.1564244761E+03
          44    0.6448169640E+02   -0.5686321008E+02    0.1430405948E+03
          45    0.6594626009E+02   -0.5936037629E+02    0.1403237909E+03
          46    0.6451474456E+02   -0.5633051283E+02    0.1558194312E+03
          47    0.6442491776E+02   -0.5625227150E+02    0.1553371245E+03
          48    0.7479877065E+02    0.7371890247E+02    0.1502805388E+03
          49    0.6634634480E+02    0.5989255262E+02    0.1869769245E+03
          50    0.6445719713E+02   -0.2811758897E+02    0.1555220553E+03
          51    0.6591133211E+02   -0.5922838108E+02    0.1401625142E+03
          52    0.6141894792E+02    0.3013541765E+02    0.1765043679E+03
          53    0.6473451317E+02   -0.5641742408E+02    0.1671535094E+03
          54    0.6591542631E+02   -0.5923102341E+02    0.1401731043E+03
          55    0.6591938493E+02   -0.5923331950E+02    0.1401836216E+03
          56    0.6646325832E+02   -0.6000267968E+02    0.1877390270E+03
          57    0.7042473772E+02   -0.6148505111E+02    0.1546126356E+03
          58    0.6439358230E+02   -0.5613161074E+02    0.1552185516E+03
          59    0.6439717795E+02   -0.5613342420E+02    0.1552282192E+03
          60    0.6551099611E+02   -0.2736540729E+02    0.1808596714E+03
          61    0.6440064351E+02   -0.5613490830E+02    0.1552380112E+03
          62    0.7141541384E+02   -0.6390152554E+02    0.1522564485E+03
          63    0.6433473170E+02   -0.2801267374E+02    0.1549380000E+03
          64    0.6588277307E+02   -0.5909725788E+02    0.1400220261E+03
          65    0.6583964622E+02   -0.2954540588E+02    0.1396762003E+03
          66    0.6436768011E+02   -0.5601034153E+02    0.1551215672E+03
          67    0.6578842699E+02   -0.5878374770E+02    0.1835734637E+03
          68    0.7461431011E+02   -0.6381006202E+02    0.1617178153E+03
          69    0.7143855323E+02   -0.6216893252E+02    0.1500322451E+03
          70    0.6426990430E+02   -0.5591104722E+02    0.1546514711E+03
          71    0.6627268958E+02   -0.5824468958E+02   -0.1388224599E+03
          72    0.7172439325E+02   -0.6331642114E+02    0.1521733435E+03
          73    0.6576156093E+02   -0.5894446210E+02    0.1391803058E+03
          74    0.6427718054E+02    0.2795822635E+02    0.1550923237E+03
          75    0.5476725171E+02    0.4332184237E+02    0.1583257961E+03
          76    0.6578343220E+02    0.2949337691E+02    0.1398381722E+03
          77    0.6420171843E+02   -0.5573273036E+02    0.1656153805E+03
          78    0.6601546273E+02   -0.5942633460E+02    0.1854104774E+03
          79    0.7236394675E+02   -0.6413288917E+02    0.1586852472E+03
          80    0.6413329552E+02   -0.5566419017E+02    0.1540897599E+03
          81    0.4302775722E+02   -0.3111955370E+02    0.1691306192E+03
          82    0.7306137939E+02   -0.2755431962E+02    0.1614174491E+03
          83    0.5190692287E+02    0.5117928710E+02    0.2175256932E+03
          84    0.5942308611E+02    0.4449376617E+02    0.1753604618E+03
          85    0.7150763378E+02   -0.6306354125E+02    0.1506657120E+03
          86    0.6578569758E+02    0.5897898538E+02    0.1404860217E+03
          87    0.6595257837E+02   -0.5934892471E+02    0.1861111334E+03
          88    0.5408165651E+02    0.4404660646E+02    0.1609200918E+03
          89    0.6320546618E+02   -0.5424870279E+02    0.1635745848E+03
          90    0.6956909938E+02    0.6042747745E+02    0.1526315747E+03
          91    0.6426550206E+02    0.5587386900E+02    0.1555511145E+03
          92    0.6815853689E+02   -0.7134146925E+02   -0.1264622987E+03
          93    0.7152306050E+02   -0.6299901909E+02    0.1498714354E+03
          94    0.6528176467E+02   -0.5695212716E+02    0.1495072023E+03
          95    0.6580852256E+02   -0.5920092126E+02    0.1402184562E+03
          96    0.7146504666E+02   -0.6292286090E+02    0.1504798216E+03
          97    0.6429037193E+02   -0.5609197987E+02    0.1553330654E+03
          98    0.6654670111E+02   -0.2863672294E+02    0.1610411809E+03
          99    0.7148903145E+02   -0.6294110714E+02    0.1506088471E+03
         100    0.7148924516E+02   -0.6294125771E+02    0.1506100353E+03
