        Rank        RMSE       MaxAE  Feature_ID
           1   28.369548   97.954881  (    1348   10327)
           2   28.609647   93.919737  (    4799   10327)
           3   28.741673  100.692495  (    5430   10327)
           4   29.034178   93.222451  (    1171   10327)
           5   29.195018   92.773888  (    6229   10327)
           6   29.209427   89.900597  (    3851   11578)
           7   29.577995   92.392594  (    1186   10327)
           8   29.764888   92.339152  (     360   10327)
           9   29.937562   77.253617  (    1140   12211)
          10   30.037434   82.313081  (    5826   10667)
          11   30.077373   94.768966  (     360   10126)
          12   30.102056   81.465144  (    8975   17078)
          13   30.103515   82.286120  (    5826   14051)
          14   30.104257   95.296276  (    2162   10327)
          15   30.110848   82.259514  (    8975   15203)
          16   30.122863   81.608136  (    5826   17078)
          17   30.123578   82.394626  (    5826   15203)
          18   30.147648   92.382612  (    3851   10126)
          19   30.149573   79.664209  (    2285   10137)
          20   30.153494   86.209025  (    5430   10137)
          21   30.187705   93.898946  (    1140   10879)
          22   30.190795   95.682302  (    1140   13299)
          23   30.222281   82.103572  (    8975   14051)
          24   30.236364   92.904037  (    1140   10327)
          25   30.242938   70.251645  (    1192   10085)
          26   30.265309   96.374821  (    1140   14623)
          27   30.269029   80.065733  (    2285   10085)
          28   30.278522   93.694154  (    1140   10598)
          29   30.282160   70.560329  (    1192   10137)
          30   30.287184   79.360088  (    5826   14089)
          31   30.337802   86.614537  (    5430   10085)
          32   30.348901   91.156914  (    1140   10369)
          33   30.376220   84.451937  (    5430   17008)
          34   30.390345   81.294477  (    5430   18210)
          35   30.426297   82.344836  (    8975   10667)
          36   30.434801   99.001017  (    5430   11578)
          37   30.446001   81.031047  (    5826   14551)
          38   30.455180   82.093934  (    5826   18518)
          39   30.462145   93.867775  (    1140   11053)
          40   30.470518   81.956869  (    5826   17787)
          41   30.471474   93.934893  (    1140   10881)
          42   30.473694   81.856958  (    5826   13262)
          43   30.497124   74.874513  (    2285   18210)
          44   30.501431   93.978400  (    1140   10719)
          45   30.527404   77.612060  (     749   12211)
          46   30.538274   80.324300  (    5430   12301)
          47   30.557333   86.407476  (     933   10327)
          48   30.563613   82.868355  (    5826   10642)
          49   30.566854   69.320470  (    1192   11761)
          50   30.576365   83.196630  (    5430   11985)
          51   30.578476   94.838317  (    1487   10327)
          52   30.588958   79.473971  (     749   10472)
          53   30.631615   84.169440  (     956   10734)
          54   30.639121   79.382959  (    8975   14089)
          55   30.645418   86.171035  (    1140   14926)
          56   30.662463   91.028023  (    9752   12301)
          57   30.664907   83.468722  (    5826   11298)
          58   30.665980  102.567875  (    5826   12895)
          59   30.673122   91.927968  (    1140   19741)
          60   30.691212   94.141068  (    1140   11253)
          61   30.695310   82.999428  (    5430   14496)
          62   30.705584   72.881130  (    8960   12211)
          63   30.713829   90.905252  (    5060   10327)
          64   30.719115   80.780366  (    8975   14551)
          65   30.729779   82.787626  (    5430   15806)
          66   30.734388   88.255286  (     109   16132)
          67   30.743096   92.028110  (    1140   11517)
          68   30.754474   81.610968  (    8975   13262)
          69   30.779947   81.834271  (    8975   18518)
          70   30.784476   81.699794  (    8975   17787)
          71   30.785780   91.275179  (     749   10327)
          72   30.788318   82.667261  (    5430   12349)
          73   30.806907   82.856476  (    5430   16263)
          74   30.825855   98.694651  (    1140   10923)
          75   30.860729   89.826072  (    3851   10879)
          76   30.866803   82.875443  (    5430   16618)
          77   30.878792   92.156791  (     360   10598)
          78   30.886501   80.600362  (    2285   11761)
          79   30.886883   80.991500  (    1192   10200)
          80   30.887120  108.223029  (     137   16132)
          81   30.889342   92.104951  (     749   10879)
          82   30.897313   95.021119  (    5530   14089)
          83   30.908893   84.055639  (    5826   11074)
          84   30.917102   82.441729  (    5430   12868)
          85   30.917962   89.665454  (    3851   10598)
          86   30.918024   93.181084  (     353   12301)
          87   30.918663   92.232700  (     360   10879)
          88   30.919273   92.189179  (     749   12173)
          89   30.919822   78.989051  (    3851   17078)
          90   30.920471   79.643252  (    3851   14051)
          91   30.921632   92.568306  (     360   10719)
          92   30.924832   91.087552  (     360   11578)
          93   30.929722   93.781972  (     749   13299)
          94   30.932044   76.757316  (    2285   11985)
          95   30.932187   93.757544  (    1140   11059)
          96   30.940037   73.932958  (    2285   12301)
          97   30.942492   82.887370  (    5430   17039)
          98   30.947690   76.136631  (    3851   14089)
          99   30.953161   90.130282  (    3851   10719)
         100   30.966051   82.896560  (    8975   10642)
