        Rank        RMSE       MaxAE  Feature_ID
           1   25.857643   81.228215  (     265   10052)
           2   26.334337   80.652320  (     265   10089)
           3   26.402277   75.396312  (     941   10052)
           4   26.415953   84.127573  (     157   10091)
           5   26.448268   86.178972  (    5087   10036)
           6   26.459959   85.896088  (    5087   10147)
           7   26.479950   84.343362  (     190   10091)
           8   26.490883   85.067267  (     157   10221)
           9   26.541665   84.919712  (      13   17001)
          10   26.555460   85.288466  (     190   10221)
          11   26.637244   79.124955  (      81   17001)
          12   26.640833   83.207282  (     134   10091)
          13   26.650252   83.188462  (     135   10091)
          14   26.704060   84.833747  (    2589   10091)
          15   26.711156   87.310299  (    5087   10095)
          16   26.717784   84.127797  (     134   10221)
          17   26.727286   84.108624  (     135   10221)
          18   26.743271   84.470070  (     586   10052)
          19   26.766286   85.637047  (     157   10305)
          20   26.807630   86.275739  (     395   10091)
          21   26.826813   85.862703  (     190   10305)
          22   26.868562   87.259456  (     395   10221)
          23   26.874048   65.392604  (    9547   14588)
          24   26.893775   87.356228  (    5087   10130)
          25   26.898773   84.714010  (     340   10091)
          26   26.899972   85.865044  (    2589   10221)
          27   26.903437   67.046450  (    6659   15468)
          28   26.910300   87.350191  (    5087   10023)
          29   26.937599   87.354093  (    5087   10154)
          30   26.973309   87.366173  (      56   12346)
          31   26.977525   82.635030  (     166   10091)
          32   26.978141   85.670788  (     340   10221)
          33   26.989572   79.388833  (     136   17001)
          34   27.002063   84.683072  (     134   10305)
          35   27.004808   64.416176  (    9934   15468)
          36   27.011663   84.663647  (     135   10305)
          37   27.021554   81.572956  (     265   10551)
          38   27.025313   75.249932  (    1019   13825)
          39   27.045108   95.086340  (     321   17707)
          40   27.052856   79.097137  (    5087   12648)
          41   27.054743   79.526304  (      13   19599)
          42   27.057416   83.545231  (     166   10221)
          43   27.059752   74.025184  (     142   10012)
          44   27.066979   87.670274  (    5087   10213)
          45   27.077138   92.278498  (    7567   12362)
          46   27.087459   80.777017  (      52   11386)
          47   27.091563   80.808334  (      81   15236)
          48   27.102583   82.353969  (      52   10363)
          49   27.110391   87.861168  (     395   10305)
          50   27.111491   95.778362  (     212   10800)
          51   27.113741   85.557505  (     265   11547)
          52   27.133061   91.352496  (      13   13881)
          53   27.149861   80.209029  (      13   19314)
          54   27.158695   85.909149  (     265   11325)
          55   27.164694   80.168496  (     874   12702)
          56   27.166634   80.667776  (      81   15708)
          57   27.175512   80.660987  (      13   16176)
          58   27.184642   94.579086  (     168   12018)
          59   27.192537   83.205605  (      13   15236)
          60   27.195972   86.514454  (    2589   10305)
          61   27.209016   86.431192  (      58   16860)
          62   27.212758   87.524816  (    5087   10224)
          63   27.231070   78.401784  (     448   10421)
          64   27.237610   86.255492  (     340   10305)
          65   27.259500   70.294392  (    1676   10363)
          66   27.262176   69.849003  (     227   16203)
          67   27.262501   73.668057  (    1676   11386)
          68   27.265334   94.365893  (     168   12448)
          69   27.276524   79.382367  (     222   10634)
          70   27.278250   94.858308  (     168   12806)
          71   27.286597   87.385596  (    5087   11395)
          72   27.286986   89.542073  (      58   16454)
          73   27.291127   84.076871  (      13   15708)
          74   27.294747   91.138854  (      58   15562)
          75   27.299484   93.308179  (     366   14494)
          76   27.299920   93.675606  (      58   13520)
          77   27.300153   65.808852  (    6659   10585)
          78   27.300244   86.811367  (    5087   10281)
          79   27.306531   95.473429  (      58   19531)
          80   27.308203   83.234225  (     198   10091)
          81   27.311343   84.831547  (     527   10091)
          82   27.313713   97.510451  (     152   10171)
          83   27.315181   83.082554  (     196   10091)
          84   27.319371   80.734010  (     265   10078)
          85   27.319532   83.485525  (     204   10091)
          86   27.323239   82.996368  (     197   10091)
          87   27.324789   94.268418  (     168   10996)
          88   27.330299   80.257453  (    9539   12362)
          89   27.331198   71.244214  (     334   16203)
          90   27.332180   81.805202  (     168   10091)
          91   27.336317   79.422500  (      53   10565)
          92   27.336691   93.354979  (     321   18352)
          93   27.340148   71.619400  (     334   16118)
          94   27.340491   89.686109  (    1897   11262)
          95   27.341356   70.722963  (      13   10696)
          96   27.343625   94.842063  (     321   18380)
          97   27.343752   84.093316  (     166   10305)
          98   27.351340   92.874125  (      68   11211)
          99   27.361045  103.798589  (     352   10171)
         100   27.361806   82.101444  (     206   10091)
