        Rank        RMSE       MaxAE  Feature_ID
           1    3.996280   12.367469  (    3336   10950)
           2    3.996699   12.154029  (     788   12542)
           3    4.009674   12.409289  (    3336   11479)
           4    4.027788   11.880834  (    1363   10057)
           5    4.029375   12.449149  (     788   12847)
           6    4.029874   12.336324  (    3336   10213)
           7    4.030316   11.921094  (    1363   10065)
           8    4.034281   12.302666  (     852   12542)
           9    4.053321   12.457513  (    2923   12542)
          10    4.053444   15.294655  (    6070   15461)
          11    4.056003   12.918029  (    3336   17800)
          12    4.059575   13.088203  (    2751   12847)
          13    4.060968   12.416116  (     788   11632)
          14    4.064530   13.029870  (    2751   11632)
          15    4.069182   12.657617  (    3336   10499)
          16    4.071034   12.333925  (     788   11671)
          17    4.090566   12.625527  (     852   12847)
          18    4.091044   15.741419  (    6070   14200)
          19    4.094378   12.877389  (    3336   12285)
          20    4.096817   12.787220  (    2923   12847)
          21    4.101939   11.525042  (    1363   10245)
          22    4.104160   12.851918  (    3336   12682)
          23    4.105604   11.968616  (    1363   10004)
          24    4.105916   12.477590  (     852   11671)
          25    4.109308   11.443807  (    1363   10158)
          26    4.110615   12.825424  (    2751   12542)
          27    4.110712   12.737019  (    2923   11632)
          28    4.112057   13.465320  (    3336   10547)
          29    4.112724   12.901751  (    3336   12774)
          30    4.117598   12.816715  (    4981   13706)
          31    4.119782   11.996016  (    1363   10008)
          32    4.121539   12.593011  (     852   11632)
          33    4.125730   13.520342  (     780   11632)
          34    4.125975   13.871138  (    2751   19771)
          35    4.128102   13.101564  (    3336   11654)
          36    4.130131   13.101767  (     780   10311)
          37    4.132657   13.293556  (     788   19771)
          38    4.135992   11.449455  (    1363   10524)
          39    4.136048   12.521456  (    3336   10311)
          40    4.137550   12.014522  (    4357   11479)
          41    4.137618   12.928973  (    3336   13478)
          42    4.139400   12.025682  (    1363   10012)
          43    4.139518   12.988243  (    3336   11642)
          44    4.140062   11.418799  (    1363   10509)
          45    4.142541   13.593377  (     780   12847)
          46    4.142718   12.089563  (    1363   10001)
          47    4.144716   12.000207  (    4357   10950)
          48    4.147171   12.656461  (    2923   11671)
          49    4.147600   12.925982  (     788   17608)
          50    4.148198   12.963103  (    3336   13269)
          51    4.148248   12.516747  (     788   12461)
          52    4.148287   13.259703  (     780   13836)
          53    4.148485   14.173922  (    5624   10566)
          54    4.148500   11.612861  (    1363   10119)
          55    4.148510   12.404729  (     788   10659)
          56    4.151956   12.730312  (     788   10304)
          57    4.152094   12.490092  (    4357   17800)
          58    4.152133   14.131026  (    1961   10057)
          59    4.155459   13.181633  (    3336   10566)
          60    4.155901   12.466553  (     788   13857)
          61    4.156605   13.423536  (     852   19771)
          62    4.156733   13.608309  (    3548   10065)
          63    4.157350   13.583286  (    3548   10057)
          64    4.159906   14.157996  (    1961   10065)
          65    4.161640   13.589682  (    9399   10057)
          66    4.164659   11.757090  (    1363   10035)
          67    4.165358   13.348604  (     780   12750)
          68    4.165891   13.321622  (    2605   10065)
          69    4.166235   13.046190  (    4981   12423)
          70    4.168142   13.625884  (    3682   10065)
          71    4.168462   11.579377  (    2901   17319)
          72    4.169236   12.625435  (    4981   10950)
          73    4.169342   13.271413  (    4357   17319)
          74    4.169728   13.601759  (    3682   10057)
          75    4.170158   14.257773  (     112   10075)
          76    4.171587   12.967966  (    3336   12423)
          77    4.172895   11.567066  (    1363   10170)
          78    4.173090   13.685808  (    6303   13182)
          79    4.173119   14.312761  (    2751   15184)
          80    4.173899   13.301097  (    2605   10057)
          81    4.174163   13.708773  (    2901   13182)
          82    4.174180   14.120567  (     112   10170)
          83    4.174944   13.627808  (    9399   10065)
          84    4.175304   12.785899  (     852   10304)
          85    4.175400   12.652595  (     852   12461)
          86    4.175597   13.512935  (    6504   10057)
          87    4.176402   13.953650  (    5624   12285)
          88    4.176729   13.974584  (    2923   15184)
          89    4.177763   14.164636  (     112   10119)
          90    4.177823   11.684449  (    1363   10340)
          91    4.179101   11.464589  (    1363   10005)
          92    4.179400   12.991463  (    2751   11671)
          93    4.180109   11.582938  (    1363   10183)
          94    4.180814   14.224454  (    3336   15610)
          95    4.181067   13.355431  (    3336   11515)
          96    4.182051   12.989983  (     780   10304)
          97    4.182576   14.131088  (     112   10183)
          98    4.182845   13.599690  (    2751   10389)
          99    4.182879   13.397014  (    3336   11189)
         100    4.183262   13.546454  (    6504   10065)
