        Rank        RMSE       MaxAE  Feature_ID
           1   31.795348   90.606270  (    2957   12173)
           2   31.969441   88.664563  (    3850   12173)
           3   32.524150   75.644135  (    4101   12173)
           4   32.561776   90.638003  (     461   10466)
           5   32.654314   89.880436  (    5226   12173)
           6   32.722394   79.992330  (    5652   12173)
           7   32.731880   89.737826  (    3340   12173)
           8   32.753062   87.714826  (    9610   12173)
           9   32.821976  103.384244  (     344   12173)
          10   32.856203   88.361989  (    8239   12173)
          11   32.900958   89.016621  (     341   10466)
          12   32.906717   88.976628  (     344   10466)
          13   32.940155   91.839941  (    1564   10466)
          14   33.045346   87.091800  (    9550   12173)
          15   33.079902   93.677292  (    3763   12173)
          16   33.095017   84.548901  (     327   10466)
          17   33.109651  103.740979  (    1085   11603)
          18   33.146455   98.654767  (      79   10722)
          19   33.228558   87.222627  (    2522   10466)
          20   33.253402   96.546702  (    5898   12173)
          21   33.256808  103.983422  (     341   12173)
          22   33.274780  103.742281  (    3814   11375)
          23   33.297155  105.375147  (     461   12173)
          24   33.304683   89.702402  (     525   10466)
          25   33.306807   92.347475  (    4772   12173)
          26   33.324834   91.449123  (    8001   10466)
          27   33.357231   90.634081  (    1085   10466)
          28   33.362045   93.526509  (    3850   14984)
          29   33.371421   84.594837  (     159   10466)
          30   33.388854   88.837637  (    2438   10466)
          31   33.389722   89.086472  (    1466   10722)
          32   33.415091   98.081582  (      79   10972)
          33   33.422126   95.706106  (    2957   14984)
          34   33.423590   93.948277  (    4114   12173)
          35   33.434636   88.642143  (    2343   10466)
          36   33.439502   96.788768  (    7196   12173)
          37   33.440381  104.291504  (     525   12173)
          38   33.442701   88.694876  (    2332   10466)
          39   33.453535  101.786236  (    1814   11603)
          40   33.468311   92.240874  (    1085   10641)
          41   33.479938   86.453466  (    1280   10466)
          42   33.514214   82.608479  (    4525   12684)
          43   33.514968  109.626078  (     182   12173)
          44   33.524083   96.794718  (    4550   15989)
          45   33.546651   89.241892  (    1814   10466)
          46   33.555720   84.932896  (      43   11603)
          47   33.593289  107.028921  (     344   14984)
          48   33.595768   91.718840  (    6940   12173)
          49   33.596462   89.770574  (    1466   10972)
          50   33.622596  102.679131  (    3165   13596)
          51   33.627562   89.396353  (    3245   10466)
          52   33.632177   92.055991  (     288   10466)
          53   33.662659   79.972846  (     327   10641)
          54   33.677364  107.639020  (     288   12173)
          55   33.682362  101.422641  (    2438   11603)
          56   33.689772   88.528735  (    2134   10466)
          57   33.690964  102.429720  (    1183   13596)
          58   33.701561   84.525148  (    5652   14984)
          59   33.717642  102.637813  (     344   11375)
          60   33.727512   89.965062  (     757   19720)
          61   33.737794   88.368916  (    2142   10466)
          62   33.745858   90.112097  (    1814   10641)
          63   33.751380   80.561526  (    4101   14984)
          64   33.769475  100.936062  (    2134   12173)
          65   33.784443  101.040616  (    1085   10236)
          66   33.791379   88.785132  (    5638   10466)
          67   33.809116   89.361780  (    3312   10466)
          68   33.816328  107.376636  (    2990   10722)
          69   33.820212  100.655605  (    8761   13596)
          70   33.847209   92.382075  (    7479   10466)
          71   33.860873   84.195791  (    3851   12173)
          72   33.869482   87.885503  (    4233   10466)
          73   33.880503   80.349366  (     159   11603)
          74   33.889122   94.275969  (    3340   14984)
          75   33.912713   96.881702  (     442   15531)
          76   33.920696  107.466307  (     341   14984)
          77   33.936747   93.085626  (    3443   10466)
          78   33.937924   93.043171  (    1242   10466)
          79   33.940548   96.731722  (     442   18124)
          80   33.951665   82.875869  (    1519   10466)
          81   33.954868   89.675866  (    2438   10641)
          82   33.966708  104.960305  (    2914   13596)
          83   33.967344   86.726375  (    7900   10466)
          84   33.987090   98.544358  (      79   11462)
          85   33.991725   98.373014  (     442   16497)
          86   33.995796   87.462393  (    8721   10466)
          87   34.000570   94.690446  (    5226   14984)
          88   34.005492   87.499364  (    8780   10466)
          89   34.011136  100.488401  (    4840   13596)
          90   34.013356   87.459110  (    8824   10466)
          91   34.014649   89.295725  (      43   10466)
          92   34.021866   87.528813  (    8947   10466)
          93   34.026667   87.562074  (    8973   10466)
          94   34.026748   87.520445  (    8966   10466)
          95   34.026934   87.141647  (    8360   10466)
          96   34.029090   83.832980  (       1   10004)
          97   34.029355   86.042999  (    7475   10466)
          98   34.032234   90.766638  (    6030   10466)
          99   34.037334  100.460049  (    5090   13596)
         100   34.045869   98.941438  (    1814   10236)
