Model_ID, [(c_i,i=0,n)_j,j=1,ntask]
           1    0.6709989393E+02   -0.5143986511E+02    0.3818271738E+03
           2    0.6130921820E+02   -0.5621385055E+02   -0.8151293072E+02
           3    0.6094045108E+02   -0.5510983231E+02    0.6178442658E+02
           4    0.6004869176E+02   -0.5330348506E+02   -0.6349792436E+02
           5    0.6073451412E+02   -0.5480986829E+02    0.6261359016E+02
           6    0.6199783735E+02   -0.4769709116E+02    0.3440918620E+03
           7    0.6031445336E+02   -0.5435890944E+02    0.6259469168E+02
           8    0.7507727912E+02   -0.5933682878E+02    0.2711457510E+03
           9    0.6009768138E+02   -0.5333990833E+02   -0.6330973421E+02
          10    0.5886122231E+02   -0.4809557665E+02   -0.1281102069E+03
          11    0.6468704181E+02   -0.5573876443E+02   -0.7285108784E+02
          12    0.6009568105E+02   -0.5331412554E+02   -0.6325197135E+02
          13    0.6010813826E+02   -0.5306945609E+02   -0.6312607422E+02
          14    0.6030701606E+02   -0.5375685884E+02   -0.6282314740E+02
          15    0.4852031537E+02   -0.3509296752E+02    0.2946731624E+03
          16    0.6005766461E+02   -0.5338612035E+02   -0.6314694209E+02
          17    0.5999981543E+02   -0.5329220380E+02    0.6307513615E+02
          18    0.6012897568E+02   -0.5345695237E+02    0.6302221719E+02
          19    0.6008696776E+02   -0.5338233740E+02   -0.6301162281E+02
          20    0.6624491259E+02   -0.1459297377E+02   -0.4536040888E+02
          21    0.4323528734E+02   -0.3169554287E+02    0.2444046685E+03
          22    0.6004574227E+02   -0.5330751359E+02   -0.6297734377E+02
          23    0.6049842630E+02   -0.5199644564E+02   -0.6065687871E+02
          24    0.6701154116E+02   -0.1500211625E+02    0.3147794658E+02
          25    0.6579298339E+02   -0.5361952541E+02    0.5888840513E+02
          26    0.6582293785E+02   -0.5628281210E+02   -0.1233737423E+03
          27    0.6557073349E+02   -0.1427543034E+02   -0.3622816015E+02
          28    0.6018166662E+02   -0.5346911646E+02   -0.6269433312E+02
          29    0.6068464551E+02   -0.5170043650E+02   -0.5993299048E+02
          30    0.6018434721E+02   -0.5304824671E+02   -0.6194942925E+02
          31    0.6162628458E+02   -0.4719561306E+02    0.3450204447E+03
          32    0.5981385528E+02   -0.5304749025E+02   -0.6204500729E+02
          33    0.6366509909E+02   -0.5155619747E+02   -0.1343436252E+03
          34    0.5513688917E+02   -0.4875381940E+02   -0.6295852254E+02
          35    0.6727773424E+02   -0.1531835228E+02    0.4546275169E+02
          36    0.5988695896E+02   -0.5300248658E+02   -0.6259378274E+02
          37    0.6318849024E+02   -0.5348689883E+02   -0.7702975657E+02
          38    0.6171410482E+02    0.5339509803E+02   -0.7568541429E+02
          39    0.6178603288E+02   -0.5340011409E+02   -0.7548505676E+02
          40    0.6456163974E+02   -0.5359428860E+02   -0.5102172323E+02
          41    0.6172852620E+02   -0.5340916268E+02   -0.7567439870E+02
          42    0.6304566541E+02   -0.5219737503E+02   -0.1113706071E+03
          43    0.6710106562E+02   -0.1495495764E+02    0.3099320136E+02
          44    0.6109881565E+02   -0.5130516249E+02   -0.1377444541E+03
          45    0.6004430638E+02   -0.5279366889E+02   -0.6257763168E+02
          46    0.6472356155E+02   -0.5627851366E+02   -0.1019391170E+03
          47    0.4082210789E+02   -0.3003949709E+02    0.2789652645E+03
          48    0.6008079595E+02   -0.5342273795E+02   -0.6257786321E+02
          49    0.6510892796E+02   -0.5288655798E+02    0.5971458219E+02
          50    0.6401410156E+02   -0.1419374142E+02   -0.2397344703E+02
          51    0.6412349725E+02   -0.5450669532E+02   -0.1036226763E+03
          52    0.6729613496E+02   -0.1541112652E+02    0.3119720570E+02
          53    0.7434799289E+02   -0.5843136849E+02    0.2698946545E+03
          54    0.5809882004E+02   -0.1618808442E+02   -0.4698465180E+02
          55    0.6400279318E+02   -0.5499427763E+02   -0.7377196725E+02
          56    0.6153082837E+02   -0.4999501949E+02   -0.1188679523E+03
          57    0.4808416388E+02   -0.3618750897E+02    0.2854917839E+03
          58    0.6183970141E+02   -0.5349269841E+02   -0.7556027052E+02
          59    0.6399884586E+02   -0.5302614159E+02    0.5225221345E+02
          60    0.6712118778E+02   -0.1513769469E+02    0.3112230446E+02
          61    0.6058223168E+02    0.5071798960E+02   -0.5974950896E+02
          62    0.6059602133E+02   -0.5073135506E+02   -0.5973922988E+02
          63    0.6065331495E+02   -0.5072837229E+02   -0.5958987182E+02
          64    0.6719070921E+02   -0.1502859408E+02    0.3074658901E+02
          65    0.6510923144E+02   -0.5551851786E+02   -0.1247349325E+03
          66    0.6057034190E+02    0.5091493502E+02   -0.5966215903E+02
          67    0.6058418813E+02   -0.5092827715E+02   -0.5965139606E+02
          68    0.4866354700E+02   -0.3532730413E+02    0.2721158790E+03
          69    0.6064169867E+02   -0.5092414311E+02   -0.5949590982E+02
          70    0.5845960419E+02   -0.4802590035E+02   -0.3075646447E+02
          71    0.3978861954E+02    0.3172321505E+02   -0.4674932575E+03
          72    0.6734588484E+02   -0.1514850476E+02    0.3078703509E+02
          73    0.6710033603E+02   -0.1515563736E+02    0.3124484264E+02
          74    0.5604192667E+02   -0.4703365996E+02   -0.5972660982E+02
          75    0.4862056399E+02   -0.3493388189E+02    0.2815413782E+03
          76    0.5518292367E+02   -0.4881504725E+02   -0.6296841160E+02
          77    0.6718694804E+02   -0.1517959034E+02    0.3118395571E+02
          78    0.6477201690E+02   -0.5567170466E+02    0.1602920665E+03
          79    0.6711532847E+02   -0.1515754679E+02   -0.3123310681E+02
          80    0.6679362128E+02   -0.1473541525E+02   -0.1372290781E+03
          81    0.4787373941E+02   -0.3547769152E+02    0.2761575504E+03
          82    0.5472425392E+02   -0.4817345911E+02   -0.6322908477E+02
          83    0.6020054938E+02   -0.5423500074E+02   -0.4947249009E+02
          84    0.5753984757E+02   -0.4735613713E+02    0.6892528187E+02
          85    0.6112298264E+02   -0.5161271065E+02   -0.3540260738E+02
          86    0.6697618323E+02   -0.1512261192E+02   -0.3130468252E+02
          87    0.6709522550E+02   -0.1518822730E+02    0.3134654490E+02
          88    0.6704591796E+02   -0.1513536647E+02    0.3127115201E+02
          89    0.5582815919E+02   -0.4672461353E+02   -0.5991375490E+02
          90    0.6070218538E+02   -0.5081137680E+02   -0.5965089717E+02
          91    0.6115483921E+02   -0.5501342120E+02   -0.6311403901E+02
          92    0.5823144461E+02   -0.4730131690E+02   -0.1285453060E+03
          93    0.6744810920E+02   -0.1549261662E+02    0.3083760064E+02
          94    0.6714165862E+02   -0.1515909681E+02    0.3116831956E+02
          95    0.5592417531E+02   -0.4682291794E+02   -0.5983665987E+02
          96    0.6727941169E+02   -0.1519137219E+02    0.3104027496E+02
          97    0.5948873267E+02   -0.5653911960E+02    0.3233004328E+02
          98    0.5853944886E+02   -0.4564513832E+02   -0.5824666389E+02
          99    0.6444888174E+02   -0.5584865633E+02   -0.1005724350E+03
         100    0.6716302430E+02   -0.1512634650E+02    0.3099112572E+02
