     Index              y_true              y_pred        descriptor_1        descriptor_2
         1    0.1588000000E+03    0.1539822896E+03    0.9909000000E+00   -0.2566963200E+00
         2    0.4780000000E+03    0.4815155814E+03   -0.1509600000E+01   -0.1272674200E+00
         3    0.4920000000E+03    0.4734969347E+03   -0.1618300000E+01   -0.2161582300E+00
         4    0.4711500000E+03    0.4618801763E+03   -0.9047000000E+00    0.9451650000E-01
         5    0.4680000000E+03    0.4997752677E+03   -0.1343300000E+01    0.3417226000E-01
         6    0.3602000000E+03    0.3352589498E+03   -0.2722000000E+00   -0.1241058800E+00
         7    0.2566500000E+03    0.2243369882E+03    0.9075000000E+00    0.0000000000E+00
         8    0.4380000000E+03    0.4288800813E+03   -0.9421000000E+00   -0.6449112000E-01
         9    0.2401500000E+03    0.2518441630E+03    0.6913000000E+00    0.7741480000E-02
        10    0.2516000000E+03    0.2881032868E+03    0.1915000000E+00   -0.9042516000E-01
        11    0.3091000000E+03    0.3159168383E+03   -0.1270000000E-01   -0.7532868000E-01
        12    0.4460000000E+03    0.4572241677E+03   -0.1234700000E+01   -0.9173892000E-01
        13    0.4097000000E+03    0.3639378664E+03   -0.4840000000E+00   -0.1091686600E+00
        14    0.2634000000E+03    0.2172183123E+03    0.4535000000E+00   -0.2592707400E+00
        15    0.4010000000E+03    0.3911908221E+03   -0.8751000000E+00   -0.1907427600E+00
        16    0.3450000000E+03    0.3509706517E+03   -0.2937000000E+00   -0.6823055000E-01
        17    0.2480000000E+03    0.2452140601E+03    0.7524000000E+00    0.1041040000E-01
        18    0.2680300000E+03    0.2919547099E+03    0.3201000000E+00   -0.9191620000E-02
        19    0.9070000000E+02    0.9454976117E+02    0.2000000000E+01    0.0000000000E+00
        20    0.4150000000E+03    0.3852241134E+03   -0.5991000000E+00   -0.7684088000E-01
        21    0.1743000000E+03    0.1601340589E+03    0.2281000000E+00   -0.6154000000E+00
        22    0.2886400000E+03    0.3096250387E+03    0.2576000000E+00    0.3431704000E-01
        23    0.8950000000E+02    0.1037448917E+03    0.1588200000E+01   -0.1687022200E+00
        24    0.1693000000E+03    0.2267786427E+03    0.4681000000E+00   -0.2113058400E+00
        25    0.3260000000E+03    0.3165819192E+03    0.1400000000E-01   -0.5903433000E-01
        26    0.2396000000E+03    0.2552856221E+03    0.6713000000E+00    0.1226624000E-01
        27    0.2720000000E+03    0.2578465976E+03    0.4596000000E+00   -0.8365960000E-01
        28    0.3990000000E+03    0.4195265331E+03   -0.1294200000E+01   -0.2818446200E+00
        29    0.3674300000E+03    0.3958245650E+03   -0.6261000000E+00   -0.4544591000E-01
        30    0.2990000000E+03    0.2745506687E+03    0.3488000000E+00   -0.6862135000E-01
        31    0.3387000000E+03    0.3467889099E+03   -0.6302000000E+00   -0.2557511400E+00
        32    0.2561000000E+03    0.2417389778E+03    0.6980000000E+00   -0.3179150000E-01
        33    0.3275000000E+03    0.3475549021E+03   -0.2003000000E+00   -0.3561627000E-01
        34    0.2561000000E+03    0.2372785531E+03   -0.7000000000E-02   -0.4064016000E+00
        35    0.2466500000E+03    0.2647976704E+03    0.5261000000E+00   -0.2059204000E-01
        36    0.2744000000E+03    0.2169828905E+03    0.7438000000E+00   -0.1138158800E+00
        37    0.3945000000E+03    0.3916027477E+03   -0.7415000000E+00   -0.1215930600E+00
        38    0.3380000000E+03    0.3784768944E+03   -0.1436700000E+01   -0.5280580800E+00
        39    0.9034100000E+02    0.1309396019E+03    0.1591700000E+01   -0.5145033000E-01
        40    0.3860000000E+03    0.4208175910E+03   -0.1621800000E+01   -0.4416342000E+00
        41    0.5132000000E+03    0.4555283159E+03   -0.1368800000E+01   -0.1665932400E+00
        42    0.3891500000E+03    0.3810103858E+03   -0.7940000000E+00   -0.1930609500E+00
