        Rank        RMSE       MaxAE  Feature_ID
           1    7.705100   21.345726  (    2359   10651)
           2    7.906985   21.670505  (    6112   15994)
           3    7.916329   24.651784  (    4471   11335)
           4    7.916755   17.382209  (     400   12415)
           5    7.917373   21.247475  (    1480   15693)
           6    7.933467   21.448152  (    2359   10708)
           7    7.937943   21.360207  (    1480   15105)
           8    7.942102   17.365302  (     400   14050)
           9    7.945296   21.843866  (    2359   15693)
          10    7.953225   21.698959  (    6112   15693)
          11    7.956672   21.536939  (    2359   14805)
          12    7.959755   21.699249  (    2359   16176)
          13    7.963221   21.836826  (    2359   16188)
          14    7.964716   21.822472  (    6112   14982)
          15    7.967504   21.698551  (    2359   16548)
          16    7.981394   21.261505  (    1480   16188)
          17    7.981398   21.526684  (    2359   17351)
          18    7.981549   20.374649  (    6112   14132)
          19    7.982643   21.664989  (    6112   16611)
          20    7.983363   20.941921  (    1480   17351)
          21    7.984280   19.766517  (    1161   16102)
          22    7.985267   21.689040  (    2359   16191)
          23    7.986638   21.305088  (    6112   15002)
          24    7.988515   29.469936  (     592   10050)
          25    7.991716   20.967886  (    1480   14805)
          26    7.992411   21.703296  (    6112   16188)
          27    7.994420   21.398438  (    6112   14805)
          28    7.996322   21.689674  (    2359   16946)
          29    7.999090   22.650287  (    2359   13367)
          30    7.999869   21.542270  (    6112   17211)
          31    8.000993   21.714562  (    2359   17205)
          32    8.001782   21.378304  (    6112   17351)
          33    8.001865   21.134067  (    1480   16548)
          34    8.002239   21.279579  (    6112   18231)
          35    8.002487   21.134316  (    1480   16176)
          36    8.002624   21.704520  (    2359   17222)
          37    8.002786   21.703565  (    2359   17223)
          38    8.002950   21.702611  (    2359   17225)
          39    8.004757   21.692539  (    2359   17247)
          40    8.005895   21.130705  (    1480   17205)
          41    8.007187   21.830733  (    6112   15105)
          42    8.007264   25.632085  (    4471   10261)
          43    8.009539   22.497773  (    2359   19381)
          44    8.009709   21.717343  (    2359   17522)
          45    8.010460   21.518558  (    6112   17934)
          46    8.010754   21.515482  (    6112   17056)
          47    8.011296   22.607758  (    6249   10651)
          48    8.012271   21.112463  (    1480   16946)
          49    8.015095   21.978927  (    2359   15105)
          50    8.015625   19.198503  (    2736   14252)
          51    8.015919   21.126009  (    1480   17222)
          52    8.015926   28.670489  (    3838   10050)
          53    8.016699   19.568996  (    1161   16972)
          54    8.016876   21.125562  (    1480   17223)
          55    8.017835   21.125115  (    1480   17225)
          56    8.019497   21.575956  (    6112   16548)
          57    8.021935   21.138545  (    1480   17522)
          58    8.023370   21.492558  (    6112   17738)
          59    8.023626   21.573282  (    6112   17205)
          60    8.026191   21.552224  (    6112   16946)
          61    8.027455   21.504460  (    6112   17959)
          62    8.027980   21.330979  (    4892   10651)
          63    8.028004   21.120390  (    1480   17247)
          64    8.028009   24.344390  (    1210   11335)
          65    8.028326   21.503751  (    6112   17963)
          66    8.029198   21.503042  (    6112   17965)
          67    8.031318   21.566921  (    6112   17222)
          68    8.031984   21.929942  (    1480   19381)
          69    8.032056   21.566316  (    6112   17223)
          70    8.032795   21.565711  (    6112   17225)
          71    8.033588   21.514886  (    6112   18196)
          72    8.036539   21.116031  (    1480   18034)
          73    8.038106   21.128606  (    1480   16191)
          74    8.038322   27.376091  (    7650   11999)
          75    8.038406   21.580311  (    6112   17522)
          76    8.038849   21.203537  (    6147   10651)
          77    8.040657   21.559330  (    6112   17247)
          78    8.041283   21.236768  (    7790   10651)
          79    8.042159   21.823262  (    8594   15994)
          80    8.042683   21.707549  (    2359   18034)
          81    8.046980   21.488862  (    6112   18010)
          82    8.049295   21.570055  (    2359   18527)
          83    8.049580   19.309641  (    1161   17339)
          84    8.049655   21.555894  (    6112   18034)
          85    8.050316   26.152792  (      10   17124)
          86    8.052879   21.491014  (    6112   19031)
          87    8.056693   21.207823  (    5408   10651)
          88    8.059139   20.989230  (    1480   18527)
          89    8.059650   20.037940  (    1161   17389)
          90    8.061383   21.548314  (    9027   15994)
          91    8.061581   23.915006  (    3373   16191)
          92    8.061758   26.206090  (      12   17124)
          93    8.066007   21.867159  (    2359   17627)
          94    8.066149   26.318574  (      15   17124)
          95    8.066740   21.215182  (    5210   10651)
          96    8.071308   22.100984  (    1480   13367)
          97    8.076401   22.568489  (    6112   13367)
          98    8.079015   21.429323  (    6112   18527)
          99    8.079720   21.707696  (    9736   15994)
         100    8.079843   22.203273  (    6249   13089)
