Model_ID, [(c_i,i=0,n)_j,j=1,ntask]
           1    0.3271987977E+03    0.2780882603E+03   -0.8021492384E+04
           2    0.3273056116E+03    0.2783439827E+03   -0.7982493668E+04
           3    0.3265846735E+03    0.2808151687E+03   -0.7814176910E+04
           4    0.3266888484E+03    0.2810690435E+03   -0.7776721792E+04
           5    0.3268163578E+03    0.2776000654E+03   -0.7801324749E+04
           6    0.3269205551E+03    0.2778505786E+03   -0.7763892154E+04
           7    0.3420113530E+03    0.3087406362E+03   -0.8934012038E+04
           8    0.3421317697E+03    0.3090118885E+03   -0.8880556060E+04
           9    0.3431376354E+03    0.3211707747E+03   -0.8790981641E+04
          10    0.3432589591E+03    0.3214550417E+03   -0.8739300486E+04
          11    0.3268044940E+03    0.2788683175E+03   -0.7866417176E+04
          12    0.3269094728E+03    0.2791219214E+03   -0.7828522453E+04
          13    0.3440416966E+03    0.3135440236E+03   -0.8890634902E+04
          14    0.3262899642E+03    0.2775882916E+03   -0.8043721732E+04
          15    0.3261786606E+03    0.2773158548E+03   -0.8077435626E+04
          16    0.3305040364E+03   -0.2904180752E+03   -0.8494655337E+04
          17    0.3441649909E+03    0.3138237937E+03   -0.8838538114E+04
          18    0.3342906178E+03    0.2894772144E+03   -0.8390433334E+04
          19    0.3273818178E+03    0.2801951413E+03   -0.7655949987E+04
          20    0.3294377136E+03   -0.2831322288E+03   -0.7880852944E+04
          21    0.3293287092E+03   -0.2828699959E+03   -0.7917707003E+04
          22    0.3306179152E+03   -0.2906925701E+03   -0.8451242996E+04
          23    0.3296249746E+03    0.3005087678E+03   -0.9082434397E+04
          24    0.3274808339E+03    0.2804317386E+03   -0.7613770027E+04
          25    0.3438024489E+03   -0.3150896489E+03   -0.8885486337E+04
          26    0.3417058383E+03    0.3110926692E+03   -0.8892098749E+04
          27    0.3343981831E+03    0.2897203585E+03   -0.8338740849E+04
          28    0.3297421262E+03    0.3007982258E+03   -0.9033804672E+04
          29    0.3439254141E+03   -0.3153705324E+03   -0.8833325841E+04
          30    0.3418257166E+03    0.3113658783E+03   -0.8838842440E+04
          31    0.3415315709E+03    0.3213879830E+03   -0.8714466606E+04
          32    0.3278720481E+03    0.2827609333E+03   -0.7970247076E+04
          33    0.3279797064E+03    0.2830225443E+03   -0.7932257088E+04
          34    0.3428202529E+03   -0.3121233264E+03   -0.8809345728E+04
          35    0.3417042413E+03    0.3115555348E+03   -0.8900508219E+04
          36    0.3455160925E+03   -0.3220052959E+03   -0.4812296420E+04
          37    0.3430287112E+03    0.3143509951E+03   -0.8888395007E+04
          38    0.3416501641E+03    0.3216693381E+03   -0.8662617613E+04
          39    0.3415518181E+03    0.3118799936E+03   -0.8989087507E+04
          40    0.3429412744E+03   -0.3123993136E+03   -0.8757291255E+04
          41    0.3472528083E+03    0.3056152985E+03    0.1319799582E+04
          42    0.3428524289E+03   -0.3204148983E+03   -0.8930323622E+04
          43    0.3418242227E+03    0.3118293914E+03   -0.8847186755E+04
          44    0.3431505960E+03    0.3146299302E+03   -0.8835830747E+04
          45    0.3416721337E+03    0.3121542445E+03   -0.8934992140E+04
          46    0.3429744004E+03   -0.3206993564E+03   -0.8877388807E+04
          47    0.3267276931E+03    0.2798619295E+03   -0.7935272362E+04
          48    0.3268334476E+03    0.2801185863E+03   -0.7896835531E+04
          49    0.3906891663E+03   -0.3576577907E+03    0.1918065827E+03
          50    0.3282403385E+03    0.2811420888E+03   -0.7728557476E+04
          51    0.3281344240E+03    0.2808862582E+03   -0.7764873173E+04
          52    0.3278558797E+03    0.2788223806E+03   -0.7599323096E+04
          53    0.3277519124E+03    0.2785723923E+03   -0.7634903476E+04
          54    0.3431263012E+03    0.3161594156E+03   -0.8971518339E+04
          55    0.3437256710E+03    0.3149221842E+03   -0.8879430805E+04
          56    0.3437467681E+03    0.3149635507E+03   -0.8871670385E+04
          57    0.3269106442E+03    0.2764669899E+03   -0.7923345497E+04
          58    0.3437677657E+03    0.3150045164E+03   -0.8863910757E+04
          59    0.3270164010E+03    0.2767201853E+03   -0.7884887127E+04
          60    0.3469724133E+03   -0.3238336582E+03   -0.4396167886E+04
          61    0.3432489975E+03    0.3164410838E+03   -0.8918353392E+04
          62    0.3438489593E+03    0.3152044086E+03   -0.8827518506E+04
          63    0.3436383656E+03   -0.3167028880E+03   -0.8875120542E+04
          64    0.3438697412E+03    0.3152448483E+03   -0.8819586836E+04
          65    0.3438904241E+03    0.3152848899E+03   -0.8811655859E+04
          66    0.3420282303E+03    0.3148751151E+03   -0.8927296061E+04
          67    0.3437612435E+03   -0.3169857076E+03   -0.8822970265E+04
          68    0.3415464614E+03    0.3113978135E+03   -0.8913169883E+04
          69    0.3443121231E+03    0.3139353694E+03   -0.8713040294E+04
          70    0.3421490516E+03    0.3151534087E+03   -0.8873940232E+04
          71    0.3435927870E+03    0.3153534621E+03   -0.8661628922E+04
          72    0.3422486297E+03    0.3124987555E+03   -0.8676115675E+04
          73    0.3444348806E+03    0.3142159055E+03   -0.8662479367E+04
          74    0.3416664747E+03    0.3116720154E+03   -0.8859665671E+04
          75    0.3438287090E+03    0.3157002239E+03   -0.8786118341E+04
          76    0.3437057949E+03    0.3156066159E+03   -0.8603994544E+04
          77    0.3420993681E+03   -0.3209702867E+03   -0.8915053131E+04
          78    0.3452771861E+03    0.3175003565E+03   -0.8953829641E+04
          79    0.3423599342E+03    0.3127473474E+03   -0.8617759880E+04
          80    0.3355606440E+03   -0.2931571514E+03   -0.8193076834E+04
          81    0.3230222571E+03   -0.2827694536E+03   -0.8896418127E+04
          82    0.3419765373E+03    0.3109363111E+03   -0.8751620317E+04
          83    0.3439513307E+03    0.3159822033E+03   -0.8734756329E+04
          84    0.2746985735E+03    0.2333459207E+03   -0.7273017636E+04
          85    0.3432536684E+03    0.3109877617E+03   -0.8852278686E+04
          86    0.3249954315E+03    0.2746597525E+03   -0.7991065335E+04
          87    0.2846193423E+03   -0.2333610448E+03   -0.8352562046E+04
          88    0.3454031557E+03    0.3177879887E+03   -0.8901850644E+04
          89    0.3231299722E+03   -0.2830337753E+03   -0.8847216481E+04
          90    0.3250993706E+03    0.2749104112E+03   -0.7951022836E+04
          91    0.3422203503E+03   -0.3212545542E+03   -0.8861874613E+04
          92    0.2747504110E+03    0.2335353278E+03   -0.7232251890E+04
          93    0.3421053204E+03    0.3089335001E+03   -0.8928739565E+04
          94    0.3430849710E+03    0.3132075477E+03   -0.8838186561E+04
          95    0.3356628067E+03   -0.2933860269E+03   -0.8137279719E+04
          96    0.3420961922E+03    0.3112103105E+03   -0.8699600983E+04
          97    0.2846865073E+03   -0.2335661456E+03   -0.8304470999E+04
          98    0.3433758760E+03    0.3112648489E+03   -0.8800076309E+04
          99    0.3880952383E+03   -0.3551970202E+03   -0.1778235901E+03
         100    0.3252861246E+03   -0.2842980377E+03   -0.8913316450E+04
