Model_ID, [(c_i,i=0,n)_j,j=1,ntask]
           1    0.3577062825E+01   -0.1496174670E+02   -0.1949861460E+03
           2    0.3207193234E+01    0.1763086927E+02    0.3782402563E+03
           3    0.3154067580E+01    0.1728828641E+02    0.3912114164E+03
           4    0.2627686130E+01    0.1823172660E+02   -0.4318357179E+03
           5    0.3002269507E+01   -0.1863300713E+02    0.7526975787E+03
           6    0.3092866231E+01    0.1733230962E+02    0.3910538383E+03
           7    0.1740075959E+01    0.1517657539E+02    0.6524250356E+03
           8    0.2280816316E+01    0.2058565114E+02    0.6870174734E+03
           9    0.3374735431E+01   -0.1481285209E+02   -0.1953406960E+03
          10    0.3875783003E+01   -0.1491980452E+02   -0.2435315785E+03
          11    0.3158959353E+01   -0.1843770520E+02    0.7425391192E+03
          12    0.9808490958E+00   -0.1318449363E+02   -0.2657156449E+03
          13    0.3006493817E+01   -0.1867594380E+02    0.7224594149E+03
          14    0.2659459623E+01    0.1862974368E+02   -0.3834469742E+03
          15    0.3008912286E+01    0.2576727933E+02    0.7413754839E+03
          16    0.3331564869E+01   -0.1438142891E+02   -0.1971734595E+03
          17    0.2276674071E+01    0.2064283919E+02    0.6603557733E+03
          18    0.2904043602E+01   -0.1882111422E+02    0.6621938626E+03
          19    0.3012578538E+01   -0.1741879995E+02   -0.1928379376E+03
          20    0.1742027473E+01    0.1520500368E+02    0.6250683674E+03
          21    0.2584760099E+01   -0.1927957385E+02    0.6385015456E+03
          22    0.1107859325E+01   -0.2624627847E+02   -0.2659197008E+03
          23    0.3686745157E+01   -0.4837187293E+02    0.6891939007E+03
          24    0.1984520161E+01    0.3083701292E+02    0.6410686680E+03
          25    0.4205429226E+01    0.1950741116E+02   -0.2561452255E+03
          26    0.3711672714E+01   -0.4808140874E+02    0.7096018024E+03
          27    0.2960248302E+01   -0.1665471769E+02   -0.2023323741E+03
          28    0.3163054023E+01   -0.1848046005E+02    0.7127096957E+03
          29    0.3005777961E+01    0.2584760977E+02    0.7133164777E+03
          30    0.2001392077E+01    0.3078627742E+02    0.6389233542E+03
          31    0.2666898500E+01    0.1840990810E+02    0.3956784090E+03
          32    0.1974427391E+01    0.3093422181E+02    0.6170890426E+03
          33    0.2677903945E+01    0.1792641370E+02    0.4400409864E+03
          34    0.2236842521E+01    0.3053582827E+02    0.6469692805E+03
          35    0.2239451308E+01    0.3053184555E+02    0.6469772632E+03
          36    0.2243959642E+01    0.3052537371E+02    0.6470714265E+03
          37    0.2244251035E+01    0.3052488055E+02    0.6470643601E+03
          38    0.2247071168E+01    0.3052009814E+02    0.6469957147E+03
          39    0.2592024052E+01    0.1828933605E+02   -0.3964400235E+03
          40    0.2249903769E+01    0.3051527732E+02    0.6469263026E+03
          41    0.2250197879E+01    0.3051477579E+02    0.6469190692E+03
          42    0.2254801421E+01    0.3050801226E+02    0.6470072858E+03
          43    0.2257499741E+01    0.3050375504E+02    0.6470096883E+03
          44    0.2587489522E+01   -0.1931635005E+02    0.6117544134E+03
          45    0.3611156733E+01   -0.1436884537E+02   -0.2489865284E+03
          46    0.4694075356E+01   -0.2101972892E+02   -0.2006455857E+03
          47    0.3093936851E+01    0.1889489743E+02    0.6514698345E+03
          48    0.2528734543E+01    0.1802548628E+02    0.3877055305E+03
          49    0.2087989238E+01   -0.1835863843E+02    0.3757629833E+03
          50    0.1991238476E+01    0.3088345205E+02    0.6150351161E+03
          51    0.2457432065E+01    0.1421299323E+02    0.7052368057E+02
          52    0.2915251512E+01   -0.1884156626E+02    0.6326606308E+03
          53    0.3674047674E+01   -0.2053027072E+02   -0.2088171108E+03
          54    0.3671970532E+01   -0.1477435135E+02   -0.2443140715E+03
          55    0.3243444424E+01   -0.1664491126E+02   -0.2560321449E+03
          56    0.2110901573E+01    0.3072112845E+02    0.6489926378E+03
          57    0.2229246620E+01    0.3062708416E+02    0.6223617983E+03
          58    0.2371302367E+01    0.1420782316E+02    0.7846863247E+02
          59    0.2231878669E+01    0.3062303894E+02    0.6223655445E+03
          60    0.2236438779E+01    0.3061643103E+02    0.6224469807E+03
          61    0.2236731670E+01    0.3061593348E+02    0.6224399609E+03
          62    0.2239566308E+01    0.3061110847E+02    0.6223717673E+03
          63    0.2242413503E+01    0.3060624466E+02    0.6223028104E+03
          64    0.2242709129E+01    0.3060573866E+02    0.6222956243E+03
          65    0.2247365079E+01    0.3059883616E+02    0.6223711472E+03
          66    0.3952960443E+01   -0.2054184779E+02   -0.2656878135E+03
          67    0.2250087259E+01    0.3059451370E+02    0.6223693434E+03
          68    0.1295311328E+01    0.1713606030E+02    0.6647344313E+03
          69    0.3101119632E+01    0.1887658941E+02    0.6507319825E+03
          70    0.1765304456E+01    0.1465454810E+02    0.8006120830E+02
          71    0.3243834450E+01    0.1873211346E+02    0.6478227808E+03
          72    0.3295672523E+01   -0.1739091596E+02   -0.2423587829E+03
          73    0.2421923726E+01    0.3019999154E+02    0.6426134733E+03
          74    0.3280637326E+01    0.1869131924E+02    0.6469874963E+03
          75    0.2521641026E+01    0.1834506864E+02   -0.3968504629E+03
          76    0.3440417273E+01    0.1244895450E+02    0.7152221291E+03
          77    0.2538991087E+01    0.1800451086E+02    0.3869905780E+03
          78    0.3482315763E+01    0.2564240308E+02    0.6362717839E+03
          79    0.3182173848E+01    0.1879508361E+02    0.6489731437E+03
          80    0.3209634828E+01    0.1877046394E+02    0.6492203905E+03
          81    0.4277348649E+01    0.2566883606E+02    0.4056998458E+03
          82    0.3156489952E+01    0.1881602851E+02    0.6486051302E+03
          83    0.3271542744E+01   -0.1493666823E+02   -0.2022942769E+03
          84    0.3608753945E+01    0.1873865605E+02    0.4399083029E+02
          85    0.3043571767E+01    0.2029606592E+02    0.3902384899E+03
          86    0.2684270936E+01    0.1786018625E+02    0.3844542347E+03
          87    0.3142724149E+01    0.1849962831E+02    0.6575467566E+03
          88    0.2658470707E+01    0.2030797830E+02    0.4145636892E+03
          89    0.3980863053E+01    0.1204979466E+02    0.1272012571E+03
          90    0.2622645301E+01    0.1792154428E+02    0.3853724835E+03
          91    0.2596829630E+01    0.1794442209E+02    0.3853852588E+03
          92    0.2720917452E+01    0.1782102933E+02    0.3838716786E+03
          93    0.2650153679E+01    0.1789543526E+02    0.3853124363E+03
          94    0.2102586155E+01    0.3081427352E+02    0.6243925931E+03
          95    0.3127809718E+01   -0.1884290835E+02    0.6496309914E+03
          96    0.3106410787E+01    0.1812014540E+02    0.7160577866E+03
          97    0.3100730708E+01   -0.6911166871E+01   -0.2039141794E+03
          98    0.3101026784E+01    0.1892430432E+02    0.6234047257E+03
          99    0.3431687737E+01    0.1249700708E+02    0.6897809931E+03
         100    0.1145286267E+01   -0.2594868764E+02   -0.2508379447E+03
