     Index              y_true              y_pred        descriptor_1        descriptor_2
         1    0.1790000000E+02    0.2651013433E+02    0.5284741300E+00    0.1811858048E-01
         2    0.2681000000E+02    0.2678735755E+02    0.5717040800E+00   -0.1302452684E-01
         3    0.4216000000E+02    0.3978342790E+02    0.4353544800E+00   -0.4134794364E-01
         4    0.5774000000E+02    0.5011141426E+02    0.6739800500E+00   -0.2935235356E+00
         5    0.2078000000E+02    0.3397817746E+02    0.6604996000E+00   -0.1374052792E+00
         6    0.6900000000E+02    0.7063424942E+02    0.2209626000E-01   -0.4928850135E-01
         7    0.2548000000E+02    0.2273950994E+02    0.8373497300E+00   -0.1519231589E+00
         8    0.6276000000E+02    0.5322091161E+02    0.5643215500E+00   -0.2493111257E+00
         9    0.4263000000E+02    0.6007839980E+02    0.1265208600E+00   -0.2209796731E-01
        10    0.5090000000E+02    0.5330388533E+02    0.3080932600E+00   -0.8047131124E-01
        11    0.7420000000E+02    0.6816151051E+02    0.3222458200E+00   -0.2253960769E+00
        12    0.8872000000E+02    0.7844921888E+02    0.7478640000E-01   -0.1554657786E+00
        13    0.3682000000E+02    0.3529455813E+02    0.2916493000E+00    0.9472546015E-01
        14    0.2551000000E+02    0.3536337786E+02    0.4315603600E+00    0.1490795720E-02
        15    0.3007000000E+02    0.2571707566E+02    0.6086034200E+00   -0.2768312320E-01
        16    0.3120000000E+02    0.2237874031E+02    0.6607737800E+00   -0.3175642094E-01
        17    0.6942000000E+02    0.7869256376E+02    0.5947521000E-01   -0.1475515586E+00
        18    0.5060000000E+01    0.5970545997E+01    0.8973652800E+00   -0.3865150182E-01
        19    0.5100000000E+02    0.5212909421E+02    0.2704448100E+00   -0.4483340138E-01
        20    0.6383000000E+02    0.5965167751E+02    0.3415239300E+00   -0.1605146396E+00
        21    0.6056000000E+02    0.6246408171E+02    0.8023288000E-01   -0.1322643218E-01
        22    0.3615000000E+02    0.3230847921E+02    0.5251915000E+00   -0.3261129059E-01
        23    0.1464000000E+02    0.3982924224E+02    0.5121558000E+00   -0.9260053826E-01
        24    0.8285000000E+02    0.8570067663E+02   -0.1910192000E-01   -0.1594818117E+00
        25    0.7520000000E+02    0.6068818117E+02    0.4545990000E-01    0.2599258214E-01
        26    0.2680000000E+02    0.2145051048E+02    0.6293267800E+00   -0.2472797808E-02
        27    0.2817000000E+02    0.1278063922E+02    0.6713017800E+00    0.4884577511E-01
        28    0.9080000000E+02    0.7767902085E+02   -0.5159163000E-01   -0.6478939331E-01
        29    0.2067000000E+02    0.1866641982E+02    0.8668029300E+00   -0.1342563098E+00
        30    0.2720000000E+02    0.2989762553E+02    0.5454826400E+00   -0.2404592333E-01
        31    0.2622000000E+02    0.3535416158E+02    0.5206936700E+00   -0.5742222580E-01
        32    0.1850000000E+02    0.3031693682E+02    0.5033739800E+00    0.0000000000E+00
        33    0.4537000000E+02    0.5990986323E+02    0.4000428900E+00   -0.2016038100E+00
        34    0.4307000000E+02    0.3744765520E+02    0.3637074000E+00    0.2738607486E-01
        35    0.3187000000E+02    0.2394282790E+02    0.6142595400E+00   -0.1523910564E-01
        36    0.5301000000E+02    0.4912284527E+02    0.4923966600E+00   -0.1643145030E+00
        37    0.5015000000E+02    0.4433898531E+02    0.3161313800E+00   -0.3998236770E-02
        38    0.6029000000E+02    0.4799550897E+02    0.2972900000E+00   -0.2488837494E-01
        39    0.1790000000E+02    0.3978091071E+02    0.3873318100E+00   -0.9538895740E-02
        40    0.6524000000E+02    0.6711925883E+02    0.1168983500E+00   -0.7996787370E-01
        41    0.6660000000E+02    0.7005156805E+02    0.5513279000E-01   -0.6583905774E-01
        42    0.6511000000E+02    0.5255877087E+02    0.2684409500E+00   -0.4742731302E-01
