Model_ID, [(c_i,i=0,n)_j,j=1,ntask]
           1    0.2561272979E+03    0.1713994258E+03   -0.1348362009E+04
           2    0.2610358573E+03    0.1779260994E+03   -0.1417963794E+04
           3    0.3190651032E+03   -0.2402863088E+03    0.1072703495E+04
           4    0.3195339235E+03    0.2409324051E+03    0.1079552820E+04
           5    0.3334042922E+03    0.2272283941E+03    0.1037256800E+04
           6    0.2612371998E+03    0.1775004246E+03   -0.1412138523E+04
           7    0.2563345392E+03    0.1709087371E+03   -0.1342194441E+04
           8    0.2384349834E+03    0.1405538774E+03   -0.1241247783E+04
           9    0.2499191073E+03    0.1774214971E+03   -0.1370554136E+04
          10    0.2726170856E+03   -0.1596263092E+03    0.7863285958E+03
          11    0.2418878782E+03    0.1448823272E+03   -0.1294353179E+04
          12    0.2937678275E+03    0.2006910288E+03    0.8723821029E+03
          13    0.2579724517E+03    0.1709823106E+03    0.1577495967E+04
          14    0.2442508315E+03    0.1768351005E+03   -0.1331412389E+04
          15    0.3346521191E+03   -0.2263906998E+03    0.6327667699E+03
          16    0.3350483075E+03   -0.2268993604E+03    0.6349624019E+03
          17    0.2920761608E+03   -0.1937419908E+03   -0.2253230621E+03
          18    0.2470588405E+03    0.1787904185E+03   -0.1368427203E+04
          19    0.2747869683E+03   -0.1589918826E+03    0.1475264840E+04
          20    0.3357477229E+03    0.2698602116E+03    0.1150490869E+04
          21    0.3368777259E+03    0.2337993695E+03    0.1088988302E+04
          22    0.2491557574E+03    0.1715238031E+03   -0.1327016405E+04
          23    0.2611219204E+03    0.1766958806E+03   -0.1404115632E+04
          24    0.2562454444E+03    0.1701379117E+03   -0.1334588105E+04
          25    0.2581770479E+03    0.1705619205E+03    0.1569645624E+04
          26    0.2600563572E+03    0.1767938732E+03   -0.1384158358E+04
          27    0.2788721163E+03   -0.1487120179E+03   -0.1365082410E+03
          28    0.2518270228E+03    0.1645068989E+03   -0.1285180288E+04
          29    0.2857019296E+03   -0.1796063440E+03    0.7479316677E+03
          30    0.2520555084E+03    0.1617837158E+03   -0.1311922943E+04
          31    0.3360780093E+03   -0.1053781137E+03    0.6121217372E+03
          32    0.2473744265E+03    0.1706979038E+03    0.1525304540E+04
          33    0.2519973815E+03    0.1781562195E+03   -0.1103484100E+04
          34    0.2988299402E+03   -0.1814027119E+03   -0.7219664265E+03
          35    0.2764401142E+03   -0.1639023685E+03    0.8697642690E+03
          36    0.2781662617E+03   -0.1748867775E+03    0.8964647194E+03
          37    0.3268005996E+03    0.2136651673E+03    0.6005407551E+03
          38    0.2681396391E+03    0.1593883716E+03   -0.1328618942E+04
          39    0.2786439784E+03   -0.1482389859E+03    0.1371490935E+03
          40    0.2782573928E+03   -0.1499452277E+03    0.1402227622E+03
          41    0.2797233038E+03   -0.1501911189E+03    0.1405813822E+03
          42    0.2552215663E+03    0.1700544390E+03   -0.1314052137E+04
          43    0.2578636685E+03    0.1698064443E+03    0.8916418925E+03
          44    0.2631458840E+03    0.1781524850E+03   -0.1125944299E+04
          45    0.2843835051E+03   -0.1603965124E+03    0.1520601989E+03
          46    0.3045434327E+03    0.2010479744E+03    0.2837187519E+03
          47    0.2781472947E+03   -0.1475541106E+03   -0.1445982485E+03
          48    0.3427538499E+03    0.2732011405E+03    0.1173188078E+04
          49    0.2692169519E+03   -0.1383684024E+03    0.1023476011E+03
          50    0.2377465354E+03    0.1357587416E+03   -0.1220502682E+04
          51    0.2852146232E+03   -0.1874404237E+03    0.7854877602E+03
          52    0.2614124736E+03    0.1696338271E+03   -0.1344638473E+04
          53    0.2533828935E+03    0.1644534607E+03    0.1469513151E+04
          54    0.2583600404E+03    0.1676105327E+03    0.8887476815E+03
          55    0.3434899335E+03    0.2364938501E+03    0.1108071378E+04
          56    0.2522754783E+03    0.1681791909E+03   -0.1281078576E+04
          57    0.2598605750E+03   -0.1782637295E+03   -0.1387135992E+04
          58    0.2596553317E+03   -0.1783978512E+03   -0.1390728606E+04
          59    0.2640714150E+03   -0.1364935531E+03    0.4640811205E+03
          60    0.2597911988E+03   -0.1780743778E+03   -0.1392206864E+04
          61    0.2595861200E+03   -0.1782093334E+03   -0.1395807839E+04
          62    0.3354792905E+03   -0.1049295884E+03    0.6126998750E+03
          63    0.3328615795E+03    0.2222256745E+03    0.6183404029E+03
          64    0.2778620321E+03   -0.1469103298E+03    0.1459294510E+03
          65    0.3317324978E+03    0.2201202301E+03    0.6117722143E+03
          66    0.2466519642E+03    0.1797592333E+03   -0.1373008080E+04
          67    0.2567154582E+03    0.1634815973E+03   -0.1279176287E+04
          68    0.2653003459E+03    0.1512997128E+03    0.8578536549E+03
          69    0.2376452484E+03    0.1422049910E+03   -0.1245891147E+04
          70    0.2376097598E+03   -0.1420778291E+03   -0.1250001391E+04
          71    0.2547291143E+03   -0.1714664717E+03   -0.1325471627E+04
          72    0.2591714688E+03    0.1784860547E+03   -0.1392450644E+04
          73    0.2271024154E+03    0.1478184107E+03   -0.9706046290E+03
          74    0.1863063471E+03    0.9282512722E+02    0.1713761107E+04
          75    0.2522645822E+03    0.1612947882E+03   -0.1305800661E+04
          76    0.2658456673E+03   -0.1758141056E+03   -0.1454105209E+04
          77    0.2547920420E+03    0.1715973286E+03   -0.1320193279E+04
          78    0.2601247222E+03   -0.1552745292E+03   -0.1052716142E+04
          79    0.2658629173E+03   -0.1758426173E+03   -0.1454558849E+04
          80    0.2633454368E+03    0.1777681025E+03   -0.1122507731E+04
          81    0.2659164615E+03   -0.1759282216E+03   -0.1455945421E+04
          82    0.2655744208E+03   -0.1753070922E+03   -0.1446535743E+04
          83    0.2543221167E+03    0.1717476822E+03   -0.1322320262E+04
          84    0.2520425783E+03    0.1639535556E+03   -0.1278682640E+04
          85    0.2569448835E+03    0.1744387906E+03   -0.1346667178E+04
          86    0.2575917499E+03    0.1675910044E+03    0.8834952941E+03
          87    0.3333459914E+03   -0.1009194293E+03   -0.5984915471E+03
          88    0.2597236648E+03    0.1777812404E+03   -0.1389071439E+04
          89    0.2582074747E+03    0.1706616837E+03    0.1243677050E+04
          90    0.2769716328E+03   -0.1448216211E+03   -0.1460386876E+03
          91    0.3113948387E+03    0.2091695643E+03    0.3137380841E+03
          92    0.2375811008E+03    0.1419160518E+03   -0.1247893609E+04
          93    0.2595188722E+03    0.1779160564E+03   -0.1392666385E+04
          94    0.2779605106E+03   -0.1961214447E+03   -0.1625958544E+03
          95    0.2765188676E+03   -0.1465589751E+03   -0.1495488888E+03
          96    0.2584992719E+03    0.1636040343E+03    0.1514010919E+04
          97    0.2549330314E+03   -0.1712346898E+03   -0.1321272830E+04
          98    0.3303714861E+03    0.2573480404E+03    0.1064379347E+04
          99    0.2709395744E+03   -0.1364922159E+03    0.9540087951E+02
         100    0.2580464661E+03    0.1711519791E+03   -0.1054042424E+04
