        Rank        RMSE       MaxAE  Feature_ID
           1    4.451778   19.400115  (    3600   10612)
           2    4.483432   17.553812  (       6    1328)
           3    4.486828   18.820098  (      95   11394)
           4    4.494871   19.365114  (    3600   13897)
           5    4.500293   17.418596  (    1254   13964)
           6    4.501006   18.570395  (       1   10006)
           7    4.501239   16.299445  (    2603   10016)
           8    4.504058   16.473376  (       6    6183)
           9    4.505675   18.860920  (       1   10005)
          10    4.507801   16.901262  (       1   12107)
          11    4.509363   18.555277  (       1   10010)
          12    4.513356   15.125469  (    5700   12224)
          13    4.514330   17.131673  (       2   12107)
          14    4.515200   17.543964  (     226   12819)
          15    4.515859   17.964721  (       1   10001)
          16    4.515965   17.963716  (       1   10002)
          17    4.516049   19.712669  (       1   10021)
          18    4.516532   15.144355  (    5713   12224)
          19    4.520076   16.265726  (    4395   10016)
          20    4.520779   15.617610  (    9774   15616)
          21    4.523146   15.178824  (    5700   15616)
          22    4.525568   15.197533  (    5713   15616)
          23    4.528431   15.223110  (     838   19234)
          24    4.528847   17.169091  (     226   12568)
          25    4.533995   17.204514  (    1254   11394)
          26    4.535361   15.235343  (    6245   12224)
          27    4.536270   18.871052  (      95   13964)
          28    4.536528   17.111842  (     226   12776)
          29    4.539578   17.042535  (    1842   13957)
          30    4.540268   15.566362  (    9774   12224)
          31    4.541739   17.986189  (     414   13964)
          32    4.541838   16.424114  (       1   10016)
          33    4.542841   18.972562  (     425    6157)
          34    4.543001   16.400532  (     302   10016)
          35    4.543095   15.288042  (    6245   15616)
          36    4.543481   17.122342  (       6     201)
          37    4.545760   15.256856  (    6723   12224)
          38    4.546585   19.235358  (    7475   13964)
          39    4.549752   17.260221  (    4586   13964)
          40    4.551757   15.906250  (       1   10015)
          41    4.552639   16.317471  (     270   10016)
          42    4.553745   15.309544  (    6723   15616)
          43    4.557665   16.908624  (       6    2589)
          44    4.561550   19.058526  (    2962   13964)
          45    4.562601   19.140806  (    4553   13964)
          46    4.565044   15.317227  (    5376   17652)
          47    4.565893   15.249463  (    8019   12224)
          48    4.566534   19.062656  (    7475   11394)
          49    4.567391   18.994362  (    4553   11394)
          50    4.568702   18.873277  (       1   10026)
          51    4.571001   16.791344  (    6157   12822)
          52    4.572074   19.949614  (       1   19055)
          53    4.573772   15.302393  (    8019   15616)
          54    4.574679   15.146217  (    5714   15616)
          55    4.576174   16.788864  (    2603   10015)
          56    4.576218   16.773131  (    1842   10724)
          57    4.577505   18.344330  (    4092    7435)
          58    4.577540   15.286823  (    8508   12224)
          59    4.577792   17.100196  (       1   10011)
          60    4.578335   18.371271  (      94   11394)
          61    4.578353   17.401527  (       4   11217)
          62    4.578695   18.462484  (       1   10146)
          63    4.578729   16.972911  (    1842   10792)
          64    4.579097   18.862920  (    4092    6157)
          65    4.579136   17.684347  (       1   10525)
          66    4.580174   18.447438  (       1   10150)
          67    4.580686   18.002217  (    3300   13964)
          68    4.582453   16.838763  (    2603   10286)
          69    4.583228   18.848519  (       1   10036)
          70    4.583361   16.236374  (    1716   17392)
          71    4.583554   18.613282  (     838   10658)
          72    4.583660   14.580876  (       8      95)
          73    4.583851   15.249060  (    8073   12224)
          74    4.584674   20.174628  (       1   13896)
          75    4.584959   15.339583  (    8508   15616)
          76    4.585469   15.971655  (    6157   10973)
          77    4.585482   16.775687  (     226   17392)
          78    4.585669   18.658639  (       1   10043)
          79    4.585879   19.154339  (    3600   19715)
          80    4.585912   18.445939  (       1   10038)
          81    4.586283   19.778266  (       1   11061)
          82    4.586380   16.310083  (     129   10003)
          83    4.586868   17.034949  (      94   10015)
          84    4.588025   16.593115  (       6     195)
          85    4.588415   19.679723  (    2603   11394)
          86    4.589052   16.413964  (      95   10015)
          87    4.589126   16.911493  (    1842   13321)
          88    4.589153   18.622842  (       1   10092)
          89    4.590475   15.301555  (    8073   15616)
          90    4.590633   16.119715  (    4174   17392)
          91    4.590794   19.200041  (    3600   18340)
          92    4.591537   14.962982  (       1   10003)
          93    4.592616   16.854342  (    4395   10015)
          94    4.592861   19.732205  (    4395   11394)
          95    4.593392   16.591292  (     679   17392)
          96    4.594152   16.651776  (    1735   17392)
          97    4.594215   18.588039  (       1   10140)
          98    4.594376   18.609263  (       1   10121)
          99    4.594982   16.681783  (       6    8024)
         100    4.595078   16.347433  (       6    4885)
