     Index              y_true              y_pred        descriptor_1        descriptor_2
         1    0.6942000000E+02    0.8666394885E+02    0.1577573020E+01    0.2328370492E-04
         2    0.1790000000E+02    0.2937238252E+02    0.3910167000E-01    0.2859417426E-01
         3    0.1845000000E+02    0.2046411978E+02    0.8119913000E-01    0.6688564208E-01
         4    0.1464000000E+02    0.3442870940E+02    0.4313415700E+00    0.5693108467E-01
         5    0.2720000000E+02    0.2076942186E+02   -0.1501889100E+00    0.3790529003E-01
         6    0.2817000000E+02    0.2344567419E+02   -0.2832202000E+00    0.1191646706E-01
         7    0.6276000000E+02    0.5013128911E+02    0.5612115600E+00    0.1399000014E-01
         8    0.6029000000E+02    0.5352627087E+02    0.1223724840E+01    0.8104389998E-01
         9    0.5100000000E+02    0.4568311130E+02    0.6783528400E+00    0.4467580963E-01
        10    0.2045000000E+02    0.1594832564E+02   -0.6146586500E+00    0.0000000000E+00
        11    0.1850000000E+02    0.1638791624E+02   -0.6010322500E+00    0.0000000000E+00
        12    0.6900000000E+02    0.7104793319E+02    0.1154214680E+01    0.7327682819E-02
        13    0.4263000000E+02    0.5512055805E+02    0.7433513200E+00    0.1729684454E-01
        14    0.2067000000E+02    0.3156538460E+02   -0.1305621000E+00    0.0000000000E+00
        15    0.4307000000E+02    0.6444889769E+02    0.8904179600E+00    0.1996325531E-03
        16    0.6660000000E+02    0.6692164908E+02    0.1227493200E+01    0.3153512886E-01
        17    0.3200000000E+01    0.3517130699E+01   -0.1000000000E+01    0.0000000000E+00
        18    0.6511000000E+02    0.4855178203E+02    0.5798387200E+00    0.2212256164E-01
        19    0.2622000000E+02    0.2697016768E+02   -0.2308837000E+00    0.5068140386E-02
        20    0.3007000000E+02    0.3096655262E+02    0.1930147900E+00    0.4116773317E-01
        21    0.9080000000E+02    0.6183130873E+02    0.9704703600E+00    0.1959499766E-01
        22    0.5646000000E+02    0.5650629017E+02    0.1073306100E+01    0.5182994940E-01
        23    0.4460000000E+02    0.3415314441E+02    0.2494118500E+00    0.3606829972E-01
        24    0.6056000000E+02    0.5636321168E+02    0.8972176800E+00    0.3117586621E-01
        25    0.2681000000E+02    0.3615756758E+02   -0.1057239000E-01   -0.2690270264E-02
        26    0.2796000000E+02    0.2515293412E+02   -0.3853437200E+00   -0.6739239911E-02
        27    0.4537000000E+02    0.4859270466E+02   -0.4817391000E+00   -0.1057638168E+00
        28    0.3682000000E+02    0.6689835981E+02    0.9654366100E+00    0.9018385317E-04
        29    0.8872000000E+02    0.6676510531E+02    0.9605564900E+00    0.0000000000E+00
        30    0.7737000000E+02    0.7971920418E+02    0.1362466600E+01    0.4329501986E-04
        31    0.2548000000E+02    0.2883187170E+02   -0.7165648200E+00   -0.6031496265E-01
        32    0.5060000000E+01    0.3209398574E+02    0.4930341200E+00    0.7306227792E-01
        33    0.7420000000E+02    0.5735677472E+02    0.7682322200E+00    0.1194996444E-01
        34    0.5301000000E+02    0.4400521109E+02    0.2550468100E+00    0.0000000000E+00
        35    0.2551000000E+02    0.2923070725E+02   -0.2428973300E+00   -0.4808772726E-02
        36    0.3120000000E+02    0.2962077562E+02   -0.1692341000E+00    0.2599832988E-02
        37    0.7520000000E+02    0.7030165045E+02    0.1070182080E+01    0.0000000000E+00
        38    0.5090000000E+02    0.5566982612E+02    0.8678907600E+00    0.3023331674E-01
        39    0.5015000000E+02    0.3878834509E+02    0.1116703000E+00    0.2206214991E-02
        40    0.1790000000E+02    0.2367124946E+02   -0.3391397000E-01    0.4107274421E-01
        41    0.4216000000E+02    0.3028307127E+02    0.2778274500E+00    0.5392202264E-01
        42    0.8285000000E+02    0.7651547541E+02    0.1388136430E+01    0.1508129776E-01
