        Rank        RMSE       MaxAE  Feature_ID
           1   30.766940   99.346168  (    2390   12657)
           2   31.004377   99.728203  (    1243   12657)
           3   31.272128   95.454298  (     851   12657)
           4   31.846664  104.057094  (     626   12657)
           5   32.143540   95.016378  (    2196   12657)
           6   32.345721   95.462221  (    4120   12657)
           7   32.370987  104.621021  (    1658   12657)
           8   32.386308  106.431019  (    6768   12657)
           9   32.631644   94.781440  (     595   10159)
          10   32.649565   93.683638  (    2390   10159)
          11   32.686802  101.921015  (     220   10001)
          12   32.703625   90.818277  (    2356   12657)
          13   32.704414   96.101938  (    1646   12657)
          14   32.769277   97.482166  (       8   11242)
          15   32.787093  104.681752  (     220   10117)
          16   32.865339   97.344225  (    1388   12657)
          17   32.888789  103.992983  (     220   10006)
          18   32.899308  105.209613  (     220   10644)
          19   32.942431   90.096701  (    5198   12657)
          20   32.987716  103.752784  (     220   10004)
          21   32.993912  105.155260  (    2474   18521)
          22   33.009265   94.461664  (    2884   12657)
          23   33.011829  101.085410  (    6939   12657)
          24   33.030084  105.911758  (     782   12657)
          25   33.034631   93.541857  (     220   10159)
          26   33.055532  100.062023  (     703   12657)
          27   33.105131  106.136532  (    1470   12657)
          28   33.108893   96.455176  (    8498   15675)
          29   33.140174   99.882481  (    1257   12657)
          30   33.150588  103.842090  (     220   10010)
          31   33.155541  103.815949  (     220   10013)
          32   33.180765   87.826581  (     220   16107)
          33   33.238557   93.125731  (    1605   12657)
          34   33.252278   99.654688  (      16   11242)
          35   33.290493   92.756030  (     322   13704)
          36   33.307155  108.155062  (    8995   12657)
          37   33.335873   88.586000  (     686   12657)
          38   33.364512  107.088893  (    6267   12657)
          39   33.365320  111.931712  (      53   10005)
          40   33.416290  103.499101  (     122    6289)
          41   33.465052   98.998836  (     423    6289)
          42   33.483050   87.914425  (     876   12657)
          43   33.489781   95.302895  (     123   12657)
          44   33.514970   96.444099  (    4748   10159)
          45   33.515867  106.078121  (     220   12399)
          46   33.520212   96.727741  (     851   11269)
          47   33.549085  100.312335  (      18   10073)
          48   33.567354  103.773509  (     220   10028)
          49   33.586079  102.447573  (    6529   12657)
          50   33.606823  103.591147  (     220   10019)
          51   33.610209  103.453721  (    5789   18521)
          52   33.611392  107.503926  (     686   10159)
          53   33.651418  102.616258  (     844   15675)
          54   33.709074   93.822792  (    9099   12657)
          55   33.726866   99.724948  (     405   18385)
          56   33.758994   93.007011  (       5   12657)
          57   33.781259   95.664458  (    1243   10159)
          58   33.781823  104.823481  (    7196   11269)
          59   33.827785  100.260020  (     405   15781)
          60   33.834653   96.402359  (     101   11242)
          61   33.842014   85.234662  (      42   12657)
          62   33.842767  109.225219  (    1336   16896)
          63   33.851386  109.643586  (    1336   16838)
          64   33.856927  106.282154  (     220   15674)
          65   33.865933  102.601254  (    2753   12657)
          66   33.878593   95.444818  (      53   11991)
          67   33.882662  102.129062  (    5264   12657)
          68   33.888130   99.813253  (     177   18385)
          69   33.889606   89.742681  (      15   12657)
          70   33.918575  107.595123  (    2735    6289)
          71   33.924138   87.995565  (      29   12657)
          72   33.925469  111.776221  (      53   10012)
          73   33.942852  102.296265  (      24   10005)
          74   33.954133  100.557906  (     511   15675)
          75   33.968596  103.535671  (      16   13984)
          76   33.975499  102.509098  (    3085    6289)
          77   33.989793  106.563833  (     844   10856)
          78   33.996084  101.441347  (    2390   11269)
          79   33.998533   92.887905  (       1   10053)
          80   34.007802  100.325053  (     177   15781)
          81   34.012405   96.566398  (     851   14173)
          82   34.013668  107.899809  (    1446    6289)
          83   34.014599  114.099289  (    3939   12657)
          84   34.015783  100.586474  (      71   10103)
          85   34.019042  106.368201  (    3295   12657)
          86   34.047508   97.770829  (     322   10001)
          87   34.053980   91.240656  (    4074   10324)
          88   34.057963   97.399540  (     851   10805)
          89   34.069886   87.057840  (     279   12657)
          90   34.075264   99.721985  (     595   10027)
          91   34.085024  118.836945  (    1995    6289)
          92   34.093273  108.981413  (    7854   12657)
          93   34.096812   86.596390  (     207   12657)
          94   34.108082  100.414838  (      84    6289)
          95   34.119381   98.535406  (    4531   18521)
          96   34.123041  101.932905  (    2390   10805)
          97   34.125431   88.345198  (       8   10073)
          98   34.131578  103.989002  (     114    6289)
          99   34.140280  104.604392  (     595   10006)
         100   34.144455   97.060478  (      23   11273)
