Model_ID, [(c_i,i=0,n)_j,j=1,ntask]
           1    0.7389680435E+02    0.6064110724E+02   -0.1713034647E+03
           2    0.7361567023E+02   -0.6246924476E+02    0.1620185909E+03
           3    0.7442443938E+02    0.6024824239E+02   -0.1728820055E+03
           4    0.7449055861E+02   -0.6310024711E+02    0.1683778098E+03
           5    0.6117635624E+02    0.4989703369E+02   -0.1738292234E+03
           6    0.7326581407E+02   -0.6131536837E+02    0.1613236369E+03
           7    0.7337452408E+02   -0.6119898606E+02    0.1611220116E+03
           8    0.7314184116E+02   -0.6141839809E+02    0.1595550139E+03
           9    0.7288690809E+02    0.6065763806E+02   -0.1636458913E+03
          10    0.7379037647E+02    0.5593546229E+02   -0.1851182497E+03
          11    0.7411303183E+02   -0.6189310369E+02    0.1677287683E+03
          12    0.7373145901E+02   -0.6167212806E+02   -0.1621387485E+03
          13    0.7381466615E+02    0.5621884062E+02   -0.1862348283E+03
          14    0.7423317583E+02   -0.6178758738E+02    0.1676690207E+03
          15    0.7202826512E+02    0.5098801546E+02   -0.1598748489E+03
          16    0.7462717571E+02   -0.6231364464E+02   -0.1690692141E+03
          17    0.7397295588E+02   -0.6197566096E+02    0.1657373913E+03
          18    0.7371874456E+02    0.6119082377E+02   -0.1704463280E+03
          19    0.6133256442E+02   -0.4907332271E+02    0.1516589248E+03
          20    0.7437880174E+02   -0.5746235561E+02   -0.1853539380E+03
          21    0.7482009468E+02   -0.5794939097E+02   -0.1847711935E+03
          22    0.6749307726E+02   -0.4878938411E+02    0.1538771714E+03
          23    0.7311377145E+02   -0.6044970647E+02    0.1475955536E+03
          24    0.7313305079E+02    0.6416948572E+02   -0.1705255077E+03
          25    0.7280048445E+02   -0.6177131824E+02    0.2030485806E+03
          26    0.7321044937E+02    0.6034643081E+02    0.1616439922E+03
          27    0.7443868010E+02   -0.6295202390E+02    0.1590570975E+03
          28    0.7501836048E+02   -0.6281197072E+02    0.1695013646E+03
          29    0.6897664872E+02    0.5648017306E+02   -0.1683900725E+03
          30    0.7448114124E+02   -0.6323093086E+02    0.1673180189E+03
          31    0.7356295667E+02   -0.6086081376E+02   -0.1660740963E+03
          32    0.7405738997E+02   -0.5751850951E+02    0.1803786915E+03
          33    0.7441005519E+02   -0.6345845121E+02    0.1677150072E+03
          34    0.7539807104E+02   -0.6368683076E+02    0.1662997338E+03
          35    0.6109096092E+02   -0.4876363475E+02    0.1498860078E+03
          36    0.7441591186E+02   -0.5827301214E+02    0.1801450475E+03
          37    0.6714904785E+02   -0.4848937646E+02    0.1513085308E+03
          38    0.7367706109E+02   -0.6132833170E+02   -0.1711192164E+03
          39    0.7366910838E+02    0.5677826038E+02   -0.1691838278E+03
          40    0.7411282490E+02   -0.5725914027E+02    0.1809829179E+03
          41    0.7392369513E+02   -0.6094634453E+02    0.1532583076E+03
          42    0.7536962644E+02   -0.6349623797E+02    0.1709690355E+03
          43    0.7289314060E+02   -0.6017505730E+02    0.1564506435E+03
          44    0.7388284502E+02   -0.6106751948E+02   -0.1695717007E+03
          45    0.7289168025E+02    0.5927696100E+02    0.1614911808E+03
          46    0.7460820702E+02   -0.6204994647E+02   -0.1781442107E+03
          47    0.6107330373E+02   -0.4911059585E+02    0.1494959681E+03
          48    0.7301170977E+02    0.5918411325E+02    0.1614842799E+03
          49    0.7286846332E+02   -0.6098365442E+02   -0.1663470985E+03
          50    0.7476960435E+02   -0.6153523828E+02    0.1692320264E+03
          51    0.7465730300E+02   -0.5748113020E+02   -0.1831822991E+03
          52    0.7474162669E+02   -0.5940989155E+02   -0.1824899358E+03
          53    0.7463758442E+02   -0.6161901670E+02    0.1691017208E+03
          54    0.7329452097E+02   -0.6230026607E+02    0.1611673015E+03
          55    0.6133682922E+02    0.5077362216E+02   -0.1754453890E+03
          56    0.7518494500E+02   -0.6208887078E+02   -0.1708241316E+03
          57    0.7334863543E+02   -0.6076468691E+02   -0.1662089244E+03
          58    0.7275666166E+02    0.5935647308E+02    0.1595272466E+03
          59    0.7382974107E+02   -0.5870327584E+02   -0.1718387842E+03
          60    0.7356165222E+02   -0.6221621487E+02    0.2097296781E+03
          61    0.7414953873E+02   -0.5681087186E+02    0.1803202417E+03
          62    0.7409570675E+02   -0.6200715363E+02    0.1666255685E+03
          63    0.6193755533E+02    0.4895671242E+02   -0.1756611919E+03
          64    0.7370273984E+02   -0.6068010145E+02    0.1627320900E+03
          65    0.7320846015E+02    0.5419088197E+02   -0.1819873507E+03
          66    0.7429244158E+02   -0.5786783108E+02    0.1790970853E+03
          67    0.7368181123E+02    0.6150316581E+02   -0.1706019619E+03
          68    0.7399893854E+02   -0.5687679792E+02    0.1800687733E+03
          69    0.7214967086E+02    0.5756329163E+02   -0.1604657029E+03
          70    0.7421311538E+02   -0.6189819791E+02    0.1665458991E+03
          71    0.7401899437E+02   -0.6221523650E+02    0.1669254946E+03
          72    0.7413333645E+02   -0.6209908457E+02    0.1667917686E+03
          73    0.7422588522E+02    0.6088139298E+02   -0.1721299914E+03
          74    0.7510238637E+02   -0.6217661134E+02    0.1705792929E+03
          75    0.7413551061E+02   -0.5696085286E+02    0.1793580988E+03
          76    0.7497003320E+02   -0.6226246092E+02    0.1704521841E+03
          77    0.7276733682E+02    0.5717694872E+02   -0.1661125617E+03
          78    0.7355962380E+02   -0.5812467954E+02   -0.1729604050E+03
          79    0.7448464524E+02   -0.6167761332E+02    0.1669040599E+03
          80    0.7417850684E+02   -0.6119232145E+02   -0.1726634375E+03
          81    0.7368926120E+02    0.5987430919E+02    0.1625726126E+03
          82    0.7460666490E+02   -0.6242709867E+02   -0.1679051931E+03
          83    0.7294548506E+02   -0.5937345703E+02   -0.1668037475E+03
          84    0.7505471544E+02   -0.6340602117E+02    0.1689493278E+03
          85    0.7395902889E+02   -0.6209447594E+02    0.1646681896E+03
          86    0.7414038552E+02    0.6122776355E+02   -0.1717205393E+03
          87    0.7536583885E+02   -0.6326215361E+02    0.1716214945E+03
          88    0.7369117045E+02   -0.6128762413E+02   -0.1693016537E+03
          89    0.7388506145E+02   -0.6230920549E+02    0.1650178846E+03
          90    0.7452545330E+02   -0.6262797302E+02   -0.1681316973E+03
          91    0.7229524891E+02    0.6050137961E+02    0.1551282398E+03
          92    0.7380411317E+02   -0.5911552439E+02   -0.1723856104E+03
          93    0.7436366770E+02    0.6140758672E+02   -0.1723234511E+03
          94    0.7361679313E+02   -0.6149919732E+02   -0.1695343585E+03
          95    0.7550722710E+02   -0.5905950153E+02    0.1800700442E+03
          96    0.7400123726E+02   -0.5954713507E+02   -0.1711772941E+03
          97    0.7317917220E+02   -0.6166782754E+02    0.1606759300E+03
          98    0.7599066812E+02   -0.6349913130E+02    0.1682000427E+03
          99    0.7333525111E+02    0.5830428007E+02   -0.1797489679E+03
         100    0.7542685176E+02   -0.6066689719E+02   -0.1730156885E+03
