        Rank        RMSE       MaxAE  Feature_ID
           1   27.626750   76.461559  (    7663   14849)
           2   27.743344   60.787820  (     529   14562)
           3   27.749161   76.416621  (    7663   15297)
           4   27.945342   72.742425  (     609   19786)
           5   28.268949   83.292252  (    1413   14562)
           6   28.329949   70.208144  (      17   15522)
           7   28.353109   82.555646  (      90   15522)
           8   28.403257   82.856120  (     625   14562)
           9   28.412274   75.436058  (    7663   14379)
          10   28.485596   74.843304  (    2085   12410)
          11   28.490898   77.227948  (     609   14790)
          12   28.503514   70.087680  (     110   11158)
          13   28.560119   83.556617  (     377   14562)
          14   28.576001   76.951307  (    7663   13377)
          15   28.616158   62.671554  (    1434   14562)
          16   28.644001   75.979229  (    7663   19335)
          17   28.658985   78.515869  (     521   19755)
          18   28.667035   76.800382  (    7663   19879)
          19   28.706141   73.655290  (      90   19755)
          20   28.709266   89.261669  (    9179   14613)
          21   28.726001   80.117374  (    1741   14562)
          22   28.779983   76.068108  (    7663   11703)
          23   28.798177   74.679495  (      90   12667)
          24   28.823352   75.575212  (    2085   15536)
          25   28.857890   75.637921  (    7663   16444)
          26   28.871008   72.755094  (     521   12667)
          27   28.882089   81.055651  (     625   17075)
          28   28.910262   68.682775  (      37   11158)
          29   28.933451   75.898901  (    7663   11516)
          30   28.949618   74.467562  (    2799   12410)
          31   28.970622   74.383232  (     114   14562)
          32   28.973917   77.639665  (     529   14613)
          33   28.981648   61.783443  (    2085   11848)
          34   29.021141   62.908679  (    2085   11087)
          35   29.035318   81.546489  (    5099   14562)
          36   29.043893   87.925515  (     356   14562)
          37   29.070088   71.742925  (     924   19786)
          38   29.074333   75.366947  (    7663   18880)
          39   29.083562   81.270252  (    1413   17075)
          40   29.094846   72.965641  (    1406   15522)
          41   29.098293   82.554451  (    1413   14613)
          42   29.102297   84.532330  (    5148   14562)
          43   29.119893   83.328418  (    8647   17279)
          44   29.123987   69.490440  (     444   10299)
          45   29.141681   87.925170  (    1068   14562)
          46   29.146200   75.984257  (     609   13070)
          47   29.155092   68.045630  (      10   14562)
          48   29.157992   64.020663  (    2085   11739)
          49   29.161070   74.549681  (    1238   15522)
          50   29.165580   80.412663  (     557   14562)
          51   29.175569   68.692106  (    9179   18586)
          52   29.184241   77.118173  (    9179   17075)
          53   29.190322   78.107419  (    6124   17279)
          54   29.202210   64.913872  (       3   10461)
          55   29.219114   65.206047  (      37   15069)
          56   29.221601   65.218441  (      37   19755)
          57   29.242181   76.464600  (     155   19855)
          58   29.267106   62.017221  (     110   10237)
          59   29.269247   86.435544  (     899   14562)
          60   29.277323   75.202583  (    2799   15536)
          61   29.284720   68.906451  (    2085   18072)
          62   29.293370   76.145910  (    7416   14562)
          63   29.299383   81.693242  (     377   17075)
          64   29.300541   71.095001  (       3   14562)
          65   29.300887   65.115159  (      37   17171)
          66   29.312068   66.155617  (    1237   15522)
          67   29.335106   63.013126  (    2085   12555)
          68   29.339581   65.993854  (      46   11158)
          69   29.370380   86.033573  (    1808   17075)
          70   29.395343   76.636347  (    7663   19312)
          71   29.399313   79.386742  (    1741   14613)
          72   29.405122   65.226025  (      34   10237)
          73   29.409193   66.208143  (      21   10237)
          74   29.418704   85.438462  (    1751   14562)
          75   29.424463   86.616243  (    7663   13763)
          76   29.426702   86.722294  (     416   14562)
          77   29.430636   86.737292  (    2884   14562)
          78   29.437436   87.405445  (    6498   14562)
          79   29.444502   62.001176  (    2799   11848)
          80   29.461222   86.840126  (     410   14562)
          81   29.464979   62.305841  (    4125   17279)
          82   29.467244   73.708235  (    7174   14562)
          83   29.474205   75.192581  (    7663   19843)
          84   29.482166   63.128224  (    2799   11087)
          85   29.491236   76.450290  (    2085   12888)
          86   29.495303   76.924422  (     184   15522)
          87   29.496026   85.890585  (    5128   14562)
          88   29.497294   92.420433  (     443   14562)
          89   29.508726   62.150345  (    4039   17279)
          90   29.509258   67.061631  (      38   19755)
          91   29.514151   63.944360  (      37   10237)
          92   29.525965   65.303866  (      37   19145)
          93   29.530317   68.684212  (     444   10652)
          94   29.542513   87.056910  (    1187   14562)
          95   29.549357   86.895924  (     419   14562)
          96   29.555173   74.484342  (    6124   17212)
          97   29.584260   88.121138  (    1909   14562)
          98   29.587312   66.330661  (      37   15714)
          99   29.591218   83.879942  (     858   14613)
         100   29.593412   79.925456  (    3343   17279)
