Model_ID, [(c_i,i=0,n)_j,j=1,ntask]
           1    0.2518567267E+03    0.9146881161E+02   -0.5701436278E+03
           2    0.2933196931E+03    0.1982002685E+03    0.4335814409E+03
           3    0.2785753007E+03    0.9624757022E+02   -0.5571546168E+03
           4    0.3125344525E+03    0.1100874996E+03   -0.6150576943E+03
           5    0.3253468244E+03    0.2058509970E+03   -0.5733450918E+03
           6    0.2946326486E+03    0.2013970061E+03    0.3169004894E+03
           7    0.2807249142E+03    0.9671137867E+02   -0.6423485279E+03
           8    0.3106583366E+03    0.1116742093E+03   -0.6223995344E+03
           9    0.3200770823E+03    0.2120534456E+03   -0.5824350961E+03
          10    0.2326687254E+03    0.1251826038E+03   -0.5999297943E+03
          11    0.3073158233E+03    0.1127829214E+03   -0.5087864383E+03
          12    0.2344614126E+03    0.1203440817E+03   -0.7328567453E+03
          13    0.3151488198E+03    0.1033823576E+03   -0.6213120673E+03
          14    0.3082863047E+03    0.1120328512E+03   -0.6014668250E+03
          15    0.2982362253E+03    0.9138822778E+02   -0.8109941175E+03
          16    0.2704462666E+03    0.8523716678E+02   -0.4238504764E+03
          17    0.2539968709E+03    0.8800650664E+02   -0.6369713538E+03
          18    0.2574258340E+03    0.9595753707E+02   -0.5419122727E+03
          19    0.2527040114E+03    0.8890055522E+02   -0.6367257318E+03
          20    0.3742892531E+03    0.1366250165E+03    0.1082462528E+04
          21    0.2773395860E+03    0.9263802062E+02    0.6329567246E+03
          22    0.2799163483E+03    0.9281724952E+02   -0.6520629983E+03
          23    0.2568280590E+03    0.8654170303E+02   -0.6222795426E+03
          24    0.3088377164E+03    0.1124930566E+03   -0.5979238324E+03
          25    0.3292113982E+03    0.8978274038E+02   -0.8796210316E+03
          26    0.3102737948E+03    0.8617642177E+02   -0.1102891402E+04
          27    0.3099497411E+03    0.1121379457E+03   -0.6042888500E+03
          28    0.2775872851E+03    0.9402026849E+02   -0.6426202244E+03
          29    0.3031510910E+03    0.1082083983E+03   -0.6763556535E+03
          30    0.3180909729E+03    0.9111616207E+02   -0.1091625312E+04
          31    0.2251054120E+03    0.1403219722E+03   -0.6737614925E+03
          32    0.1924092761E+03   -0.1098028413E+03   -0.4008326132E+03
          33    0.3092226771E+03    0.1119462670E+03   -0.5932338962E+03
          34    0.2712494995E+03    0.8767777745E+02   -0.2948410324E+03
          35    0.3076575134E+03    0.1106693310E+03   -0.5733294668E+03
          36    0.3040431041E+03    0.1830047441E+03   -0.7811579950E+03
          37    0.2510709190E+03    0.8846132347E+02   -0.6306310125E+03
          38    0.2006292365E+03    0.1136505385E+03   -0.6331473020E+03
          39    0.2781589284E+03    0.9354445642E+02   -0.6379570748E+03
          40    0.3081987598E+03    0.1106813944E+03    0.5819544392E+03
          41    0.2943181139E+03    0.1709139602E+03   -0.7517557772E+03
          42    0.2781988715E+03    0.9355536305E+02   -0.6381879278E+03
          43    0.3084351221E+03    0.1118485350E+03   -0.5968775615E+03
          44    0.2773277025E+03    0.9349045582E+02   -0.6430091252E+03
          45    0.2675642182E+03    0.8974779263E+02   -0.2945571788E+03
          46    0.2789201812E+03    0.9360153797E+02   -0.6460808623E+03
          47    0.2517440175E+03    0.8754799391E+02    0.6080119597E+03
          48    0.3018738056E+03    0.1801123432E+03    0.7528343521E+03
          49    0.3092645885E+03    0.1118785262E+03   -0.5912221201E+03
          50    0.2698908413E+03    0.8803435366E+02    0.4195463290E+03
          51    0.3049885357E+03    0.1066203852E+03   -0.6577334587E+03
          52    0.3243981473E+03    0.1262751862E+03    0.6622571910E+03
          53    0.2683645323E+03    0.8771941928E+02   -0.2917686845E+03
          54    0.2023396043E+03    0.1156866967E+03   -0.5586843743E+03
          55    0.2928909213E+03    0.1714312534E+03   -0.7417581817E+03
          56    0.2923838878E+03    0.1682661051E+03    0.7240944741E+03
          57    0.2726916778E+03    0.8484782859E+02    0.2759179762E+03
          58    0.3084643368E+03    0.1125699517E+03   -0.5845940604E+03
          59    0.2082234572E+03    0.1195103193E+03   -0.6696981550E+03
          60    0.3025419646E+03    0.1150537194E+03   -0.6149550077E+03
          61    0.2515834965E+03    0.8884738014E+02   -0.6183238491E+03
          62    0.3348345098E+03    0.1218828609E+03   -0.5493754809E+03
          63    0.2799782485E+03    0.9157659057E+02   -0.3339057336E+03
          64    0.2575974798E+03    0.8208335483E+02   -0.6634703379E+03
          65    0.2678372627E+03    0.9445029915E+02   -0.4439571845E+03
          66    0.3092333956E+03    0.1124884614E+03   -0.5746385969E+03
          67    0.1902920153E+03    0.9579587051E+02   -0.5882899749E+03
          68    0.2694487194E+03    0.8881156175E+02   -0.2866526002E+03
          69    0.3049890422E+03    0.1141897895E+03   -0.6226679763E+03
          70    0.2935073521E+03    0.1704754630E+03   -0.7367181077E+03
          71    0.2965802640E+03    0.1121874742E+03   -0.6801108368E+03
          72    0.2522909485E+03    0.8843167587E+02   -0.6143739068E+03
          73    0.1924963160E+03    0.9506736069E+02   -0.4924417802E+03
          74    0.2233990252E+03    0.1433746818E+03   -0.1136284524E+04
          75    0.2771776406E+03    0.9405372283E+02   -0.6275130969E+03
          76    0.3391165808E+03    0.9505179474E+02   -0.8748685425E+03
          77    0.2699611501E+03    0.8490508975E+02   -0.2725377229E+03
          78    0.2514800870E+03    0.8835794916E+02   -0.6185174523E+03
          79    0.2700934362E+03    0.8584175656E+02    0.4791313551E+03
          80    0.2690120971E+03    0.8902332247E+02    0.2943569296E+03
          81    0.3181750923E+03    0.2127187048E+03   -0.5665807615E+03
          82    0.2522914393E+03    0.8836813194E+02   -0.6123180837E+03
          83    0.2403011691E+03    0.1289874272E+03   -0.7014601855E+03
          84    0.2684980964E+03    0.8933070964E+02    0.2967505050E+03
          85    0.2807158840E+03   -0.1517426796E+03   -0.7900773357E+03
          86    0.2583529035E+03    0.9318272372E+02   -0.5852535819E+03
          87    0.2339324811E+03    0.1178781615E+03    0.6898484339E+03
          88    0.2330127660E+03    0.1191948687E+03   -0.7143200318E+03
          89    0.2824192638E+03    0.9096288349E+02   -0.6270571381E+03
          90    0.2357563950E+03    0.7751979561E+02   -0.5889490695E+03
          91    0.3035328178E+03    0.1151521971E+03   -0.6115391452E+03
          92    0.3265682521E+03    0.1276694152E+03   -0.6769136162E+03
          93    0.2921556161E+03    0.1698766924E+03   -0.7439457679E+03
          94    0.2692565244E+03    0.8868383810E+02    0.4256450619E+03
          95    0.2780421931E+03    0.9393994203E+02   -0.6156200793E+03
          96    0.2781481077E+03    0.9729083402E+02   -0.1056979560E+04
          97    0.2366593747E+03    0.1181109500E+03   -0.7104253598E+03
          98    0.2934880380E+03    0.1701915909E+03   -0.7319811403E+03
          99    0.2004536218E+03    0.1111865398E+03   -0.6700701969E+03
         100    0.2511394169E+03    0.8893496026E+02   -0.6055069402E+03
