        Rank        RMSE       MaxAE  Feature_ID
           1    9.862250   24.148214  (       9   10115)
           2    9.882765   26.292698  (       9   11042)
           3    9.900639   26.783708  (       9   10150)
           4    9.904329   25.176445  (       9   10657)
           5    9.904450   25.808722  (       9   10820)
           6    9.905621   25.854956  (       9   11386)
           7    9.925553   25.234907  (       9   10419)
           8    9.936340   25.784174  (       9   11574)
           9    9.957369   23.878573  (       9   10435)
          10    9.974761   25.222097  (       9   12161)
          11    9.991118   23.001244  (       9   11346)
          12    9.994370   25.057152  (       9   11754)
          13    9.997197   25.120171  (       9   11705)
          14   10.006747   24.847027  (       9   19635)
          15   10.011956   24.930491  (       9   10792)
          16   10.013535   24.829147  (       9   13609)
          17   10.014345   22.924849  (       9   12212)
          18   10.015261   22.496673  (       9   12509)
          19   10.020415   25.670159  (       9   12214)
          20   10.022654   26.756538  (       9   13769)
          21   10.023564   25.706582  (       9   11817)
          22   10.023952   24.989980  (       9   12209)
          23   10.031301   25.373914  (       9   11703)
          24   10.034825   23.697693  (       9   17105)
          25   10.040067   26.618275  (       9   13316)
          26   10.040214   24.377594  (       9   13934)
          27   10.043855   24.723758  (       9   12557)
          28   10.047564   23.101639  (       9   13149)
          29   10.054390   25.834999  (       9   11783)
          30   10.054758   22.906091  (       9   12646)
          31   10.055697   22.994066  (       9   11771)
          32   10.057445   23.805014  (       9   19024)
          33   10.060447   25.419684  (       9   12607)
          34   10.065118   23.700103  (       9   10227)
          35   10.075785   25.456598  (       9   12760)
          36   10.080612   22.698624  (       9   13063)
          37   10.083569   22.417785  (       9   12457)
          38   10.085752   23.849989  (       9   10141)
          39   10.089814   25.568671  (       9   12411)
          40   10.095192   24.860001  (       9   10962)
          41   10.096877   22.870778  (       9   17630)
          42   10.109379   22.875573  (       9   13238)
          43   10.113564   24.229257  (       9   12512)
          44   10.120044   21.898793  (       9   10114)
          45   10.121418   25.454920  (       9   14205)
          46   10.126082   25.508396  (       9   13815)
          47   10.126452   22.421656  (       9   13155)
          48   10.126847   26.377060  (       9   10113)
          49   10.127610   25.349650  (       9   19927)
          50   10.127962   23.224699  (       9   12307)
          51   10.134318   23.580930  (       9   13364)
          52   10.134427   24.559672  (       9   13278)
          53   10.135780   24.660640  (       9   10248)
          54   10.136927   24.905386  (       9   14916)
          55   10.139876   23.359850  (     258   10259)
          56   10.144097   25.825977  (       9   14185)
          57   10.144319   25.752873  (       9   13112)
          58   10.146015   25.583472  (       9   13528)
          59   10.146426   23.142980  (       9   10002)
          60   10.146819   25.626093  (       9   13619)
          61   10.147314   25.634415  (       9   13640)
          62   10.148304   25.543774  (       9   13469)
          63   10.149079   25.536651  (       9   13461)
          64   10.149527   25.562822  (       9   16246)
          65   10.153528   24.724915  (       9   13428)
          66   10.158162   26.428615  (       9   18979)
          67   10.158955   25.831631  (       9   13105)
          68   10.159805   21.882035  (       9   10129)
          69   10.161388   25.319487  (       9   11533)
          70   10.161879   25.742883  (       9   13983)
          71   10.162663   23.935214  (       9   14028)
          72   10.163824   24.255480  (       9   10571)
          73   10.164297   24.696983  (       9   16030)
          74   10.165164   23.895703  (       9   12424)
          75   10.166406   24.251828  (       9   18672)
          76   10.167122   25.459020  (       9   13472)
          77   10.167765   22.406509  (       9   13755)
          78   10.167799   21.995371  (       9   14103)
          79   10.168410   22.292102  (       9   10116)
          80   10.168561   22.879986  (       9   10010)
          81   10.168880   22.372668  (       9   11933)
          82   10.169637   21.512539  (       9   10155)
          83   10.174352   24.639154  (       9   13991)
          84   10.175428   24.950492  (       9   14105)
          85   10.175766   26.322456  (       9   17738)
          86   10.178007   24.411466  (       9   13220)
          87   10.179366   22.410411  (       9   10148)
          88   10.179564   22.652273  (       9   15285)
          89   10.181869   23.455901  (       9   12672)
          90   10.182189   22.126226  (       9   19330)
          91   10.182270   25.673486  (       9   13422)
          92   10.182831   24.712624  (       9   12237)
          93   10.183614   26.741151  (       1   10002)
          94   10.184463   24.397419  (       9   13231)
          95   10.187660   26.247156  (       1   10001)
          96   10.188442   22.098293  (       9   10146)
          97   10.188491   25.182126  (       9   15794)
          98   10.190902   25.945962  (       9   13218)
          99   10.192824   23.159505  (       9   10004)
         100   10.193197   23.165543  (       9   10021)
