Model_ID, [(c_i,i=0,n)_j,j=1,ntask]
           1    0.1622904425E+02   -0.1745879749E+02    0.1267542861E+03
           2    0.1508012123E+02    0.1536104087E+02   -0.1255110800E+03
           3    0.1511825241E+02    0.1529277881E+02   -0.1252601862E+03
           4    0.1512513921E+02    0.1532018283E+02   -0.1280759606E+03
           5    0.4651882131E+01   -0.1270201492E+02    0.8726166637E+02
           6    0.1516322980E+02    0.1525296730E+02   -0.1278561503E+03
           7    0.4695291516E+01   -0.2535126581E+02    0.8785122647E+02
           8    0.1515923574E+02    0.1513281193E+02   -0.1246579406E+03
           9    0.2461919227E+02   -0.2832984360E+02    0.1084800443E+03
          10    0.4338233232E+01   -0.1269937715E+02   -0.1146380035E+03
          11    0.1520413243E+02    0.1509481432E+02   -0.1272997970E+03
          12    0.1513397950E+02    0.1513623696E+02   -0.1246552381E+03
          13    0.4708312098E+01   -0.2512645440E+02    0.8602897556E+02
          14    0.4386099764E+01   -0.2531853018E+02   -0.1147658793E+03
          15    0.1517887269E+02    0.1509787753E+02   -0.1272820867E+03
          16    0.2236753640E+02   -0.1319533933E+02    0.2174427786E+02
          17    0.5010966661E+01   -0.2107049062E+02    0.1627725146E+03
          18    0.1613936315E+02   -0.1698189019E+02   -0.8697101378E+02
          19    0.4403074998E+01   -0.2510430361E+02   -0.1125991904E+03
          20    0.1610377037E+02   -0.1710924068E+02    0.9012476489E+02
          21    0.1676591909E+02   -0.1618131582E+02    0.4001913994E+02
          22    0.1641122691E+02   -0.1673667641E+02    0.6570910255E+02
          23    0.2002374344E+02    0.2167221602E+02    0.1923428839E+03
          24    0.4530865686E+01   -0.1263340552E+02    0.9492015814E+02
          25    0.2524063131E+02   -0.2902264132E+02    0.1172648463E+03
          26    0.3366562679E+01   -0.2193597746E+02   -0.1505437068E+03
          27    0.4566214717E+01   -0.2544633000E+02    0.1042541159E+03
          28    0.1639156465E+02   -0.1711044688E+02    0.1038352622E+03
          29    0.1527762464E+02    0.1573168952E+02    0.9569941805E+02
          30    0.3378482802E+01   -0.1098618928E+02   -0.1513490779E+03
          31    0.4575419462E+01   -0.2520324305E+02    0.9536454049E+02
          32    0.5073090895E+01   -0.2091947185E+02    0.1256449437E+03
          33    0.1531615306E+02    0.1566072060E+02    0.9548323327E+02
          34    0.5564932712E+01   -0.1931545336E+02    0.1217871577E+03
          35    0.4565782976E+01   -0.1252101347E+02    0.8926988396E+02
          36    0.1496877703E+02    0.1515714949E+02    0.1313921317E+03
          37    0.1637610976E+02   -0.1714642446E+02    0.1688831960E+03
          38    0.3396431281E+01   -0.2199525650E+02   -0.1520089826E+03
          39    0.1675976663E+02   -0.1790009310E+02    0.1507305123E+03
          40    0.4610883883E+01   -0.2497431622E+02    0.8961339729E+02
          41    0.1500649538E+02    0.1508940555E+02    0.1310838294E+03
          42    0.3380534883E+01   -0.2278060876E+02    0.1809279016E+03
          43    0.2430882379E+02   -0.2671132938E+02    0.1568221985E+03
          44    0.1626736000E+02   -0.1701025142E+02    0.1326750977E+03
          45    0.4564781634E+01   -0.2528971311E+02    0.9023100923E+02
          46    0.4640354014E+01   -0.1291937454E+02    0.1050683534E+03
          47    0.4589714838E+01   -0.2498642552E+02    0.9343251307E+02
          48    0.1628781356E+02   -0.1694231525E+02    0.8039820845E+02
          49    0.5242049411E+01   -0.2330453608E+02    0.7919675065E+02
          50    0.4562070428E+01   -0.2526421409E+02    0.1016482754E+03
          51    0.1643520034E+02   -0.1706580877E+02    0.1232934455E+03
          52    0.3399598732E+01   -0.1337201120E+02   -0.1586641933E+03
          53    0.4685706830E+01   -0.2578117492E+02    0.1056669597E+03
          54    0.1530890872E+02   -0.1359770961E+02   -0.3196609421E+02
          55    0.1638881707E+02   -0.1776238563E+02    0.1721335462E+03
          56    0.4576705017E+01   -0.2529219847E+02    0.9043581852E+02
          57    0.1535664601E+02    0.1549367871E+02    0.9493027891E+02
          58    0.1631865792E+02   -0.1662807444E+02    0.6001385658E+02
          59    0.1500691322E+02    0.1510945039E+02    0.1334058889E+03
          60    0.4623306896E+01   -0.2476898682E+02    0.8791361162E+02
          61    0.2441333548E+02   -0.2779234816E+02    0.1486697260E+03
          62    0.1504809069E+02    0.1493669729E+02    0.1306716444E+03
          63    0.1626989766E+02   -0.1687620149E+02   -0.9321322347E+02
          64    0.3748604413E+01   -0.1316235916E+02    0.1226626386E+03
          65    0.1504453492E+02    0.1504271795E+02    0.1331287461E+03
          66    0.4781104663E+01    0.2277698829E+02    0.3736604532E+02
          67    0.3589401894E+01   -0.2155802708E+02   -0.1410358708E+03
          68    0.5155368599E+01   -0.2033064741E+02    0.1229229693E+03
          69    0.4239102149E+01   -0.2529054407E+02   -0.1187115079E+03
          70    0.3450806484E+01   -0.2665532648E+02   -0.1586746626E+03
          71    0.1632989826E+02   -0.1679543461E+02    0.6458318068E+02
          72    0.1640396242E+02   -0.1711215392E+02    0.1237975300E+03
          73    0.2154652406E+02   -0.2599617038E+02    0.2098845205E+02
          74    0.3791095708E+01   -0.2626399651E+02    0.1232659852E+03
          75    0.1533063382E+02    0.1549673729E+02    0.9490330294E+02
          76    0.1502350590E+02    0.1494226887E+02    0.1307930240E+03
          77    0.2152187322E+02   -0.2600371526E+02    0.2095221561E+02
          78    0.1120106748E+02   -0.1027583828E+02    0.5990466843E+02
          79    0.2159040632E+02    0.2596184458E+02    0.2105231809E+02
          80    0.2435559531E+02   -0.2746820247E+02   -0.1003249338E+03
          81    0.1504330705E+02    0.1507672893E+02    0.1344790516E+03
          82    0.1368082152E+02   -0.1394659619E+02    0.1961442793E+02
          83    0.1639707379E+02   -0.1711566357E+02    0.1236166257E+03
          84    0.1989892793E+02   -0.2101762772E+02    0.1869000570E+03
          85    0.4674454597E+01   -0.2565496512E+02    0.1091377212E+03
          86    0.1637327952E+02   -0.1690951873E+02    0.6861922497E+02
          87    0.2160035376E+02   -0.2594237424E+02    0.2106643731E+02
          88    0.2024379058E+02   -0.1273648057E+02    0.1827921474E+02
          89    0.1508087747E+02    0.1501079600E+02    0.1342313732E+03
          90    0.4251612950E+01   -0.2528771814E+02   -0.1188579994E+03
          91    0.5508675171E+01   -0.1931245243E+02    0.1202848860E+03
          92    0.2491184136E+02   -0.2731859294E+02    0.1709757218E+03
          93    0.1514177421E+02   -0.1678816901E+02    0.1038424388E+03
          94    0.1508608610E+02    0.1489181912E+02    0.1327760793E+03
          95    0.2160616199E+02    0.2591957115E+02    0.2107433099E+02
          96    0.1241070465E+02   -0.1473116262E+02    0.5409656699E+02
          97    0.1984945461E+02   -0.2141019776E+02    0.1839369387E+03
          98    0.4702698149E+01   -0.2551500191E+02    0.1027730985E+03
          99    0.5116809603E+01   -0.1052881876E+02    0.1650051438E+03
         100    0.2233550012E+02   -0.2120659886E+02   -0.4883624528E+02
