        Rank        RMSE       MaxAE  Feature_ID
           1   27.023309   83.138571  (    9643   18082)
           2   27.262867   83.366699  (    9643   16338)
           3   27.406263   77.633396  (      63   11595)
           4   27.429215   88.286287  (     358   10371)
           5   27.701831   79.104363  (    9436   11595)
           6   27.830198   78.774079  (      63   10132)
           7   28.023407   80.975796  (     216   10132)
           8   28.043506   78.895045  (      63   10223)
           9   28.178213   80.511693  (     865   16880)
          10   28.238016   93.599110  (     358   13594)
          11   28.238919   81.100332  (     216   10223)
          12   28.321967   80.485348  (     320   16880)
          13   28.342258   77.453640  (    6221   11484)
          14   28.356864   80.721199  (     374   16880)
          15   28.374366  100.679717  (     153   15079)
          16   28.389289   85.795697  (     523   11595)
          17   28.394071   91.769404  (      60   15462)
          18   28.394828   85.286019  (     362   11595)
          19   28.397882  101.448108  (     285   15079)
          20   28.408376   82.520069  (    1132   11595)
          21   28.409015  101.448467  (     233   15079)
          22   28.424773   80.316219  (     216   11595)
          23   28.434898   92.892401  (    7337   12382)
          24   28.505960   81.001338  (     486   16880)
          25   28.515467   88.296935  (     358   10421)
          26   28.521147   77.694780  (      12   10576)
          27   28.523091  101.558487  (     562   15079)
          28   28.537803  101.514871  (     161   15079)
          29   28.546181   85.490756  (     388   11595)
          30   28.546854   84.372033  (     823   11595)
          31   28.573061   79.507847  (     271   16880)
          32   28.575083   76.424168  (      12   10842)
          33   28.579945   77.602954  (     571   12107)
          34   28.582060   79.488137  (     273   16880)
          35   28.612103   72.192376  (    6736   11595)
          36   28.633999   82.684461  (     818   16880)
          37   28.634058   79.493002  (      63   10735)
          38   28.660675   86.999364  (      98   11595)
          39   28.661580   88.601269  (      60   14451)
          40   28.664650   85.916924  (    9643   17081)
          41   28.665485   98.440757  (    7337   10504)
          42   28.669090   82.834624  (     438   10132)
          43   28.669198   88.351839  (    5305   10371)
          44   28.673753   99.805280  (      74   13918)
          45   28.681724   72.178911  (    7130   11595)
          46   28.683751   77.220956  (      24   10132)
          47   28.685231   81.668098  (    4062   16880)
          48   28.696079   82.608690  (    1430   11595)
          49   28.711202  109.720278  (    6525   10079)
          50   28.734952   80.676035  (    9934   11776)
          51   28.767070   82.334642  (     627   10132)
          52   28.782830   85.276837  (     358   10744)
          53   28.786798   82.925251  (    1389   11595)
          54   28.792314   82.036530  (    1269   11595)
          55   28.810288   86.692511  (     818   15079)
          56   28.811767   81.133119  (    9789   11776)
          57   28.811967   90.390686  (    5054   12150)
          58   28.814768   92.777421  (     300   14451)
          59   28.817857   84.256918  (    1523   11595)
          60   28.820836   89.905118  (      51   13769)
          61   28.823869   81.699241  (     216   10735)
          62   28.824998   89.697605  (    1853   19640)
          63   28.828028   89.763864  (    1853   19956)
          64   28.829911   77.240642  (      24   10223)
          65   28.830435   80.122730  (     499   16880)
          66   28.832625   93.704306  (     358   10603)
          67   28.839143   80.288513  (      63   12124)
          68   28.852533   83.571292  (    1787   10504)
          69   28.854581   87.283118  (     358   11283)
          70   28.874068   82.689824  (     647   16880)
          71   28.875373   91.503852  (      74   15412)
          72   28.882002   83.468640  (    2000   11595)
          73   28.884619   79.330254  (      32   10842)
          74   28.888289   82.968873  (     438   10223)
          75   28.893311  104.193399  (     985   15079)
          76   28.894191   96.030990  (    9811   10006)
          77   28.898017   92.458741  (     347   10612)
          78   28.898796   72.881222  (    6809   14861)
          79   28.908189   82.561574  (     576   10132)
          80   28.908947   87.686439  (     358   11449)
          81   28.909882   85.169373  (     294   11595)
          82   28.910065   94.509955  (     300   13347)
          83   28.911652   82.771784  (     445   10132)
          84   28.916913   94.456932  (     300   17896)
          85   28.917422   74.645329  (    6809   13543)
          86   28.920258   82.853510  (    2816   11290)
          87   28.925398   80.577640  (    1283   19844)
          88   28.925475   70.941706  (     618   11484)
          89   28.925779   78.581938  (     318   11283)
          90   28.927355   82.497672  (     597   10132)
          91   28.932509   88.831131  (      60   15913)
          92   28.955401   81.282764  (     886   16880)
          93   28.957032   90.012288  (      60   13347)
          94   28.957599   73.985215  (    6104   13543)
          95   28.958271  101.771094  (     123   15079)
          96   28.960314  109.814887  (    7201   10079)
          97   28.962741   83.922109  (     346   11595)
          98   28.968687   84.236424  (    1466   11595)
          99   28.970363   87.841240  (     358   12036)
         100   28.970681   95.236250  (     300   12288)
