     Index              y_true              y_pred        descriptor_1        descriptor_2
         1    0.4060000000E+01    0.4830751821E+01    0.3660720000E-01    0.1179883400E-01
         2    0.1316000000E+02    0.1229339229E+02    0.1282783200E+00   -0.2228682770E+00
         3    0.7530000000E+01    0.1326403003E+02    0.3253664000E+00   -0.5866281907E-01
         4    0.6970000000E+01    0.6203708996E+01    0.5478200000E-01   -0.2999760034E-01
         5    0.1470000000E+02    0.1437303266E+02    0.5647640000E+00    0.1438988437E+00
         6    0.3850000000E+02    0.3342511952E+02    0.1212561030E+01   -0.2007513411E-01
         7    0.6650000000E+01    0.8284760331E+01    0.7122610000E-01   -0.1050280141E+00
         8    0.1337000000E+02    0.1624946125E+02    0.5373578000E+00    0.3183133453E-01
         9    0.1002000000E+02    0.2198860072E+02    0.7285954200E+00   -0.2166567581E-01
        10    0.2309000000E+02    0.1722042974E+02    0.5709064700E+00    0.2403659492E-01
        11    0.4090000000E+02    0.2894597146E+02    0.9653856000E+00   -0.8130315442E-01
        12    0.1262000000E+02    0.1631577096E+02    0.4636502200E+00   -0.4862469263E-01
        13    0.1560000000E+01    0.3857094198E+00   -0.1219371300E+00    0.4226626859E-01
        14    0.4810000000E+01    0.5496567162E+01    0.1132840800E+00    0.6289751002E-01
        15    0.7350000000E+01    0.1101550764E+02   -0.1317772800E+00   -0.4396625540E+00
        16    0.1012000000E+02    0.7346082676E+01    0.2673823200E+00    0.1429023436E+00
        17    0.9540000000E+01    0.7597402792E+01    0.1934220600E+00    0.5397278320E-01
        18    0.4660000000E+01    0.7460392922E+01    0.9068304000E-01   -0.4799396238E-01
        19    0.2600000000E+01    0.4518830325E+01   -0.3509450000E-01   -0.4976786513E-01
        20    0.2977000000E+02    0.2935056433E+02    0.9336159400E+00   -0.1326629441E+00
        21    0.7980000000E+01    0.2953949332E+01   -0.4560325000E-01    0.8605048128E-02
        22    0.1000000000E+00    0.3707427337E+01   -0.2200000000E-01    0.0000000000E+00
        23    0.2347000000E+02    0.2649555095E+02    0.1030240240E+01    0.9561143060E-01
        24    0.4660000000E+01    0.5851966592E+01    0.1364120800E+00    0.7145302896E-01
        25    0.1799000000E+02    0.1884043016E+02    0.5226460200E+00   -0.9858601611E-01
        26    0.2613000000E+02    0.2020740050E+02    0.6532281500E+00   -0.2190416088E-01
        27    0.6070000000E+01    0.2793050688E+01   -0.3751356000E+00   -0.3308081350E+00
        28    0.2455000000E+02    0.1725541460E+02    0.4598254100E+00   -0.9433339736E-01
        29    0.1128000000E+02    0.9779914236E+01    0.2479956600E+00    0.1453991842E-01
        30    0.2638000000E+02    0.2134646293E+02    0.7221083200E+00    0.0000000000E+00
        31    0.2305000000E+02    0.2162350815E+02    0.1199091710E+01    0.4893267137E+00
        32    0.1925000000E+02    0.2272021828E+02    0.1101085440E+01    0.3376043782E+00
        33    0.1576000000E+02    0.1432271251E+02    0.4832548000E+00    0.6041244440E-01
        34    0.4390000000E+01    0.5435507661E+01   -0.3409144000E-01   -0.8938048350E-01
        35    0.2141000000E+02    0.2389338964E+02    0.7418313600E+00   -0.9225022999E-01
        36    0.4360000000E+01    0.5306270816E+01    0.2143525000E+00    0.1776279923E+00
        37    0.6140000000E+01    0.4895613028E+01    0.2556460000E-01   -0.2691572472E-02
        38    0.1546000000E+02    0.9947098090E+01    0.3686720900E+00    0.1340318259E+00
        39    0.5980000000E+01    0.5947320313E+01    0.5221230000E-01   -0.2132558441E-01
        40    0.2280000000E+01    0.6235804720E+01    0.7786740000E-01   -0.7143832800E-02
        41    0.2492000000E+02    0.3500335448E+02    0.1305909870E+01    0.8077945125E-02
        42    0.1040000000E+01    0.3501547934E+01    0.1084094100E+00    0.1462781363E+00
