        Rank        RMSE       MaxAE  Feature_ID
           1   25.073982   59.190113  (    2188   17439)
           2   25.238397   61.833006  (    2298   17439)
           3   25.477765   53.406710  (      64   17439)
           4   25.548227   57.946811  (      64   18835)
           5   25.674240   57.396445  (      64   17076)
           6   25.697533   56.210245  (      96   17439)
           7   25.722663   50.615705  (    9110   17439)
           8   25.790900   63.730608  (    1253   17439)
           9   25.886000   79.535800  (    1335   17076)
          10   25.983539   55.210549  (    5731   17439)
          11   25.998894   57.201757  (    5454   17439)
          12   26.050306   76.208581  (    6320   17076)
          13   26.083277   68.982708  (    1253   18835)
          14   26.230809   54.740712  (    3977   17076)
          15   26.245344   72.184845  (    6791   17076)
          16   26.268316   68.422143  (    2720   17439)
          17   26.315679   65.434812  (    6437   17439)
          18   26.343816   60.530939  (      96   18835)
          19   26.355418   54.219493  (    7353   18835)
          20   26.401666   53.638077  (    7353   17076)
          21   26.495818   66.661069  (    7404   17439)
          22   26.510662   59.958325  (      96   17076)
          23   26.527413   83.929773  (    4839   17439)
          24   26.533920   90.584222  (    1413   17076)
          25   26.548376   57.649693  (    6864   17439)
          26   26.553934   71.292676  (     834   17076)
          27   26.556493   56.929687  (      64   12015)
          28   26.564891   68.734414  (    7363   17439)
          29   26.574826   67.734986  (    6437   18835)
          30   26.582650   63.205127  (     197   17439)
          31   26.590691   76.077711  (    7223   17076)
          32   26.606847   64.669008  (    1449   17439)
          33   26.611066   67.660982  (     197   17076)
          34   26.634144   74.161157  (      52   17439)
          35   26.672573   67.966178  (    3925   17439)
          36   26.696769   57.803564  (      63   17439)
          37   26.711704   57.626829  (    7746   17439)
          38   26.714771   59.581136  (     642   17439)
          39   26.749214   54.516643  (    7896   17439)
          40   26.753367   53.619873  (    1038   17439)
          41   26.769551   76.313326  (    6320   18835)
          42   26.810826   60.007256  (    8928   17439)
          43   26.832231   61.218674  (    7632   17439)
          44   26.854940   61.471935  (    2926   17439)
          45   26.873473   61.112132  (    1498   18835)
          46   26.875597   57.685239  (    1150   17439)
          47   26.880097   79.406977  (    1335   18835)
          48   26.887434   61.315030  (    5061   17076)
          49   26.896091   67.957040  (     197   18835)
          50   26.896482   54.120183  (     592   17076)
          51   26.928089   53.091118  (      18   17439)
          52   26.930273   59.472444  (    5061   18835)
          53   26.931883   59.348438  (    4241   17439)
          54   26.982347   61.666891  (     209   18835)
          55   27.009446   65.232425  (    9184   17439)
          56   27.011959   68.540814  (       2   17439)
          57   27.015293   54.815203  (    3977   18835)
          58   27.016270   54.528439  (     592   18835)
          59   27.017945   73.854468  (      14   17439)
          60   27.022638   58.409046  (    3528   17076)
          61   27.040040   62.949706  (     643   17439)
          62   27.045805   89.464662  (     802   17076)
          63   27.058569   90.800770  (    1361   17076)
          64   27.065955   72.447056  (    7779   17076)
          65   27.078557   58.309484  (    7254   17439)
          66   27.079295   71.421527  (     156   17439)
          67   27.079635   89.455982  (     768   17076)
          68   27.080511   54.651111  (     916   17076)
          69   27.089639   61.433416  (    8625   17439)
          70   27.101249   59.145220  (    6738   17439)
          71   27.102512   70.622113  (     116   17439)
          72   27.106127   57.804707  (    9266   17439)
          73   27.109457   78.760889  (      14   18835)
          74   27.127085   54.641313  (     941   17076)
          75   27.130109   53.203727  (    7353   12015)
          76   27.140957   70.584369  (     162   17439)
          77   27.151805   70.589670  (     166   17439)
          78   27.153547   56.933092  (     257   17076)
          79   27.158822   55.090566  (     916   18835)
          80   27.163875   70.594419  (     172   17439)
          81   27.175105   54.630794  (     971   17076)
          82   27.180406   60.654626  (    2991   17439)
          83   27.188688   59.685601  (    3056   17439)
          84   27.200458   55.288572  (     343   17439)
          85   27.200939   89.751819  (    1184   17076)
          86   27.204544   55.081354  (     941   18835)
          87   27.222291   83.434140  (    1260   17076)
          88   27.227259   70.545657  (     250   17439)
          89   27.238888   54.756076  (     386   17439)
          90   27.242410   66.665647  (    3558   17439)
          91   27.245586   55.855092  (    1534   18835)
          92   27.248217   57.243789  (    1498   17076)
          93   27.250584   52.283031  (    2320   17439)
          94   27.251713   55.071420  (     971   18835)
          95   27.253256   64.208488  (    9175   17439)
          96   27.259861   51.855753  (    8090   17439)
          97   27.263768   76.200612  (    7223   18835)
          98   27.288644   60.569342  (    2928   17439)
          99   27.298325   78.949572  (      52   18835)
         100   27.303949   56.544570  (    1396   17076)
