        Rank        RMSE       MaxAE  Feature_ID
           1   27.570251   55.687793  (       1   10273)
           2   27.590527   73.067090  (     168   16353)
           3   27.603393   78.862414  (       1   10001)
           4   27.618892   79.190052  (       1   10002)
           5   27.665469   59.378723  (       1   10322)
           6   27.682177   59.748338  (       1   10329)
           7   27.702472   78.407397  (       1   10004)
           8   27.703932   60.167219  (       1   10396)
           9   27.735895   62.414221  (       1   10153)
          10   27.740992   78.669436  (       1   10003)
          11   27.758891   73.724370  (       1   10015)
          12   27.769942   74.862489  (       1   10956)
          13   27.782032   78.153222  (       1   12595)
          14   27.811687   77.496789  (       1   10011)
          15   27.830262   59.184724  (       1   10496)
          16   27.830461   77.981272  (       1   13052)
          17   27.860951   57.816419  (       1   10878)
          18   27.865900   58.150349  (       1   10492)
          19   27.881714   77.921653  (       1   10009)
          20   27.883500   55.991277  (       1   11031)
          21   27.886184   74.284787  (       1   10061)
          22   27.890452   74.538282  (       1   10072)
          23   27.917714   78.192929  (       1   10010)
          24   27.928736   62.508698  (       1   10170)
          25   27.932295   55.975474  (       1   11399)
          26   27.934413   81.364138  (       1   19542)
          27   27.937498   70.504260  (       1   10068)
          28   27.944706   85.781212  (       1   15217)
          29   27.947887   78.640717  (       1   10008)
          30   27.953678   61.907358  (       1   10191)
          31   27.958893   81.805951  (       1   13168)
          32   27.967755   78.787129  (       1   10005)
          33   27.973785   80.645078  (       1   10974)
          34   27.983014   84.287146  (       1   12198)
          35   28.001054   79.128695  (       1   10006)
          36   28.004283   58.622125  (       1   10026)
          37   28.019822   78.344554  (       1   10007)
          38   28.021885   75.182379  (       1   10082)
          39   28.022694   71.695093  (       1   14641)
          40   28.023354   80.692473  (       1   11184)
          41   28.033932   59.034545  (       1   10036)
          42   28.034143   72.629063  (       1   10065)
          43   28.048325   77.871543  (       1   10012)
          44   28.049077   76.366354  (       1   11603)
          45   28.053816   78.182704  (       1   10014)
          46   28.054265   61.314761  (       1   13259)
          47   28.062656   82.154173  (       1   10163)
          48   28.068839   63.622603  (       1   14162)
          49   28.074663   59.265810  (       1   10403)
          50   28.079164   72.120729  (     168   10483)
          51   28.081971   62.412623  (       1   10680)
          52   28.087380   91.515197  (       1   11701)
          53   28.092075   77.046225  (       1   10023)
          54   28.093057   77.317452  (       1   10028)
          55   28.100405   67.667940  (       1   11186)
          56   28.111303   71.740047  (     168   14174)
          57   28.114313   77.383271  (       1   10013)
          58   28.140536   76.403981  (       1   10053)
          59   28.143341   75.797228  (       1   10361)
          60   28.151366   76.495728  (       1   10064)
          61   28.165696   78.983002  (       1   10661)
          62   28.165810   77.273360  (       1   10037)
          63   28.166188   76.582031  (       1   17894)
          64   28.170687   76.875112  (       1   19409)
          65   28.180598   74.494537  (       1   10717)
          66   28.185378   78.414452  (     966   16353)
          67   28.198032   63.355956  (       1   15431)
          68   28.206052   82.687951  (       1   10056)
          69   28.211299   76.958649  (       1   10033)
          70   28.211574   62.565001  (       1   10787)
          71   28.213868   77.713391  (       1   10020)
          72   28.224160   59.964070  (       1   10024)
          73   28.225279   76.444325  (       1   15496)
          74   28.261605   71.086035  (       1   10122)
          75   28.264826   64.122925  (       1   11535)
          76   28.265924   76.603672  (       1   11795)
          77   28.269892   63.702407  (       1   10016)
          78   28.274682   79.693573  (       1   10523)
          79   28.282738   71.267254  (       1   10113)
          80   28.282833   64.218970  (       1   10821)
          81   28.290098   79.798182  (       1   10779)
          82   28.291821   71.034509  (       1   10151)
          83   28.307984   65.201547  (    1353   11170)
          84   28.309491   78.562430  (       1   10017)
          85   28.315813   85.665344  (       1   10619)
          86   28.318574   72.079958  (       1   10091)
          87   28.319728   71.073042  (       1   10142)
          88   28.322538   76.252091  (       1   10034)
          89   28.323453   70.829863  (       1   10194)
          90   28.323757   89.208155  (       1   10018)
          91   28.323820   78.660917  (       1   16079)
          92   28.324718   92.236348  (       1   12903)
          93   28.330211   71.834274  (    4918   16353)
          94   28.332485   54.807563  (       1   10132)
          95   28.338307   67.460286  (       1   10021)
          96   28.339780   62.351852  (       1   11364)
          97   28.340176   72.032036  (       1   10337)
          98   28.341545   72.465450  (       1   10089)
          99   28.341707   85.716766  (       1   19522)
         100   28.342388   55.349020  (       1   15886)
