     Index              y_true              y_pred        descriptor_1        descriptor_2
         1    0.2375000000E+03    0.2251001304E+03   -0.2528086000E+00    0.4776826000E-01
         2    0.1399000000E+03    0.1321203402E+03   -0.6653284700E+00   -0.1387730000E-01
         3    0.3116500000E+03    0.3050660816E+03    0.1494009000E-01   -0.1480487000E-01
         4    0.2300000000E+03    0.2345339491E+03    0.1209431100E+00    0.4948220400E+00
         5    0.2287000000E+03    0.2622704346E+03   -0.1288765300E+00    0.1798580000E-01
         6    0.2362500000E+03    0.2283481666E+03   -0.2716620100E+00    0.5743320000E-02
         7    0.1832000000E+03    0.1835348507E+03   -0.4292626000E+00    0.3077846000E-01
         8    0.3958500000E+03    0.4091260944E+03    0.4051677000E+00   -0.4070925000E-01
         9    0.3410000000E+03    0.3545813338E+03    0.4588570700E+00    0.3158341600E+00
        10    0.2800000000E+03    0.2821974291E+03    0.1478044800E+00    0.2812448000E+00
        11    0.1338500000E+03    0.1353179611E+03   -0.5466016500E+00    0.1270844800E+00
        12    0.2195740000E+03    0.1745498257E+03   -0.4794998400E+00    0.1104384000E-01
        13    0.3535000000E+03    0.3546407804E+03    0.1934003000E+00   -0.3703520000E-01
        14    0.2720000000E+03    0.3545009177E+03    0.3690504900E+00    0.1969807600E+00
        15    0.2930000000E+03    0.3153704743E+03    0.1928683200E+00    0.1676192000E+00
        16    0.2138000000E+03    0.2309774153E+03   -0.2696938700E+00   -0.5392200000E-02
        17    0.4610000000E+03    0.3879933444E+03    0.3610186900E+00    0.1116759000E-01
        18    0.3124500000E+03    0.3171152977E+03    0.8116575000E-01    0.1014035000E-01
        19    0.1721500000E+03    0.1601983800E+03   -0.5580890700E+00   -0.1828236000E-01
        20    0.3410000000E+03    0.2747866156E+03    0.2443013600E+00    0.4481585100E+00
        21    0.1114000000E+03    0.1247759675E+03   -0.5127576000E+00    0.2271619600E+00
        22    0.3092000000E+03    0.3108765085E+03    0.2496710000E-01   -0.3187296000E-01
        23    0.4260000000E+03    0.4266689389E+03    0.3044273700E+00   -0.2662434200E+00
        24    0.1591000000E+03    0.1512975273E+03   -0.3818260200E+00    0.2623624500E+00
        25    0.2256100000E+03    0.2212374837E+03   -0.3528278200E+00   -0.6486988000E-01
        26    0.4062400000E+03    0.3946720482E+03    0.2575636000E+00   -0.1611589500E+00
        27    0.3200000000E+03    0.3079660719E+03    0.4497216000E-01    0.9916060000E-02
        28    0.2443500000E+03    0.2564415923E+03   -0.1919617600E+00   -0.3531750000E-01
        29    0.3525250000E+03    0.3690039664E+03    0.1938193400E+00   -0.1115898000E+00
        30    0.2050000000E+02    0.5122298051E+02   -0.9570708900E+00    0.2170000000E-01
        31    0.1984000000E+03    0.1996292251E+03   -0.4331477400E+00   -0.5854572000E-01
        32    0.8981300000E+02    0.9547101430E+02   -0.7814030400E+00    0.2361645000E-01
        33    0.1875850000E+03    0.1976222548E+03   -0.3798044800E+00    0.2279583000E-01
        34    0.3520000000E+03    0.3337010916E+03    0.1273634800E+00   -0.1523760000E-01
        35    0.1744500000E+03    0.1785399152E+03   -0.2547283000E+00    0.2887016000E+00
        36    0.2234200000E+03    0.2008265755E+03   -0.3740362900E+00    0.1369994000E-01
        37    0.2677000000E+03    0.2567788599E+03   -0.1775854600E+00   -0.1798776000E-01
        38    0.2482000000E+03    0.2801361863E+03   -0.5529759000E-01    0.2227995000E-01
        39    0.3474000000E+03    0.3720104377E+03    0.2860034400E+00   -0.4880340000E-02
        40    0.3137600000E+03    0.3348930971E+03    0.1108149000E+00   -0.4344960000E-01
        41    0.3670000000E+03    0.3470338103E+03    0.1240560600E+00   -0.8935264000E-01
        42    0.3540000000E+03    0.3218916242E+03    0.1018923900E+00    0.1269040000E-01
