        Rank        RMSE       MaxAE  Feature_ID
           1   28.345861   79.283246  (    4923   10074)
           2   28.978306   72.652795  (     814   18177)
           3   28.979602   69.809600  (    1273   18839)
           4   29.111298   93.123711  (    2943   10074)
           5   29.156563   77.295798  (     435   18177)
           6   29.327522   77.522200  (    1273   18177)
           7   29.360283   66.342783  (     814   18839)
           8   29.434043   73.880533  (     814   14298)
           9   29.440838   70.754731  (    1273   16357)
          10   29.532067   80.943822  (    1677   14298)
          11   29.594389   87.684818  (     775   14298)
          12   29.612508   90.354852  (    1273   13405)
          13   29.633957   73.109080  (     453   18177)
          14   29.690468   71.680874  (    1273   12612)
          15   29.696482   86.394132  (     775   18839)
          16   29.726204   80.864840  (     510   10173)
          17   29.738703   70.383282  (     435   18839)
          18   29.788205   70.896167  (     567   10173)
          19   29.894407   70.632536  (     814   10581)
          20   29.911469   70.740349  (     435   19480)
          21   29.962875   85.514452  (     775   19914)
          22   29.969559   66.395168  (    1896   12570)
          23   30.033287   96.334938  (    3378   19914)
          24   30.037524   88.985642  (    1273   12795)
          25   30.064131   97.802987  (    6707   10173)
          26   30.068257   81.668745  (    3378   16357)
          27   30.081459   80.022125  (    1677   18839)
          28   30.123627   89.672570  (    1273   17141)
          29   30.139458   82.080120  (     435   10074)
          30   30.147183   88.457252  (    4982   17493)
          31   30.167485   59.314228  (    2339   10342)
          32   30.174358   73.358845  (    2434   11874)
          33   30.177724   97.093178  (    1493   14298)
          34   30.179026   83.146259  (    3754   10722)
          35   30.191171   66.630741  (     814   16357)
          36   30.203504   71.299874  (     435   16357)
          37   30.236490   76.061067  (    8840   11721)
          38   30.247756   71.402763  (     453   14298)
          39   30.253566   66.236798  (     814   19480)
          40   30.267095   71.602561  (     435   14298)
          41   30.272753   75.431913  (     435   10581)
          42   30.288151   72.093200  (     435   12612)
          43   30.289907   80.700923  (    9832   11911)
          44   30.305380   69.747004  (     453   19480)
          45   30.318059   93.053829  (    1273   19914)
          46   30.323187   90.982526  (    1617   10074)
          47   30.356303   71.548421  (    1273   14298)
          48   30.369885   85.533561  (     814   13405)
          49   30.427996   66.535461  (    3905   10342)
          50   30.428591   67.545891  (     814   12612)
          51   30.446833   96.102417  (    2943   10515)
          52   30.451454   86.083130  (     814   10432)
          53   30.453751   67.485522  (    1896   14180)
          54   30.458448   71.140710  (     453   10581)
          55   30.461272   81.818167  (    4923   10515)
          56   30.471969   89.120826  (     435   17141)
          57   30.472388   78.735760  (    4923   11952)
          58   30.498029   79.355520  (    2339   11721)
          59   30.506943   88.481364  (     435   12795)
          60   30.508197   74.102203  (    9163   11721)
          61   30.509251   85.194784  (       7   10106)
          62   30.512151   83.892341  (    3409   19914)
          63   30.515750   79.650900  (    6711   11721)
          64   30.518068   78.747485  (    4923   12149)
          65   30.529426   80.654136  (    7699   10137)
          66   30.531190   73.345675  (    9832   11721)
          67   30.535269   70.656895  (     567   10321)
          68   30.543411   75.620503  (    1273   10581)
          69   30.558670   78.867514  (    4923   11953)
          70   30.598006   82.984680  (    3905   11911)
          71   30.607943   77.793513  (    4923   11641)
          72   30.616135   89.651771  (    3557   10722)
          73   30.616301   73.791370  (    3557   11721)
          74   30.618432   79.067428  (    4923   11796)
          75   30.621178   89.832237  (     435   13405)
          76   30.625758   68.974662  (     101   14180)
          77   30.632391   76.203726  (    4982   11911)
          78   30.650254   87.663010  (    1677   18177)
          79   30.651571   82.737359  (    3378   12612)
          80   30.657533   77.863714  (    4923   11911)
          81   30.665853  102.966949  (    1493   18177)
          82   30.687812   87.445768  (    8840   11877)
          83   30.706160   71.079222  (    1273   19480)
          84   30.706542   92.081832  (    9163   11877)
          85   30.719926   74.515349  (    2860   19480)
          86   30.733779   78.757165  (    4923   12185)
          87   30.751157   83.824791  (    1017   10173)
          88   30.753624   94.672533  (    2935   17493)
          89   30.760940   66.611943  (     453   18839)
          90   30.762673   87.416376  (     775   16357)
          91   30.781368   75.236997  (    2935   11721)
          92   30.791528   78.962257  (    6109   18839)
          93   30.792905   83.411126  (    1437   10317)
          94   30.797746   79.310752  (     108   14298)
          95   30.801709  103.785508  (    3409   12612)
          96   30.808276   77.801396  (    3754   11911)
          97   30.818350   79.149450  (    1132   13053)
          98   30.820759   70.634689  (    1895   10321)
          99   30.823468   73.789487  (     567   10159)
         100   30.831993   70.908697  (    1017   10321)
