        Rank        RMSE       MaxAE  Feature_ID
           1   10.328853   28.619841  (      66   10116)
           2   10.412272   31.307108  (      66   10138)
           3   10.414224   27.712610  (       3   10002)
           4   10.461413   29.046260  (       7   10116)
           5   10.491132   29.397047  (      66   10304)
           6   10.502987   27.610301  (       3   10027)
           7   10.503315   27.576970  (       3   10023)
           8   10.517747   28.639023  (    4695   10116)
           9   10.517855   33.941534  (       7   10070)
          10   10.521487   28.175882  (       3   10004)
          11   10.523882   28.883686  (    1446   13261)
          12   10.524990   26.870244  (    5757   10116)
          13   10.533576   28.671812  (      11   10099)
          14   10.535430   28.449645  (      66   10048)
          15   10.545564   33.446378  (    6223   10116)
          16   10.547353   32.719227  (      66   13828)
          17   10.553192   29.672437  (      66   11366)
          18   10.553334   29.870425  (      66   12240)
          19   10.553854   32.360810  (       9   16889)
          20   10.562388   27.512316  (       3   10053)
          21   10.563551   32.252623  (       9   19918)
          22   10.565738   27.959267  (       3   10006)
          23   10.567330   25.312171  (    3946   10116)
          24   10.573796   30.781202  (      66   10115)
          25   10.589058   27.968258  (       3   10097)
          26   10.589105   27.528294  (       3   10026)
          27   10.589386   28.366175  (      66   13001)
          28   10.590326   27.162337  (       3   10136)
          29   10.592183   29.708639  (      66   11511)
          30   10.597607   27.062821  (       3   10315)
          31   10.598029   31.153267  (     206   12240)
          32   10.598652   31.939335  (     195   10070)
          33   10.598731   27.550434  (       3   10043)
          34   10.600359   29.165089  (      66   10499)
          35   10.600960   27.747287  (       3   10019)
          36   10.602274   30.808405  (     206   10310)
          37   10.603860   26.543288  (       3   10733)
          38   10.607136   30.167660  (      66   11436)
          39   10.607255   27.590366  (       3   10099)
          40   10.609522   26.797714  (       3   10433)
          41   10.614611   31.743859  (    9171   15911)
          42   10.620216   32.686909  (       6   10013)
          43   10.624704   27.079666  (       3   10363)
          44   10.624829   34.540262  (       7   10230)
          45   10.627075   33.328062  (       7   10183)
          46   10.627283   29.545233  (      66   10310)
          47   10.629776   30.043546  (      66   10035)
          48   10.631183   29.777401  (      11   10733)
          49   10.631273   21.773759  (       1   10001)
          50   10.631295   33.481334  (     195   10013)
          51   10.633031   30.189019  (      66   15166)
          52   10.637289   29.944845  (     338   13972)
          53   10.637655   30.758786  (     206   10268)
          54   10.639330   33.028166  (      66   11574)
          55   10.641387   29.145783  (      11   10004)
          56   10.642560   30.259077  (      66   10170)
          57   10.643058   31.695699  (    1209   12109)
          58   10.645008   33.073082  (       9   10236)
          59   10.646047   31.788953  (    9171   19160)
          60   10.651669   27.577320  (       3   10045)
          61   10.654571   29.755232  (     383   10116)
          62   10.656214   27.044753  (    3098   10116)
          63   10.658822   33.144456  (     195   10034)
          64   10.658945   28.726979  (       3   10058)
          65   10.661302   31.204284  (       6   10070)
          66   10.662937   30.212016  (      66   11034)
          67   10.665083   29.570634  (      66   10268)
          68   10.665494   29.043571  (      66   14516)
          69   10.666529   24.358885  (      66   12503)
          70   10.668671   28.230667  (       3   10512)
          71   10.668678   25.183921  (     206   10005)
          72   10.670970   32.686450  (       7   10384)
          73   10.671004   29.310935  (     888   10116)
          74   10.673378   27.529517  (       3   10091)
          75   10.677149   31.424073  (      49   10342)
          76   10.677255   33.422446  (       9   10538)
          77   10.677992   31.678549  (      49   10116)
          78   10.678147   26.549714  (      11   10116)
          79   10.678559   34.737200  (       7   10034)
          80   10.681822   32.315770  (       6   10034)
          81   10.681889   30.012976  (      66   11922)
          82   10.683418   33.389346  (       9   10363)
          83   10.684403   30.002898  (      66   19248)
          84   10.684474   34.656750  (    4370   13261)
          85   10.684990   33.452151  (       7   10146)
          86   10.686609   26.962365  (       3   10538)
          87   10.686807   29.686695  (     338   10099)
          88   10.689514   30.062172  (      66   12330)
          89   10.690405   28.917692  (    1209   11034)
          90   10.690913   30.281836  (      66   13590)
          91   10.692100   27.110203  (       3   10447)
          92   10.694206   29.804543  (      66   15940)
          93   10.700299   33.392834  (       9   10315)
          94   10.703864   30.045339  (      66   10663)
          95   10.704997   28.800734  (      11   13972)
          96   10.706658   33.114875  (    1209   18763)
          97   10.707972   31.551526  (     195   10146)
          98   10.708217   32.759913  (     195   10230)
          99   10.709801   33.393659  (       9   10502)
         100   10.710878   33.387979  (       9   10474)
