Model_ID, [(c_i,i=0,n)_j,j=1,ntask]
           1    0.3591401026E+03    0.2379616096E+03   -0.7000350981E+03
           2    0.3627130246E+03    0.2326310309E+03   -0.3627259485E+03
           3    0.3604986816E+03    0.2201911092E+03    0.3619016991E+03
           4    0.2112071217E+03   -0.6316192418E+02    0.3570641482E+03
           5    0.2271461913E+03    0.8230625154E+02   -0.3419392775E+03
           6    0.2238778835E+03    0.9138196478E+02   -0.3504374457E+03
           7    0.2580213255E+03   -0.5610913311E+02    0.3726628830E+03
           8    0.2044434554E+03   -0.6982121204E+02    0.3482174151E+03
           9    0.2016074591E+03   -0.6978029855E+02    0.3611942170E+03
          10    0.2308990673E+03   -0.8053820965E+02    0.3455393449E+03
          11    0.3618575008E+03    0.2309793523E+03   -0.3619861602E+03
          12    0.2215919638E+03    0.9168331754E+02   -0.3417123940E+03
          13    0.3596314519E+03    0.2184621472E+03    0.3623917178E+03
          14    0.3615030100E+03    0.2321948131E+03   -0.3599275384E+03
          15    0.2750982271E+03    0.1647038790E+03   -0.2357258800E+03
          16    0.3593025045E+03    0.2198202816E+03    0.3594908140E+03
          17    0.3150985912E+03   -0.2003015439E+03    0.2532356684E+03
          18    0.2616396828E+03   -0.5786895147E+02    0.3851216100E+03
          19    0.2541356873E+03   -0.6108144299E+02    0.3785321810E+03
          20    0.2598588378E+03   -0.5137268717E+02    0.3797769834E+03
          21    0.3623665451E+03    0.2453833132E+03   -0.6408869162E+03
          22    0.3332247410E+03    0.1941274203E+03    0.3910942146E+03
          23    0.3158152199E+03   -0.1992129342E+03    0.2517381984E+03
          24    0.2225881533E+03   -0.9183731334E+02    0.3276055774E+03
          25    0.2249441322E+03   -0.9151418856E+02    0.3329088221E+03
          26    0.3589078531E+03    0.2235764671E+03    0.3663783650E+03
          27    0.3161489887E+03   -0.1998701094E+03    0.2524288052E+03
          28    0.3600617271E+03    0.2177079035E+03    0.3583678263E+03
          29    0.3625845078E+03    0.2292375074E+03    0.1563489988E+04
          30    0.3622688074E+03    0.2301320149E+03   -0.3571592519E+03
          31    0.3150190512E+03   -0.1997386131E+03    0.2491448935E+03
          32    0.2862865986E+03   -0.6910684279E+02    0.3676257674E+03
          33    0.3585672785E+03    0.2248539327E+03    0.3642007539E+03
          34    0.2562279634E+03   -0.5569690945E+02    0.3848343651E+03
          35    0.3153778539E+03   -0.1983547120E+03   -0.2492162968E+03
          36    0.3625393363E+03    0.2289223632E+03    0.1585008870E+04
          37    0.3598815971E+03    0.2257701480E+03    0.3591351649E+03
          38    0.2866714934E+03    0.7032676253E+02   -0.3515666516E+03
          39    0.3616815947E+03    0.2289768730E+03    0.3200096279E+03
          40    0.2064025970E+03   -0.8284755462E+02    0.3185915362E+03
          41    0.3602420917E+03    0.2263078815E+03   -0.3406694968E+03
          42    0.2729436324E+03   -0.6577428443E+02    0.3793670908E+03
          43    0.2308950699E+03    0.7760720061E+02   -0.3770166552E+03
          44    0.3602678840E+03    0.2268598263E+03    0.3384940320E+03
          45    0.2631355256E+03   -0.5290740204E+02    0.3910619313E+03
          46    0.3352632546E+03    0.1088777501E+03    0.3774329855E+03
          47    0.3602945728E+03    0.2274106174E+03   -0.3362586333E+03
          48    0.2023304343E+03    0.6907599305E+02    0.3286857743E+03
          49    0.3576522994E+03    0.2314255658E+03    0.4792242546E+03
          50    0.2202055128E+03    0.9109724301E+02   -0.3665435827E+03
          51    0.1867491516E+03    0.1044619368E+03    0.3848217474E+03
          52    0.3163414011E+03   -0.1981583808E+03    0.2497003812E+03
          53    0.3174983902E+03    0.2170705421E+03    0.3351500350E+03
          54    0.2734133268E+03   -0.5956713894E+02    0.3860521492E+03
          55    0.3580490194E+03    0.2218548855E+03    0.3673306182E+03
          56    0.1939211880E+03   -0.7743003006E+02    0.3538856190E+03
          57    0.3356394455E+03    0.1121958149E+03    0.3679883713E+03
          58    0.3580207100E+03    0.2218025824E+03    0.3672486924E+03
          59    0.3627158527E+03    0.2314384607E+03    0.3019633949E+03
          60    0.3635438360E+03    0.2384047553E+03   -0.1568621108E+04
          61    0.3579925668E+03    0.2217509193E+03    0.3671587535E+03
          62    0.3577123550E+03    0.2231447075E+03    0.3651581342E+03
          63    0.1914634751E+03    0.6382627741E+02    0.3218409947E+03
          64    0.3328284239E+03    0.1029315998E+03    0.3729032832E+03
          65    0.3635114089E+03    0.2382123787E+03   -0.1590660747E+04
          66    0.2571373271E+03   -0.6070270028E+02    0.3689999587E+03
          67    0.3576842680E+03    0.2230923554E+03    0.3650781583E+03
          68    0.3629596497E+03    0.2314564948E+03    0.2989944163E+03
          69    0.3341712973E+03    0.1071594113E+03    0.3745722680E+03
          70    0.2209313628E+03   -0.9389723405E+02   -0.2929680861E+03
          71    0.3576563526E+03    0.2230406092E+03    0.3649902912E+03
          72    0.3593658073E+03    0.2228281176E+03    0.3613110851E+03
          73    0.3109043956E+03    0.1910374817E+03    0.4044444966E+03
          74    0.3180121868E+03   -0.1952585545E+03    0.2496871402E+03
          75    0.3749879818E+03    0.2606282619E+03    0.3343277698E+03
          76    0.3604780156E+03    0.2276097545E+03    0.3328963679E+03
          77    0.3588708776E+03    0.2173083391E+03    0.3565368252E+03
          78    0.2298747376E+03    0.8152211164E+02   -0.3223776163E+03
          79    0.3607525828E+03    0.2486602004E+03   -0.5592120700E+03
          80    0.3608525265E+03    0.2343082969E+03    0.2841464418E+03
          81    0.3610751329E+03    0.2296932836E+03   -0.3549404878E+03
          82    0.3694868196E+03    0.2449586516E+03    0.3227957781E+03
          83    0.2333116485E+03   -0.7988142980E+02    0.3295873723E+03
          84    0.3618587943E+03    0.2301037518E+03    0.3129327838E+03
          85    0.3104956992E+03    0.1889048697E+03    0.4089709995E+03
          86    0.3103906502E+03    0.1891172382E+03    0.4085806880E+03
          87    0.2745361304E+03    0.1653465262E+03   -0.2400719782E+03
          88    0.2856475374E+03   -0.6202673507E+02    0.3768719615E+03
          89    0.1971412384E+03    0.7282351510E+02   -0.3151575262E+03
          90    0.2023040074E+03    0.8470855065E+02   -0.2982109035E+03
          91    0.3102844153E+03    0.1893510303E+03    0.4079684950E+03
          92    0.2931142184E+03   -0.7429180611E+02    0.3964789706E+03
          93    0.3096505281E+03    0.1908549185E+03    0.4042317558E+03
          94    0.2051651471E+03   -0.6721017386E+02    0.3977567122E+03
          95    0.2671561858E+03    0.1498492420E+03    0.3256370777E+03
          96    0.3185637906E+03   -0.1952696180E+03    0.2535574496E+03
          97    0.3628290054E+03    0.2542166514E+03   -0.5168072909E+03
          98    0.2658857643E+03   -0.1487376127E+03    0.3253195459E+03
          99    0.3230141332E+03   -0.1086920485E+03    0.2273832070E+03
         100    0.3632006302E+03    0.2317478683E+03    0.1507435159E+04
