        Rank        RMSE       MaxAE  Feature_ID
           1    9.774658   28.279807  (    8856   13675)
           2    9.892730   23.433038  (    6229   10100)
           3    9.905860   23.802604  (    7365   10452)
           4    9.910551   25.306587  (    9299   12755)
           5    9.919569   27.652505  (    8856   10452)
           6    9.924911   27.925894  (    4425   16579)
           7    9.929206   25.620646  (    2847   12755)
           8    9.934363   24.036723  (    7365   10753)
           9    9.937330   27.586668  (    2252   10100)
          10    9.938928   27.840436  (    8856   10753)
          11    9.947872   23.352963  (    5209   10100)
          12    9.958249   25.533967  (    1721   16579)
          13    9.961208   26.609844  (    6786   10753)
          14    9.964394   23.628759  (    5468   16579)
          15    9.964781   26.775595  (    9299   13675)
          16    9.965539   25.768559  (    1810   16579)
          17    9.975147   25.755015  (    9251   10452)
          18    9.976888   27.650016  (    2168   10100)
          19    9.977728   25.833392  (    4088   10452)
          20    9.982437   28.824910  (    1382   10528)
          21    9.983703   23.495928  (    9409   10452)
          22    9.987674   23.583992  (    3341   10452)
          23    9.988477   24.521550  (    5363   10753)
          24    9.993556   22.966193  (    7365   12755)
          25    9.993713   22.734628  (    3341   12755)
          26    9.995729   24.925746  (    9251   12755)
          27    9.997228   24.121078  (    2852   16579)
          28    9.999206   25.985609  (    2006   16579)
          29   10.001259   24.309517  (    5363   10452)
          30   10.005035   22.424432  (    8099   12755)
          31   10.005908   26.112545  (    2847   12895)
          32   10.006704   23.722786  (    5742   10452)
          33   10.008731   24.144341  (    2962   10452)
          34   10.009197   23.881028  (    2589   10100)
          35   10.009690   23.727710  (    9149   11624)
          36   10.010944   23.783268  (    8099   11624)
          37   10.012779   26.471667  (    3915   10452)
          38   10.012812   23.738975  (    5497   10452)
          39   10.013877   22.880662  (    5497   12755)
          40   10.015514   23.688792  (    5775   10452)
          41   10.017137   22.631017  (    9409   12755)
          42   10.018587   26.875416  (    8856   12755)
          43   10.019345   25.969633  (    9251   10753)
          44   10.019661   28.741596  (    1382   10452)
          45   10.020601   26.427598  (    6786   10452)
          46   10.022701   26.042649  (    4088   10753)
          47   10.025164   23.737879  (    9409   10753)
          48   10.025221   23.639707  (    6188   10452)
          49   10.028571   24.364229  (    2962   10753)
          50   10.028743   23.818298  (    3341   10753)
          51   10.028788   27.460265  (    3130   10100)
          52   10.029016   23.655618  (    5889   10452)
          53   10.032080   22.374567  (    9149   12755)
          54   10.033868   26.344899  (    3926   10452)
          55   10.036103   24.092669  (    1793   10452)
          56   10.036694   27.172548  (    6786   11243)
          57   10.038585   24.009807  (    5085   10452)
          58   10.040799   27.787379  (    1713   10100)
          59   10.040944   23.956008  (    5742   10753)
          60   10.041811   28.014210  (    1382   12755)
          61   10.045076   27.614633  (    1010   10100)
          62   10.045270   25.435828  (    2161   14603)
          63   10.046246   23.971349  (    5497   10753)
          64   10.046251   29.366416  (    5814   10269)
          65   10.046564   24.225502  (    2942   10452)
          66   10.047178   28.746387  (    2252   13675)
          67   10.047464   28.078920  (    8634   10100)
          68   10.047646   24.810374  (    5287   16579)
          69   10.048653   24.223489  (    5138   11624)
          70   10.051048   23.922675  (    5775   10753)
          71   10.051142   24.240517  (    2808   10452)
          72   10.052210   22.882549  (    5742   12755)
          73   10.052630   26.379610  (    2000   10100)
          74   10.053618   26.329049  (    1279   10100)
          75   10.054667   22.845860  (    5775   12755)
          76   10.054859   23.626884  (    7365   11243)
          77   10.055747   26.541636  (    3926   10753)
          78   10.056319   26.550756  (    4022   10100)
          79   10.057069   23.899142  (    4531   12895)
          80   10.057337   24.192966  (    2965   10452)
          81   10.057589   26.450683  (    2847   10452)
          82   10.059543   24.310585  (    1793   10753)
          83   10.061278   28.509366  (    1382   11243)
          84   10.061281   24.804048  (    4724   10100)
          85   10.061690   24.234733  (    5085   10753)
          86   10.061968   22.810211  (    5889   12755)
          87   10.062116   26.177761  (    9299   10452)
          88   10.062674   23.874999  (    6188   10753)
          89   10.062808   26.472434  (    7298   16579)
          90   10.063550   24.442725  (    2942   10753)
          91   10.063861   23.595850  (    5363   12755)
          92   10.065133   26.847485  (    6786   11624)
          93   10.065713   23.890087  (    5889   10753)
          94   10.066417   25.723229  (    9197   16579)
          95   10.066504   26.641335  (    2847   10753)
          96   10.066890   28.063866  (    8856   10017)
          97   10.066960   27.769019  (    2132   10100)
          98   10.067448   24.456992  (    2808   10753)
          99   10.068219   27.836504  (    2217   10100)
         100   10.070055   23.553145  (    8099   10753)
