Model_ID, [(c_i,i=0,n)_j,j=1,ntask]
           1    0.3793255447E+01   -0.1398767753E+02   -0.1833256654E+03
           2    0.2863566654E+01   -0.2073958670E+02   -0.1109183302E+03
           3    0.2964568267E+01   -0.2064573964E+02   -0.1103306599E+03
           4    0.2609082794E+01   -0.1050199591E+02   -0.1110575621E+03
           5    0.1623915770E+02   -0.1836054133E+02    0.2608717720E+03
           6    0.3858667262E+01   -0.1441482453E+02   -0.1668352331E+03
           7    0.3707421263E+01    0.1486275903E+02    0.1445718532E+03
           8    0.3588991279E+01   -0.1516576957E+02   -0.1748549751E+03
           9    0.3728006077E+01   -0.1485129324E+02    0.1512441528E+03
          10    0.2736926735E+01   -0.2107016857E+02   -0.1137357745E+03
          11    0.1329591303E+01   -0.2209001363E+02   -0.1142392406E+03
          12    0.2065355237E+01   -0.2139804687E+02   -0.1126893923E+03
          13    0.2312551899E+01   -0.1131589421E+02   -0.1140927864E+03
          14    0.2013005049E+01   -0.2677472054E+02   -0.3289395157E+03
          15    0.4412721857E+01   -0.2023750451E+02   -0.1630933621E+03
          16    0.2901458597E+01   -0.2085714109E+02   -0.1118302747E+03
          17    0.2929881220E+01   -0.1475839637E+02    0.1464951676E+03
          18    0.3508490859E+01   -0.1494315919E+02    0.1500043272E+03
          19    0.1177481467E+01   -0.2218227882E+02   -0.1153165297E+03
          20    0.3530048217E+01   -0.1492598939E+02    0.1498326834E+03
          21    0.3511687247E+01   -0.1494015512E+02    0.1499336479E+03
          22    0.3794962962E+01   -0.2279676458E+02    0.1375927927E+03
          23    0.4578574933E+01   -0.3173895637E+02   -0.1150457771E+03
          24    0.3515592595E+01   -0.1493656334E+02    0.1498559376E+03
          25    0.3493717333E+01   -0.1495189168E+02    0.1499468083E+03
          26    0.3538132496E+01   -0.1491991638E+02    0.1496927767E+03
          27    0.3519521617E+01   -0.1493292208E+02    0.1497754396E+03
          28    0.3501398982E+01   -0.1494663302E+02    0.1498519527E+03
          29    0.3522802103E+01   -0.1492974652E+02    0.1496952163E+03
          30    0.3635454701E+01   -0.1500910089E+02    0.1927464319E+03
          31    0.3867095103E+01   -0.2410171168E+02   -0.1187963153E+03
          32    0.3261293794E+01   -0.1506553857E+02    0.1474361556E+03
          33    0.4470861879E+01   -0.1031705585E+02    0.1394413032E+03
          34    0.2275042875E+01   -0.1060604932E+02   -0.1114528306E+03
          35    0.3743119604E+01    0.1472424524E+02    0.1430419599E+03
          36    0.3423651701E+01   -0.1499952106E+02    0.1483481088E+03
          37    0.3179965899E+01   -0.2054327104E+02   -0.1102306427E+03
          38    0.3411219734E+01   -0.2543864334E+02    0.1274696924E+03
          39    0.4118291771E+01   -0.2431961673E+02   -0.3039950112E+03
          40    0.4046728594E+01   -0.2251218611E+02    0.1306372293E+03
          41    0.3088915290E+01   -0.2065028787E+02   -0.1109019606E+03
          42    0.4437588366E+01   -0.2056971348E+02    0.1383023910E+03
          43    0.4670689684E+01   -0.1138814453E+02    0.1417223483E+03
          44    0.4351154566E+01   -0.2026212013E+02   -0.1621952572E+03
          45    0.3208060701E+01   -0.1002338506E+02   -0.1070531985E+03
          46    0.2732231530E+01   -0.2548473083E+02   -0.2694011504E+03
          47    0.2246805961E+01   -0.2116472651E+02   -0.1107118868E+03
          48    0.4527622366E+01   -0.1037481478E+02    0.1711758595E+03
          49    0.4081969179E+01   -0.1028412371E+02   -0.1637316782E+03
          50    0.4682093294E+01   -0.1138533148E+02    0.1418032710E+03
          51    0.4416033857E+01   -0.1060224094E+02    0.1609266889E+03
          52    0.3638781571E+01   -0.1481355550E+02    0.1481208322E+03
          53    0.4526677080E+01   -0.2065337874E+02    0.1403408051E+03
          54    0.4323336825E+01   -0.2154883348E+02    0.1589551960E+03
          55    0.4110263066E+01   -0.1315270332E+02   -0.9914225751E+02
          56    0.3621986297E+01   -0.1481571231E+02    0.1459532557E+03
          57    0.3545249286E+01   -0.2590185134E+02    0.2525452258E+03
          58    0.1185611651E+01   -0.2195349572E+02   -0.1141795979E+03
          59    0.2023898106E+01   -0.2665883410E+02   -0.4484047483E+03
          60    0.4444103600E+01   -0.2107025708E+02    0.1685603976E+03
          61    0.1974743289E+02    0.1218731632E+02    0.1722317646E+03
          62    0.5095998097E+01   -0.1286208069E+02   -0.1223512772E+03
          63    0.3569564370E+01   -0.1069885799E+02   -0.1207370855E+03
          64    0.3074346832E+01    0.2298523109E+02    0.1295964244E+03
          65    0.4550613082E+01   -0.9895098331E+01   -0.1619377974E+03
          66    0.3637520524E+01    0.2180351205E+02    0.1345952256E+03
          67    0.3239881913E+01   -0.2175802711E+02   -0.9810146364E+02
          68    0.3769119969E+01   -0.1275445741E+02    0.2497900218E+03
          69    0.3540378151E+01   -0.2133156705E+02   -0.1198214543E+03
          70    0.4576943182E+01   -0.1082482489E+02   -0.1341577674E+03
          71    0.3619229527E+01   -0.2249532648E+02    0.1354018263E+03
          72    0.3464535213E+01   -0.1495024544E+02    0.1479488219E+03
          73    0.3351950197E+01   -0.2036422281E+02   -0.1094298338E+03
          74    0.3505053902E+01   -0.2019052472E+02   -0.1095338141E+03
          75    0.3799468587E+01   -0.2554498635E+02    0.2510246398E+03
          76    0.2373664785E+01   -0.1053985631E+02   -0.1104069885E+03
          77    0.2821221207E+01   -0.1043493126E+02   -0.1107952905E+03
          78    0.4487368785E+01   -0.1095837924E+02   -0.1080621778E+03
          79    0.4101999545E+01    0.1045325528E+02    0.1335354301E+03
          80    0.3765587571E+01   -0.1600810161E+02   -0.1748558431E+03
          81    0.3746895703E+01    0.2540954495E+02    0.2475727140E+03
          82    0.4759260124E+01   -0.3452151638E+02   -0.1045735918E+03
          83    0.3818609880E+01   -0.1471366139E+02    0.1472000602E+03
          84    0.3475012186E+01   -0.1249426166E+02    0.1220116630E+03
          85    0.1955294802E+02   -0.1217120225E+02    0.1644420169E+03
          86    0.3500107989E+01   -0.1495978592E+02    0.2403616402E+03
          87    0.2370979092E+01   -0.2113594802E+02   -0.1108719779E+03
          88    0.2169014603E+01   -0.2621782381E+02   -0.3509833470E+03
          89    0.4622453624E+01   -0.2455143574E+02    0.2412479793E+03
          90    0.4688925432E+01   -0.3425200906E+02   -0.1110636618E+03
          91    0.4250307568E+01   -0.2060459938E+02   -0.1672596210E+03
          92    0.2424427196E+01   -0.1534459989E+02    0.1392119528E+03
          93    0.4250679273E+01   -0.2158614611E+02    0.1583585732E+03
          94    0.3623952280E+01   -0.2141371951E+02   -0.1213845149E+03
          95    0.3731779007E+01   -0.2019394679E+02    0.7437054344E+02
          96    0.3957313775E+01    0.2145513185E+02    0.1335022999E+03
          97    0.1780294462E+01   -0.2661936016E+02    0.2028316078E+03
          98    0.2456618577E+01   -0.2092785109E+02   -0.1096878285E+03
          99    0.4303506678E+01   -0.1173523918E+02    0.1332089412E+03
         100    0.2451805110E+01    0.2091119948E+02   -0.1095961200E+03
