        Rank        RMSE       MaxAE  Feature_ID
           1   22.449239   53.656085  (      17   11942)
           2   22.521368   55.408755  (      17   13256)
           3   22.923214   50.975130  (      17   10506)
           4   23.002853   56.436024  (    8789   16791)
           5   23.102721   51.984371  (      15   15524)
           6   23.106519   56.832008  (       8   10001)
           7   23.128784   52.377145  (       1   10001)
           8   23.137315   64.658033  (    4437   16791)
           9   23.139874   51.315302  (       1   10002)
          10   23.172351   66.721003  (     235   10007)
          11   23.191015   53.097278  (    5623   10152)
          12   23.225100   54.548395  (      17   11115)
          13   23.264532   52.128238  (      15   10545)
          14   23.301039   57.828771  (      17   16235)
          15   23.308250   64.978308  (    6555   16791)
          16   23.333216   60.224262  (     107   13734)
          17   23.335371   53.445066  (    9140   10719)
          18   23.343738   55.104971  (       8   10003)
          19   23.390205   51.114843  (      15   10235)
          20   23.399459   66.311430  (     297   10007)
          21   23.431182   57.071999  (      17   12556)
          22   23.460011   57.355748  (    1594   10072)
          23   23.481067   50.752224  (     107   10506)
          24   23.482443   51.534368  (      15   10006)
          25   23.483260   67.102993  (     298   10007)
          26   23.528968   53.870862  (       3   10340)
          27   23.537179   50.373610  (       6   10342)
          28   23.544752   51.695805  (      15   10101)
          29   23.547043   53.069868  (       1   10003)
          30   23.547260   58.796819  (      15   11594)
          31   23.553736   57.044565  (     314   10001)
          32   23.566179   58.666956  (      15   11368)
          33   23.575945   62.323834  (     976   10011)
          34   23.588830   60.810423  (       1   10004)
          35   23.611884   64.675498  (      17   10420)
          36   23.612163   60.891898  (       1   10005)
          37   23.652865   67.323604  (     328   10007)
          38   23.663488   57.420898  (      17   10472)
          39   23.683274   52.226792  (      17   11451)
          40   23.709155   57.606014  (      17   10521)
          41   23.711883   58.569729  (      65   19480)
          42   23.731776   73.942491  (      17   11873)
          43   23.751119   49.781142  (       2   10007)
          44   23.755759   55.544309  (    2438   10529)
          45   23.773822   73.682664  (      17   12136)
          46   23.800638   53.701831  (       3   10195)
          47   23.801205   61.807204  (     314   10121)
          48   23.814232   58.395284  (     314   10003)
          49   23.842949   58.715813  (      17   10261)
          50   23.878123   54.717095  (      15   10009)
          51   23.916034   60.688778  (     160   10072)
          52   23.920115   60.679481  (      11   10004)
          53   23.922036   51.646388  (      17   18292)
          54   23.924515   52.638654  (      92   14160)
          55   23.938732   54.252974  (      17   17761)
          56   23.939569   60.755617  (      11   10005)
          57   23.940079   74.296443  (      17   12037)
          58   23.947975   68.280664  (     370   10007)
          59   23.950307   58.001074  (     749   10072)
          60   23.950867   52.365751  (       3   10504)
          61   23.955787   56.253241  (      17   13734)
          62   23.963125   51.741977  (       3   10658)
          63   23.975161   57.681718  (       1   10006)
          64   23.975961   55.815333  (      11   10018)
          65   23.986905   64.239900  (       3   10386)
          66   24.015124   58.407288  (      17   19091)
          67   24.018369   54.455876  (      17   13583)
          68   24.029246   62.002120  (     976   10144)
          69   24.040289   67.431015  (     477   10007)
          70   24.042967   50.771729  (       3   10919)
          71   24.044042   55.086406  (     654   10011)
          72   24.054736   55.056649  (      15   10027)
          73   24.064008   53.447910  (      17   12844)
          74   24.068998   59.643960  (    1057   10072)
          75   24.078683   54.103712  (       3   10215)
          76   24.081138   51.778757  (       3   10685)
          77   24.095136   57.942907  (      17   11965)
          78   24.099202   68.530118  (       8   12036)
          79   24.101919   58.285201  (       1   10007)
          80   24.116032   52.569185  (       1   10008)
          81   24.120829   57.642431  (    7479   10506)
          82   24.121828   59.227421  (     582   10026)
          83   24.123439   45.199509  (     152   10034)
          84   24.124696   51.640943  (      15   10018)
          85   24.129263   70.017489  (     654   10144)
          86   24.131977   49.530920  (       4   10001)
          87   24.133027   51.454073  (      92   17761)
          88   24.158018   55.358680  (     107   11942)
          89   24.177091   51.498374  (       8   10628)
          90   24.177773   65.829429  (      17   18768)
          91   24.177947   51.278658  (       3   11231)
          92   24.178303   66.134358  (    1194   10007)
          93   24.180554   58.347425  (       1   10009)
          94   24.196298   74.229642  (     107   10351)
          95   24.210139   70.821507  (      17   10077)
          96   24.211099   53.116419  (       1   10011)
          97   24.215367   73.699005  (      17   12264)
          98   24.217581   52.063143  (       3   10914)
          99   24.221040   59.339211  (     791   10072)
         100   24.225610   51.467707  (      15   10030)
