Model_ID, [(c_i,i=0,n)_j,j=1,ntask]
           1    0.3094589434E+03    0.2842410284E+03   -0.7074270606E+03
           2    0.1652270758E+03   -0.1171669286E+03   -0.6692031717E+03
           3    0.3264710409E+03    0.3014776591E+03   -0.1376625101E+04
           4    0.1648116053E+03   -0.1173464326E+03    0.8187863056E+03
           5    0.1639002859E+03   -0.1174935299E+03   -0.3977096872E+03
           6    0.3418575780E+03   -0.3188537895E+03    0.8183755387E+03
           7    0.3358995881E+03    0.3221558375E+03   -0.3488525536E+03
           8    0.3401905308E+03    0.3224916428E+03    0.1119790788E+04
           9    0.3248608240E+03    0.3057683444E+03   -0.1243893247E+04
          10    0.3400515001E+03   -0.3157632917E+03    0.8070693385E+03
          11    0.3503214857E+03    0.3298219059E+03    0.9111454955E+03
          12    0.3289813022E+03    0.3075667707E+03   -0.9668206345E+03
          13    0.2975062431E+03    0.2301496963E+03    0.7162977767E+03
          14    0.3500395816E+03   -0.3293516717E+03    0.9077692491E+03
          15    0.3434029941E+03   -0.3201786646E+03   -0.1181651450E+04
          16    0.3288675247E+03    0.3070422785E+03   -0.2914491143E+03
          17    0.3482921897E+03    0.3294783561E+03    0.9280677460E+03
          18    0.3382684468E+03    0.3154743518E+03    0.8364576913E+03
          19    0.3457400094E+03   -0.3308064523E+03    0.3742925315E+03
          20    0.2967065273E+03    0.2309183364E+03    0.7213826298E+03
          21    0.2961274183E+03    0.2275235460E+03    0.8280025921E+03
          22    0.2953264712E+03    0.2283286522E+03    0.8367335219E+03
          23    0.3377078353E+03   -0.3180220480E+03   -0.1077505960E+04
          24    0.3491450566E+03   -0.3266082754E+03    0.9467805072E+03
          25    0.3360200534E+03   -0.3152381841E+03   -0.1069709549E+04
          26    0.3300096520E+03    0.3057134665E+03    0.1021794208E+04
          27    0.2957685783E+03   -0.2295770729E+03    0.8594510718E+03
          28    0.3485588840E+03   -0.3287865803E+03    0.9723304698E+03
          29    0.1634090022E+03   -0.1174411676E+03    0.4821515909E+03
          30    0.3323295752E+03    0.3068873714E+03    0.9246657582E+03
          31    0.3358946866E+03    0.3109592784E+03    0.9776572863E+04
          32    0.3415270245E+03   -0.3169279637E+03   -0.1161603929E+04
          33    0.3426813922E+03    0.3185822906E+03   -0.1001278936E+04
          34    0.3509660634E+03   -0.3304252025E+03    0.8822477678E+03
          35    0.2971081406E+03    0.2772427705E+03   -0.7081326971E+03
          36    0.1629711354E+03   -0.1197555900E+03   -0.6481085008E+03
          37    0.3329188974E+03   -0.3186711696E+03   -0.1373685204E+04
          38    0.3298005155E+03    0.3046607995E+03    0.1005987502E+04
          39    0.3405183541E+03   -0.3222391256E+03    0.1158388728E+04
          40    0.2948191733E+03    0.2284540434E+03    0.8508135116E+03
          41    0.3477016095E+03   -0.3356575606E+03    0.3148483466E+03
          42    0.3345734210E+03   -0.3212630235E+03   -0.1376405470E+04
          43    0.1695886369E+03   -0.1304725504E+03    0.3311616199E+03
          44    0.3399346997E+03   -0.3148848023E+03    0.8046812643E+03
          45    0.2972914369E+03   -0.2317276655E+03    0.8620977065E+03
          46    0.3401426766E+03    0.3151939481E+03    0.8058691065E+03
          47    0.3476385585E+03   -0.3330536403E+03    0.3736823692E+03
          48    0.3225294053E+03    0.3010687987E+03   -0.2038882379E+04
          49    0.3464501269E+03   -0.3144971864E+03    0.8302620376E+03
          50    0.3268184156E+03    0.3018996164E+03   -0.1873032009E+04
          51    0.3309711401E+03    0.3109794099E+03    0.2441936783E+03
          52    0.3265920618E+03    0.2959115593E+03   -0.1212577833E+04
          53    0.3436873870E+03   -0.3270140353E+03    0.3659062081E+03
          54    0.1598788732E+03   -0.1233438744E+03   -0.5955844326E+03
          55    0.3360348459E+03    0.3158167010E+03    0.1110952074E+04
          56    0.3271621766E+03    0.2942507796E+03    0.1113947244E+04
          57    0.3274671875E+03    0.3065839448E+03   -0.2724709193E+03
          58    0.3072852772E+03    0.2535167802E+03    0.6946721961E+03
          59    0.3235605489E+03    0.2933324052E+03    0.1976122089E+04
          60    0.3468208416E+03   -0.3282220316E+03    0.8803838739E+03
          61    0.3486976217E+03   -0.3233774258E+03    0.9269316039E+03
          62    0.3388067084E+03    0.3122597098E+03    0.7607081270E+03
          63    0.3402538678E+03   -0.3210385196E+03    0.1142108453E+04
          64    0.2971762493E+03   -0.2320070563E+03    0.7331457005E+03
          65    0.1630627634E+03   -0.1197267491E+03   -0.6661434234E+03
          66    0.3487125225E+03   -0.3232818519E+03    0.9176065801E+03
          67    0.3423583331E+03   -0.3164212429E+03   -0.1120359628E+04
          68    0.3477988268E+03    0.3234852497E+03    0.8764674061E+03
          69    0.3289673690E+03    0.3054761067E+03    0.8843750062E+03
          70    0.3387313737E+03   -0.3191499576E+03    0.1143831542E+04
          71    0.3438344237E+03   -0.3179225591E+03   -0.1520586644E+04
          72    0.2952616227E+03   -0.2274923691E+03    0.8475011062E+03
          73    0.3210529843E+03    0.3047864852E+03   -0.1531856789E+04
          74    0.3477671394E+03   -0.3269447427E+03    0.9173645815E+03
          75    0.3492756505E+03   -0.3292561529E+03    0.9625030542E+03
          76    0.2987264533E+03   -0.2342823888E+03    0.7384007437E+03
          77    0.2962063756E+03    0.2309031195E+03    0.7273699186E+03
          78    0.3347997602E+03    0.2870020801E+03    0.1157125156E+04
          79    0.3383703745E+03    0.3264083707E+03    0.2900529189E+03
          80    0.3382999708E+03    0.3103615306E+03    0.7902336615E+03
          81    0.3286974518E+03    0.3024460054E+03    0.9280492667E+03
          82    0.3322995547E+03    0.3125276663E+03   -0.7975080323E+03
          83    0.3297688389E+03    0.3109752849E+03    0.2357794871E+03
          84    0.3357813249E+03    0.3201232748E+03    0.9049061851E+03
          85    0.3340327369E+03    0.3146164224E+03   -0.1101290047E+04
          86    0.3335090674E+03   -0.3109070642E+03    0.1204499713E+04
          87    0.3261427069E+03    0.2989834727E+03    0.1483541040E+04
          88    0.3391577992E+03   -0.3131436307E+03    0.9265662649E+04
          89    0.3483764031E+03   -0.3267927956E+03    0.9454569414E+03
          90    0.3328000758E+03    0.3051442876E+03   -0.1028635034E+04
          91    0.3379558516E+03    0.3137987953E+03    0.7843685783E+03
          92    0.3384812966E+03   -0.3179947412E+03    0.1128260281E+04
          93    0.3401806064E+03    0.3199767151E+03   -0.3716033639E+03
          94    0.1611534602E+03   -0.1216559549E+03   -0.5995520074E+03
          95    0.3064263563E+03    0.2543755062E+03    0.7001592586E+03
          96    0.3351287423E+03   -0.3134511151E+03    0.1207899183E+04
          97    0.3484007133E+03   -0.3249971222E+03    0.9314327207E+03
          98    0.3485089989E+03   -0.3254206669E+03    0.7491906803E+03
          99    0.3384828442E+03    0.3139212052E+03   -0.1067370291E+04
         100    0.3472579678E+03    0.3266876510E+03    0.8650992727E+03
