Model_ID, [(c_i,i=0,n)_j,j=1,ntask]
           1    0.4433125893E+02    0.3530862177E+02    0.3149459734E+03
           2    0.7541074232E+02   -0.7189704830E+02   -0.9607726020E+02
           3    0.5269326883E+02   -0.3975938824E+02    0.3199941171E+03
           4    0.4924805813E+02   -0.3616447109E+02    0.3107787629E+03
           5    0.3759071588E+02    0.2835960174E+02    0.2885462508E+03
           6    0.4415815940E+02   -0.3487071144E+02    0.3346719932E+03
           7    0.4244828002E+02    0.4480744401E+02    0.2896716427E+03
           8    0.4900893961E+02   -0.3579232768E+02    0.3184104376E+03
           9    0.7070191943E+02    0.5834913625E+02    0.9284249210E+02
          10    0.7288178842E+02   -0.3474338935E+02    0.3432859852E+03
          11    0.4812351381E+02    0.4454014840E+02   -0.2625569501E+03
          12    0.4232333887E+02    0.4501220292E+02    0.2890667407E+03
          13    0.4764320040E+02   -0.4435215021E+02   -0.2561903269E+03
          14    0.3836265141E+02    0.2849008301E+02    0.2911720789E+03
          15    0.5377116306E+02    0.4049128024E+02   -0.1167324656E+04
          16    0.6845980341E+02   -0.5269065456E+02   -0.3191348624E+03
          17    0.6518551201E+02    0.6415813072E+02    0.3253791164E+03
          18    0.4942664496E+02   -0.4366848285E+02   -0.1906284759E+03
          19    0.4813881571E+02    0.4428302201E+02   -0.2601950255E+03
          20    0.4221433607E+02    0.4467294667E+02    0.2848789390E+03
          21    0.3946217606E+02    0.3925135188E+02    0.2991237901E+03
          22    0.7018754173E+02   -0.6350324078E+02    0.9802941899E+02
          23    0.4743297526E+02    0.3876290868E+02   -0.2129772043E+03
          24    0.4166877360E+02   -0.4684612053E+02    0.2912461362E+03
          25    0.7859011104E+02   -0.7630569249E+02   -0.9495021255E+02
          26    0.7016562346E+02   -0.6343284080E+02    0.9807920186E+02
          27    0.7014228770E+02   -0.6335949839E+02    0.9812718767E+02
          28    0.4122767568E+02    0.2125723907E+02    0.1547847804E+03
          29    0.4835938562E+02   -0.4347880260E+02   -0.2539466289E+03
          30    0.2542808886E+02    0.2476420208E+02    0.1595690021E+03
          31    0.7033931250E+02   -0.6418790200E+02    0.9707047602E+02
          32    0.7653287950E+02   -0.7209017947E+02   -0.1854362827E+03
          33    0.7099136107E+02    0.6595193158E+02    0.3029009230E+03
          34    0.4760259796E+02   -0.4455190236E+02   -0.2522598544E+03
          35    0.4851939779E+02    0.4598303447E+02   -0.2517718596E+03
          36    0.4220494812E+02    0.4501772874E+02    0.2882909397E+03
          37    0.4384356718E+02    0.4110327304E+02    0.2714216618E+03
          38    0.4744615021E+02    0.4421563820E+02   -0.2545074276E+03
          39    0.7003285323E+02   -0.6303098902E+02    0.9830414208E+02
          40    0.4831597127E+02    0.4576290063E+02   -0.2546563012E+03
          41    0.3591297389E+02    0.2551288127E+02    0.2798479278E+03
          42    0.5330387995E+02    0.4057725830E+02   -0.2374224056E+04
          43    0.4608857024E+02    0.4344498661E+02    0.2892435086E+03
          44    0.5191137353E+02    0.3932962621E+02    0.2745852714E+03
          45    0.7006128900E+02   -0.6250327047E+02    0.9703174194E+02
          46    0.4363238207E+02    0.4220911109E+02    0.2734822505E+03
          47    0.4814461466E+02   -0.4608252260E+02   -0.2594217787E+03
          48    0.7183818412E+02   -0.6525634410E+02    0.7012387320E+02
          49    0.4936444660E+02   -0.4348739709E+02   -0.2466193753E+03
          50    0.7379115330E+02   -0.7011916973E+02   -0.2406914999E+03
          51    0.7104363505E+02   -0.3434052938E+02    0.9674066240E+02
          52    0.6548178479E+02    0.6323271507E+02    0.3228535037E+03
          53    0.4910887130E+02   -0.3659477793E+02    0.3195562010E+03
          54    0.3109036617E+02    0.3359019556E+02    0.1466629860E+03
          55    0.7108446773E+02   -0.3573106622E+02    0.3351431588E+03
          56    0.6513061260E+02   -0.6612158481E+02    0.3125416389E+03
          57    0.4110865196E+02    0.3669834307E+02    0.2883491483E+03
          58    0.5372887438E+02    0.4076199960E+02   -0.1484064733E+04
          59    0.4818636641E+02    0.4746343036E+02    0.2866893341E+03
          60    0.4735273379E+02    0.4410854652E+02   -0.2534991468E+03
          61    0.7020707603E+02   -0.6272750537E+02    0.9623248397E+02
          62    0.4808752929E+02   -0.3733776919E+02    0.2843003857E+03
          63    0.7314291539E+02   -0.6860756206E+02   -0.1041548927E+03
          64    0.5349037682E+02   -0.4144045708E+02    0.3350639558E+03
          65    0.4817810430E+02   -0.4369423724E+02   -0.2538197988E+03
          66    0.6973270613E+02    0.5630611345E+02    0.2671171462E+03
          67    0.3913526088E+02    0.3862970768E+02    0.2767827363E+03
          68    0.7396182402E+02    0.3387830645E+02   -0.4019887025E+03
          69    0.4815507325E+02   -0.4370705986E+02   -0.2550222957E+03
          70    0.5218502984E+02   -0.3797455227E+02    0.2876530445E+03
          71    0.6990854226E+02    0.6283177200E+02    0.9788745946E+02
          72    0.5436153991E+02    0.4031280221E+02   -0.1825987374E+03
          73    0.4398706243E+02   -0.3551241348E+02    0.3084254510E+03
          74    0.4816091339E+02    0.4367528079E+02   -0.2548447029E+03
          75    0.5436574475E+02    0.4029481556E+02   -0.1825389164E+03
          76    0.4337224371E+02    0.4051302185E+02    0.2488755435E+03
          77    0.7686596289E+02   -0.7388694677E+02   -0.2239554611E+03
          78    0.4330952048E+02    0.4134110599E+02    0.3123460835E+03
          79    0.5436974573E+02    0.4027603192E+02   -0.1824782470E+03
          80    0.3681600287E+02    0.2636979240E+02    0.2858383471E+03
          81    0.6612354887E+02   -0.5541300677E+02    0.4903716900E+02
          82    0.6990359972E+02   -0.7053226348E+02   -0.1474001425E+03
          83    0.4325275804E+02    0.4241081510E+02    0.2872558316E+03
          84    0.4518921023E+02    0.3947261002E+02    0.3072240030E+03
          85    0.7624295487E+02    0.6701683982E+02   -0.3721945552E+03
          86    0.6753578747E+02   -0.5783019645E+02    0.4114086608E+02
          87    0.4816662106E+02   -0.4364260840E+02   -0.2546617043E+03
          88    0.7621641904E+02   -0.7284877451E+02   -0.2774794496E+03
          89    0.4876774090E+02   -0.4488066617E+02   -0.2536485768E+03
          90    0.4814340009E+02   -0.4365377388E+02   -0.2558531775E+03
          91    0.4734696961E+02   -0.3925078930E+02   -0.2104663545E+03
          92    0.7002649277E+02    0.6261181278E+02    0.9634350391E+02
          93    0.4304415886E+02    0.2270419099E+02    0.1550863695E+03
          94    0.7036341417E+02    0.6341922839E+02    0.9523873848E+02
          95    0.4342032121E+02    0.4284715101E+02    0.2620287307E+03
          96    0.5243686980E+02    0.3851130737E+02    0.2632732223E+03
          97    0.4337218781E+02    0.4214594352E+02    0.2883199050E+03
          98    0.7036243439E+02    0.6343034914E+02    0.9519574611E+02
          99    0.5326161423E+02    0.4115037554E+02   -0.1062207260E+04
         100    0.7128642417E+02   -0.7081595689E+02    0.1416944269E+03
