Model_ID, [(c_i,i=0,n)_j,j=1,ntask]
           1    0.3531469608E+01    0.4543788013E+02    0.5723534774E+02
           2    0.3646763290E+01    0.4257168023E+02    0.9977646407E+02
           3    0.3149438418E+01    0.4614681680E+02    0.5649290115E+02
           4    0.3550471622E+01    0.4366857090E+02    0.6090844611E+02
           5    0.3748425845E+01    0.4252290804E+02    0.7798065198E+02
           6    0.3808995095E+01    0.2428467490E+02   -0.4086205892E+02
           7    0.3617185850E+01    0.2457778187E+02   -0.4947567242E+02
           8    0.3191568426E+01   -0.5354804217E+02    0.9028802320E+02
           9    0.3572301915E+01    0.2464348387E+02   -0.4098076701E+02
          10    0.3794988386E+01    0.4227431468E+02    0.7828460763E+02
          11    0.4645784824E+01    0.4778571662E+02    0.5644882008E+02
          12    0.4737695481E+01    0.4757776777E+02    0.6752990141E+02
          13    0.3323149624E+01    0.5433122678E+02    0.3070237918E+02
          14    0.4353071704E+01    0.4982184336E+02    0.5517537105E+02
          15    0.3426115189E+01    0.3489132995E+02   -0.4309418774E+02
          16    0.3133458719E+01   -0.5354111440E+02    0.1130084687E+03
          17    0.3388643062E+01    0.2492525265E+02   -0.4936854839E+02
          18    0.4741565562E+01    0.4882229326E+02    0.5374499399E+02
          19    0.2507156935E+01   -0.5880582674E+02    0.6453669568E+02
          20    0.3746152323E+01    0.2455001344E+02   -0.2895395511E+02
          21    0.3706391646E+01    0.2429820665E+02   -0.4083006001E+02
          22    0.4632739465E+01    0.4870717756E+02    0.3856956371E+02
          23    0.4809036608E+01    0.4800766056E+02    0.3773781827E+02
          24    0.4667240122E+01    0.4884419204E+02    0.5498921950E+02
          25    0.3507845292E+01    0.2497382604E+02   -0.3714930863E+02
          26    0.4738235435E+01    0.4869060046E+02    0.5338177389E+02
          27    0.5122914801E+01    0.4822865101E+02    0.5481741497E+02
          28    0.3751064908E+01    0.2448141111E+02   -0.2891580145E+02
          29    0.4284475655E+01    0.4994108076E+02    0.5400930156E+02
          30    0.3717405129E+01    0.4825625001E+02    0.2764591448E+02
          31    0.4627872739E+01    0.4898196358E+02    0.5468245248E+02
          32    0.3848119724E+01    0.5031803874E+02    0.2966819426E+02
          33    0.3236847935E+01    0.3529589362E+02   -0.5184654214E+02
          34    0.4722626588E+01    0.4808346717E+02    0.1248376540E+03
          35    0.4699913448E+01    0.4926160630E+02    0.5150902203E+02
          36    0.4815325040E+01    0.4586214093E+02   -0.9998972030E+02
          37    0.4323497845E+01    0.5043831089E+02    0.5161214783E+02
          38    0.5020095348E+01    0.4541507063E+02   -0.1047337502E+03
          39    0.4632172336E+01    0.4897334028E+02    0.5459096506E+02
          40    0.3520785671E+01    0.2458198597E+02   -0.4926553088E+02
          41    0.3529825625E+01    0.2450131882E+02   -0.4129517171E+02
          42    0.3983498547E+01    0.5018641989E+02    0.1048167023E+03
          43    0.4636355613E+01    0.4896569386E+02    0.5448694506E+02
          44    0.4851203860E+01    0.4671328198E+02   -0.1839574564E+03
          45    0.3758154680E+01    0.2441428199E+02    0.2882045242E+02
          46    0.4688951862E+01    0.4948155588E+02    0.5043340829E+02
          47    0.4724846165E+01    0.4931690380E+02    0.5504219186E+02
          48    0.3642745470E+01    0.2436802341E+02   -0.4099256377E+02
          49    0.3402954491E+01    0.4379324285E+02    0.8518118155E+02
          50    0.3482625488E+01    0.5018834849E+02    0.4044033269E+02
          51    0.3493625726E+01    0.4611318872E+02    0.8029939458E+02
          52    0.3587150794E+01    0.4702534379E+02    0.4687543500E+02
          53    0.3668009009E+01    0.5104423590E+02   -0.1018294082E+03
          54    0.5115660556E+01    0.4810502634E+02    0.5436629587E+02
          55    0.4722195418E+01    0.4595033950E+02   -0.8954176752E+02
          56    0.3532263897E+01    0.5353956713E+02    0.3098753533E+02
          57    0.4612997519E+01    0.4600403404E+02   -0.8837167168E+02
          58    0.3470244612E+01    0.4765896150E+02   -0.4680146824E+02
          59    0.4967798271E+01    0.4561448624E+02   -0.8695406402E+02
          60    0.3836629695E+01    0.5133553332E+02   -0.2735921289E+02
          61    0.4595266344E+01    0.4910432884E+02    0.5096994993E+02
          62    0.4711441673E+01    0.4955815758E+02    0.5369388355E+02
          63    0.3335255618E+01    0.2479790650E+02   -0.4993232982E+02
          64    0.3697113793E+01    0.1688345276E+02    0.5668937214E+02
          65    0.3704525470E+01    0.4710418977E+02    0.8389296546E+02
          66    0.3928668131E+01    0.4686102568E+02    0.4539695969E+02
          67    0.4085586025E+01    0.4924480471E+02   -0.1759505414E+03
          68    0.5093315384E+01    0.4837086460E+02   -0.5307181822E+02
          69    0.3721966726E+01    0.4314875535E+02    0.1613642796E+03
          70    0.5029841054E+01    0.4853301770E+02   -0.5442770327E+02
          71    0.4596209251E+01    0.4911444628E+02    0.5400589661E+02
          72    0.4766645826E+01    0.4852734389E+02    0.7409353111E+02
          73    0.3647074846E+01    0.4300232750E+02   -0.5735667375E+02
          74    0.3432101852E+01    0.5248334577E+02   -0.3236190410E+02
          75    0.3257636529E+01    0.2535529961E+02   -0.3734158995E+02
          76    0.3488265871E+01    0.2432730378E+02   -0.3856599073E+02
          77    0.3374804612E+01    0.5055650667E+02    0.4881269098E+02
          78    0.4616806664E+01    0.4952775051E+02    0.5135873273E+02
          79    0.5005096640E+01    0.4778294842E+02   -0.5931098696E+02
          80    0.4685673811E+01    0.4935740241E+02    0.5006300195E+02
          81    0.3508291585E+01    0.4801108396E+02    0.4681170202E+02
          82    0.3453643264E+01    0.2465710056E+02   -0.4950284227E+02
          83    0.5008105757E+01    0.4841282357E+02    0.5540770614E+02
          84    0.4684909532E+01    0.4727334622E+02   -0.1720390329E+03
          85    0.3933067248E+01    0.2390851379E+02   -0.4119368347E+02
          86    0.5044282321E+01    0.4894279022E+02    0.5130956964E+02
          87    0.4550088598E+01    0.4892240986E+02    0.7528665611E+02
          88    0.5012024454E+01    0.4840387815E+02    0.5532792832E+02
          89    0.3538554079E+01    0.4710786875E+02    0.4692035189E+02
          90    0.3980018423E+01    0.5175775466E+02   -0.2747527621E+02
          91    0.4459608576E+01    0.4894077988E+02    0.7435026378E+02
          92    0.3949480703E+01    0.4598607249E+02   -0.4710574879E+02
          93    0.4636525732E+01    0.4959678855E+02    0.5494001728E+02
          94    0.4259811055E+01    0.5053860051E+02    0.5057384407E+02
          95    0.3543331547E+01    0.2442601138E+02   -0.8598618130E+02
          96    0.5015730978E+01    0.4839609479E+02    0.5523471534E+02
          97    0.3492923197E+01    0.4781571443E+02    0.5485852100E+02
          98    0.4561890715E+01    0.4961313009E+02    0.4877676184E+02
          99    0.4648950271E+01    0.4606039805E+02    0.6209481360E+02
         100    0.4949994170E+01    0.4745409668E+02   -0.1971623575E+03
