Model_ID, [(c_i,i=0,n)_j,j=1,ntask]
           1    0.6423716724E+02   -0.6093187704E+02    0.1689207285E+03
           2    0.7481560901E+02    0.6009106885E+02    0.1839669144E+03
           3    0.6406782921E+02   -0.6067955824E+02    0.1686276161E+03
           4    0.7431306561E+02   -0.6179385486E+02    0.1825120804E+03
           5    0.7593894670E+02   -0.6335401536E+02    0.1843146873E+03
           6    0.7686612625E+02   -0.3846172972E+02    0.1702757367E+03
           7    0.8277845425E+02   -0.7345795772E+02    0.1826172024E+03
           8    0.6982802501E+02   -0.1885483695E+02    0.1822696759E+03
           9    0.7673642861E+02   -0.6876554085E+02    0.2899501739E+03
          10    0.7319467735E+02   -0.6349290554E+02    0.1788187090E+03
          11    0.7874006255E+02   -0.7115521513E+02    0.3154024978E+03
          12    0.7521727216E+02    0.3793355275E+02    0.1774295704E+03
          13    0.7061770780E+02   -0.7162554503E+02   -0.2623072481E+03
          14    0.7574807999E+02    0.3776825293E+02    0.1680326028E+03
          15    0.7966362640E+02   -0.8119735483E+02   -0.6788333084E+03
          16    0.7552440913E+02   -0.3739769958E+02    0.1681457707E+03
          17    0.7370388716E+02   -0.7850910529E+02    0.1471117642E+03
          18    0.6842826268E+02   -0.6987766969E+02   -0.1320020326E+03
          19    0.6966259448E+02   -0.7448231979E+02    0.1670220879E+03
          20    0.7280010479E+02   -0.7725045853E+02    0.1464198090E+03
          21    0.8705669591E+02   -0.9074946981E+02   -0.5267334797E+03
          22    0.7433117791E+02   -0.7449627186E+02    0.1278491930E+03
          23    0.7499622988E+02    0.5991591367E+02   -0.5990083081E+03
          24    0.7622857726E+02    0.3891046180E+02    0.1625246888E+03
          25    0.7516078484E+02    0.3688547687E+02    0.1679124689E+03
          26    0.7369545737E+02    0.3738291147E+02    0.1615645846E+03
          27    0.7140110627E+02    0.5583830154E+02   -0.1787963495E+03
          28    0.7130955716E+02    0.5573941493E+02   -0.1789335568E+03
          29    0.7128146296E+02    0.5688420783E+02   -0.1218458455E+03
          30    0.6762728644E+02   -0.6872560734E+02   -0.1311515716E+03
          31    0.8054457259E+02   -0.8078792288E+02   -0.6525476138E+03
          32    0.7503173315E+02    0.4029490930E+02    0.1739716758E+03
          33    0.7630255778E+02   -0.6739297256E+02    0.9642549593E+03
          34    0.7185727271E+02    0.5705449663E+02   -0.1403833463E+03
          35    0.6934900044E+02   -0.7130629428E+02   -0.1213773435E+03
          36    0.7376867067E+02   -0.7160426144E+02    0.1243731764E+03
          37    0.8096556915E+02   -0.8573690106E+02    0.1780310585E+04
          38    0.7782202338E+02   -0.3862647603E+02    0.1698824450E+03
          39    0.7249995532E+02    0.5275107480E+02    0.1631421232E+03
          40    0.7462577664E+02    0.6119970705E+02   -0.1172048892E+03
          41    0.7303895493E+02    0.5870586074E+02   -0.6898569420E+02
          42    0.7156050820E+02    0.5554599704E+02   -0.1367811427E+03
          43    0.7199690061E+02    0.5773525902E+02   -0.1414247584E+03
          44    0.8150435262E+02   -0.8886324220E+02    0.1720118172E+04
          45    0.7383042749E+02   -0.7152154821E+02    0.1279126062E+03
          46    0.7386449692E+02   -0.7141113508E+02    0.1284549214E+03
          47    0.7953194884E+02   -0.7911846600E+02   -0.6435208140E+03
          48    0.7384851123E+02   -0.7139468525E+02    0.1283773124E+03
          49    0.7384803747E+02   -0.7139419252E+02    0.1283750243E+03
          50    0.7324927129E+02    0.5886894755E+02   -0.1367703500E+03
          51    0.7085442710E+02   -0.7599130335E+02    0.1594656009E+03
          52    0.7048571101E+02    0.5406831512E+02   -0.2038263565E+03
          53    0.6480746099E+02   -0.6022802045E+02   -0.1475999162E+03
          54    0.7379566911E+02   -0.7133798760E+02    0.1281260756E+03
          55    0.6914132108E+02   -0.7326653290E+02    0.1667649765E+03
          56    0.7383100149E+02   -0.7139804069E+02    0.1276773593E+03
          57    0.6580758063E+02   -0.5935186657E+02   -0.1130334626E+04
          58    0.7888045262E+02   -0.7759958647E+02   -0.6476013293E+03
          59    0.8508987057E+02   -0.8500730354E+02   -0.1416225237E+03
          60    0.7017094834E+02    0.5374803600E+02   -0.2049698748E+03
          61    0.7375725545E+02   -0.7114602105E+02    0.1283321839E+03
          62    0.8512431610E+02   -0.8898839315E+02    0.3019220169E+03
          63    0.6240952845E+02    0.5780688704E+02    0.1669644621E+03
          64    0.7372081636E+02    0.5682178047E+02    0.1205561859E+04
          65    0.7632394505E+02    0.8237175337E+02   -0.7105488391E+02
          66    0.8004624687E+02   -0.8073893381E+02   -0.4856818554E+03
          67    0.7982742314E+02   -0.7854520261E+02   -0.5640742745E+03
          68    0.7520479863E+02    0.6049188672E+02    0.6293805322E+03
          69    0.7348081875E+02    0.6124683326E+02    0.2341303401E+03
          70    0.6464155628E+02   -0.5998809666E+02   -0.1473928676E+03
          71    0.6238838739E+02   -0.5770680369E+02    0.1648691674E+03
          72    0.7954538409E+02   -0.7964988576E+02    0.6415388122E+03
          73    0.7954498767E+02   -0.7964917668E+02   -0.6415290302E+03
          74    0.7954453676E+02   -0.7964837003E+02    0.6415178976E+03
          75    0.7954408586E+02   -0.7964756333E+02    0.6415067592E+03
          76    0.7954368950E+02   -0.7964685411E+02   -0.6414969626E+03
          77    0.5071972750E+02   -0.4367241170E+02   -0.1119327682E+03
          78    0.7359765115E+02    0.5856321565E+02   -0.1324993660E+03
          79    0.7408654477E+02    0.5875963678E+02    0.1081096769E+04
          80    0.7008702899E+02   -0.5545908939E+02   -0.1436529273E+03
          81    0.8163084833E+02   -0.8788665280E+02    0.1770625248E+04
          82    0.8595617734E+02   -0.9266189012E+02   -0.2770050516E+03
          83    0.7404369078E+02    0.5784067841E+02   -0.9568118748E+03
          84    0.7475999418E+02   -0.7361595011E+02   -0.2445265134E+03
          85    0.7430531060E+02    0.5849919369E+02    0.6277457071E+03
          86    0.7961750087E+02   -0.8191993447E+02    0.4066595230E+03
          87    0.7961254953E+02   -0.8191072417E+02   -0.4065841407E+03
          88    0.7160875746E+02    0.5797292583E+02   -0.1446158574E+03
          89    0.7960760049E+02   -0.8190150455E+02   -0.4065083176E+03
          90    0.7163898146E+02   -0.6780218665E+02   -0.9468303447E+02
          91    0.8557091681E+02   -0.8607807026E+02   -0.1423629477E+03
          92    0.8557135711E+02   -0.8607845297E+02   -0.1423635513E+03
          93    0.7336656956E+02    0.5753264408E+02   -0.1662606793E+03
          94    0.8307874102E+02   -0.4046437786E+02    0.1725328090E+03
          95    0.7981952323E+02   -0.8100710999E+02   -0.4257317188E+03
          96    0.7536085061E+02    0.6037322939E+02   -0.7206193949E+03
          97    0.7374250360E+02    0.5921314562E+02   -0.1333656963E+03
          98    0.7001094330E+02   -0.7426011970E+02    0.1674554257E+03
          99    0.9336137374E+02   -0.8759885495E+02   -0.4794110328E+03
         100    0.7147559713E+02   -0.6814374580E+02    0.6255087202E+02
