        Rank        RMSE       MaxAE  Feature_ID
           1    3.079216    7.177529  (    5168   13951)
           2    3.082207    7.214174  (    5168   14004)
           3    3.086582    7.702582  (      57   12269)
           4    3.103619    7.541130  (      57   11396)
           5    3.277825    8.526986  (    4884   14004)
           6    3.300965    8.486635  (    4884   13951)
           7    3.302595    7.849512  (     700   13951)
           8    3.324856    7.686354  (      57   11767)
           9    3.328454    7.718538  (      57   10826)
          10    3.336543    7.689976  (      57   10629)
          11    3.339283    7.700951  (      57   10499)
          12    3.348975    8.734924  (    2950   14004)
          13    3.355359    8.050615  (      84   11396)
          14    3.357373    7.643120  (      57   11007)
          15    3.357418    8.212975  (      84   12269)
          16    3.357451    7.642891  (      57   11008)
          17    3.357838    7.641904  (      57   11019)
          18    3.357974    7.828486  (     700   14004)
          19    3.358298    7.640931  (      57   11023)
          20    3.358415    7.640708  (      57   11024)
          21    3.363659    8.697445  (    3090   14004)
          22    3.365581    8.049556  (    1584   11396)
          23    3.365706    8.803087  (    2950   13951)
          24    3.366939    9.220405  (    1631   14004)
          25    3.370071    8.679823  (    3855   14004)
          26    3.373237    8.640100  (    3743   14004)
          27    3.377444    9.682505  (      10   14004)
          28    3.379629    8.656702  (    3975   14004)
          29    3.380319    8.765158  (    3090   13951)
          30    3.380508    8.625797  (    1584   12269)
          31    3.382488    9.219725  (     779   18666)
          32    3.384392    8.916714  (    2918   11396)
          33    3.385598    9.792637  (      10   13951)
          34    3.386108    8.286854  (    2341   12269)
          35    3.387223    8.747897  (    3855   13951)
          36    3.387297    8.040353  (    6114   11396)
          37    3.387470    9.785645  (     561   11396)
          38    3.388073    8.955658  (    9727   10799)
          39    3.388121    9.256113  (      81   18666)
          40    3.389233    8.707181  (    3743   13951)
          41    3.391112    9.716081  (       9   14004)
          42    3.392920    7.977589  (    2341   11396)
          43    3.394262    8.643183  (    6114   12269)
          44    3.395208    8.634049  (    4340   14004)
          45    3.396403    9.107404  (    2918   12269)
          46    3.396562    8.724421  (    3975   13951)
          47    3.398226    9.298468  (    1631   13951)
          48    3.398620    9.155371  (    9859   14004)
          49    3.399229    9.825631  (       9   13951)
          50    3.400905    8.666797  (     276   14004)
          51    3.401004    9.596735  (     168   10075)
          52    3.401305    7.599008  (      57   12068)
          53    3.403384    9.982142  (     561   12269)
          54    3.405570    8.616761  (    5557   14004)
          55    3.408658    9.653526  (      81   12269)
          56    3.410300    9.467240  (      81   11396)
          57    3.412008    8.701468  (    4340   13951)
          58    3.412042   10.040301  (     168   10010)
          59    3.412967    9.071317  (     779   15306)
          60    3.414309    8.895010  (       4   12431)
          61    3.416686    9.117104  (      81   15306)
          62    3.417308   10.669883  (    3715   11359)
          63    3.419622    9.950947  (    1995   12431)
          64    3.419677   10.915817  (    8781   13359)
          65    3.419964    9.165130  (    1319   10366)
          66    3.419999    8.481659  (    3308   15828)
          67    3.421047    8.822509  (    4562   14004)
          68    3.421385    9.055885  (     779   15298)
          69    3.421920    9.058108  (     779   15286)
          70    3.422514    9.060455  (     779   15267)
          71    3.422883    9.232492  (    9859   13951)
          72    3.422918    8.684578  (    5557   13951)
          73    3.423001    8.060947  (     415   11396)
          74    3.424329    8.536858  (    8855   14004)
          75    3.426630    9.106435  (      81   15298)
          76    3.427065    9.108410  (      81   15286)
          77    3.427429    7.329225  (      30   14577)
          78    3.427442   10.288323  (     807   18666)
          79    3.427469    8.708881  (     276   13951)
          80    3.427551    9.110498  (      81   15267)
          81    3.427686    7.758015  (      57   10526)
          82    3.427786    9.176786  (      81   11670)
          83    3.428239    9.374134  (    1166   11843)
          84    3.428949    9.161256  (    1319   11359)
          85    3.430181    8.814490  (      77   13754)
          86    3.430265    8.027873  (     447   11396)
          87    3.430287    8.783956  (    3476   14004)
          88    3.434049    8.812805  (     416   14577)
          89    3.434375    9.023476  (    1319   10317)
          90    3.435656    9.476144  (     286   10799)
          91    3.436674    9.310688  (     899   12269)
          92    3.437499    7.447499  (      57   10593)
          93    3.437619    8.615846  (    1319   10599)
          94    3.437844    7.575400  (      57   11772)
          95    3.438169    8.114391  (     880   11396)
          96    3.438612    9.941569  (      23   10002)
          97    3.439147    8.047847  (     498   11396)
          98    3.439759    9.064196  (     779   15464)
          99    3.440052    8.870192  (       4   13598)
         100    3.440391    8.892732  (    4562   13951)
