Model_ID, [(c_i,i=0,n)_j,j=1,ntask]
           1    0.8169024193E+02   -0.6674453533E+02   -0.1734092857E+03
           2    0.7977139621E+02   -0.6562620096E+02   -0.1747936167E+03
           3    0.7987492173E+02   -0.6501697488E+02   -0.1691241032E+03
           4    0.7906279606E+02   -0.6486059704E+02   -0.1735159072E+03
           5    0.7901390817E+02   -0.6466598204E+02   -0.1727427271E+03
           6    0.7965527351E+02   -0.6473239935E+02   -0.1747693464E+03
           7    0.7965164853E+02   -0.6480879303E+02   -0.1751921683E+03
           8    0.7962131961E+02   -0.6469040107E+02   -0.1747359896E+03
           9    0.7988995392E+02   -0.6561576544E+02   -0.1662699111E+03
          10    0.7895878539E+02   -0.6444934011E+02   -0.1716932287E+03
          11    0.7958483391E+02   -0.6456184191E+02   -0.1742563613E+03
          12    0.7958715214E+02    0.6464802107E+02   -0.1747016409E+03
          13    0.7938114706E+02   -0.6565985208E+02   -0.1519233590E+03
          14    0.2593866437E+02    0.9922602979E+02    0.3069380183E+03
          15    0.2635495566E+02   -0.6104231523E+02   -0.3914739071E+03
          16    0.7265461515E+02   -0.2316761761E+02   -0.9671267479E+03
          17    0.6696760684E+02   -0.2960713698E+02    0.1604537576E+03
          18    0.2565995798E+02    0.9897131741E+02    0.3101658464E+03
          19    0.8287791874E+02   -0.5776961183E+02    0.2986622287E+03
          20    0.2644330786E+02   -0.6108981269E+02   -0.3855097260E+03
          21    0.3007495803E+02   -0.9670840879E+02   -0.3751264309E+03
          22    0.7895775714E+02   -0.6556139355E+02    0.1736342289E+03
          23    0.2628185386E+02   -0.6098246249E+02   -0.3923767293E+03
          24    0.7935434559E+02   -0.6455378743E+02   -0.6666060226E+03
          25    0.2758362191E+02   -0.9648412093E+02    0.2930090523E+03
          26    0.3154779830E+02   -0.1254165089E+03   -0.4060417758E+03
          27    0.2678775937E+02   -0.6070171168E+02   -0.3849791625E+03
          28    0.3134874861E+02   -0.1450672686E+03   -0.3888871171E+03
          29    0.2652683922E+02   -0.6083763226E+02   -0.3885920808E+03
          30    0.2663459865E+02   -0.6088220159E+02   -0.3827842495E+03
          31    0.2772049065E+02   -0.5732316911E+02   -0.3735756283E+03
          32    0.6711578832E+02    0.4442944405E+02   -0.1893917057E+03
          33    0.3059000795E+02   -0.9533582414E+02   -0.3790245248E+03
          34    0.7864412544E+02   -0.6274870896E+02   -0.1593419024E+03
          35    0.2634938101E+02    0.9862838677E+02    0.3025404712E+03
          36    0.3123334821E+02   -0.9389190478E+02   -0.3780492319E+03
          37    0.6697290716E+02    0.4432890418E+02   -0.1901392124E+03
          38    0.2630515642E+02    0.5950151203E+02   -0.3874097527E+03
          39    0.2748240151E+02    0.5741610243E+02   -0.3769233699E+03
          40    0.8122781623E+02   -0.5789599072E+02    0.2855975355E+03
          41    0.7820444511E+02   -0.6344474503E+02    0.1672038669E+03
          42    0.3113007501E+02   -0.1459889589E+03   -0.3891563945E+03
          43    0.8126762665E+02   -0.5784473681E+02    0.2839755968E+03
          44    0.2622623225E+02    0.9487069012E+02    0.3090972717E+03
          45    0.2647146896E+02    0.5866557000E+02   -0.3865606318E+03
          46    0.2649528286E+02   -0.9834658491E+02    0.3009284285E+03
          47    0.3135451206E+02    0.9362028669E+02   -0.3779473522E+03
          48    0.2955237030E+02    0.7029055807E+02   -0.4015365821E+03
          49    0.3044451735E+02    0.9197201357E+02   -0.3942680916E+03
          50    0.6641565587E+02    0.4420500297E+02   -0.1921180511E+03
          51    0.3109528165E+02   -0.9424809490E+02   -0.3781292021E+03
          52    0.2880278723E+02    0.1289065613E+03    0.2776288464E+03
          53    0.7351193742E+02   -0.5924397238E+02   -0.1551633625E+03
          54    0.7889851248E+02   -0.6225912843E+02   -0.1641587279E+03
          55    0.2665440810E+02    0.5938386516E+02   -0.3780273781E+03
          56    0.3118740392E+02    0.9406847748E+02   -0.3782159293E+03
          57    0.2923704008E+02   -0.5656447091E+02   -0.3862285748E+03
          58    0.6627359764E+02    0.4410987024E+02   -0.1929517077E+03
          59    0.2912345186E+02   -0.1182295828E+03    0.3430606252E+03
          60    0.2809707902E+02   -0.1399443516E+03    0.3336577921E+03
          61    0.6948556323E+02   -0.2647235207E+02    0.3198964194E+03
          62    0.3043179960E+02   -0.1475607364E+03   -0.3895221193E+03
          63    0.2595049537E+02    0.9463578884E+02    0.3128763210E+03
          64    0.8106059741E+02   -0.6493278985E+02    0.1651806434E+03
          65    0.2639537611E+02    0.9159232467E+02   -0.3786586510E+03
          66    0.2809891567E+02    0.8708766589E+02    0.3365332770E+03
          67    0.6538643465E+02    0.3524047289E+02   -0.1831212202E+03
          68    0.2635579204E+02   -0.6363690989E+02    0.3067585800E+03
          69    0.7764083387E+02   -0.6070319365E+02   -0.1576332969E+03
          70    0.2724361848E+02   -0.9706437135E+02    0.2826896378E+03
          71    0.2836413650E+02   -0.9025268603E+02    0.3216072804E+03
          72    0.6935550965E+02   -0.2638883464E+02    0.3248055251E+03
          73    0.3143828741E+02   -0.8480830364E+02   -0.3898169138E+03
          74    0.3511013869E+02    0.6024162971E+02    0.1687353777E+03
          75    0.2612530207E+02    0.9135096453E+02   -0.3835089852E+03
          76    0.2693433402E+02    0.9219015841E+02    0.3321558675E+03
          77    0.2723062885E+02    0.6643187929E+02    0.3415299164E+03
          78    0.2939136717E+02   -0.5645917274E+02   -0.3838144938E+03
          79    0.3540599817E+02    0.5923121416E+02    0.1692896925E+03
          80    0.2656039692E+02    0.5869263704E+02   -0.3808010587E+03
          81    0.6939091148E+02   -0.2642869798E+02    0.3150486655E+03
          82    0.2640104764E+02   -0.6258640862E+02    0.3100598626E+03
          83    0.2629873153E+02   -0.5882660247E+02   -0.3876948985E+03
          84    0.2640575753E+02    0.4297483982E+02    0.3510554925E+03
          85    0.2999051660E+02    0.9458597542E+02    0.3837988948E+03
          86    0.2771499261E+02   -0.5986013672E+02    0.2947665363E+03
          87    0.6582284590E+02    0.3691300874E+02   -0.1573317796E+03
          88    0.2614392150E+02   -0.5901689183E+02   -0.3856071781E+03
          89    0.3060198751E+02   -0.6049640880E+02   -0.3770928913E+03
          90    0.8148476055E+02   -0.6532805335E+02   -0.1644729279E+03
          91    0.8144184637E+02   -0.6516489328E+02   -0.1639283520E+03
          92    0.7857304580E+02   -0.4676854588E+02    0.1674387000E+03
          93    0.8158436304E+02    0.5696803376E+02    0.2929929809E+03
          94    0.6404879731E+02    0.3231104904E+02    0.2891110511E+03
          95    0.6408979557E+02    0.3231480361E+02    0.2921484451E+03
          96    0.2746448785E+02    0.5998619628E+02    0.2976253094E+03
          97    0.2740262730E+02    0.9266597338E+02    0.3006287012E+03
          98    0.2764686365E+02   -0.6110002807E+02    0.2896964269E+03
          99    0.8139256488E+02   -0.6498088565E+02   -0.1631222511E+03
         100    0.8229349598E+02   -0.6602135188E+02   -0.9170576910E+02
