Model_ID, [(c_i,i=0,n)_j,j=1,ntask]
           1    0.4654289639E+02   -0.3851431371E+02    0.3207526557E+03
           2    0.5664326454E+02   -0.2979905324E+02    0.2955117823E+03
           3    0.4703143373E+02   -0.2414021225E+02    0.3062174561E+03
           4    0.5174778535E+02   -0.2755160296E+02    0.3083976049E+03
           5    0.4890011818E+02   -0.3440035935E+02    0.3088851767E+03
           6    0.4853146710E+02   -0.3506047558E+02    0.3128671603E+03
           7    0.4852752081E+02   -0.3505561570E+02    0.3128199391E+03
           8    0.4565888399E+02    0.3960824660E+02    0.3082530511E+03
           9    0.4703060004E+02    0.3662518225E+02    0.3089575355E+03
          10    0.4334293453E+02   -0.3043938732E+02    0.2977206835E+03
          11    0.4780503601E+02   -0.3631809811E+02    0.3051701819E+03
          12    0.2993115054E+02   -0.3290988467E+02    0.3007582918E+03
          13    0.5648262651E+02    0.1587121467E+02    0.3069185948E+03
          14    0.4773929137E+02   -0.3622275936E+02    0.3043607610E+03
          15    0.4002887205E+02    0.1621411758E+02    0.3059798290E+03
          16    0.4684628692E+02    0.3684295287E+02    0.3067634853E+03
          17    0.7270330032E+02   -0.2784823316E+02    0.3007873012E+03
          18    0.4258850050E+02   -0.1947723696E+02    0.2939465837E+03
          19    0.4792369341E+02   -0.2042001814E+02    0.2969960788E+03
          20    0.2624621873E+02    0.1902799840E+02    0.3069216531E+03
          21    0.5894616593E+02   -0.3149694113E+02    0.2923191939E+03
          22    0.5638007156E+02   -0.1702963478E+02    0.2993868880E+03
          23    0.4767035260E+02   -0.3655410895E+02    0.3034168736E+03
          24    0.4762811824E+02   -0.3650752810E+02    0.3029304290E+03
          25    0.4762412514E+02   -0.3650253618E+02    0.3028831634E+03
          26    0.5647115240E+02   -0.2986009210E+02    0.2927077392E+03
          27    0.4791986294E+02    0.3493013573E+02    0.3058285970E+03
          28    0.3039106559E+02    0.3194426787E+02    0.2996730015E+03
          29    0.3018524273E+02    0.2799050459E+02    0.2980257926E+03
          30    0.4387690213E+02   -0.2069570173E+02    0.2957307463E+03
          31    0.4756245176E+02   -0.3641206497E+02    0.3021241700E+03
          32    0.5139707179E+02   -0.3277328894E+02    0.2903057528E+03
          33    0.4760455037E+02   -0.3650336477E+02    0.3025066884E+03
          34    0.4793054164E+02   -0.3661125628E+02    0.3059156061E+03
          35    0.4824079775E+02   -0.2027919847E+02    0.2982373149E+03
          36    0.6460797598E+02   -0.2008018889E+02    0.2970294242E+03
          37    0.4758471157E+02   -0.3588096671E+02    0.3021993574E+03
          38    0.4761625343E+02   -0.2041109063E+02    0.2953337446E+03
          39    0.5424518934E+02    0.4083757740E+02    0.3028962837E+03
          40    0.4702344501E+02    0.3644252964E+02    0.3033214454E+03
          41    0.6848782211E+02    0.1839388654E+02    0.3015470557E+03
          42    0.4260980082E+02   -0.3022990417E+02    0.3012915578E+03
          43    0.4381941757E+02    0.1781339516E+02    0.3023348684E+03
          44    0.2521414983E+02   -0.2636514980E+02    0.3037757895E+03
          45    0.3003328211E+02   -0.3220157893E+02    0.2970954528E+03
          46    0.5604602880E+02    0.2534545055E+02    0.2991117015E+03
          47    0.4357997982E+02    0.2997166969E+02    0.2980191358E+03
          48    0.3928723185E+02    0.1530537952E+02    0.3034682192E+03
          49    0.5246895957E+02    0.3111774042E+02    0.2972691774E+03
          50    0.4791406179E+02   -0.3600142665E+02    0.3024643379E+03
          51    0.5605153908E+02    0.2534739651E+02    0.2992678425E+03
          52    0.2695456208E+02    0.3166205433E+02    0.3037861390E+03
          53    0.2690634966E+02    0.2433035946E+02    0.3001006439E+03
          54    0.4934807076E+02   -0.2347674112E+02    0.2898345152E+03
          55    0.4817695538E+02   -0.3003097360E+02    0.2864645735E+03
          56    0.4850366776E+02   -0.1968513329E+02    0.2910563019E+03
          57    0.4349899743E+02   -0.3041396256E+02    0.3031145913E+03
          58    0.4813010092E+02    0.3450436259E+02    0.2931564063E+03
          59    0.4742719362E+02   -0.3611882710E+02    0.3002540974E+03
          60    0.4733605554E+02   -0.3676459385E+02    0.2994042898E+03
          61    0.4441314028E+02   -0.4546736845E+02    0.2962784563E+03
          62    0.2979109089E+02    0.2795024840E+02    0.2957009721E+03
          63    0.5786413016E+02    0.1886944715E+02    0.2877808770E+03
          64    0.4738515922E+02   -0.3671383411E+02    0.2998028969E+03
          65    0.4341924129E+02   -0.2973527226E+02    0.2944725602E+03
          66    0.4645522374E+02   -0.3343669498E+02    0.2557215936E+03
          67    0.4740869297E+02   -0.3606766832E+02    0.2999743617E+03
          68    0.2478482240E+02   -0.2639857201E+02    0.3017370290E+03
          69    0.4700673099E+02   -0.3794553989E+02    0.2700705368E+03
          70    0.5155635856E+02    0.2312580708E+02    0.2838483432E+03
          71    0.3084017730E+02    0.2764645427E+02    0.2995435108E+03
          72    0.5249311276E+02   -0.3227502647E+02    0.2952577395E+03
          73    0.2991387715E+02    0.3226232610E+02    0.2965589551E+03
          74    0.4578372024E+02    0.3912902563E+02    0.2844423919E+03
          75    0.2982038866E+02    0.3241790375E+02    0.2975148804E+03
          76    0.2993155953E+02    0.3224487964E+02    0.2958804967E+03
          77    0.2992506958E+02    0.3224936132E+02    0.2959164161E+03
          78    0.2482739244E+02    0.2590029327E+02    0.2952286470E+03
          79    0.2991863506E+02    0.3225375003E+02    0.2959521850E+03
          80    0.3130838369E+02    0.2920628052E+02    0.2833037910E+03
          81    0.5814927350E+02   -0.2697191222E+02    0.2807310046E+03
          82    0.2993653510E+02    0.3223594246E+02    0.2952736115E+03
          83    0.4482120477E+02    0.4622427050E+02    0.3011616753E+03
          84    0.2978635079E+02    0.3240298787E+02    0.2818972259E+03
          85    0.5222197046E+02   -0.3080895614E+02    0.3011683824E+03
          86    0.4767072289E+02    0.3665058460E+02    0.2431302156E+03
          87    0.4768532229E+02   -0.3516536548E+02    0.2981906833E+03
          88    0.4314765233E+02    0.2981635800E+02    0.2942263373E+03
          89    0.4965414619E+02    0.1877808846E+02    0.3000751827E+03
          90    0.4487069653E+02   -0.2222297589E+02    0.3007929469E+03
          91    0.4324427295E+02   -0.2969229334E+02    0.2944335945E+03
          92    0.4315334189E+02   -0.2980406394E+02    0.2936312064E+03
          93    0.4672552573E+02    0.3672674206E+02    0.2998493330E+03
          94    0.6284314079E+02   -0.5304559893E+02    0.2972122978E+03
          95    0.2932516861E+02    0.1550634258E+02    0.2787564217E+03
          96    0.4708003067E+02   -0.3775474535E+02    0.2707646411E+03
          97    0.4315910501E+02   -0.2979141312E+02    0.2930359254E+03
          98    0.4698245161E+02   -0.3793889748E+02    0.2696323845E+03
          99    0.3005892133E+02    0.3203274736E+02    0.2942517001E+03
         100    0.5528130710E+02    0.2114302965E+02    0.2955815000E+03
