        Rank        RMSE       MaxAE  Feature_ID
           1   32.657082   85.854577  (      59   10023)
           2   32.961177   83.199385  (      21   10023)
           3   33.263616   85.244641  (      59   10032)
           4   33.281977   92.232235  (      59   10024)
           5   33.405350   81.741259  (      59   10001)
           6   33.504771   87.688157  (      21   10024)
           7   33.510540   88.135785  (      21   10617)
           8   33.531167   80.311569  (      21   10001)
           9   33.554198   94.575737  (    8484   10023)
          10   33.617005   84.181438  (      59   10617)
          11   33.651803  107.488741  (      21   10172)
          12   33.654156   92.020543  (      21   10585)
          13   33.679476   88.083833  (      21   10695)
          14   33.680117  111.269133  (      59   10047)
          15   33.688055   86.735935  (      21   10032)
          16   33.692834  106.093226  (      21   10047)
          17   33.707119   88.279208  (      21   10958)
          18   33.760477  112.527624  (      59   10057)
          19   33.769643  106.855019  (      21   10201)
          20   33.794725   88.477144  (      21   11092)
          21   33.806269  112.574143  (      59   10172)
          22   33.814320   88.471837  (      21   11140)
          23   33.815634   84.859158  (      21   10737)
          24   33.828340   94.150095  (      59   10017)
          25   33.834543   88.466361  (      21   11196)
          26   33.866340   84.348751  (      59   10958)
          27   33.872264   81.607485  (      59   10002)
          28   33.880835  107.365261  (      21   10057)
          29   33.887040   89.279985  (      59   10004)
          30   33.892965  106.669449  (      21   10252)
          31   33.895546   88.403423  (      21   12549)
          32   33.897723   88.253560  (      21   11119)
          33   33.903154  106.658452  (      21   10262)
          34   33.906775  112.230462  (      59   10080)
          35   33.908619  111.939218  (      59   10201)
          36   33.910446   86.249145  (      21   10352)
          37   33.914066  106.647511  (      21   10273)
          38   33.917661   86.213182  (      59   10695)
          39   33.926104  112.257496  (      59   10086)
          40   33.929106  112.261622  (      59   10085)
          41   33.938885   96.355365  (    1381   10617)
          42   33.952061  112.292775  (      59   10088)
          43   33.974996   93.757431  (      21   10004)
          44   33.976501   80.437242  (      21   10002)
          45   33.977995  114.154848  (      59   10052)
          46   33.993721  113.903824  (      59   10059)
          47   34.003734   97.735382  (    1381   10023)
          48   34.005085   92.948288  (      21   11300)
          49   34.011957  107.083200  (      21   10080)
          50   34.027401  107.110286  (      21   10086)
          51   34.032047  107.113671  (      21   10085)
          52   34.034538   82.209139  (      59   10352)
          53   34.034611  106.516443  (      21   10065)
          54   34.037062  111.748343  (      59   10252)
          55   34.043374   84.294846  (      59   11119)
          56   34.044661   92.103901  (    8484   10798)
          57   34.046359   85.740458  (      21   10798)
          58   34.049555   85.542982  (      59   11092)
          59   34.051711   92.506551  (      21   10962)
          60   34.052733  107.144100  (      21   10088)
          61   34.054189  111.736443  (      59   10262)
          62   34.055029   91.740065  (      59   10010)
          63   34.059383  108.930160  (      21   10052)
          64   34.061193   82.656090  (      59   10737)
          65   34.062677   89.676589  (      21   10351)
          66   34.069933  106.232579  (      21   10286)
          67   34.070670   85.600721  (      59   11140)
          68   34.072047  111.724649  (      59   10273)
          69   34.081983  105.275513  (    8484   10059)
          70   34.088339   93.005275  (      21   11259)
          71   34.091941   84.972258  (      59   10003)
          72   34.092421   85.659862  (      59   11196)
          73   34.095681   84.375688  (       8   19486)
          74   34.098211   88.071180  (      21   11851)
          75   34.101155   89.460791  (      59   11259)
          76   34.110099   93.944495  (      21   11536)
          77   34.126358  109.919975  (      59   10112)
          78   34.127809  114.449605  (      59   10141)
          79   34.127987  104.767998  (      21   10112)
          80   34.150530   89.137258  (      21   10446)
          81   34.151523  108.668803  (      21   10059)
          82   34.169694   96.170913  (      21   10010)
          83   34.175202   88.084593  (      59   12549)
          84   34.186789   84.099098  (      59   11851)
          85   34.191864  109.313470  (      21   10141)
          86   34.197565  106.692599  (      21   11250)
          87   34.199187  111.325657  (      59   10286)
          88   34.200421   88.802826  (      21   10830)
          89   34.217508   85.729955  (      59   10186)
          90   34.218958   85.137661  (      59   10830)
          91   34.220509   89.940538  (    1381   10032)
          92   34.220522  102.572025  (    4802   10023)
          93   34.221382   89.621727  (      21   10017)
          94   34.234094   88.340018  (      59   10585)
          95   34.241907   92.249695  (     332   19486)
          96   34.242388   93.687164  (      21   12347)
          97   34.249221   87.892894  (      59   10798)
          98   34.265993   92.901599  (    1381   10737)
          99   34.266758   90.576342  (    4802   10032)
         100   34.275477   95.439901  (    1381   11259)
