        Rank        RMSE       MaxAE  Feature_ID
           1   25.191969   66.020687  (     125   13309)
           2   25.194577   66.106405  (     125   13314)
           3   26.212951   80.886427  (     575    7785)
           4   26.244327   76.360364  (     110   13475)
           5   26.261353   76.280444  (     110   13486)
           6   26.362311   72.817550  (     110   14187)
           7   26.366561   67.392354  (     371   10431)
           8   26.403368   67.708854  (     110   10431)
           9   26.476865   66.843453  (     110   10523)
          10   26.581359   62.686914  (     371   10523)
          11   26.612666   67.719571  (     529   10431)
          12   26.624234   69.328702  (     529   10523)
          13   26.707532   68.946868  (     125   14181)
          14   26.731379   69.282182  (     125   14093)
          15   26.790078   85.879003  (     413   11634)
          16   26.797794   66.779713  (     125   16441)
          17   26.855100   66.529081  (    1399   10589)
          18   26.875936   67.043090  (     125   19119)
          19   26.881915   68.878153  (      25   13459)
          20   26.893490   71.459634  (     562   11716)
          21   26.894461   77.227749  (       2   10004)
          22   26.934411   77.325837  (       1   10004)
          23   26.934690   69.131211  (      25   12957)
          24   26.937491   75.114640  (       1   10001)
          25   26.938827   67.133562  (     125   18318)
          26   26.940072   70.756650  (    1018   11716)
          27   26.957248   88.460734  (    9044   11632)
          28   26.961728   75.032185  (       2   10001)
          29   26.972374   87.009955  (       2   11670)
          30   26.982064   67.157793  (     125   17356)
          31   26.983350   74.691212  (     575    9500)
          32   27.010747   84.888172  (     166   10090)
          33   27.015686   77.104035  (       9   10738)
          34   27.028375   67.144124  (     125   18282)
          35   27.051112   70.093428  (     110   13968)
          36   27.063286   67.109695  (     125   18630)
          37   27.068836   67.109189  (     125   18608)
          38   27.074862   67.108777  (     125   18585)
          39   27.084767   85.252898  (     675   11634)
          40   27.087296   84.918843  (      44   10852)
          41   27.103791   59.668049  (    1094   14093)
          42   27.106821   64.968306  (     125   15505)
          43   27.110676   67.074623  (     125   18920)
          44   27.127050   85.064775  (     433     575)
          45   27.140639   65.792326  (    1087   10589)
          46   27.219224   69.413105  (      46   13459)
          47   27.225381   85.350191  (     727   11634)
          48   27.225835   87.691971  (       1   11670)
          49   27.244381   60.819035  (       9   10124)
          50   27.262662   67.097876  (     125   19200)
          51   27.276489   68.568788  (      20   10301)
          52   27.276768   69.668719  (      46   12957)
          53   27.283779   80.968419  (       1   10003)
          54   27.288367   70.889388  (    4411   16651)
          55   27.334717   78.453903  (     340   10383)
          56   27.337486   64.577096  (      67   10124)
          57   27.352847   83.706932  (     169   10090)
          58   27.365032   69.703616  (      54   13459)
          59   27.365443   66.114490  (      49   13787)
          60   27.367906   85.116290  (     739   11634)
          61   27.374711   69.110334  (     125   19037)
          62   27.376686   87.018501  (       4   15182)
          63   27.382236   82.373067  (    1334   10276)
          64   27.388710   64.471165  (     463   10523)
          65   27.400783   84.990526  (     589   10090)
          66   27.401019   79.863213  (       1   10002)
          67   27.419029   79.504125  (     657   10556)
          68   27.421796   70.832561  (      20   13459)
          69   27.423714   69.959306  (      54   12957)
          70   27.436812   71.689854  (      25   12450)
          71   27.461940   71.078163  (      20   12957)
          72   27.466306   69.032455  (      51   13459)
          73   27.489812   67.087955  (      14   13787)
          74   27.491557   67.220456  (     125   19255)
          75   27.502937   66.149056  (     697   18192)
          76   27.513268   71.230848  (       5   18192)
          77   27.517702   69.346217  (    8306   10767)
          78   27.517928   71.138385  (       6   10589)
          79   27.521412   69.286617  (      51   12957)
          80   27.525806   69.611121  (     463   10431)
          81   27.540342   73.763169  (      25   12036)
          82   27.564401   73.504024  (       2   10037)
          83   27.571608   73.408836  (      69   13314)
          84   27.572145   73.336170  (      69   13309)
          85   27.572520   93.483129  (     110   14017)
          86   27.592367   78.611173  (       9   13650)
          87   27.598250   81.254625  (       2   10003)
          88   27.598257   73.267137  (      25   12086)
          89   27.605103   73.732678  (       1   10037)
          90   27.609634   70.902898  (       8   18192)
          91   27.616522   88.296473  (    3591   11634)
          92   27.633617   79.871114  (    7777   10276)
          93   27.651329   75.312725  (      67   10738)
          94   27.668109   67.085906  (      44   13787)
          95   27.671549  102.483854  (    3586   10865)
          96   27.671820   65.013541  (     579   10704)
          97   27.673236   62.212838  (     110   15864)
          98   27.676534   89.540535  (     562   10745)
          99   27.676650   80.106508  (       2   10002)
         100   27.677787   88.976382  (      68   10986)
