Model_ID, [(c_i,i=0,n)_j,j=1,ntask]
           1    0.2379907265E+02   -0.5064394225E+02   -0.4053975059E+03
           2    0.2534151719E+02   -0.1607975719E+03   -0.4118857928E+03
           3    0.2409403774E+02   -0.4468300193E+02   -0.3656660398E+03
           4    0.2560093155E+02    0.1251212455E+03   -0.1952248442E+03
           5    0.2333474584E+02   -0.4067364747E+02    0.1765554782E+03
           6    0.2633399401E+02    0.1390212192E+03    0.9495311860E+02
           7    0.2426911993E+02   -0.1478256729E+03   -0.3841854148E+03
           8    0.2600336797E+02   -0.1240524683E+03   -0.1936423650E+03
           9    0.2593766205E+02   -0.1236202986E+03   -0.1965133427E+03
          10    0.2564807562E+02   -0.1248937210E+03   -0.1954347828E+03
          11    0.2547395373E+02    0.1300604571E+03    0.1709239499E+03
          12    0.2401330630E+02   -0.5172509810E+02    0.6584860117E+02
          13    0.2547165920E+02    0.1253811566E+03   -0.1967416159E+03
          14    0.2555503014E+02   -0.1251008870E+03   -0.1961814112E+03
          15    0.2513744865E+02   -0.1307228181E+03   -0.2038454988E+03
          16    0.2285889550E+02   -0.5292718629E+02   -0.1138764508E+03
          17    0.2491915587E+02   -0.2479358287E+02   -0.1980509065E+03
          18    0.2420528921E+02   -0.4658310099E+02   -0.1704682476E+03
          19    0.2339705208E+02   -0.5272693411E+02   -0.1201472683E+03
          20    0.2477009126E+02   -0.5027972974E+02    0.8257271770E+02
          21    0.2589040145E+02   -0.1289381682E+03    0.1695138379E+03
          22    0.2564443187E+02   -0.1247220057E+03   -0.1956746583E+03
          23    0.2623980506E+02   -0.1401366235E+03   -0.2128859838E+03
          24    0.2639458977E+02   -0.1387124242E+03    0.9478976788E+02
          25    0.2678617061E+02   -0.1375838076E+03    0.9371417137E+02
          26    0.2562704227E+02    0.1237025205E+03    0.1979856242E+03
          27    0.2552255321E+02   -0.1298392866E+03    0.1710678077E+03
          28    0.2141745151E+02   -0.2690859201E+02   -0.3704060281E+03
          29    0.2583101752E+02   -0.1284799999E+03    0.1718132230E+03
          30    0.2464518316E+02   -0.3793083017E+02   -0.1991387023E+03
          31    0.2494413570E+02    0.1397658804E+03   -0.3592262619E+03
          32    0.2591001239E+02   -0.1235141028E+03   -0.1940418139E+03
          33    0.2407482330E+02    0.2537743026E+02   -0.1994907063E+03
          34    0.2494598932E+02    0.3756288771E+02   -0.2004902888E+03
          35    0.2491464593E+02   -0.3757950825E+02   -0.2007599046E+03
          36    0.2519025531E+02   -0.4977202462E+02   -0.8234837948E+02
          37    0.2574165613E+02   -0.1242407741E+03   -0.1952065768E+03
          38    0.2511382422E+02   -0.2455236734E+02   -0.1986411344E+03
          39    0.2531754308E+02   -0.3711587449E+02   -0.1983021822E+03
          40    0.2534019164E+02    0.1303673392E+03    0.1721870413E+03
          41    0.2395240489E+02   -0.5660331896E+02   -0.6571919405E+02
          42    0.2393119986E+02   -0.4101638685E+02   -0.1348877805E+03
          43    0.2542604162E+02   -0.1300725782E+03    0.1716983760E+03
          44    0.2437164720E+02   -0.2521109231E+02   -0.1973654894E+03
          45    0.2416884582E+02   -0.5153163756E+02   -0.6542535869E+02
          46    0.2310957259E+02   -0.5247648406E+02   -0.1147449330E+03
          47    0.2633022285E+02   -0.1198515728E+03   -0.1968227874E+03
          48    0.2674356817E+02   -0.1371357823E+03    0.9486638224E+02
          49    0.2485508792E+02   -0.4318512698E+02   -0.2023166090E+03
          50    0.2434257987E+02    0.2533725725E+02    0.1914141497E+03
          51    0.2331955158E+02   -0.1547131631E+03    0.4766537511E+03
          52    0.2493525528E+02   -0.4945199332E+02    0.8048340119E+02
          53    0.2666055573E+02   -0.1372837020E+03    0.9431451664E+02
          54    0.2530076954E+02   -0.1611578318E+03    0.1134479936E+04
          55    0.2544362163E+02   -0.1250973295E+03   -0.1976127542E+03
          56    0.2499188141E+02   -0.1360733901E+03    0.1785772008E+03
          57    0.2431938419E+02   -0.5199950067E+02   -0.6537583222E+02
          58    0.2438404496E+02   -0.5122153748E+02   -0.6516447203E+02
          59    0.2456978771E+02   -0.3804881990E+02   -0.1994671228E+03
          60    0.2423855380E+02    0.1522494916E+03    0.2848723709E+03
          61    0.2453711748E+02   -0.3806844661E+02   -0.1997372177E+03
          62    0.2551831050E+02   -0.1296767552E+03    0.1712421984E+03
          63    0.2433255713E+02   -0.5127466460E+02    0.6511766005E+02
          64    0.2514349380E+02   -0.4977851229E+02    0.8206887482E+02
          65    0.2565168322E+02   -0.1244155908E+03   -0.1959589953E+03
          66    0.2495499948E+02   -0.5005330658E+02   -0.8231514041E+02
          67    0.2630641135E+02   -0.1388764238E+03    0.9486209720E+02
          68    0.2366659243E+02   -0.3889278599E+02   -0.1149512977E+03
          69    0.2376778709E+02   -0.5275314937E+02   -0.1248313577E+03
          70    0.2433047253E+02   -0.5129977763E+02    0.6503866546E+02
          71    0.2445752586E+02   -0.2513030127E+02   -0.1969166752E+03
          72    0.2427445682E+02   -0.5136478043E+02   -0.6513091396E+02
          73    0.2639436434E+02   -0.1385160505E+03    0.9475088768E+02
          74    0.2568492499E+02    0.1813127358E+02   -0.2005013399E+03
          75    0.2584932977E+02   -0.1236425686E+03   -0.1947664651E+03
          76    0.2507330656E+02   -0.4988328380E+02   -0.8213414752E+02
          77    0.2447984395E+02   -0.2510919845E+02   -0.1968553157E+03
          78    0.2418909414E+02   -0.2535120449E+02   -0.1971367222E+03
          79    0.2622601530E+02    0.1391262702E+03    0.9496985625E+02
          80    0.2609099901E+02   -0.1224534116E+03   -0.1932396678E+03
          81    0.2436328611E+02   -0.2519523067E+02   -0.1976621209E+03
          82    0.2500182205E+02   -0.4997369548E+02   -0.8221186709E+02
          83    0.2408084194E+02   -0.5165448793E+02    0.6502651210E+02
          84    0.2495930981E+02   -0.3755978086E+02   -0.1972959739E+03
          85    0.2421936344E+02   -0.5143059606E+02   -0.6511371843E+02
          86    0.2450262458E+02    0.2508700791E+02   -0.1967958809E+03
          87    0.2123105651E+02    0.3559718226E+02   -0.3675960224E+03
          88    0.2524959827E+02   -0.3721534415E+02   -0.1986350701E+03
          89    0.2514731742E+02   -0.4978808255E+02    0.8191790201E+02
          90    0.2458035129E+02   -0.3735487882E+02   -0.1924089744E+03
          91    0.2424526042E+02    0.1523809634E+03    0.2852968401E+03
          92    0.2454829834E+02   -0.3737374291E+02   -0.1926706300E+03
          93    0.2469021737E+02   -0.4359681809E+02    0.1454839526E+03
          94    0.2215077505E+02   -0.2409847579E+02   -0.1152324694E+03
          95    0.2421720690E+02   -0.5145540528E+02   -0.6505588254E+02
          96    0.2483589304E+02   -0.5023290669E+02    0.8212474716E+02
          97    0.2431717704E+02   -0.2648849059E+02    0.2568033838E+03
          98    0.2401009552E+02   -0.5851419671E+02    0.7927914104E+02
          99    0.2260217311E+02   -0.2380431356E+02   -0.1175912257E+03
         100    0.2447100407E+02   -0.5107843217E+02   -0.6485181810E+02
