        Rank        RMSE       MaxAE  Feature_ID
           1    4.069122   12.618933  (       2   10256)
           2    4.074986   12.801646  (       2   10142)
           3    4.126078   12.621092  (       2   10171)
           4    4.145469   14.148369  (       2   10066)
           5    4.146286   14.080636  (       2   11351)
           6    4.173438   13.028248  (       2   10401)
           7    4.175124   13.868508  (       2   12447)
           8    4.184079   14.110223  (       2   11956)
           9    4.198848   13.871349  (       2   15774)
          10    4.199166   14.182005  (       2   12360)
          11    4.203299   14.547253  (       2   16090)
          12    4.212401   12.946515  (       2   11552)
          13    4.213274   14.409923  (       2   14319)
          14    4.213825   14.153918  (       2   12663)
          15    4.213922   14.211717  (       2   15672)
          16    4.215967   14.488906  (       2   18382)
          17    4.216296   13.179605  (       2   10006)
          18    4.216869   13.220997  (       2   11527)
          19    4.217003   13.920503  (       2   14581)
          20    4.219541   13.251765  (       2   11629)
          21    4.220503   14.222258  (       2   15159)
          22    4.221366   14.229014  (       2   15303)
          23    4.222172   12.598057  (       7   10256)
          24    4.222612   14.237165  (       2   15498)
          25    4.223244   14.237245  (       2   15131)
          26    4.225291   14.232856  (       2   15976)
          27    4.228998   14.439526  (       2   18221)
          28    4.230735   14.319598  (       2   17599)
          29    4.231390   12.791404  (       7   10142)
          30    4.232011   14.229903  (       2   15800)
          31    4.233280   14.214790  (       2   15438)
          32    4.242602   14.631231  (       2   14666)
          33    4.243858   14.465961  (       2   18338)
          34    4.245944   13.144551  (       2   12763)
          35    4.246858   13.146572  (       2   12842)
          36    4.247040   14.220898  (       2   17104)
          37    4.254889   14.797897  (       2   17898)
          38    4.255977   13.563279  (       2   12158)
          39    4.255990   13.343999  (       2   12310)
          40    4.257123   13.584256  (       2   12268)
          41    4.258835   14.622283  (       2   16191)
          42    4.261651   12.291066  (       2   13545)
          43    4.267009   13.154876  (       2   13174)
          44    4.267942   13.160147  (       2   12893)
          45    4.268048   13.150630  (       2   13597)
          46    4.271111   12.907650  (       1   10017)
          47    4.273736   12.593400  (       7   10171)
          48    4.275970   13.627451  (       2   10084)
          49    4.276315   13.319007  (       2   11255)
          50    4.276375   14.168285  (       2   19822)
          51    4.276450   13.244655  (       2   14133)
          52    4.277147   13.111536  (       1   10418)
          53    4.277747   14.570347  (       2   18379)
          54    4.277979   13.242785  (       2   14513)
          55    4.278516   14.070605  (       2   19958)
          56    4.280078   14.751209  (       2   12497)
          57    4.280761   14.182717  (       2   16532)
          58    4.282726   13.446545  (       1   10001)
          59    4.284765   14.553375  (       2   11501)
          60    4.286784   13.316979  (       2   18865)
          61    4.288426   14.130016  (       7   10066)
          62    4.288686   13.532088  (       2   14053)
          63    4.289152   13.277532  (       2   17392)
          64    4.289495   13.533868  (       2   14121)
          65    4.290425   14.609472  (       2   16947)
          66    4.290529   12.296967  (       2   17923)
          67    4.291662   13.266628  (       2   16931)
          68    4.291679   13.266887  (       2   16939)
          69    4.291881   12.065221  (       2   19233)
          70    4.292244   13.273561  (       2   17209)
          71    4.292270   13.268857  (       2   17375)
          72    4.292375   13.274864  (       2   17262)
          73    4.292518   13.276218  (       2   17328)
          74    4.292521   13.057460  (       1   10020)
          75    4.293009   13.234498  (       2   18389)
          76    4.293259   14.615141  (       2   17024)
          77    4.293577   13.285314  (       2   17717)
          78    4.293633   13.285766  (       2   17737)
          79    4.294744   14.542775  (       2   16767)
          80    4.295746   12.169236  (       2   10538)
          81    4.296263   14.690056  (       2   18161)
          82    4.296862   13.278431  (       2   17323)
          83    4.297219   14.683119  (       2   19522)
          84    4.300730   14.247851  (       2   12144)
          85    4.301840   14.091455  (       7   11351)
          86    4.303703   13.662278  (       1   10002)
          87    4.304777   11.558997  (       3   16403)
          88    4.306354   13.528033  (       2   14810)
          89    4.307311   13.138354  (       1   10003)
          90    4.309334   13.660765  (       1   10004)
          91    4.310792   13.318050  (       2   17222)
          92    4.311134   13.561964  (       2   14965)
          93    4.312424   13.569128  (       2   14717)
          94    4.313409   15.173221  (       2   10017)
          95    4.313655   13.608871  (       2   15325)
          96    4.313700   14.166451  (       1   12830)
          97    4.314532   13.141917  (       2   18051)
          98    4.315365   13.609180  (       2   15765)
          99    4.315919   13.321497  (       2   18556)
         100    4.316125   14.782017  (       2   12076)
