Model_ID, [(c_i,i=0,n)_j,j=1,ntask]
           1    0.2099843194E+03    0.1292188528E+03    0.2709831862E+03
           2    0.2564390159E+03    0.1888165094E+03    0.2675550220E+03
           3    0.2330091453E+03    0.1450917802E+03   -0.1968804800E+03
           4    0.2317801104E+03    0.1410544822E+03    0.1087704290E+04
           5    0.2314694267E+03    0.1416458239E+03    0.1068744307E+04
           6    0.2869518201E+03   -0.2124086111E+03   -0.1152942727E+03
           7    0.2314622997E+03    0.1416473006E+03    0.1068712914E+04
           8    0.2319351777E+03    0.1410555398E+03    0.1081478328E+04
           9    0.2319279822E+03    0.1410570222E+03    0.1081448622E+04
          10    0.2873668141E+03   -0.2059401869E+03   -0.1208879927E+03
          11    0.2376239343E+03    0.1393742730E+03    0.6660211596E+03
          12    0.2316241224E+03    0.1416429999E+03    0.1062778829E+04
          13    0.2821465865E+03   -0.2133545776E+03   -0.1056665773E+03
          14    0.2213520851E+03    0.1325359623E+03   -0.9044403498E+02
          15    0.2312750303E+03    0.1296491577E+03    0.9255914887E+02
          16    0.2403582843E+03    0.1367699427E+03    0.2501057674E+03
          17    0.2070608486E+03    0.1236785908E+03   -0.1493069393E+03
          18    0.2101089358E+03    0.1348926069E+03   -0.2872116384E+03
          19    0.2874352460E+03    0.2062382582E+03   -0.1179387040E+03
          20    0.2331699397E+03    0.1332565743E+03    0.6029627672E+03
          21    0.2310000381E+03    0.1422179864E+03    0.7460730793E+03
          22    0.2832964297E+03   -0.2071704615E+03   -0.1122369990E+03
          23    0.2849890401E+03   -0.2024453868E+03   -0.1172280022E+03
          24    0.2809979140E+03   -0.2040086510E+03   -0.1090419303E+03
          25    0.2811303765E+03   -0.2036198361E+03    0.1094937021E+03
          26    0.2916973777E+03    0.2332334691E+03   -0.1271384029E+03
          27    0.2307736045E+03    0.1426874638E+03    0.7367123578E+03
          28    0.2290394515E+03    0.1429217586E+03    0.1041431184E+04
          29    0.2813177939E+03    0.2044151610E+03   -0.1068265265E+03
          30    0.2852177654E+03    0.2028756234E+03   -0.1148306746E+03
          31    0.2814408249E+03    0.2040300596E+03    0.1072475299E+03
          32    0.2292778597E+03    0.1430417123E+03    0.1036784470E+04
          33    0.2287945816E+03    0.1434499348E+03    0.1024735734E+04
          34    0.2296924412E+03    0.1424975331E+03    0.1047667018E+04
          35    0.2834753433E+03    0.2074559315E+03   -0.1095330078E+03
          36    0.2895933410E+03    0.2223323050E+03   -0.1553406298E+03
          37    0.2291948468E+03    0.1429209886E+03    0.1034937796E+04
          38    0.2065293248E+03    0.1326426384E+03   -0.1339570092E+03
          39    0.2137802397E+03    0.1338974496E+03   -0.1129840601E+03
          40    0.2031372797E+03    0.1426150811E+03   -0.1404069471E+03
          41    0.2312576895E+03    0.1409979446E+03    0.1075557695E+04
          42    0.2289495378E+03    0.1434453949E+03    0.1018500135E+04
          43    0.2349367524E+03    0.1489128240E+03   -0.2027157367E+03
          44    0.2854952907E+03    0.2240655713E+03   -0.7472315985E+02
          45    0.2309405563E+03    0.1413476937E+03    0.1072411320E+04
          46    0.2309511897E+03    0.1413667308E+03    0.1072390805E+04
          47    0.2309292416E+03    0.1413293519E+03   -0.1072373258E+04
          48    0.2341047590E+03    0.1449366925E+03   -0.1962973327E+03
          49    0.2287088440E+03    0.1891342347E+03    0.3050019772E+03
          50    0.2572203163E+03    0.1875564121E+03    0.2717289478E+03
          51    0.2310098570E+03    0.1358104879E+03    0.1799477510E+03
          52    0.2306650331E+03    0.1339992291E+03    0.1855868365E+03
          53    0.2306179647E+03    0.1417028402E+03   -0.1068640750E+04
          54    0.2323630252E+03    0.1409382482E+03    0.4085888841E+03
          55    0.2269422523E+03    0.1356996483E+03    0.6602954761E+03
          56    0.2891054932E+03    0.2290338925E+03   -0.1230875603E+03
          57    0.2312050373E+03    0.1333915781E+03    0.1859867951E+03
          58    0.2889154271E+03   -0.2113904757E+03    0.1181540073E+03
          59    0.2385253263E+03    0.1372423459E+03    0.2563661968E+03
          60    0.2362627861E+03    0.1417050791E+03   -0.1834759713E+03
          61    0.2318009294E+03    0.1406522093E+03    0.1061165615E+04
          62    0.2328517087E+03    0.1460682547E+03   -0.1908572161E+03
          63    0.2309411480E+03    0.1417928478E+03    0.1043765967E+04
          64    0.2868658430E+03    0.2123888027E+03   -0.1196097703E+03
          65    0.2322782075E+03    0.1400432893E+03    0.1074570132E+04
          66    0.2306495683E+03    0.1419450979E+03    0.1053417783E+04
          67    0.2306420943E+03    0.1419323066E+03    0.1053413704E+04
          68    0.2306343081E+03    0.1419198274E+03    0.1053382594E+04
          69    0.2332671614E+03    0.1457639651E+03    0.1920881469E+03
          70    0.2311883259E+03    0.1411609147E+03    0.5358744998E+03
          71    0.2825770149E+03    0.2133656560E+03   -0.1431385976E+03
          72    0.2335768467E+03    0.1365470572E+03    0.2570829721E+03
          73    0.2088601491E+03    0.1380771246E+03    0.2625727143E+03
          74    0.2873043346E+03    0.2056591850E+03   -0.1252594996E+03
          75    0.2394130144E+03    0.1315574683E+03   -0.1293154765E+04
          76    0.2403137215E+03    0.1426960541E+03   -0.1763807813E+04
          77    0.2310993664E+03    0.1413664583E+03    0.1065823478E+04
          78    0.2310918641E+03    0.1413534568E+03    0.1065824493E+04
          79    0.2310840293E+03    0.1413407907E+03    0.1065797427E+04
          80    0.2326020334E+03    0.1324722110E+03    0.1881200303E+03
          81    0.2590603434E+03    0.2056911332E+03    0.2820775136E+03
          82    0.2333257998E+03    0.1455196242E+03   -0.1901781687E+03
          83    0.2819863326E+03    0.2193308797E+03   -0.1133855963E+03
          84    0.2306957392E+03    0.1415294081E+03    0.1070046569E+04
          85    0.2113976144E+03    0.1311014294E+03   -0.1116714145E+03
          86    0.2329460237E+03    0.1316756810E+03    0.1911685527E+03
          87    0.2340482685E+03    0.1381749885E+03    0.2582016017E+03
          88    0.2359742795E+03    0.1437132193E+03   -0.1127464162E+03
          89    0.2863725613E+03   -0.2021094838E+03    0.1201628867E+03
          90    0.2556928367E+03   -0.1880472026E+03    0.2668125926E+03
          91    0.2343305553E+03    0.1440324396E+03    0.1919887768E+03
          92    0.2322990952E+03    0.1391352966E+03    0.2579187912E+03
          93    0.2582130155E+03    0.2030481434E+03    0.2798549376E+03
          94    0.2341205662E+03    0.1425215256E+03   -0.1859776106E+03
          95    0.2310233322E+03    0.1355405963E+03    0.2175993445E+03
          96    0.2311013859E+03    0.1415950034E+03    0.1050028148E+04
          97    0.2327253583E+03    0.1420621973E+03    0.9498367418E+03
          98    0.2400585796E+03    0.1366516837E+03    0.2556068709E+03
          99    0.2320950342E+03    0.1324241500E+03    0.1898269926E+03
         100    0.2320740833E+03    0.1323923658E+03    0.1898083851E+03
