Model_ID, [(c_i,i=0,n)_j,j=1,ntask]
           1    0.6051631958E+01   -0.4368221321E+02    0.9164545049E+03
           2    0.6065881286E+01   -0.4370842531E+02    0.9193081899E+03
           3    0.6180119131E+01   -0.4358546249E+02    0.9294246946E+03
           4    0.6124711881E+01   -0.4345547164E+02    0.9147564227E+03
           5    0.3228907200E+01    0.1868437904E+02    0.1949461751E+04
           6    0.2019968744E+02   -0.2403941888E+02    0.1896464925E+04
           7    0.1384640315E+02    0.1697649933E+02    0.1439452851E+03
           8    0.6139787643E+01   -0.1337933496E+02    0.8877530998E+03
           9    0.6158128574E+01   -0.1337584439E+02    0.8904818072E+03
          10    0.4074628595E+01    0.1201241444E+02    0.1738366737E+04
          11    0.1727417005E+02   -0.1877455239E+02    0.1259543169E+03
          12    0.1739130542E+02   -0.1912925878E+02   -0.1554141572E+03
          13    0.1730004191E+02   -0.1865461700E+02    0.1256171063E+03
          14    0.2777486683E+01    0.1310563988E+02    0.1360242573E+04
          15    0.5850307167E+01   -0.4493495039E+02    0.1081195991E+03
          16    0.5862812387E+01   -0.4498388160E+02    0.1086588774E+03
          17    0.2383236953E+01    0.1346184491E+02   -0.1411897915E+04
          18    0.1741752539E+02   -0.1900714240E+02   -0.1550060544E+03
          19    0.1405663468E+02    0.1673250202E+02    0.1594534221E+03
          20    0.4935070478E+01   -0.1680396186E+02    0.1286707957E+03
          21    0.3207926283E+01    0.1911664132E+02    0.2254853902E+04
          22    0.2297284250E+02   -0.2571991092E+02    0.4551703695E+03
          23    0.1351202415E+02    0.1562319564E+02   -0.2525902540E+03
          24    0.1964761787E+02    0.2318671714E+02    0.1951255643E+04
          25    0.2638481694E+02   -0.3083657943E+02    0.5238225307E+03
          26    0.6215924318E+01   -0.1333661307E+02    0.8938907269E+03
          27    0.3060228232E+01    0.2015145438E+02   -0.1375278764E+04
          28    0.2848727001E+01    0.1325582724E+02    0.1272407382E+04
          29    0.3522066485E+01    0.1274977142E+02    0.1358704473E+04
          30    0.2123970679E+02   -0.2531872094E+02    0.1307885728E+04
          31    0.3921187985E+01    0.1291212932E+02   -0.1233642425E+04
          32    0.2622157102E+02   -0.3039242823E+02    0.4179004388E+03
          33    0.2161816936E+02   -0.2452418235E+02    0.3161998227E+03
          34    0.2781788393E+01    0.1235167858E+02    0.1905947306E+04
          35    0.5962126866E+01   -0.4503074235E+02    0.1113244288E+03
          36    0.5903195896E+01   -0.4490836615E+02    0.1096736709E+03
          37    0.6442172526E+01   -0.4761128553E+02    0.1449763793E+03
          38    0.1915337577E+02   -0.1896927153E+02   -0.1371414072E+03
          39    0.2151538979E+02   -0.2562339469E+02    0.1227899921E+04
          40    0.2056724172E+02   -0.2462844426E+02    0.2204990633E+04
          41    0.1824905235E+02    0.1148857244E+02    0.1154658044E+03
          42    0.6459186136E+01   -0.4766152383E+02    0.1455835562E+03
          43    0.1357959866E+02    0.1562510597E+02   -0.2972998654E+03
          44    0.4849723115E+01   -0.9800087655E+01    0.1386401668E+03
          45    0.1379656154E+02    0.1696877732E+02    0.8760977358E+02
          46    0.1699583362E+02   -0.1821443041E+02    0.1310156500E+03
          47    0.2220292517E+02   -0.2636614360E+02    0.4005766399E+03
          48    0.4686326710E+01    0.1466589129E+02    0.1217163132E+03
          49    0.5982757594E+01   -0.1899385476E+02    0.8228412627E+03
          50    0.4309973819E+01    0.2873197787E+02    0.8206992681E+02
          51    0.1702180874E+02   -0.1810634748E+02    0.1309102724E+03
          52    0.6413857717E+01   -0.2013380470E+02    0.8473954317E+03
          53    0.4696220416E+01    0.7627022890E+01    0.1391260849E+03
          54    0.2666003035E+02   -0.3071401573E+02   -0.6444388834E+03
          55    0.4902759961E+01    0.1076038494E+02    0.1309836003E+03
          56    0.1676816638E+02   -0.1748049498E+02    0.3718999833E+03
          57    0.5185426320E+01   -0.1925779021E+02    0.1399040714E+03
          58    0.1996679305E+02   -0.2383779387E+02   -0.2128885003E+03
          59    0.1383073676E+02    0.1677987493E+02    0.8876502865E+02
          60    0.3125054864E+01    0.1929111997E+02    0.1462237146E+04
          61    0.6107750227E+01   -0.1902913066E+02    0.8474615329E+03
          62    0.5218594364E+01   -0.9649487746E+01    0.1405538321E+03
          63    0.2228714526E+02   -0.2643578748E+02    0.4036630193E+03
          64    0.1381265689E+02    0.1668696894E+02    0.8772362117E+02
          65    0.1462778515E+02    0.9321118648E+01   -0.2806557564E+03
          66    0.3159201688E+01    0.1925933722E+02    0.1458614668E+04
          67    0.4728132679E+01    0.1430580463E+02    0.1294307299E+03
          68    0.1378825995E+02    0.1671740004E+02    0.8794026416E+02
          69    0.4169578518E+01    0.2856721425E+02    0.7995426328E+02
          70    0.1858480379E+02   -0.2229857662E+02    0.3421161399E+03
          71    0.2667781420E+01    0.1269237032E+02    0.2249173017E+04
          72    0.3146297126E+01    0.1927698455E+02    0.1458201451E+04
          73    0.3817189908E+01   -0.3032369583E+02    0.8839689386E+02
          74    0.4688730638E+01   -0.2485025733E+02    0.8459069565E+03
          75    0.4243804691E+01    0.1226099002E+02    0.1289120729E+04
          76    0.4550161525E+01    0.1512251783E+02    0.8044110959E+02
          77    0.1374639967E+02    0.1675482699E+02    0.1038658865E+03
          78    0.6132807651E+01   -0.9525845136E+01    0.8525768507E+03
          79    0.4388769720E+01    0.2825017087E+02    0.7937762944E+02
          80    0.2515194780E+01    0.1284952560E+02    0.1484919707E+04
          81    0.1279991777E+02    0.1528951519E+02   -0.2327041523E+03
          82    0.1336125256E+02    0.1587195449E+02   -0.2516294836E+03
          83    0.5996628193E+01   -0.9491617395E+01    0.8231670215E+03
          84    0.4274798231E+01    0.1258572428E+02    0.1169250452E+04
          85    0.3134206048E+01    0.1929782686E+02    0.1456132174E+04
          86    0.6501136966E+01   -0.4776113969E+02    0.1485273366E+03
          87    0.7604273083E+01   -0.2728599444E+02    0.8254858265E+03
          88    0.4587664419E+01    0.2793367468E+02    0.7986568494E+02
          89    0.1991986748E+02   -0.2359009592E+02   -0.1748791985E+03
          90    0.3800820291E+01   -0.3028770145E+02    0.8779290237E+02
          91    0.2551535252E+01    0.1282748178E+02    0.1481010298E+04
          92    0.3167921485E+01    0.1926503418E+02    0.1453113734E+04
          93    0.6021217135E+01   -0.2070190143E+02    0.1200580557E+03
          94    0.4423308039E+01   -0.1881487446E+02    0.1268763601E+03
          95    0.3482549721E+01   -0.1677351250E+02    0.7863096667E+02
          96    0.4300750752E+01   -0.2812729312E+02    0.1187956986E+03
          97    0.4364528105E+01    0.2828429656E+02    0.7944492347E+02
          98    0.1405178824E+02    0.1698334583E+02    0.9120715594E+02
          99    0.6095006622E+01   -0.1262558231E+02    0.8209337617E+03
         100    0.3481881305E+01    0.1899752847E+02    0.1425778352E+04
