     Index              y_true              y_pred        descriptor_1        descriptor_2
         1    0.4537000000E+02    0.2983618028E+02   -0.1156810700E+01    0.0000000000E+00
         2    0.2817000000E+02    0.3479692721E+02   -0.1160949860E+01    0.2335141987E-01
         3    0.2045000000E+02    0.1930266425E+02   -0.1795682160E+01    0.3044469759E-01
         4    0.6383000000E+02    0.5692061796E+02    0.2259884700E+00   -0.4616575603E-01
         5    0.6056000000E+02    0.5479628183E+02   -0.2735436000E+00    0.5778426456E-02
         6    0.3007000000E+02    0.2406082987E+02   -0.8136588000E+00   -0.6899223765E-01
         7    0.3120000000E+02    0.2895546025E+02   -0.1352687100E+01    0.2014860456E-01
         8    0.9080000000E+02    0.8099859599E+02    0.3845763000E+00    0.4509659227E-01
         9    0.2551000000E+02    0.2691713839E+02   -0.1068687240E+01   -0.2432868858E-01
        10    0.2548000000E+02    0.1526163262E+02   -0.1699868740E+01    0.0000000000E+00
        11    0.6660000000E+02    0.6524419252E+02    0.2533793600E+00   -0.1122744000E-01
        12    0.3682000000E+02    0.4331314118E+02    0.6378876100E+00   -0.1597129685E+00
        13    0.1850000000E+02    0.2246998203E+02   -0.1431280500E+01    0.0000000000E+00
        14    0.5015000000E+02    0.4823720349E+02   -0.9865849000E+00    0.6368681462E-01
        15    0.1790000000E+02    0.3347293239E+02   -0.9115792000E+00   -0.1355803950E-01
        16    0.3200000000E+01    0.7306034487E+01   -0.1996300000E+01    0.0000000000E+00
        17    0.2622000000E+02    0.3543744346E+02   -0.1055540000E+01    0.1327542526E-01
        18    0.7737000000E+02    0.8149441696E+02    0.7680120400E+00    0.0000000000E+00
        19    0.4307000000E+02    0.4101179902E+02    0.3585979600E+00   -0.1357981060E+00
        20    0.6029000000E+02    0.4961802917E+02    0.9612216000E-01   -0.6374088864E-01
        21    0.1790000000E+02    0.2472162847E+02   -0.1019488840E+01   -0.4051634265E-01
        22    0.3187000000E+02    0.3033413250E+02   -0.1247938780E+01    0.1355292540E-01
        23    0.3615000000E+02    0.3385927084E+02   -0.1171500000E-03   -0.1244045276E+00
        24    0.5060000000E+01    0.5170283732E+01   -0.3487182600E+00   -0.2134175155E+00
        25    0.2681000000E+02    0.2413084074E+02   -0.1226353650E+01   -0.1767506169E-01
        26    0.8872000000E+02    0.7412242104E+02    0.5574744300E+00   -0.7926504894E-02
        27    0.2078000000E+02    0.2620829346E+02   -0.1263384000E+01   -0.3534510168E-02
        28    0.6524000000E+02    0.6476499654E+02    0.1559684400E+00   -0.1397097504E-02
        29    0.2796000000E+02    0.3005077072E+02   -0.1254956970E+01    0.1311549470E-01
        30    0.7420000000E+02    0.6495266133E+02    0.1598469000E+00   -0.1012306680E-02
        31    0.5301000000E+02    0.4448364180E+02   -0.5257495400E+00   -0.1053844207E-01
        32    0.2680000000E+02    0.3918431643E+02   -0.8084924800E+00    0.0000000000E+00
        33    0.7520000000E+02    0.6758714669E+02    0.5312815200E+00   -0.3477926925E-01
        34    0.5100000000E+02    0.5437515055E+02   -0.1916263800E+00   -0.6282660384E-02
        35    0.1845000000E+02    0.2118140101E+02   -0.1235803230E+01   -0.3008704684E-01
        36    0.4263000000E+02    0.5373535677E+02    0.6670741000E-01   -0.4114949731E-01
        37    0.2720000000E+02    0.2483026663E+02   -0.1382987640E+01    0.4899745296E-02
        38    0.6942000000E+02    0.8205976307E+02    0.8562529600E+00   -0.8300600000E-02
        39    0.4460000000E+02    0.3812735746E+02   -0.7559790600E+00   -0.1135523059E-01
        40    0.6900000000E+02    0.7686955150E+02    0.4930952600E+00    0.1267670527E-01
        41    0.5774000000E+02    0.5395493980E+02   -0.6641146000E-01   -0.2368961001E-01
        42    0.5646000000E+02    0.7360430552E+02    0.5269625600E+00   -0.6541766352E-02
