     Index              y_true              y_pred        descriptor_1        descriptor_2
         1    0.7737000000E+02    0.5981410299E+02   -0.9941000000E+00    0.1701537600E+00
         2    0.6942000000E+02    0.8659268109E+02   -0.9320442400E+00   -0.5394202920E-03
         3    0.2680000000E+02    0.2922222990E+02    0.8638137600E+00   -0.7890640758E-01
         4    0.6900000000E+02    0.7062355328E+02   -0.5294500200E+00    0.4447984800E-04
         5    0.4263000000E+02    0.5744981775E+02   -0.1955882000E+00    0.1252011460E-03
         6    0.3120000000E+02    0.2770249450E+02    0.5064804500E+00    0.1223715879E-01
         7    0.5015000000E+02    0.3953377029E+02    0.2537045500E+00    0.1329339600E-02
         8    0.8872000000E+02    0.7396505632E+02   -0.6492687500E+00    0.8112988200E-02
         9    0.6524000000E+02    0.6829625393E+02   -0.2656491200E+00   -0.4709606917E-01
        10    0.3682000000E+02    0.4741490880E+02   -0.7006717200E+00    0.1750194249E+00
        11    0.8285000000E+02    0.8576045391E+02   -0.6057286000E+00   -0.7080475928E-01
        12    0.6056000000E+02    0.5102398485E+02    0.1728993800E+00   -0.4717846518E-01
        13    0.4460000000E+02    0.4302951453E+02    0.2066176500E+00   -0.8247747905E-02
        14    0.6276000000E+02    0.5606237749E+02   -0.2543463500E+00    0.2175648010E-01
        15    0.5060000000E+01    0.1108439392E+02    0.2533058000E+00    0.1675861865E+00
        16    0.2817000000E+02    0.2254959490E+02    0.5767553800E+00    0.2615476500E-01
        17    0.5301000000E+02    0.5940802482E+02   -0.6930934000E-01   -0.4038475392E-01
        18    0.2551000000E+02    0.2607136819E+02    0.4970863000E+00    0.2392689453E-01
        19    0.5646000000E+02    0.6791137010E+02   -0.5808261200E+00    0.2771368522E-01
        20    0.3187000000E+02    0.2617432927E+02    0.4831453900E+00    0.2653507862E-01
        21    0.1845000000E+02    0.2022639090E+02    0.6979787400E+00    0.1181526826E-01
        22    0.2548000000E+02    0.1958475460E+02    0.7534647000E+00    0.2788613100E-02
        23    0.2078000000E+02    0.2841881127E+02    0.3838304200E+00    0.3629050102E-01
        24    0.5100000000E+02    0.5242972564E+02    0.1626360000E-02   -0.1595761291E-01
        25    0.2796000000E+02    0.2897112542E+02    0.4913299300E+00    0.8315466368E-02
        26    0.2720000000E+02    0.1719947756E+02    0.5664418500E+00    0.5977777711E-01
        27    0.2067000000E+02    0.2812762318E+02    0.5908604600E+00   -0.9672323934E-02
        28    0.3200000000E+01    0.1034445364E+02    0.1000000000E+01    0.0000000000E+00
        29    0.3615000000E+02    0.3789583579E+02   -0.5082628000E-01    0.8100680227E-01
        30    0.3007000000E+02    0.3117186378E+02    0.5150543900E+00   -0.1000041930E-01
        31    0.5774000000E+02    0.5340527004E+02   -0.3017865000E-01   -0.1433318022E-01
        32    0.1850000000E+02    0.2901485491E+02    0.5269837600E+00   -0.1483631370E-03
        33    0.9080000000E+02    0.8085714066E+02   -0.3891234300E+00   -0.9203385789E-01
        34    0.6029000000E+02    0.6118533450E+02   -0.2373461400E+00   -0.1207919420E-01
        35    0.6511000000E+02    0.5307705725E+02   -0.6089296000E-01   -0.5344964352E-02
