        Rank        RMSE       MaxAE  Feature_ID
           1    8.761360   27.844479  (     144   10179)
           2    8.974097   27.404274  (     244   10179)
           3    9.439941   28.183877  (     855   10179)
           4    9.441139   33.112736  (    1000   10736)
           5    9.450732   33.039060  (    1004   10736)
           6    9.460403   33.568919  (    1775   10736)
           7    9.493635   33.411644  (     895   10736)
           8    9.496104   33.089832  (    3111   10736)
           9    9.500362   30.974079  (    9919   10314)
          10    9.501058   31.026153  (    9996   10314)
          11    9.514409   28.295285  (     151   17691)
          12    9.524749   28.239249  (     157   17691)
          13    9.525979   32.928799  (    1543   10736)
          14    9.537084   30.115710  (     756   10028)
          15    9.553875   31.329818  (    5943   10314)
          16    9.558658   31.381601  (    6107   10314)
          17    9.565669   31.718471  (    5995   10283)
          18    9.589624   29.222619  (     244   19374)
          19    9.609556   23.974358  (    2691   10991)
          20    9.615582   35.390860  (    2906   10736)
          21    9.624491   35.349624  (    2334   10736)
          22    9.626379   31.661924  (    1249   10283)
          23    9.629229   29.195541  (     762   17691)
          24    9.629525   31.836150  (    6872   10202)
          25    9.633231   33.275320  (     756   10695)
          26    9.634235   31.206134  (    3476   10314)
          27    9.638740   32.384235  (    8890   10736)
          28    9.638799   28.503676  (     589   17691)
          29    9.639821   31.871320  (    6872   10164)
          30    9.641952   28.413748  (    1202   10179)
          31    9.642256   32.049567  (    5943   10736)
          32    9.644575   32.310680  (    8842   10736)
          33    9.645152   32.443153  (    1000   10283)
          34    9.646091   34.730901  (    2334   10283)
          35    9.649277   30.765356  (     311   10283)
          36    9.650789   31.451355  (    5943   10283)
          37    9.651563   29.495982  (     558   10283)
          38    9.651965   31.528367  (    5995   10314)
          39    9.653734   32.100283  (    6107   10736)
          40    9.655192   32.289169  (    1543   10283)
          41    9.657866   31.503529  (    6107   10283)
          42    9.658097   32.369571  (    1004   10283)
          43    9.660346   34.757373  (    2906   10283)
          44    9.662387   31.068755  (    9919   10283)
          45    9.665189   31.121219  (    9996   10283)
          46    9.669494   33.751958  (    2924   10736)
          47    9.669577   33.687045  (    3641   10736)
          48    9.670385   33.230802  (    8114   10283)
          49    9.672335   31.339531  (    5019   10314)
          50    9.677683   29.435608  (     629   10283)
          51    9.677758   28.713646  (     379   17691)
          52    9.678464   29.423227  (     756   10242)
          53    9.680005   31.339294  (    3476   10283)
          54    9.682734   35.606046  (    3950   10736)
          55    9.684758   29.037087  (    4025   10283)
          56    9.684876   30.540373  (    2543   10283)
          57    9.685187   32.432178  (    4843   10736)
          58    9.685395   31.961397  (    2429   10736)
          59    9.685945   33.615226  (    3784   10736)
          60    9.692729   25.519939  (    2268   17691)
          61    9.694244   31.674156  (    4843   10314)
          62    9.695491   35.220424  (    1717   10736)
          63    9.695825   32.841266  (    7822   10736)
          64    9.696005   32.158049  (    5245   10736)
          65    9.697487   30.589496  (    2671   10283)
          66    9.700126   34.983286  (    3950   10283)
          67    9.701312   33.351171  (    5151   10736)
          68    9.701704   32.407917  (    3111   10283)
          69    9.701925   25.466045  (    2370   17691)
          70    9.704237   26.716781  (     208     431)
          71    9.705277   32.768540  (    7891   10736)
          72    9.707319   32.090139  (    6755   10736)
          73    9.707609   29.122052  (     322   17691)
          74    9.707876   33.049493  (    9899   10283)
          75    9.708883   29.210523  (     179    1442)
          76    9.708973   24.005939  (    4817   10991)
          77    9.710896   31.047653  (     179    9413)
          78    9.712019   32.784578  (    1000   10903)
          79    9.715106   31.477840  (    5019   10283)
          80    9.715974   30.726862  (    6363   10283)
          81    9.716155   30.914575  (    9173   10283)
          82    9.718435   29.641258  (     144   19374)
          83    9.723439   29.333606  (     745   10283)
          84    9.724686   29.573078  (     199   10283)
          85    9.724917   32.897361  (    4483   10736)
          86    9.725483   32.711309  (    1004   10903)
          87    9.726365   31.812050  (    1587   10283)
          88    9.726632   32.940610  (    9870   10736)
          89    9.727607   31.555481  (    5245   10283)
          90    9.728672   32.487277  (    4845   10736)
          91    9.731015   31.583694  (    4432   10736)
          92    9.731129   28.191917  (     532   17691)
          93    9.734750   29.849288  (    9661   10202)
          94    9.735630   32.804624  (    5167   10736)
          95    9.736428   33.010256  (     756   19967)
          96    9.737304   29.200461  (     179    3031)
          97    9.737726   32.029689  (    7798   10736)
          98    9.738352   32.643569  (    8091   10283)
          99    9.740207   29.157550  (     762   13223)
         100    9.740530   29.881272  (    1304   10283)
