        Rank        RMSE       MaxAE  Feature_ID
           1   27.058648   60.152991  (    5278   10036)
           2   27.224620   60.126070  (    4755   10036)
           3   27.239814   72.771418  (    5278   10259)
           4   27.313931   62.614033  (      35   10036)
           5   27.470691   73.177327  (    4755   10259)
           6   27.605243   66.374703  (    5278   10007)
           7   27.632153   79.138904  (    5278   18651)
           8   27.701434   63.481048  (    5278   17219)
           9   27.748894   62.883384  (    5278   18893)
          10   27.784926   66.309400  (    4755   10007)
          11   27.787638   62.990458  (    4755   17219)
          12   27.820840   62.834136  (    4755   18893)
          13   27.896473   79.569154  (    4755   18651)
          14   27.938045   73.571783  (    5278   14379)
          15   27.976335   87.084192  (      16   13795)
          16   28.014896   60.123831  (       3   10001)
          17   28.027317   68.397639  (    5278   13865)
          18   28.041495   73.001638  (    4755   14379)
          19   28.112996   86.653602  (      15   13795)
          20   28.114157   67.891083  (    4755   13865)
          21   28.118894   75.766960  (    5278   15199)
          22   28.195467   64.866083  (    5278   19573)
          23   28.203888   60.672153  (      35   10242)
          24   28.229224   75.161313  (    4755   15199)
          25   28.260073   65.149613  (    4755   19573)
          26   28.262019   63.093432  (    8216   15809)
          27   28.263837   62.559821  (    8216   17264)
          28   28.296728   62.736082  (    8216   17294)
          29   28.299668   71.573535  (    5278   15623)
          30   28.325699   63.251040  (    9262   15809)
          31   28.332223   63.262101  (    9376   15809)
          32   28.332272   62.715992  (    9262   17264)
          33   28.338991   63.273056  (    9487   15809)
          34   28.339127   62.726933  (    9376   17264)
          35   28.343644   63.619692  (    8216   15226)
          36   28.343886   63.625440  (    8216   15192)
          37   28.346223   62.737767  (    9487   17264)
          38   28.360140   64.796799  (    1881   14773)
          39   28.363238   62.892368  (    9262   17294)
          40   28.369562   63.554985  (      35   13575)
          41   28.369952   62.903321  (    9376   17294)
          42   28.375075   63.356885  (    8216   17332)
          43   28.376907   62.914167  (    9487   17294)
          44   28.402057   62.740820  (    8216   13364)
          45   28.403715   75.138351  (    1881   10259)
          46   28.406031   62.557861  (      35   14913)
          47   28.406044   63.777897  (    9262   15226)
          48   28.406275   63.783655  (    9262   15192)
          49   28.408015   62.742139  (    8216   13354)
          50   28.412459   63.789002  (    9376   15226)
          51   28.412690   63.794761  (    9376   15192)
          52   28.412742   70.956238  (    4755   15623)
          53   28.419117   63.800001  (    9487   15226)
          54   28.419347   63.805762  (    9487   15192)
          55   28.438239   63.514618  (    9262   17332)
          56   28.438764   62.134857  (       3   10002)
          57   28.444714   63.525687  (    9376   17332)
          58   28.451430   63.536652  (    9487   17332)
          59   28.469714   62.899360  (    9262   13364)
          60   28.475729   62.900700  (    9262   13354)
          61   28.476548   62.910494  (    9376   13364)
          62   28.482567   62.911836  (    9376   13354)
          63   28.483627   62.921525  (    9487   13364)
          64   28.489650   62.922868  (    9487   13354)
          65   28.551393   63.688075  (    8216   19410)
          66   28.551583   74.760335  (    1806   11052)
          67   28.578923   64.108277  (    8216   17928)
          68   28.584435   72.354615  (    5278   16949)
          69   28.598105   63.929958  (    8216   16187)
          70   28.614309   63.846095  (    9262   19410)
          71   28.620750   63.857185  (    9376   19410)
          72   28.627432   63.868170  (    9487   19410)
          73   28.639281   64.267812  (    9262   17928)
          74   28.645549   64.279025  (    9376   17928)
          75   28.652061   64.290134  (    9487   17928)
          76   28.664198   64.088989  (    9262   16187)
          77   28.670863   64.100151  (    9376   16187)
          78   28.677767   64.111208  (    9487   16187)
          79   28.682491   78.253286  (    1806   10317)
          80   28.697956   73.916746  (     762   11795)
          81   28.699834   71.702777  (    4755   16949)
          82   28.708536   68.346268  (       3   10007)
          83   28.730588   70.748636  (     762   14983)
          84   28.737439   73.917465  (     713   11795)
          85   28.748313   73.572474  (     762   12355)
          86   28.752001   87.586348  (       3   10034)
          87   28.759128   65.213912  (    9112   17264)
          88   28.769743   73.080529  (    4755   17473)
          89   28.773980   70.756157  (     713   14983)
          90   28.775843   60.840277  (    5280   13364)
          91   28.777672   60.844082  (    5280   13354)
          92   28.788533   73.573617  (     713   12355)
          93   28.800806   63.742710  (     879   15356)
          94   28.820575   72.911448  (    5278   17473)
          95   28.821889   71.775294  (      35   10007)
          96   28.837598   83.469131  (      35   10499)
          97   28.854663   75.297514  (     762   10710)
          98   28.864461   62.894249  (      35   17878)
          99   28.867883   65.419334  (    9112   17294)
         100   28.886161   64.579137  (    8216   19312)
