        Rank        RMSE       MaxAE  Feature_ID
           1    3.760741    8.966989  (    4112   12755)
           2    3.776827    9.420814  (     968   12755)
           3    3.781439    9.122406  (    6566   12755)
           4    3.786033    9.388868  (    1332   12755)
           5    3.794655   10.479220  (    1074   18179)
           6    3.806415   10.113447  (     166   10209)
           7    3.812362    9.386992  (    2114   12755)
           8    3.847140   10.326022  (     218   10209)
           9    3.847910   10.623532  (    5309   10286)
          10    3.849135    8.957388  (    8407   12755)
          11    3.853965    9.855408  (      10   10086)
          12    3.858933   10.051923  (     344   10209)
          13    3.886753    9.900093  (     497   18179)
          14    3.896217   10.847427  (    5309   10157)
          15    3.902456   10.066071  (     584   10209)
          16    3.904323   14.116677  (    6949   10002)
          17    3.907622   10.063831  (     500   10209)
          18    3.907721   10.042852  (     499   10209)
          19    3.918789   11.266092  (    5309   10570)
          20    3.920274   10.135502  (     444   10209)
          21    3.920382   10.886652  (    5309   11045)
          22    3.921780   10.077453  (     464   10209)
          23    3.923257   10.334689  (      10   10157)
          24    3.924063   12.385195  (    2319   10209)
          25    3.924512   10.449577  (      10   10286)
          26    3.927848    9.361986  (    4359   12755)
          27    3.932171   10.057380  (     835   10209)
          28    3.937171   10.217838  (     476   10209)
          29    3.944271    9.285445  (    6247   12755)
          30    3.951370    8.999216  (     186   10286)
          31    3.951482    8.669069  (      10   10096)
          32    3.951988    8.616434  (      10   10387)
          33    3.952152   11.396809  (     118   10157)
          34    3.958593    9.806959  (    2070   12755)
          35    3.962468    8.312991  (     148   12368)
          36    3.963285   10.899596  (     440   12755)
          37    3.963865    9.836143  (    2054   12755)
          38    3.964097    8.317511  (     147   12368)
          39    3.964378   11.404754  (     118   10086)
          40    3.967003   11.456926  (     780   15630)
          41    3.967921    9.988899  (    5287   18179)
          42    3.969180   11.282704  (     118   10286)
          43    3.969203   11.570727  (    8129   10003)
          44    3.969799    8.396508  (      10   10060)
          45    3.969881    8.254691  (      10   11795)
          46    3.970635   10.634807  (    9573   18179)
          47    3.971185   12.032916  (     273   10387)
          48    3.971415    9.228681  (    9408   12755)
          49    3.974401   10.904936  (     247   12755)
          50    3.976048   10.634694  (     166   10701)
          51    3.977238   10.609428  (    9189   18179)
          52    3.978076    8.747674  (      10   10965)
          53    3.978443   10.116238  (     950   10209)
          54    3.979305    9.987293  (    6140   18179)
          55    3.980588   10.945292  (    1904   10209)
          56    3.985779   10.223520  (    1156   10209)
          57    3.985796   10.800424  (     646   12755)
          58    3.990274   11.269325  (     166   13299)
          59    3.990941   11.147731  (     325   15630)
          60    3.991317   11.127316  (     218   13549)
          61    3.991729   11.146773  (     330   15630)
          62    3.994425   10.482968  (     166   13549)
          63    3.995179    9.867264  (      10   11022)
          64    3.996650   11.779193  (    8129   10002)
          65    3.999839   11.357559  (     273   11022)
          66    4.000406    8.952061  (    1960   10975)
          67    4.001206   11.695338  (    5309   11155)
          68    4.001483    9.055128  (     147   13700)
          69    4.001674    9.338708  (    1074   10060)
          70    4.001700    9.051212  (     148   13700)
          71    4.001718   12.996208  (    4762   10286)
          72    4.002627   12.175731  (      21   12755)
          73    4.002657   10.057203  (    2433   10286)
          74    4.003247   10.844802  (     301   12755)
          75    4.003702    9.752696  (      10   10303)
          76    4.003791   11.933503  (    6988   10286)
          77    4.004055   10.814987  (    1055   12755)
          78    4.004642   13.380044  (     273   10002)
          79    4.005344   10.908841  (     664   12755)
          80    4.005643   11.467311  (     147   10209)
          81    4.006192   11.449774  (     148   10209)
          82    4.006355    9.877439  (      10   16275)
          83    4.008548   11.419759  (    5309   11022)
          84    4.010591   10.407250  (       2   10003)
          85    4.010962    9.985999  (      10   12200)
          86    4.011439   10.084203  (      10   10445)
          87    4.012744   10.775785  (    1200   12755)
          88    4.013022    9.501695  (     147   10653)
          89    4.013492    9.497865  (     148   10653)
          90    4.014047   11.805520  (     118   10570)
          91    4.014462   10.000098  (      10   11708)
          92    4.016859   11.340613  (     273   10570)
          93    4.016899    7.788282  (      10   10088)
          94    4.017878   11.066331  (      20   10209)
          95    4.018935   10.505585  (    1275   10209)
          96    4.019461   11.480201  (      33   18179)
          97    4.022767   10.148129  (      10   10486)
          98    4.022836    9.949909  (      10   10741)
          99    4.023808   10.994393  (     258   12755)
         100    4.023920   10.960085  (    1763   10209)
