        Rank        RMSE       MaxAE  Feature_ID
           1    9.312060   33.179127  (    3877   10279)
           2    9.362793   35.837666  (    3435   10173)
           3    9.367245   33.276020  (    3527   10279)
           4    9.394210   33.710551  (    1437   11054)
           5    9.396626   33.498217  (     683   11054)
           6    9.398841   33.676978  (    1433   11054)
           7    9.399496   33.939476  (    6790   12675)
           8    9.404602   33.239652  (    3877   10228)
           9    9.423302   33.385538  (    3877   10468)
          10    9.423354   33.192246  (     683   10869)
          11    9.433665   33.955976  (    1383   11054)
          12    9.433794   33.414142  (     960   11054)
          13    9.436914   35.921268  (    3435   10261)
          14    9.439147   33.915184  (    1375   11054)
          15    9.439990   35.776251  (    3435   12675)
          16    9.440095   33.595279  (    1996   11054)
          17    9.440496   33.587259  (    1983   11054)
          18    9.441364   35.920677  (    3435   10228)
          19    9.454687   33.106939  (     960   10869)
          20    9.456039   33.336501  (    3527   10228)
          21    9.464751   35.643475  (    6141   10173)
          22    9.466176   33.480463  (    3527   10468)
          23    9.476017   33.385374  (    1437   10869)
          24    9.482861   33.350360  (    1433   10869)
          25    9.488139   30.570225  (    5390   11054)
          26    9.494847   30.415613  (    5903   11054)
          27    9.495606   33.701866  (    3877   11485)
          28    9.498949   32.937215  (    3877   10304)
          29    9.501039   33.957255  (    1465   11054)
          30    9.503262   33.328285  (    3877   10323)
          31    9.504574   34.521055  (    2287   11054)
          32    9.510540   36.004389  (    3435   10323)
          33    9.514920   35.577624  (    6141   12675)
          34    9.518011   33.473615  (    3877   10617)
          35    9.519012   33.267379  (    1996   10869)
          36    9.519120   33.664599  (    1465   10869)
          37    9.519917   33.259025  (    1983   10869)
          38    9.522939   33.998386  (    1833   11054)
          39    9.524580   34.174135  (    3370   11054)
          40    9.527884   33.906549  (     809   11054)
          41    9.532345   33.631612  (    1383   10869)
          42    9.533200   33.865936  (     803   11054)
          43    9.533810   26.696444  (    3006   16461)
          44    9.535462   33.103741  (    3877   10173)
          45    9.540425   33.589083  (    1375   10869)
          46    9.542515   35.727292  (    6141   10261)
          47    9.546945   35.806790  (    4096   10971)
          48    9.547905   33.834116  (    2030   11054)
          49    9.549092   34.066153  (    3380   11054)
          50    9.550601   33.702271  (    1833   10869)
          51    9.550784   33.424256  (    3527   10323)
          52    9.551153   33.796062  (    3527   11485)
          53    9.554451   34.146925  (    2932   11054)
          54    9.554473   35.727597  (    6141   10228)
          55    9.554552   33.036098  (    3527   10304)
          56    9.557126   34.186101  (    6790   10228)
          57    9.557187   33.567804  (    3527   10617)
          58    9.562466   34.037728  (    3336   11054)
          59    9.563203   33.538419  (    2030   10869)
          60    9.564445   33.895118  (    2948   11054)
          61    9.565166   33.976019  (    1698   11054)
          62    9.565452   36.217515  (    6141   11170)
          63    9.566413   34.066833  (    6790   10173)
          64    9.566439   34.024171  (    3426   11054)
          65    9.567973   33.808480  (    1854   11054)
          66    9.568012   30.044593  (    2847   11054)
          67    9.568391   33.864218  (    1895   11054)
          68    9.570735   33.607797  (     809   10869)
          69    9.571836   33.850364  (    1957   11054)
          70    9.575790   35.815632  (    3435   10279)
          71    9.576271   33.833448  (    2027   11054)
          72    9.577436   34.079142  (    4324   11054)
          73    9.578708   33.565370  (     803   10869)
          74    9.581461   33.514042  (    1854   10869)
          75    9.581706   33.892161  (    2087   11054)
          76    9.582203   33.570992  (    1895   10869)
          77    9.584958   33.556950  (    1957   10869)
          78    9.585553   33.683981  (    1698   10869)
          79    9.586605   33.454876  (    1513   10869)
          80    9.588760   33.539712  (    2027   10869)
          81    9.590657   33.583624  (    1314   10869)
          82    9.592080   33.202311  (    3527   10173)
          83    9.593015   34.253494  (    3161   11054)
          84    9.594071   34.265390  (    3017   11054)
          85    9.594770   33.599671  (    2087   10869)
          86    9.598374   34.469285  (    1442   11054)
          87    9.599465   33.907048  (    4619   11054)
          88    9.599828   34.306483  (    3920   11054)
          89    9.600933   33.730797  (    2578   11054)
          90    9.601933   36.718495  (    1100   11054)
          91    9.602123   34.748410  (    6860   11054)
          92    9.603105   29.642162  (    2847   10869)
          93    9.603552   32.555277  (    1806   10869)
          94    9.603836   33.862882  (    1314   11054)
          95    9.604764   35.424870  (    3435   10079)
          96    9.605100   34.276867  (    6790   10323)
          97    9.607668   33.735475  (    1513   11054)
          98    9.608817   36.676517  (     792   11054)
          99    9.609543   34.205881  (    2287   10869)
         100    9.609705   34.085634  (    1889   11054)
