        Rank        RMSE       MaxAE  Feature_ID
           1   30.412060   79.962475  (      97   10504)
           2   30.687937   94.105150  (      26   18354)
           3   30.837430   92.127336  (     728   15516)
           4   30.837833   84.975091  (     340   12954)
           5   30.877184   79.673422  (    2188   10504)
           6   30.889662   77.432072  (      21   12817)
           7   30.925300   90.416183  (     731   10504)
           8   30.932036   65.704661  (      12   10504)
           9   30.973082   78.786485  (      26   19334)
          10   30.984469   93.789919  (      26   19612)
          11   30.994453   90.186287  (     731   12143)
          12   30.998708   92.827852  (     731   12426)
          13   31.015547   81.638978  (      97   10176)
          14   31.038007   90.993519  (     731   16104)
          15   31.063565   75.701572  (     253   19643)
          16   31.068078   79.223928  (      97   10129)
          17   31.076046   93.320611  (     168   11418)
          18   31.101569   92.027444  (     731   10176)
          19   31.112442   81.177815  (      97   12954)
          20   31.126478   89.052356  (    3862   12426)
          21   31.161552   79.496529  (    2188   12954)
          22   31.163211   67.272300  (      46   10815)
          23   31.174435   83.701268  (       9   12817)
          24   31.180594   88.329874  (     294   15516)
          25   31.200984   77.268775  (    2188   10129)
          26   31.241925   57.332121  (     152   10504)
          27   31.244914   68.407593  (      12   10001)
          28   31.248003   92.371503  (      26   14334)
          29   31.270268   82.705191  (     340   15516)
          30   31.288943   82.199592  (      97   12426)
          31   31.293662   99.744906  (      26   11418)
          32   31.295229   77.739917  (    1338   19643)
          33   31.296436   91.676697  (      26   16678)
          34   31.314688   80.599049  (    2188   12426)
          35   31.332764   78.474697  (    2188   10240)
          36   31.337320   82.430469  (      97   13748)
          37   31.358764   90.225750  (     731   15488)
          38   31.369932   94.640709  (      26   15457)
          39   31.370535   94.609237  (      26   18228)
          40   31.383872   63.828401  (      16   12817)
          41   31.395958   63.265031  (      60   10504)
          42   31.400913   62.938781  (      29   10504)
          43   31.403992   80.540753  (      21   11620)
          44   31.425166   96.120217  (      26   18883)
          45   31.433490   66.352827  (      16   13946)
          46   31.437350   80.028038  (    2188   10176)
          47   31.441140   95.685508  (      26   17698)
          48   31.451958   87.955623  (    1338   14117)
          49   31.464975   86.540691  (    3862   10504)
          50   31.472147   83.354283  (     465   10504)
          51   31.496276   88.298045  (    3862   10176)
          52   31.502198   64.295868  (     157   19612)
          53   31.507551   78.218789  (      97   11532)
          54   31.508416   83.248040  (      21   18354)
          55   31.515575   80.481312  (      97   10226)
          56   31.520246   87.676745  (    3862   12954)
          57   31.528102   78.779819  (      97   10014)
          58   31.528128   90.194521  (     731   16313)
          59   31.533731   80.877164  (      21   12208)
          60   31.551236   78.313867  (    2188   10175)
          61   31.568396   78.302511  (    2188   10173)
          62   31.580169   78.780585  (      97   10017)
          63   31.583282   83.321542  (      47   18176)
          64   31.590440   79.338854  (      21   11457)
          65   31.602794   93.326180  (      26   17019)
          66   31.626185   70.802750  (     157   13946)
          67   31.637914   71.370147  (      12   10078)
          68   31.638073   80.428884  (     343   18176)
          69   31.641277   85.599996  (    3862   10129)
          70   31.644987   65.381381  (    5256   12707)
          71   31.655193   89.549202  (     731   10129)
          72   31.662943   91.511130  (     168   14034)
          73   31.678761   95.431996  (      26   19628)
          74   31.683728   68.272955  (      12   10815)
          75   31.696154   61.709074  (      12   11620)
          76   31.701988   65.660046  (      12   16999)
          77   31.703110   65.178393  (      12   10129)
          78   31.714417   90.452205  (     731   11581)
          79   31.717217   93.276017  (      26   17291)
          80   31.720570   84.246729  (      21   17172)
          81   31.721737   66.238842  (      46   15516)
          82   31.722586   96.990473  (      26   14099)
          83   31.728430   83.091971  (      97   10344)
          84   31.729589   68.088853  (      12   11503)
          85   31.733611   85.434767  (       6   12817)
          86   31.739787   75.219668  (      46   11503)
          87   31.742538   67.070221  (    5256   12954)
          88   31.743324   86.370057  (     731   16663)
          89   31.746307   63.802734  (      12   10266)
          90   31.749180   72.404820  (      46   16040)
          91   31.750456   80.768432  (    2188   11335)
          92   31.751681   95.991226  (      26   18935)
          93   31.753960   81.011810  (     340   12128)
          94   31.768374   73.056385  (       9   16545)
          95   31.769228   79.095017  (      97   11509)
          96   31.770432   89.388033  (     731   11509)
          97   31.772675   67.152626  (      12   12954)
          98   31.780989   81.441002  (      21   14334)
          99   31.783208   78.917160  (     343   17467)
         100   31.785142   98.043187  (      26   14034)
