Model_ID, [(c_i,i=0,n)_j,j=1,ntask]
           1    0.2889020548E+03    0.2695408767E+03   -0.1816800345E+03
           2    0.2893566170E+03    0.2815289531E+03   -0.1755399901E+03
           3    0.2169739388E+03    0.9216538637E+02   -0.1571731637E+03
           4    0.1737026481E+03    0.7616912109E+02   -0.7478372767E+02
           5    0.2959817968E+03    0.2788825111E+03   -0.1600823208E+03
           6    0.2807873704E+03    0.2526139457E+03   -0.2060886206E+03
           7    0.2862846221E+03    0.2726878410E+03   -0.1626389554E+03
           8    0.1542483140E+03    0.9580396741E+02   -0.1041643091E+04
           9    0.2314845795E+03    0.2041156427E+03    0.2220371435E+03
          10    0.2815296412E+03    0.2549336775E+03   -0.1963701533E+03
          11    0.1012069610E+03    0.9225026745E+02   -0.1614271035E+03
          12    0.2810936838E+03    0.2535442123E+03   -0.2015345554E+03
          13    0.3554144380E+03   -0.3232023594E+03   -0.6112824344E+03
          14    0.3546480299E+03   -0.3223891634E+03   -0.6262669504E+03
          15    0.2227698282E+03    0.7477631649E+02    0.1323696275E+03
          16    0.2836791616E+03   -0.2554932895E+03    0.2070072450E+03
          17    0.3538348629E+03   -0.3206075240E+03   -0.6635130311E+03
          18    0.3550678256E+03   -0.3330865173E+03   -0.3209501223E+03
          19    0.2206959986E+03    0.7575352950E+02   -0.1273500945E+03
          20    0.1194102721E+03    0.7661796516E+02    0.2195608811E+03
          21    0.2991967445E+03    0.2839369638E+03   -0.1636817432E+03
          22    0.2858789576E+03    0.2497608597E+03   -0.2895938806E+03
          23    0.3531131000E+03   -0.3370947935E+03   -0.2451065909E+03
          24    0.3557458372E+03   -0.3240154577E+03   -0.5901885288E+03
          25    0.2874397497E+03    0.2576174844E+03   -0.1640738185E+03
          26    0.2546654403E+03    0.7544698225E+02   -0.8590133834E+02
          27    0.3558209231E+03    0.3264490936E+03   -0.1575980509E+03
          28    0.3550746476E+03   -0.3218911591E+03   -0.6219427380E+03
          29    0.3552903250E+03   -0.3253741707E+03    0.6181160595E+03
          30    0.2324300499E+03    0.2021686180E+03    0.2192280401E+03
          31    0.1217205906E+03    0.9019886791E+02   -0.1862227581E+03
          32    0.2822540019E+03   -0.2537866518E+03    0.2188715824E+03
          33    0.2228510154E+03    0.7359058979E+02    0.1286623505E+03
          34    0.2547350004E+03    0.7530016050E+02   -0.8595268242E+02
          35    0.2134548600E+03    0.8786469184E+02   -0.2807955016E+03
          36    0.2125615700E+03    0.8783265527E+02   -0.1688942857E+03
          37    0.2220679181E+03    0.7579903082E+02    0.1251565980E+03
          38    0.2855162699E+03    0.2730413824E+03   -0.1689099912E+03
          39    0.1687854486E+03    0.1112185935E+03    0.1608512048E+04
          40    0.1204335988E+03    0.1003072248E+03   -0.1668727826E+03
          41    0.3540339010E+03   -0.3220849655E+03    0.6563222713E+03
          42    0.2866352703E+03    0.2576190091E+03   -0.1642570672E+03
          43    0.3546554591E+03   -0.3236615937E+03   -0.6460733652E+03
          44    0.3553571569E+03   -0.3258616732E+03   -0.6083703540E+03
          45    0.1488787576E+03    0.9912652497E+02   -0.8788925748E+03
          46    0.2764460486E+03    0.2383854326E+03   -0.3605768399E+03
          47    0.2169368997E+03    0.7583656633E+02    0.1273025509E+03
          48    0.2846358835E+03    0.2717579676E+03   -0.1679717258E+03
          49    0.3537805256E+03   -0.3214799031E+03   -0.6554547585E+03
          50    0.3547771503E+03   -0.3244551578E+03    0.6158848505E+03
          51    0.2225561385E+03    0.7491527933E+02    0.1264017685E+03
          52    0.2856140416E+03    0.2501929470E+03   -0.2870047341E+03
          53    0.2825016360E+03    0.2467536074E+03   -0.1923816440E+03
          54    0.3545378110E+03   -0.3238899912E+03   -0.6149277966E+03
          55    0.2933868050E+03   -0.2689931905E+03   -0.1528356233E+03
          56    0.3541336321E+03   -0.3199395252E+03    0.6653780223E+03
          57    0.2834196315E+03    0.2533153192E+03   -0.2597322483E+03
          58    0.2868032181E+03    0.2741768135E+03   -0.1289494029E+03
          59    0.2787397277E+03    0.2297300358E+03   -0.6957216884E+03
          60    0.2822186719E+03   -0.8354640696E+02    0.2232469430E+03
          61    0.2822780810E+03    0.2552543949E+03   -0.2641719857E+03
          62    0.3537686341E+03   -0.3216708316E+03   -0.6533738338E+03
          63    0.2731807969E+03    0.2415980250E+03   -0.2756646651E+03
          64    0.1217764336E+03   -0.9035189594E+02    0.1951431010E+03
          65    0.2822278772E+03    0.2554056044E+03   -0.2670778664E+03
          66    0.3545244538E+03   -0.3240614664E+03   -0.6131133526E+03
          67    0.3509796319E+03   -0.3178831870E+03    0.7604317498E+03
          68    0.3534814528E+03    0.3301005022E+03   -0.2039703244E+03
          69    0.2554358867E+03    0.7422396743E+02   -0.8664513453E+02
          70    0.3543232899E+03   -0.3337706204E+03   -0.1063378645E+04
          71    0.2392627631E+03    0.7060393930E+02    0.2047862444E+03
          72    0.3537565286E+03   -0.3218652016E+03   -0.6511536888E+03
          73    0.3496457874E+03    0.3102616110E+03   -0.4955777994E+03
          74    0.2169402252E+03    0.7573816676E+02    0.1274449121E+03
          75    0.2851402935E+03    0.2688321136E+03   -0.1675212299E+03
          76    0.1761911258E+03    0.7595881781E+02    0.2178073590E+03
          77    0.3545107638E+03   -0.3242355476E+03   -0.6111833217E+03
          78    0.3535521413E+03    0.3261368460E+03   -0.2298983020E+03
          79    0.1343255687E+03    0.9101818948E+02   -0.2583090209E+03
          80    0.2851232916E+03    0.2492190753E+03   -0.2929408182E+03
          81    0.2856658174E+03    0.2530256829E+03   -0.2829363051E+03
          82    0.3535037173E+03   -0.3213024202E+03   -0.6491168385E+03
          83    0.2842001572E+03    0.2546979002E+03   -0.2141595850E+03
          84    0.2530606504E+03   -0.6565559633E+02   -0.1828128677E+03
          85    0.2269587834E+03    0.7301069124E+02   -0.1321940854E+03
          86    0.2806679102E+03    0.2511175519E+03   -0.3068420473E+03
          87    0.3542708393E+03   -0.3237040736E+03   -0.6092592960E+03
          88    0.3506565084E+03    0.3233230817E+03   -0.2278658304E+03
          89    0.2850548273E+03    0.2492902582E+03   -0.2926149917E+03
          90    0.3541457351E+03    0.3263002045E+03   -0.2179452887E+03
          91    0.1764132338E+03    0.7565576163E+02    0.7197158956E+02
          92    0.2120476931E+03    0.8617367582E+02   -0.1254998895E+03
          93    0.2770016228E+03    0.2339552835E+03   -0.6200906966E+03
          94    0.2787104810E+03    0.2321189358E+03    0.6906144738E+03
          95    0.2809950907E+03    0.2511919630E+03    0.1931936906E+03
          96    0.2853406845E+03    0.2593621846E+03   -0.1052391680E+03
          97    0.2820397277E+03    0.2557134991E+03   -0.2620463463E+03
          98    0.2561313234E+03    0.7464668662E+02    0.7731990430E+02
          99    0.3154912466E+03    0.2863390754E+03    0.4238593140E+03
         100    0.3539231652E+03    0.3254404497E+03   -0.1549958181E+03
