        Rank        RMSE       MaxAE  Feature_ID
           1   29.910124   88.264659  (       1   10040)
           2   29.945836   93.557241  (      32   18275)
           3   29.962445   92.693875  (      32   11856)
           4   30.116964   92.988346  (      32   13544)
           5   30.127016  101.063185  (      55   11371)
           6   30.169825   87.006846  (       1   10612)
           7   30.183744  100.285387  (      55   10263)
           8   30.246348   93.562542  (      32   14706)
           9   30.256393   90.361072  (      32   10902)
          10   30.277008   84.539548  (       1   11856)
          11   30.301272   82.577957  (       1   10902)
          12   30.338109   90.947170  (      32   14064)
          13   30.384138   85.168270  (       1   18275)
          14   30.404189   90.530511  (      32   13908)
          15   30.451592   84.775290  (       1   13544)
          16   30.461185   92.552693  (      32   12898)
          17   30.466352   83.012047  (       1   14064)
          18   30.492541   82.654578  (       1   13908)
          19   30.527859   93.071257  (      32   10263)
          20   30.532727  102.947423  (      55   16288)
          21   30.544684   87.012494  (       1   10313)
          22   30.673694   93.658599  (      32   11371)
          23   30.683136   88.839801  (       1   11436)
          24   30.696723   84.474158  (       1   12898)
          25   30.703385   95.632652  (      32   16288)
          26   30.726878  104.043167  (       1   10023)
          27   30.736694   85.122843  (       1   10263)
          28   30.739778   85.237585  (       1   14706)
          29   30.761689   87.099113  (       1   10183)
          30   30.767483   87.068427  (       1   10172)
          31   30.774029   88.466771  (       1   11306)
          32   30.777693  100.499029  (      55   18275)
          33   30.789556   83.681343  (       1   10091)
          34   30.844828  102.853359  (       1   10010)
          35   30.884304   91.281468  (       1   11104)
          36   30.910616   87.574997  (       1   10754)
          37   30.912289   99.883750  (      55   13544)
          38   30.941816   99.516744  (      55   11856)
          39   30.944539   88.710987  (       1   10724)
          40   30.949242  101.445891  (       1   10014)
          41   30.954361   85.533841  (       1   11371)
          42   30.958983   90.486538  (       1   10118)
          43   30.978515   88.463692  (       1   10608)
          44   30.979846  108.063024  (       1   10013)
          45   30.985619   84.012140  (       1   14533)
          46   30.985898   82.521094  (       1   11129)
          47   30.997027   87.313585  (       1   10638)
          48   31.002182  106.670469  (       1   10022)
          49   31.009105  101.999043  (       1   10017)
          50   31.015871   82.712197  (       1   10863)
          51   31.017164   98.855949  (      55   13554)
          52   31.030266   88.174844  (      83   10902)
          53   31.033122  104.210697  (       1   10034)
          54   31.037233  109.122230  (       1   10003)
          55   31.038617  104.341754  (       1   10035)
          56   31.043973   91.069246  (       1   10490)
          57   31.050578  109.208313  (       1   10002)
          58   31.055160  101.377639  (       1   10042)
          59   31.062257  107.160933  (       1   10004)
          60   31.065647  107.259343  (       1   10005)
          61   31.065950  107.745370  (       1   10001)
          62   31.073371   90.134662  (      32   11129)
          63   31.074897   88.718520  (       1   14047)
          64   31.076593  109.692229  (       1   10018)
          65   31.078718   86.620470  (       1   10966)
          66   31.085342  104.359215  (       1   10009)
          67   31.085570   89.501260  (       1   11009)
          68   31.118507  108.440019  (       1   10024)
          69   31.124422   89.075113  (       1   11302)
          70   31.136645  106.386142  (       1   10006)
          71   31.138835   99.424447  (      55   12898)
          72   31.145232  105.114368  (       1   10021)
          73   31.151307  100.022917  (       1   10008)
          74   31.154783  112.396417  (    2793   15369)
          75   31.160383   87.097300  (       1   16288)
          76   31.174963   88.621166  (    1984   11104)
          77   31.184442   91.268954  (      32   10172)
          78   31.188175   92.149245  (    1553   18275)
          79   31.193666   89.007963  (       1   11053)
          80   31.199021  107.640071  (       1   10007)
          81   31.199572   98.276793  (     588   13299)
          82   31.201472   82.811260  (       1   15028)
          83   31.204749   84.369001  (       1   11820)
          84   31.220398   88.596892  (       1   14902)
          85   31.237831   90.538875  (      32   15028)
          86   31.239764   92.331412  (    1553   14706)
          87   31.245195   88.687636  (       1   11660)
          88   31.249029   91.293329  (       1   10015)
          89   31.251822   82.629395  (       1   16455)
          90   31.257107   99.723838  (      55   19062)
          91   31.257286   91.304567  (       1   11701)
          92   31.266088  104.172765  (       1   10478)
          93   31.267499  101.364151  (       1   10090)
          94   31.272880   89.039649  (       1   10656)
          95   31.279711  109.581942  (     306   12626)
          96   31.280836   85.900447  (       1   10039)
          97   31.284845  106.119822  (       1   10126)
          98   31.284877   88.684137  (       1   10624)
          99   31.288251   89.078447  (       1   10499)
         100   31.291137  102.227205  (     875   14706)
