Model_ID, [(c_i,i=0,n)_j,j=1,ntask]
           1    0.4844229637E+01   -0.1195071994E+02    0.9479921938E+02
           2    0.4813565781E+01   -0.1218350228E+02    0.8912872563E+02
           3    0.4924858927E+01   -0.1037724252E+02    0.9076509680E+02
           4    0.1020923374E+02   -0.1021056384E+02    0.9379465494E+02
           5    0.2168221915E+01   -0.1907426622E+02    0.1410547323E+03
           6    0.4138987752E+01   -0.2271002832E+02    0.1025774788E+03
           7    0.2172894913E+01   -0.1922538300E+02    0.1374717474E+03
           8    0.4900645419E+01   -0.1057212669E+02    0.8482368993E+02
           9    0.4131194533E+01   -0.2270922360E+02    0.1076201782E+03
          10    0.4355132832E+01   -0.2350861991E+02    0.7975641099E+02
          11    0.3981976521E+01   -0.2430356981E+02    0.9010483531E+02
          12   -0.9256451162E+00    0.1392678652E+02    0.5019127666E+02
          13    0.1029867940E+02   -0.1039986475E+02    0.8676308045E+02
          14    0.4376015409E+01   -0.2352082140E+02    0.8308620367E+02
          15    0.3437568998E+01   -0.2484047293E+02    0.5542155407E+02
          16    0.3283740915E+01   -0.2505587631E+02    0.5364906955E+02
          17    0.3769374019E+01   -0.2368854540E+02    0.1091361680E+03
          18   -0.8868480517E+00    0.6879737647E+01    0.5202898290E+02
          19    0.4562983543E+01   -0.2352024803E+02    0.3652821173E+02
          20    0.4537941431E+01   -0.1229694286E+02    0.4902519026E+02
          21    0.3581309854E+01   -0.1611960398E+02    0.6886338192E+02
          22    0.4504004630E+01   -0.2363220233E+02    0.3619534768E+02
          23    0.4238598098E+01   -0.2643200861E+02    0.3133850349E+02
          24    0.3739291311E+01   -0.2355009246E+02    0.2613829848E+02
          25    0.4006082008E+01   -0.2432196385E+02    0.9321888289E+02
          26   -0.1256010517E+00    0.7523240040E+01   -0.3586654772E+02
          27    0.3494236513E+01   -0.2478570639E+02    0.5456576889E+02
          28    0.3642720148E+01   -0.2461518448E+02    0.5337231935E+02
          29   -0.8720042610E+00    0.1377275152E+02    0.5116840789E+02
          30    0.3213321358E+01   -0.1252920748E+02    0.5824387442E+02
          31    0.3785436917E+01   -0.2357772816E+02    0.1090519055E+03
          32    0.3669035137E+01   -0.2449860912E+02    0.5512453561E+02
          33    0.3456255550E+01   -0.2217161295E+02    0.1141688261E+03
          34    0.4471547652E+01   -0.2221973849E+02    0.1068003122E+03
          35    0.5242736760E+01   -0.2157085363E+02    0.4552263052E+02
          36    0.4299238775E+01   -0.2681253650E+02    0.2893379861E+02
          37    0.5159300649E+01   -0.2238669109E+02    0.4792000535E+02
          38    0.3186502779E+01   -0.1254398183E+02    0.5835161658E+02
          39    0.3606826390E+01   -0.2213836419E+02    0.7796058460E+02
          40    0.5172642293E+01   -0.8653180109E+01    0.4381961836E+02
          41    0.4431345725E+01   -0.1947319463E+02    0.3439238769E+02
          42    0.3505598985E+01   -0.2476035860E+02    0.5423208630E+02
          43    0.3768679146E+01   -0.2370363979E+02    0.1136321245E+03
          44    0.5117400982E+01   -0.2264884123E+02    0.5274553385E+02
          45   -0.1237181449E+01    0.7009717663E+01    0.5080800931E+02
          46    0.3711600935E+01   -0.2444626322E+02    0.5462503865E+02
          47    0.1284128415E+01    0.8237831057E+01   -0.3835512374E+02
          48    0.4199204207E+01   -0.2231188273E+02    0.1020686694E+03
          49    0.4876211651E+01   -0.2314496834E+02    0.4146152316E+02
          50    0.3509090822E+01   -0.2475280145E+02    0.5413024500E+02
          51   -0.9306711687E+00   -0.1395596664E+02   -0.4803218539E+02
          52    0.4302545843E+01   -0.1916107098E+02    0.4375429751E+02
          53    0.4308613842E+01   -0.1914740344E+02    0.4402434180E+02
          54    0.4635472609E+01   -0.2466792948E+02    0.3140883207E+02
          55    0.3512659045E+01   -0.2474517927E+02    0.5402647932E+02
          56    0.3600931447E+01   -0.1688480174E+02    0.1120868136E+03
          57    0.3692097173E+01   -0.2518217708E+02    0.4220054595E+02
          58   -0.8781104499E+00   -0.1398926339E+02    0.4762109529E+02
          59    0.3566004001E+01   -0.2210678120E+02    0.8201647662E+02
          60    0.3437484466E+01   -0.1652405478E+02    0.9028995162E+02
          61    0.4575838169E+01   -0.2199514427E+02    0.1063667648E+03
          62    0.4813352749E+01   -0.2326047502E+02    0.4112700172E+02
          63    0.4508591244E+01   -0.2121216409E+02    0.3010174897E+02
          64    0.3590939472E+01   -0.1310076282E+02    0.1575663721E+03
          65    0.4189017225E+01   -0.2228913491E+02    0.1074295912E+03
          66    0.5139678666E+01   -0.2267628772E+02    0.4447736516E+02
          67    0.3814165396E+01   -0.2443740687E+02    0.5081276317E+02
          68    0.3479806047E+01   -0.2467659333E+02    0.5531124592E+02
          69    0.1065200936E+01   -0.1928550820E+02    0.9671116499E+02
          70    0.4437893872E+01   -0.1943717244E+02    0.3355713320E+02
          71    0.1913538752E+01   -0.1826642802E+02    0.7730026500E+02
          72    0.4245999220E+01    0.1419292058E+02   -0.4016454952E+02
          73    0.4663981194E+01   -0.2267110351E+02    0.8926223894E+02
          74    0.4782865013E+01   -0.8923444379E+01    0.4373415472E+02
          75    0.1774907194E+00   -0.7782049376E+01    0.1184261758E+03
          76   -0.8653115709E+00   -0.1394897999E+02    0.4770935173E+02
          77    0.3525437289E+01   -0.2471862623E+02    0.5365712984E+02
          78    0.3191867364E+01   -0.1126493086E+02    0.8144236088E+02
          79    0.3966653526E+01    0.2293061711E+02   -0.2919907647E+02
          80    0.3846526144E+01   -0.1151852537E+02    0.1019368446E+03
          81    0.4151985336E+01   -0.2978579854E+02    0.5220556572E+02
          82    0.6572793785E+01   -0.2088753123E+02    0.4279175524E+02
          83    0.3847618121E+01   -0.2498300053E+02    0.4268780650E+02
          84    0.6954516749E+00   -0.1152241364E+02    0.8108122954E+02
          85    0.4157073383E+01   -0.2946860145E+02    0.5351425551E+02
          86   -0.9531047057E+00    0.1382820159E+02    0.5093538854E+02
          87   -0.9698160306E+00    0.6920165139E+01    0.5094537281E+02
          88   -0.9359942992E+00    0.6907798504E+01    0.5092514568E+02
          89   -0.9861242743E+00    0.1385197917E+02    0.5095509598E+02
          90    0.6636879086E+01   -0.2147834277E+02    0.3373405540E+02
          91    0.6000167648E+01   -0.2072457530E+02    0.8240840444E+02
          92    0.3599310955E+01   -0.1304116330E+02    0.1583819907E+03
          93    0.4218063857E+01   -0.2584184650E+02    0.3338299756E+02
          94   -0.9184888722E+00    0.1380252049E+02    0.5091464675E+02
          95    0.3877957175E+01   -0.2437113846E+02    0.4970318704E+02
          96    0.3769798158E+01   -0.2491412034E+02    0.4567900656E+02
          97    0.4996396488E+01   -0.1217031807E+02    0.8574504023E+02
          98    0.3783759276E+01   -0.2358869844E+02    0.1136317562E+03
          99   -0.1017515839E+01    0.1387382246E+02    0.5097374928E+02
         100    0.4954684937E+01   -0.8746194042E+01    0.4361945508E+02
