Model_ID, [(c_i,i=0,n)_j,j=1,ntask]
           1    0.3669466266E+03    0.1692082758E+03   -0.1345318457E+03
           2    0.3658616428E+03    0.1685081631E+03   -0.1323503872E+03
           3    0.3591195567E+03   -0.1602474284E+03    0.4855492227E+03
           4    0.3514574433E+03   -0.1594432494E+03   -0.5800578800E+03
           5    0.3621101951E+03   -0.1489305879E+03   -0.3089635289E+03
           6    0.3604848205E+03   -0.1544888658E+03   -0.2850741394E+03
           7    0.3615694944E+03   -0.1487544096E+03    0.3043096541E+03
           8    0.3604750823E+03    0.1888635068E+03    0.1884196134E+03
           9    0.3579863626E+03   -0.1698565883E+03    0.4603360876E+03
          10    0.3478564506E+03    0.1468206041E+03   -0.1201346311E+03
          11    0.3620801365E+03   -0.1490646632E+03   -0.3088596466E+03
          12    0.3486572779E+03   -0.1598296973E+03    0.2487955398E+03
          13    0.3322251803E+03    0.2171988061E+03    0.1431584300E+03
          14    0.3120990321E+03    0.1425271188E+03    0.1973500274E+03
          15    0.3598814258E+03    0.1503412301E+03   -0.3640945894E+03
          16    0.3599240006E+03   -0.1670107733E+03   -0.3482302112E+03
          17    0.3620902414E+03   -0.1481572864E+03   -0.3047276515E+03
          18    0.3615599809E+03   -0.1479900768E+03    0.3001946578E+03
          19    0.3607973345E+03    0.1568594197E+03   -0.2810075825E+03
          20    0.3574752319E+03    0.1655646209E+03   -0.3338064671E+03
          21    0.3620599906E+03   -0.1482892932E+03   -0.3046003605E+03
          22    0.3514621210E+03    0.1938911228E+03    0.1709607357E+03
          23    0.3595796087E+03   -0.1548071890E+03    0.2807917812E+03
          24    0.3595830584E+03   -0.1616037592E+03   -0.3414418890E+03
          25    0.3599030263E+03   -0.1555918035E+03    0.2850697064E+03
          26    0.3596773872E+03   -0.1611563097E+03   -0.4794662563E+03
          27    0.3575490928E+03   -0.1685177869E+03    0.4585686508E+03
          28    0.3507112588E+03   -0.1689560070E+03   -0.5476177730E+03
          29    0.3605263752E+03    0.1572998557E+03   -0.2898499391E+03
          30    0.3591007749E+03   -0.1607971389E+03    0.4671706426E+03
          31    0.3592436719E+03   -0.1602958917E+03    0.2758786588E+03
          32    0.3599774147E+03    0.1610088145E+03   -0.1321247614E+03
          33    0.3664343153E+03    0.1711117568E+03   -0.1351145171E+03
          34    0.3600267481E+03   -0.1551177097E+03   -0.2845780997E+03
          35    0.3609521653E+03    0.1579887448E+03   -0.2882638126E+03
          36    0.3564993568E+03   -0.1553533292E+03    0.4481988535E+03
          37    0.3603632931E+03   -0.1558768586E+03   -0.2889709716E+03
          38    0.3603676020E+03   -0.1556949768E+03   -0.2886564095E+03
          39    0.3503215359E+03   -0.1677376018E+03   -0.5482322033E+03
          40    0.3606994510E+03    0.1652864238E+03   -0.5183914549E+03
          41    0.3569813645E+03   -0.1556313696E+03   -0.4576913558E+03
          42    0.3595466738E+03   -0.1613879237E+03    0.2743135634E+03
          43    0.3574455360E+03    0.1531967776E+03   -0.2729315621E+03
          44    0.3589090550E+03    0.1683162835E+03    0.2472291565E+03
          45    0.3596308902E+03    0.1580033452E+03   -0.2854024452E+03
          46    0.3596932926E+03   -0.1605449816E+03   -0.2798047891E+03
          47    0.3577911864E+03   -0.1539947692E+03    0.2618617031E+03
          48    0.3616889317E+03   -0.1625015060E+03   -0.5232428127E+03
          49    0.3774456727E+03   -0.1782097215E+03   -0.3933200787E+03
          50    0.3578694116E+03   -0.1543513263E+03   -0.2578496407E+03
          51    0.3592085494E+03   -0.1650360056E+03    0.4859042248E+03
          52    0.3571792950E+03   -0.1566303345E+03    0.3268954481E+03
          53    0.3579799125E+03   -0.1704743216E+03    0.4429481997E+03
          54    0.3585124679E+03   -0.1708089319E+03   -0.4541068673E+03
          55    0.3576805049E+03   -0.1569219392E+03   -0.3341679450E+03
          56    0.3372184821E+03    0.1424006893E+03    0.2456002102E+03
          57    0.3273298445E+03    0.1782049871E+03    0.1334421900E+03
          58    0.3607641573E+03   -0.1470498840E+03   -0.2952992075E+03
          59    0.3591197754E+03    0.1578063660E+03    0.2808420341E+03
          60    0.3377523610E+03    0.1388654963E+03   -0.1113263541E+03
          61    0.3596043638E+03    0.1581494708E+03   -0.2852928354E+03
          62    0.3596674823E+03    0.1580938364E+03    0.2863876505E+03
          63    0.3584612678E+03    0.1708591078E+03   -0.4726562280E+03
          64    0.3598368649E+03    0.1569964634E+03    0.2892658198E+03
          65    0.3597205726E+03    0.1576375381E+03    0.2870143820E+03
          66    0.3163027736E+03    0.1416439349E+03    0.2037513262E+03
          67    0.3488736478E+03   -0.1646606752E+03    0.2517918572E+03
          68    0.3593308707E+03    0.1600428435E+03    0.2829887248E+03
          69    0.3598183744E+03    0.1571748394E+03    0.2901681602E+03
          70    0.3599946288E+03   -0.1616393461E+03   -0.2782148430E+03
          71    0.3601576566E+03    0.1582404398E+03   -0.2904387140E+03
          72    0.3641703633E+03   -0.1637526788E+03   -0.4992506024E+03
          73    0.3605957267E+03   -0.1591103113E+03   -0.2859743543E+03
          74    0.3603344202E+03    0.1571470833E+03   -0.2934063060E+03
          75    0.3592506617E+03    0.1603872825E+03    0.2820102298E+03
          76    0.3603180378E+03    0.1573270050E+03   -0.2943338624E+03
          77    0.3602123863E+03    0.1577848617E+03   -0.2910851700E+03
          78    0.3633320414E+03    0.1647280361E+03   -0.1343591039E+03
          79    0.3598119779E+03    0.1601851541E+03   -0.2869273411E+03
          80    0.3601313636E+03    0.1583881743E+03   -0.2903458530E+03
          81    0.3584446636E+03   -0.1568839206E+03   -0.2610072334E+03
          82    0.3571678823E+03    0.1536176276E+03   -0.2813422953E+03
          83    0.3605145063E+03    0.1585823485E+03   -0.2876322216E+03
          84    0.3517870476E+03    0.1961295504E+03    0.1716772072E+03
          85    0.3597292176E+03    0.1605282975E+03   -0.2859167213E+03
          86    0.3591775797E+03    0.1721864498E+03   -0.4868835891E+03
          87    0.3599716979E+03    0.1557593940E+03    0.2916009121E+03
          88    0.3601736639E+03    0.1926382989E+03    0.1932866827E+03
          89    0.3598710689E+03    0.1565137340E+03    0.2923655820E+03
          90    0.3592414406E+03    0.1600137607E+03    0.2802452486E+03
          91    0.3603077195E+03    0.1572937974E+03   -0.2933157877E+03
          92    0.3601702143E+03   -0.1581304946E+03    0.2921735432E+03
          93    0.3592161222E+03    0.1601096419E+03    0.2801999323E+03
          94    0.3680207461E+03    0.1727099761E+03   -0.1371631669E+03
          95    0.3601859336E+03    0.1579320492E+03   -0.2909909993E+03
          96    0.3578295354E+03   -0.1696991895E+03    0.2441495680E+03
          97    0.3602913921E+03    0.1574743409E+03   -0.2942486879E+03
          98    0.3605276314E+03   -0.1472776469E+03   -0.2933225571E+03
          99    0.3597863812E+03    0.1603353578E+03   -0.2868379181E+03
         100    0.3132538622E+03    0.1444660485E+03    0.2089627773E+03
