        Rank        RMSE       MaxAE  Feature_ID
           1   29.852286  103.462558  (       7   12248)
           2   30.030409  105.037110  (       7   14062)
           3   30.030607  104.171152  (       7   13434)
           4   30.169269  105.667896  (       7   12570)
           5   30.316491   91.721056  (       7   10032)
           6   30.395162  105.126135  (       7   10906)
           7   30.443551  105.727773  (       7   16027)
           8   30.454109  103.324505  (     349   16655)
           9   30.454198  107.344415  (       7   11918)
          10   30.570135   89.229514  (       7   10042)
          11   30.609136   88.085696  (       7   10033)
          12   30.658163  105.133296  (       7   16846)
          13   30.688284  105.151027  (       7   13062)
          14   30.690318   92.502037  (      15   10032)
          15   30.695033   93.447691  (       7   15389)
          16   30.699991   95.251678  (       1   10002)
          17   30.700989   95.259650  (       1   10001)
          18   30.733770   92.299351  (       1   10032)
          19   30.770431  103.932727  (       7   16231)
          20   30.773810  107.543728  (       7   16016)
          21   30.780030   89.734189  (       7   10788)
          22   30.817699  100.591287  (     919   16655)
          23   30.841591  102.866147  (      39   12823)
          24   30.844521   96.489277  (       1   10033)
          25   30.882578   93.869703  (       1   10042)
          26   30.900739  102.394991  (      15   12248)
          27   30.961804   90.002796  (      15   10042)
          28   30.975738  104.857637  (       7   13026)
          29   31.016625  103.719917  (     271   13857)
          30   31.022449  105.485023  (       7   10451)
          31   31.058150   97.969790  (     271   14300)
          32   31.077331  103.061175  (      15   13434)
          33   31.111255   96.974477  (     550   13197)
          34   31.122969  101.988682  (       7   16181)
          35   31.155139  103.747372  (       7   11422)
          36   31.157768   87.523299  (       7   10100)
          37   31.165894   98.893515  (       1   10828)
          38   31.177582   91.780578  (       7   11309)
          39   31.185698  101.912066  (      15   12742)
          40   31.190969   87.454169  (      15   10033)
          41   31.195050   93.177620  (    1278   14300)
          42   31.196543  104.509408  (      15   12570)
          43   31.207701  104.718962  (      15   16027)
          44   31.208439  103.814967  (      15   14062)
          45   31.234136  109.572442  (     946   19499)
          46   31.237565  100.688139  (       1   13028)
          47   31.239937   88.307025  (       7   11164)
          48   31.242960  102.792344  (       7   19491)
          49   31.247069  105.149795  (       7   16267)
          50   31.251038  114.679164  (    8923   10480)
          51   31.259292   87.860819  (       7   10230)
          52   31.274180   87.851720  (       7   10212)
          53   31.282510   88.098197  (       7   10001)
          54   31.284972   88.110214  (       7   10002)
          55   31.301177  109.994977  (       1   11497)
          56   31.305659   87.775436  (       7   10185)
          57   31.308768   90.821767  (       7   10060)
          58   31.309514   91.505003  (       7   12605)
          59   31.318870  101.644922  (      15   11349)
          60   31.322424   91.433527  (       7   10048)
          61   31.327634   91.271737  (       7   12693)
          62   31.328856  109.143967  (     207    1790)
          63   31.345122  118.546684  (      15   18054)
          64   31.346462  107.270919  (       1   10013)
          65   31.347326   89.074753  (      15   10788)
          66   31.349364   99.140764  (       7   11880)
          67   31.353409  105.317328  (     271   11299)
          68   31.360430  108.694323  (       1   10061)
          69   31.361508  116.906516  (       7   18054)
          70   31.364787   87.785999  (       7   10167)
          71   31.365529  107.252125  (     207     334)
          72   31.371934   96.509302  (     459   10576)
          73   31.379719   87.898261  (       7   10240)
          74   31.387036  108.607440  (       1   10011)
          75   31.387079  103.922421  (       7   19505)
          76   31.388226   87.963999  (       7   10427)
          77   31.390176   94.681290  (       6   10002)
          78   31.390733   94.689166  (       6   10001)
          79   31.397559   97.620583  (     459   10084)
          80   31.399536  104.662978  (      20   16663)
          81   31.402197  103.983109  (      15   10906)
          82   31.405259   95.790922  (       1   10100)
          83   31.412898  109.035182  (       1   19360)
          84   31.413349  108.808177  (       1   12546)
          85   31.419286  112.366734  (     472   10007)
          86   31.422113   92.748567  (       6   10032)
          87   31.423041   95.806107  (      39   10036)
          88   31.425691  103.627653  (       7   10162)
          89   31.428624  113.315307  (      15   10152)
          90   31.429198   98.677751  (    1909   11668)
          91   31.433287  106.139450  (      15   11918)
          92   31.438127  104.150962  (      15   13062)
          93   31.444730   95.613607  (       1   10212)
          94   31.447172  102.851676  (       1   10007)
          95   31.451593   95.646951  (       1   10230)
          96   31.456495   88.849688  (       7   10822)
          97   31.459373   88.028643  (       7   10409)
          98   31.462745   99.800264  (    1278   13857)
          99   31.463906   95.644253  (       1   10185)
         100   31.463992   95.806064  (       1   10167)
