     Index              y_true              y_pred        descriptor_1        descriptor_2
         1    0.3590000000E+03    0.3834513514E+03   -0.4138000000E+00    0.1929151800E+00
         2    0.3525250000E+03    0.3556249004E+03   -0.1437000000E+00    0.1333382400E+00
         3    0.3092000000E+03    0.2968599350E+03    0.1042000000E+00   -0.1253580000E+00
         4    0.1338500000E+03    0.1688260976E+03    0.1336000000E+01   -0.4040015400E+00
         5    0.2287000000E+03    0.2530719018E+03    0.5901000000E+00   -0.1940304100E+00
         6    0.2138000000E+03    0.2519040650E+03    0.7230000000E+00   -0.1464439200E+00
         7    0.2362500000E+03    0.2114096820E+03    0.9732000000E+00   -0.2920052400E+00
         8    0.4610000000E+03    0.3830712690E+03   -0.3722000000E+00    0.2077213600E+00
         9    0.1591000000E+03    0.1730845243E+03    0.1326500000E+01   -0.3817676100E+00
        10    0.2375000000E+03    0.2271408510E+03    0.8911000000E+00   -0.2292375800E+00
        11    0.3410000000E+03    0.3372887488E+03    0.4861000000E+00    0.2802382000E+00
        12    0.2300000000E+03    0.2666823778E+03    0.1137000000E+00   -0.3067437600E+00
        13    0.4062400000E+03    0.3978622253E+03   -0.5083000000E+00    0.2424667600E+00
        14    0.3200000000E+03    0.3073550205E+03    0.2536000000E+00    0.6409200000E-03
        15    0.8981300000E+02    0.9285411738E+02    0.1849000000E+01   -0.6591280500E+00
        16    0.3520000000E+03    0.3141842036E+03   -0.1780000000E-01   -0.6924777000E-01
        17    0.2720000000E+03    0.3650379639E+03   -0.4516000000E+00    0.6427670000E-01
        18    0.3670000000E+03    0.3487121631E+03   -0.2630000000E+00    0.4173788000E-01
        19    0.2930000000E+03    0.3177937240E+03    0.6800000000E-01   -0.1173288000E-01
        20    0.3137600000E+03    0.3204467311E+03    0.6390000000E-01    0.2868160000E-02
        21    0.1832000000E+03    0.1785089756E+03    0.1148000000E+01   -0.4220052000E+00
        22    0.2677000000E+03    0.2669244875E+03    0.3105000000E+00   -0.2241717000E+00
        23    0.3116500000E+03    0.3101913228E+03   -0.8630000000E-01   -0.1219886800E+00
        24    0.3340000000E+03    0.3474710924E+03    0.4487000000E+00    0.3273515500E+00
        25    0.7620000000E+02    0.7606458822E+02    0.1801200000E+01   -0.7819157100E+00
        26    0.4260000000E+03    0.4187736765E+03   -0.6385000000E+00    0.3172248900E+00
        27    0.1399000000E+03    0.1286863477E+03    0.1585600000E+01   -0.5476325100E+00
        28    0.3535000000E+03    0.3420335207E+03   -0.1653000000E+00    0.4098316000E-01
        29    0.2606000000E+03    0.2105243161E+03    0.8299000000E+00   -0.3564840600E+00
        30    0.2234200000E+03    0.2280087255E+03    0.1380500000E+01   -0.2226623000E-01
        31    0.2256100000E+03    0.2321588969E+03    0.1465700000E+01    0.3832122000E-01
        32    0.1984000000E+03    0.2262642329E+03    0.9280000000E+00   -0.2194167800E+00
        33    0.2482000000E+03    0.2675196663E+03    0.6282000000E+00   -0.8961853000E-01
        34    0.2800000000E+03    0.3022775179E+03   -0.2201000000E+00   -0.2257102000E+00
        35    0.1839000000E+03    0.1738551068E+03    0.1230100000E+01   -0.4167546600E+00
        36    0.3474000000E+03    0.3457733120E+03   -0.1106000000E+00    0.8648415000E-01
        37    0.2195740000E+03    0.1772953410E+03    0.1359200000E+01   -0.3424388000E+00
        38    0.3410000000E+03    0.2984395032E+03   -0.2940000000E-01   -0.1707047400E+00
        39    0.1744500000E+03    0.1633135807E+03    0.1065300000E+01   -0.5493838400E+00
        40    0.3958500000E+03    0.3921214040E+03   -0.5306000000E+00    0.1980282300E+00
        41    0.2050000000E+02    0.2866432273E+02    0.1978300000E+01   -0.1000000000E+01
        42    0.3124500000E+03    0.3117102095E+03   -0.6240000000E-01   -0.1028149600E+00
