Materials	Properties	feature1	feature2	feature3	feature4	feature5	feature6	feature7	feature8	feature9	feature10	feature11	feature12	feature13	feature14	feature15	feature16	feature17	feature18	feature19	feature20	feature21
sample1	249.0000	0.0000	0.0000	0.0000	0.0000	1.0000	0.0000	0.0000	0.0000	0.0000	0.0000	0.0000	0.0000	0.4823	0.0131	0.3605	0.4366	0.0000	0.4731	0.9454	0.8039	1.0000
sample2	90.7000	0.0000	0.0000	0.0000	0.0000	0.0000	0.0000	0.0000	0.0000	0.0000	0.0000	0.0000	0.0000	0.0000	0.0000	0.0000	0.0000	0.0000	0.0000	1.0000	1.0000	0.9783
sample3	90.3410	0.0000	0.0000	0.0000	0.0000	0.0000	0.0000	0.0000	0.0000	0.0000	0.0000	0.0000	0.0000	0.0780	0.3947	0.0000	0.1330	0.2160	0.1360	0.9666	0.7795	0.9588
sample4	248.0000	0.0000	0.0000	0.0000	0.0000	0.2500	0.0000	0.0000	0.0000	0.0000	0.0000	0.0000	0.0000	0.3688	0.2325	0.3605	0.2420	0.3148	0.5030	0.8356	0.6468	0.8848
sample5	386.0000	0.0000	0.0000	0.0000	0.0000	0.0000	0.0000	0.0000	0.0000	0.0000	0.0000	0.0000	0.0000	1.0000	0.0059	1.0000	0.3738	0.0185	0.7809	0.3480	0.0000	0.5924
sample6	89.5000	0.0000	0.0000	0.0000	1.0000	0.0000	0.0000	0.0000	0.0000	0.0000	0.0000	0.0000	0.0000	0.1489	0.0141	0.4535	0.2280	0.0000	0.1011	0.9666	0.9178	0.9819
sample7	256.6500	0.0000	0.0000	0.0000	0.0000	0.0000	0.0000	0.0000	0.0000	0.0000	0.0000	0.0000	0.0000	0.2979	0.0000	0.0000	0.1777	0.0000	0.5243	0.9397	0.5608	0.9410
sample8	251.6000	0.0000	0.0000	0.0000	0.0000	0.2500	0.0000	0.0000	0.0000	0.0000	0.0000	0.0000	0.0000	0.5035	0.2932	0.6395	0.3409	0.4753	0.5423	0.6891	0.4950	0.8563
sample9	468.0000	0.0000	0.0000	0.0000	0.0000	0.0000	0.0000	0.0000	0.0000	0.0000	0.0000	0.0000	0.0000	0.8014	0.2540	0.7326	0.3738	0.3796	0.6692	0.1081	0.1101	0.0135
sample10	367.4300	0.0000	0.0000	0.0000	0.0000	0.0000	0.0000	1.0000	0.0000	0.0000	0.0000	0.0000	0.0000	0.9078	0.0022	0.4535	0.4058	0.0000	0.6025	0.6343	0.5382	0.8847
sample11	158.8000	0.0000	0.0000	0.0000	0.0000	0.0000	0.0000	0.0000	0.0000	0.0000	0.0000	0.0000	0.0000	0.2340	0.3083	0.7326	0.0949	0.4630	0.1878	0.7120	0.7336	0.7804
sample12	438.0000	0.0000	0.0000	0.0000	0.0000	0.0000	0.0000	0.0000	0.0000	0.0000	0.0000	0.0000	0.0000	0.9504	0.2027	0.7326	0.4283	0.2315	0.6937	0.5286	0.4083	0.6227
sample13	360.2000	0.0000	0.0000	0.0000	0.0000	0.0000	0.0000	0.0000	0.0000	0.0000	0.0000	0.0000	0.0000	0.6170	0.3252	0.7326	0.3269	0.4599	0.6086	0.4128	0.5218	0.6145
sample14	399.0000	0.0000	0.0000	0.0000	0.0000	0.0000	0.0000	0.5000	0.0000	0.0000	0.0000	0.0000	0.0000	0.9362	0.0227	0.7326	0.3928	0.0340	0.6600	0.3140	0.2324	0.6584
sample15	326.0000	0.0000	0.0000	0.0000	0.0000	0.0000	0.0000	0.0000	0.0000	0.0000	0.0000	0.0000	0.0000	0.6099	0.3081	0.6395	0.3738	0.5525	0.5876	0.7237	0.4973	0.8506
sample16	246.6500	0.0000	0.0000	0.0000	0.0000	0.0000	0.0000	0.0000	0.3333	0.0000	0.0000	0.0000	0.0000	0.5390	0.4680	0.3605	0.2863	0.5309	0.6182	0.8005	0.4610	0.8756
sample17	309.1000	0.0000	0.0000	0.0000	0.0000	0.0000	0.0000	0.0000	0.0000	0.0000	0.0000	0.0000	0.0000	0.4752	0.3357	0.7326	0.2724	0.4630	0.5871	0.0617	0.8326	0.1500
sample18	240.1500	0.0000	0.0000	0.0000	0.0000	0.7500	0.0000	0.0000	0.0000	0.0000	0.0000	0.0000	0.0000	0.4397	0.1691	0.3605	0.3713	0.3148	0.4825	0.8725	0.6923	0.9418
sample19	169.3000	0.0000	0.0000	0.0000	0.0000	0.0000	0.0000	0.0000	0.0000	1.0000	0.0000	0.0000	0.0000	0.3688	0.2511	0.4070	0.2787	0.2901	0.6748	0.8385	0.3597	0.8493
sample20	272.0000	0.0000	0.0000	0.0000	0.0000	0.0000	0.0000	0.0000	0.0000	0.0000	1.0000	0.0000	0.0000	0.4752	0.2146	0.6395	0.2217	0.2160	0.5241	0.8102	0.5910	0.8863
sample21	415.0000	0.0000	0.0000	0.0000	0.0000	0.0000	0.0000	0.0000	0.0000	0.0000	0.0000	0.0000	0.0000	0.9220	0.0945	0.7326	0.4752	0.2685	0.6864	0.7895	0.4457	0.8579
sample22	513.2000	0.0000	0.0000	0.0000	0.0000	0.0000	0.0000	0.0000	0.0000	0.0000	0.0000	0.0000	0.0000	0.9645	0.0000	0.7326	0.3805	0.0000	0.7114	0.1577	0.3635	0.3956
sample23	288.6400	0.0000	0.0000	0.0000	0.0000	0.0000	0.0000	0.0000	1.0000	0.0000	0.0000	0.0000	0.0000	0.9929	0.2705	0.3605	0.5056	0.5309	0.8452	0.8047	0.4297	0.8756
sample24	345.0000	0.0000	0.0000	0.0000	0.0000	0.0000	0.0000	0.0000	0.0000	0.0000	0.0000	0.0000	0.0000	0.8865	0.1339	0.7326	0.5234	0.2315	0.6782	0.8853	0.5887	0.9335
sample25	338.0000	0.0000	0.0000	0.0000	0.0000	0.0000	0.0000	0.0000	0.0000	0.0000	0.0000	0.0000	0.0000	0.9787	0.0087	1.0000	0.3776	0.0154	0.7561	0.1002	0.3788	0.4230
sample26	471.1500	0.0000	0.0000	0.0000	0.0000	0.0000	0.0000	0.0000	0.0000	0.0000	0.0000	0.0000	0.0000	0.8085	0.9532	0.7326	0.3294	0.2469	0.6673	0.1216	0.5501	0.4810
sample27	446.0000	0.0000	0.0000	1.0000	0.0000	0.0000	0.0000	0.0000	0.0000	0.0000	0.0000	0.0000	0.0000	0.7730	0.1566	1.0000	0.3332	0.2315	0.6261	0.2290	0.0466	0.0000
sample28	253.0000	0.0000	0.0000	0.0000	0.0000	0.0000	0.0000	0.0000	0.6667	0.0000	0.0000	0.0000	0.0000	0.7660	0.4911	0.3605	0.3966	0.6142	0.7477	0.8105	0.4759	0.8747
sample29	394.5000	0.0000	0.0000	0.0000	0.0000	0.0000	0.0000	0.0000	0.0000	0.0000	0.0000	0.0000	0.0000	0.6454	0.2888	0.7326	0.2787	0.2840	0.6272	0.2372	0.2768	0.4368
sample30	301.0000	0.0000	0.0000	0.0000	0.0000	0.0000	0.0000	0.0000	0.0000	0.0000	0.0000	0.0000	0.0000	0.6738	0.2697	1.0000	0.2724	0.2685	0.6951	0.5307	0.3850	0.7115
sample31	299.0000	0.0000	0.0000	0.0000	0.0000	0.0000	0.0000	0.0000	0.0000	0.0000	0.0000	0.0000	0.0000	0.4468	0.3291	0.6395	0.2762	0.4784	0.5563	0.7290	0.5008	0.8684
sample32	268.0300	0.0000	0.0000	0.0000	0.0000	0.0000	0.0000	0.0000	0.0000	0.0000	0.0000	0.0000	0.0000	0.4894	0.3589	0.7326	0.2280	0.5000	0.4563	0.4010	0.8701	0.1743
sample33	263.4000	0.0000	0.0000	0.0000	0.0000	0.0000	0.0000	0.0000	0.0000	0.0000	0.0000	1.0000	0.0000	0.7092	0.2721	0.0000	0.3561	0.6111	1.0000	0.8556	0.0096	0.9122
sample34	478.0000	1.0000	0.0000	0.0000	0.0000	0.0000	0.0000	0.0000	0.0000	0.0000	0.0000	0.0000	0.0000	0.9716	0.1450	0.7326	0.4372	0.2778	0.7348	0.0794	0.3116	0.3357
sample35	409.7000	0.0000	1.0000	0.0000	0.0000	0.0000	0.0000	0.0000	0.0000	0.0000	0.0000	0.0000	0.0000	0.9716	0.2489	0.7326	0.4892	0.5309	0.8391	0.0000	0.4129	0.3740
sample36	274.4000	0.0000	0.0000	0.0000	0.0000	0.0000	0.0000	0.0000	0.0000	1.0000	0.0000	0.0000	0.0000	0.3688	0.2178	0.4070	0.2344	0.2778	0.5614	0.8550	0.6197	0.8606
sample37	174.3000	0.0000	0.0000	0.0000	0.0000	0.0000	0.0000	0.0000	0.0000	0.0000	0.0000	0.0000	0.0000	0.5035	0.9796	0.0000	0.2217	0.2160	0.6525	0.9054	0.3253	0.9297
sample38	424.0000	0.0000	0.0000	0.0000	0.0000	0.0000	0.0000	0.0000	0.0000	0.0000	0.0000	0.0000	0.0000	0.7730	0.0913	0.7326	0.3776	0.3889	0.6521	0.4257	0.6101	0.6362
sample39	389.1500	0.0000	0.0000	1.0000	0.0000	0.0000	0.0000	0.0000	0.0000	0.0000	0.0000	0.0000	0.0000	0.6170	0.2758	1.0000	0.2825	0.2778	0.5852	0.2777	0.1288	0.1621
sample40	328.1500	0.0000	0.0000	0.0000	0.0000	0.0000	0.0000	0.0000	0.0000	0.0000	0.0000	0.0000	0.0000	0.4752	1.0000	0.7326	0.2280	0.2469	0.5896	0.6933	0.4522	0.7409
sample41	256.1000	0.0000	0.0000	0.0000	0.0000	0.0000	0.2500	0.0000	0.0000	0.0000	0.0000	0.0000	0.0000	0.3901	0.5163	0.3372	0.3840	1.0000	0.5575	0.8701	0.6021	0.9120
sample42	363.2000	0.0000	0.0000	0.0000	0.0000	0.0000	1.0000	0.0000	0.0000	0.0000	0.0000	0.0000	0.0000	0.6028	0.0046	0.3372	1.0000	0.0000	0.6843	0.8989	0.6514	0.9528
