        Rank        RMSE       MaxAE  Feature_ID
           1   28.219078   87.785117  (     813   18471)
           2   28.429374   81.705520  (     813   12930)
           3   28.978625   91.353818  (     683     985)
           4   29.688136   94.881457  (     813   12231)
           5   29.800076   97.012549  (       1   19892)
           6   29.841035   88.126923  (       1   14239)
           7   29.876532   88.229872  (       1   14428)
           8   29.881691   96.860278  (       1   12647)
           9   29.911101   96.908963  (       1   12762)
          10   29.948593   82.557248  (     320     683)
          11   29.996862   96.239183  (      64   10207)
          12   30.008043  102.056507  (       1   15480)
          13   30.034370  102.038017  (       1   15625)
          14   30.056479  100.125339  (      64   11093)
          15   30.062054  100.829650  (      64   10222)
          16   30.122189  100.619795  (       1   10637)
          17   30.132784  101.047982  (       1   12822)
          18   30.184256  105.570156  (      64   10024)
          19   30.217667   96.447102  (      64   16514)
          20   30.240863  105.321717  (    1006   10021)
          21   30.250942  106.489477  (       1   15322)
          22   30.251417  100.200189  (       1   16869)
          23   30.277869   93.661605  (      64   13907)
          24   30.288219   87.953326  (      41     683)
          25   30.295232   83.008987  (     813   18688)
          26   30.295293  101.653205  (       1   12098)
          27   30.298754   97.818249  (      64   10269)
          28   30.301566   93.891286  (      64   10309)
          29   30.301947  100.447271  (      64   15206)
          30   30.303913   98.048687  (       1   11082)
          31   30.309062   97.719508  (      64   10118)
          32   30.319232  100.449315  (      64   10035)
          33   30.333295   93.031778  (      64   10864)
          34   30.335837  103.754758  (      64   10041)
          35   30.347946   98.258427  (      64   10049)
          36   30.351140  104.858306  (      64   10027)
          37   30.371032   98.019944  (      64   10036)
          38   30.378819   96.585263  (      64   11358)
          39   30.387634  105.328335  (       1   11591)
          40   30.388454   99.591874  (      64   10014)
          41   30.403934   95.929748  (      64   14138)
          42   30.410759   96.333450  (      64   10369)
          43   30.414038   99.207167  (       1   11310)
          44   30.422677   99.075762  (      64   10042)
          45   30.426443   97.926516  (       1   18120)
          46   30.438579   99.180468  (       1   11377)
          47   30.440730   98.659876  (    1006   10415)
          48   30.447223   96.611196  (      64   10083)
          49   30.459240  106.718079  (       1   19714)
          50   30.465224   97.485620  (      64   10651)
          51   30.467657   93.937060  (      64   11882)
          52   30.468546   95.488829  (      64   14867)
          53   30.477143   89.052627  (       1   15155)
          54   30.479725   97.920679  (      64   10059)
          55   30.479943  102.413748  (      64   12068)
          56   30.486257   95.458179  (      64   10686)
          57   30.493805   96.117206  (      64   10643)
          58   30.498250   97.885899  (      64   10073)
          59   30.502595   96.830533  (      64   10085)
          60   30.511098   99.586306  (      64   11264)
          61   30.512232   96.564232  (      64   10071)
          62   30.512532   97.883668  (      64   10076)
          63   30.517554  105.696962  (      64   10288)
          64   30.524365   95.966157  (      64   10078)
          65   30.526958  101.436373  (       1   18817)
          66   30.531565   96.179323  (      64   11058)
          67   30.534511  109.317542  (       1   10265)
          68   30.535586   97.049948  (      64   10098)
          69   30.538688   97.799830  (      64   10093)
          70   30.540069   99.301470  (       1   10021)
          71   30.543543  106.361221  (      64   10040)
          72   30.547129  109.570423  (      64   10498)
          73   30.550768  105.914626  (      64   10053)
          74   30.557248   96.653526  (      64   10165)
          75   30.561220   96.168631  (      64   11642)
          76   30.566278  105.900663  (       1   10024)
          77   30.567027   97.705726  (      64   10115)
          78   30.571786  105.644052  (      64   10050)
          79   30.572380  106.304661  (      64   10104)
          80   30.572506   96.640225  (      64   10221)
          81   30.579356  110.043059  (      64   10559)
          82   30.580104   93.583224  (      64   12286)
          83   30.587972   95.794466  (      64   10563)
          84   30.588071   96.650283  (      64   10235)
          85   30.593149  106.114947  (      64   10054)
          86   30.594313   94.436402  (      64   13515)
          87   30.594766   96.342701  (      64   10377)
          88   30.603621   97.599025  (      64   10136)
          89   30.604107  101.874435  (       1   10035)
          90   30.604884   96.601047  (      64   10276)
          91   30.605627   98.271268  (      64   10030)
          92   30.609157   97.624320  (      64   10179)
          93   30.611413  104.579107  (       1   10041)
          94   30.614710  103.324066  (       1   11475)
          95   30.618014  100.767631  (      64   10275)
          96   30.621005   99.058176  (       1   10025)
          97   30.621663   96.064050  (      64   11955)
          98   30.622030  128.618592  (      64   10469)
          99   30.623017   96.545786  (      64   10317)
         100   30.623023  100.880194  (       1   10042)
