Model_ID, [(c_i,i=0,n)_j,j=1,ntask]
           1    0.2954208302E+03   -0.2464112837E+03    0.1389927618E+03
           2    0.2511816720E+03    0.2257086488E+03    0.7984674507E+03
           3    0.2962658165E+03   -0.2487569367E+03    0.1355102926E+03
           4    0.2550718641E+03    0.2500225524E+03    0.6659862388E+03
           5    0.2979403100E+03   -0.2534816749E+03    0.1276988583E+03
           6    0.2503713639E+03    0.2205983521E+03    0.8836950006E+03
           7    0.2510777428E+03    0.2305602073E+03    0.8228032213E+03
           8    0.3348618609E+03    0.2909525558E+03    0.1419096838E+04
           9    0.2954640073E+03   -0.2467037132E+03    0.1355649829E+03
          10    0.2138416312E+03    0.8469286138E+02   -0.1933681828E+03
          11    0.2962900139E+03   -0.2490061150E+03    0.1321575121E+03
          12    0.2979220211E+03   -0.2536295398E+03    0.1245834194E+03
          13    0.2837844629E+03    0.2444811811E+03   -0.1462513352E+03
          14    0.2029197443E+03    0.1450735008E+03    0.5306007431E+03
          15    0.2987893184E+03    0.2483357273E+03   -0.1322782838E+03
          16    0.1395385611E+03    0.9771615781E+02    0.2119616527E+03
          17    0.2486185253E+03    0.2451227603E+03    0.6255662742E+03
          18    0.2961359061E+03    0.2486948865E+03   -0.2452768955E+03
          19    0.2841773846E+03    0.2453453581E+03   -0.1489014453E+03
          20    0.2835337992E+03    0.2437409648E+03   -0.1467383016E+03
          21    0.2939190923E+03   -0.2565406048E+03    0.2505045824E+03
          22    0.1590496526E+03    0.1061599382E+03    0.2045660702E+03
          23    0.1377056078E+03    0.1032208519E+03   -0.1189798796E+03
          24    0.1589943214E+03    0.1062923212E+03    0.2038042649E+03
          25    0.2366495744E+03    0.9734149130E+02   -0.2421906224E+03
          26    0.2965678329E+03    0.2497134864E+03   -0.2421250613E+03
          27    0.1476845260E+03    0.1233315469E+03    0.1928369132E+03
          28    0.2939658643E+03   -0.2552392702E+03    0.2537639572E+03
          29    0.2966944169E+03    0.2500219064E+03   -0.2412966633E+03
          30    0.1819799519E+03    0.7913446956E+02   -0.2484447143E+03
          31    0.1392217677E+03    0.9772829885E+02    0.2209619372E+03
          32    0.2845414094E+03    0.2423980822E+03   -0.3044414178E+03
          33    0.1489920330E+03    0.1038204993E+03   -0.4941592397E+03
          34    0.2839209155E+03    0.2445865671E+03   -0.1493940542E+03
          35    0.2899246484E+03    0.2475514768E+03   -0.1238444603E+03
          36    0.1453237380E+03    0.9936681256E+02   -0.1134180245E+03
          37    0.2934780767E+03    0.2415111498E+03    0.1400288095E+03
          38    0.1819893462E+03    0.7648234566E+02    0.9531669215E+03
          39    0.1598890893E+03   -0.1364885227E+03    0.7112466211E+03
          40    0.2942383287E+03   -0.2436001203E+03    0.1373308385E+03
          41    0.2943007458E+03    0.2438360788E+03    0.1368588026E+03
          42    0.1447922123E+03    0.1004022728E+03   -0.1087205124E+03
          43    0.1598839491E+03   -0.1364114977E+03    0.7088432199E+03
          44    0.2790869318E+03    0.2390768608E+03    0.1925368729E+03
          45    0.2839080075E+03    0.2319331879E+03    0.1282724832E+04
          46    0.2886925449E+03    0.2537460785E+03   -0.2526492481E+03
          47    0.2953875718E+03    0.2801743231E+03   -0.1908760102E+03
          48    0.2825900027E+03    0.2444039233E+03   -0.1264632663E+03
          49    0.1461318089E+03    0.1237778652E+03    0.1891544531E+03
          50    0.1458259396E+03    0.1223141754E+03   -0.2004013167E+03
          51    0.1812085960E+03    0.7830032258E+02    0.8559759239E+03
          52    0.2043336321E+03    0.1296630620E+03    0.5499074038E+03
          53    0.2948255355E+03   -0.2444458730E+03    0.1382949587E+03
          54    0.1447826483E+03    0.1274620320E+03   -0.1831858093E+03
          55    0.1454131702E+03    0.1265388917E+03    0.1967367966E+03
          56    0.2821775117E+03    0.2433791360E+03   -0.1233188781E+03
          57    0.2950692765E+03   -0.2459142519E+03    0.1337926864E+03
          58    0.1219215377E+03   -0.9059510341E+02   -0.1279645344E+03
          59    0.2891354514E+03    0.2548007573E+03   -0.2488956705E+03
          60    0.2949516744E+03   -0.2454430678E+03    0.1347651572E+03
          61    0.2788198917E+03    0.2476647328E+03   -0.2100250158E+03
          62    0.2892651826E+03    0.2551190864E+03   -0.2478581398E+03
          63    0.1459100592E+03    0.1220256206E+03   -0.2008657749E+03
          64    0.2959687776E+03    0.2485392686E+03    0.1286903188E+03
          65    0.2801198973E+03    0.2473804652E+03   -0.2122918588E+03
          66    0.1442196779E+03    0.1250960894E+03   -0.1901824556E+03
          67    0.2944498668E+03    0.2442281153E+03    0.1342918134E+03
          68    0.1208283503E+03   -0.9168285914E+02   -0.1374686551E+03
          69    0.2932559765E+03    0.2408315577E+03    0.1387659758E+03
          70    0.2819150774E+03    0.2428901297E+03    0.1774297734E+03
          71    0.3001790349E+03    0.2472480976E+03    0.1645169583E+03
          72    0.2861780740E+03   -0.2418358378E+03    0.1337278493E+03
          73    0.2799040529E+03    0.2486035264E+03   -0.2233610597E+03
          74    0.1580606829E+03    0.1065385472E+03    0.2042562652E+03
          75    0.2855179697E+03    0.2289371529E+03    0.1357635797E+04
          76    0.1529839372E+03    0.1188412064E+03   -0.1034231603E+04
          77    0.2956667982E+03   -0.2467835093E+03    0.1347692823E+03
          78    0.3432828801E+03    0.3050368850E+03   -0.7525725514E+03
          79    0.2947901499E+03    0.2317804826E+03    0.1383072787E+03
          80    0.2786716583E+03    0.2473206255E+03   -0.2107073392E+03
          81    0.2967103078E+03   -0.2505615980E+03    0.1259344100E+03
          82    0.2979518002E+03    0.2532297953E+03   -0.2249544872E+03
          83    0.2978422323E+03    0.2529640164E+03   -0.2255684398E+03
          84    0.1563597526E+03    0.1239023953E+03   -0.3745123845E+03
          85    0.2951926971E+03    0.2795339000E+03   -0.1897905402E+03
          86    0.1566049513E+03    0.1232455335E+03   -0.3798862682E+03
          87    0.2829753593E+03    0.2384598457E+03   -0.3522098234E+03
          88    0.1558348201E+03    0.1093809226E+03   -0.2112100547E+03
          89    0.1457669938E+03    0.9845083731E+02   -0.1148946408E+03
          90    0.2928599106E+03    0.2461146266E+03    0.2408727907E+03
          91    0.2350980277E+03    0.8828947048E+02   -0.1265955474E+04
          92    0.2929011170E+03    0.2449097629E+03    0.2443018322E+03
          93    0.2952651536E+03    0.2465066090E+03    0.1308323189E+03
          94    0.3350906234E+03    0.2744809206E+03    0.1522209319E+04
          95    0.2984310213E+03    0.2543370298E+03   -0.2247882393E+03
          96    0.1831274830E+03    0.1589312290E+03    0.5128625807E+03
          97    0.1458092405E+03    0.1005340987E+03   -0.1250039765E+03
          98    0.1459283123E+03    0.1003133257E+03   -0.1260143390E+03
          99    0.1424929310E+03    0.1270724536E+03    0.1571909056E+03
         100    0.2982053577E+03    0.2538138470E+03   -0.2232554375E+03
