Model_ID, [(c_i,i=0,n)_j,j=1,ntask]
           1    0.4638341651E+01    0.3624600630E+02    0.1375317446E+03
           2    0.4169963546E+01    0.3686965404E+02   -0.8327916853E+02
           3    0.4582460848E+01    0.3614352492E+02    0.8223417187E+02
           4    0.3135914555E+01    0.2914669456E+02    0.2907696254E+03
           5    0.4003559216E+01   -0.1429477041E+03   -0.2487793250E+03
           6    0.2661647738E+01    0.8205882838E+01    0.1559928566E+03
           7    0.4652643387E+01    0.3642954231E+02    0.1169892795E+03
           8    0.3705070899E+01   -0.1448859040E+03    0.2487935811E+03
           9    0.4297147703E+01    0.3663066507E+02   -0.8299559503E+02
          10    0.3800782517E+01   -0.1442847727E+03    0.2492877277E+03
          11    0.4864458873E+01    0.3546327971E+02    0.1387766049E+03
          12    0.3883627797E+01   -0.1436968164E+03    0.2487252265E+03
          13    0.3310508074E+01    0.2923172217E+02    0.1502016760E+03
          14    0.5223684919E+01    0.2931583965E+02    0.1468634021E+03
          15    0.3903025054E+01   -0.1434181031E+03   -0.2486116993E+03
          16    0.3047882548E+01    0.2173251377E+02    0.1374918590E+03
          17    0.3719869803E+01   -0.1447756760E+03    0.2480151912E+03
          18    0.3701653970E+01   -0.1450037694E+03    0.2472147820E+03
          19    0.4040799258E+01    0.3671140660E+02    0.3692326165E+02
          20    0.5008717662E+01    0.2991524376E+02    0.1438067238E+03
          21    0.4935728402E+01    0.3531424520E+02   -0.1369643735E+03
          22    0.3897996471E+01   -0.1435781762E+03   -0.2477015741E+03
          23    0.5133937071E+01    0.3013964000E+02    0.1411120867E+03
          24    0.4442933337E+01    0.3629465361E+02    0.8238224295E+02
          25    0.2604900291E+01    0.1539083862E+02    0.1545233173E+03
          26    0.2806865448E+01    0.2214314914E+02    0.1342837030E+03
          27    0.4164100595E+01    0.3687740867E+02   -0.8162597066E+02
          28    0.3126058702E+01    0.2164193044E+02   -0.1356930131E+03
          29    0.4874304283E+01    0.1790734995E+02    0.1336485383E+03
          30    0.2964044760E+01    0.8008451269E+01    0.1574388010E+03
          31    0.5299039094E+01    0.2917789609E+02   -0.1447750352E+03
          32    0.4143105465E+01    0.3647944510E+02    0.3634298692E+02
          33    0.4154742450E+01    0.3645270376E+02    0.3629135880E+02
          34    0.4922010667E+01    0.3042501526E+02    0.1385213420E+03
          35    0.5200089433E+01    0.3001811914E+02    0.1415549960E+03
          36    0.2694048587E+01    0.1515138519E+02    0.8390536333E+02
          37    0.5022448119E+01    0.3009217856E+02    0.1227239843E+03
          38    0.4022023849E+01    0.3673539068E+02    0.3690268805E+02
          39    0.5127914029E+01   -0.5035840081E+02    0.1298629892E+03
          40    0.3912114021E+01   -0.1439826166E+03    0.1153489526E+03
          41    0.2678195304E+01    0.1522180013E+02    0.1584577791E+03
          42    0.2807033949E+01    0.2226597521E+02    0.1145215438E+03
          43    0.4844285133E+01    0.3574408721E+02    0.1169487599E+03
          44    0.5135611037E+01    0.2981141263E+02    0.1409848654E+03
          45    0.4307697598E+01    0.3619796051E+02    0.3739494364E+02
          46    0.3012322829E+01    0.2190678292E+02    0.1159466174E+03
          47    0.4885951683E+01    0.3566031548E+02   -0.1162721290E+03
          48    0.4428244970E+01    0.3634745809E+02    0.8159217548E+02
          49    0.5205339789E+01    0.2956480741E+02    0.1239668221E+03
          50    0.2678992495E+01    0.8241286294E+01    0.1321813277E+03
          51    0.4887249136E+01    0.1800161049E+02    0.1138268117E+03
          52    0.5174770152E+01   -0.5021603266E+02   -0.1289761689E+03
          53    0.3057920084E+01    0.2185575251E+02   -0.1152730933E+03
          54    0.3326147630E+01    0.2936641443E+02    0.1274278848E+03
          55    0.4857039525E+01    0.2974122057E+02    0.2746991392E+03
          56    0.2777061377E+01    0.2213225056E+02    0.1156203350E+03
          57    0.3058330794E+01    0.7966212033E+01   -0.1550663080E+03
          58    0.4943093432E+01   -0.5122564017E+02    0.1279005671E+03
          59    0.2905996978E+01    0.1502385318E+02    0.1560025318E+03
          60    0.2683884373E+01    0.1632353620E+02    0.1595076430E+03
          61    0.5249401242E+01    0.2948717052E+02   -0.1231635674E+03
          62    0.4905828252E+01    0.3044184495E+02    0.1383934160E+03
          63    0.5088019507E+01    0.1753568485E+02    0.1351359031E+03
          64    0.4999294100E+01    0.3025738733E+02    0.1366774049E+03
          65    0.4431461367E+01    0.1818624236E+02   -0.8041596202E+02
          66    0.4824738874E+01    0.1784192880E+02    0.7953707873E+02
          67    0.4133923899E+01   -0.1416398191E+03    0.2387127693E+03
          68    0.3858924075E+01   -0.1428449833E+03    0.8893482741E+02
          69    0.5166216498E+01   -0.4974408038E+02    0.1514539727E+03
          70    0.4694131107E+01    0.3584822005E+02    0.6288409853E+02
          71    0.5208248158E+01    0.2965743891E+02    0.1392159169E+03
          72    0.4894085370E+01   -0.5089476225E+02    0.1292157385E+03
          73    0.4530336536E+01    0.3602875910E+02    0.1353292587E+03
          74    0.5207999710E+01    0.2967790045E+02   -0.1390043778E+03
          75    0.5119944697E+01    0.2982677945E+02    0.1408344984E+03
          76    0.4992587926E+01   -0.5064167794E+02   -0.1292469120E+03
          77    0.5046144848E+01    0.2966309193E+02    0.6676454336E+02
          78    0.2858306785E+01    0.2196955372E+02    0.6233262964E+02
          79    0.4736633747E+01    0.1780237554E+02    0.2546125837E+03
          80    0.3590024651E+01    0.3735737096E+02    0.3720769409E+02
          81    0.4937895359E+01    0.3057982120E+02    0.1178234335E+03
          82    0.3352590053E+01    0.2899036091E+02    0.7826158771E+02
          83    0.4632933051E+01    0.3607391164E+02    0.1159650374E+03
          84    0.3858086183E+01   -0.1435554144E+03    0.8003534610E+02
          85    0.5156935402E+01    0.3026437987E+02    0.1194888699E+03
          86    0.5009119910E+01    0.3044374035E+02    0.1168650995E+03
          87    0.2801759149E+01    0.2969009072E+02   -0.8998860589E+02
          88    0.3599686836E+01    0.2850129265E+02    0.1504667000E+03
          89    0.5155984782E+01    0.1746566676E+02   -0.1334517790E+03
          90    0.4777266777E+01    0.3024956776E+02    0.2643635748E+03
          91    0.4139086869E+01    0.3696347816E+02    0.3840404175E+02
          92    0.2811583654E+01    0.2208462205E+02    0.1149377723E+03
          93    0.4985066334E+01    0.2985391102E+02    0.1230426680E+03
          94    0.4965765150E+01   -0.5069875922E+02    0.1289047606E+03
          95    0.4992652599E+01    0.2992838345E+02    0.2678711820E+03
          96    0.2884566758E+01    0.2200465300E+02   -0.1149122276E+03
          97    0.4924670273E+01   -0.5080139465E+02    0.1288243096E+03
          98    0.4667769575E+01    0.3601744574E+02    0.1157760073E+03
          99    0.4803092638E+01    0.3605300988E+02    0.7783888134E+02
         100    0.4708553085E+01    0.3626096918E+02    0.7872376958E+02
