        Rank        RMSE       MaxAE  Feature_ID
           1    9.250480   22.789265  (      67   10001)
           2    9.264945   22.679081  (      56   10001)
           3    9.350625   22.763040  (     696   10001)
           4    9.500715   23.164975  (     645   10007)
           5    9.502348   23.166975  (     645   10010)
           6    9.502410   23.167036  (     645   10011)
           7    9.513085   21.968691  (     696   10002)
           8    9.548097   23.206592  (    3054   10001)
           9    9.561045   23.292491  (     852   10007)
          10    9.562608   23.294519  (     852   10010)
          11    9.562668   23.294580  (     852   10011)
          12    9.581773   23.098883  (    3054   10007)
          13    9.583271   23.100914  (    3054   10010)
          14    9.583330   23.100976  (    3054   10011)
          15    9.583441   22.085443  (      67   10002)
          16    9.584770   21.975869  (      56   10002)
          17    9.590201   19.852233  (    2707   10017)
          18    9.593526   23.288440  (     645   10001)
          19    9.642074   31.538954  (    2903   10002)
          20    9.647038   19.985047  (    1697   10017)
          21    9.656430   23.412544  (     852   10001)
          22    9.668843   23.604265  (      56   10367)
          23    9.674955   23.799730  (       1   10001)
          24    9.683141   22.754498  (      67   10007)
          25    9.684265   20.167104  (    3092   10017)
          26    9.688636   22.756885  (      67   10010)
          27    9.688815   22.756957  (      67   10011)
          28    9.694290   24.405164  (    8985   10007)
          29    9.695962   24.407743  (    8985   10010)
          30    9.696027   24.407821  (    8985   10011)
          31    9.696480   22.553368  (      67   10004)
          32    9.703102   22.642907  (      56   10007)
          33    9.707513   22.443240  (      56   10004)
          34    9.708664   22.645272  (      56   10010)
          35    9.708845   22.645344  (      56   10011)
          36    9.724518   22.742257  (      67   10003)
          37    9.731031   23.727378  (      67   10367)
          38    9.732073   20.189451  (    1835   10017)
          39    9.735220   22.632255  (      56   10003)
          40    9.742141   18.260434  (     606   10017)
          41    9.746604   23.006603  (     645   10013)
          42    9.747814   32.368196  (     816   10055)
          43    9.754169   32.590910  (    2903   10005)
          44    9.754361   24.191067  (    8985   10013)
          45    9.757374   31.201359  (     816   10002)
          46    9.759998   31.468495  (    2903   10014)
          47    9.763756   24.585158  (       1   10002)
          48    9.773777   24.146708  (     525   10007)
          49    9.776977   24.149139  (     525   10010)
          50    9.777022   22.581873  (      67   10013)
          51    9.777086   24.149212  (     525   10011)
          52    9.778706   31.081795  (     816   10066)
          53    9.783344   24.233388  (     525   17459)
          54    9.790852   32.147119  (    2903   10004)
          55    9.792557   23.150356  (     217   10001)
          56    9.792836   22.470916  (      56   10013)
          57    9.801595   22.895711  (      67   10027)
          58    9.808612   23.133429  (     852   10013)
          59    9.809556   32.714560  (    2903   10009)
          60    9.811373   22.151527  (     494   12813)
          61    9.812162   32.719695  (    2903   10008)
          62    9.812719   31.128916  (     816   10014)
          63    9.815630   22.785056  (      56   10027)
          64    9.816203   22.909570  (      67   10008)
          65    9.816718   23.060313  (      67   10030)
          66    9.816983   23.343301  (     645   10027)
          67    9.818315   24.353138  (    1498   10011)
          68    9.818335   24.353079  (    1498   10010)
          69    9.819031   22.907161  (      67   10009)
          70    9.819333   24.351128  (    1498   10007)
          71    9.819641   23.152350  (    5903   10030)
          72    9.821269   24.414802  (    1498   10001)
          73    9.823231   22.790880  (      67   10005)
          74    9.827401   24.270132  (     285   10001)
          75    9.828106   23.488602  (       4   10046)
          76    9.829347   32.249096  (    2903   10003)
          77    9.831202   22.949543  (      56   10030)
          78    9.831252   23.516662  (     645   10030)
          79    9.832156   20.891066  (      74   14148)
          80    9.832755   32.223634  (     816   10030)
          81    9.833630   23.925737  (    5094   10002)
          82    9.834310   23.488228  (       4   10048)
          83    9.836205   22.797481  (      56   10008)
          84    9.836410   20.372271  (    6491   10017)
          85    9.838130   30.984789  (     816   10064)
          86    9.838258   32.608876  (    2903   10025)
          87    9.838880   22.795100  (      56   10009)
          88    9.840574   20.402631  (    3450   10017)
          89    9.840598   31.622138  (    2903   10015)
          90    9.841138   22.679260  (      56   10005)
          91    9.841912   23.180211  (     410   10001)
          92    9.843530   22.853098  (     696   10046)
          93    9.844993   24.442526  (    8985   10005)
          94    9.846381   27.096049  (    9789   12873)
          95    9.846465   22.734102  (      67   10034)
          96    9.848876   22.850383  (     696   10048)
          97    9.854010   32.280525  (    2903   10001)
          98    9.859335   22.623606  (      56   10034)
          99    9.860095   23.312717  (    5903   10117)
         100    9.863810   22.730225  (     696   10032)
