Model_ID, [(c_i,i=0,n)_j,j=1,ntask]
           1    0.3594209541E+02    0.3425849615E+02   -0.1639284854E+03
           2    0.3594320061E+02    0.3422462230E+02   -0.1630385010E+03
           3    0.3590240685E+02    0.3427605686E+02   -0.1632913721E+03
           4    0.3590443859E+02    0.3428144335E+02   -0.1643048797E+03
           5    0.3590375783E+02    0.3424222058E+02   -0.1624092427E+03
           6    0.3590527264E+02    0.3424734524E+02   -0.1633976411E+03
           7    0.3586474430E+02    0.3429895144E+02   -0.1636631319E+03
           8    0.3484296658E+02    0.3521346919E+02   -0.1608819865E+03
           9    0.3586582915E+02    0.3426489124E+02   -0.1627639328E+03
          10    0.3484743497E+02    0.3517452399E+02   -0.1599435922E+03
          11    0.3593470343E+02    0.3413478082E+02   -0.1566955337E+03
          12    0.3593896266E+02    0.3410310445E+02   -0.1559648265E+03
          13    0.3480991509E+02    0.3522750469E+02   -0.1603249122E+03
          14    0.3501574868E+02    0.3506044864E+02   -0.1618454244E+03
          15    0.3481458018E+02    0.3518861698E+02   -0.1593936430E+03
          16    0.3589705218E+02    0.3415203724E+02   -0.1561202868E+03
          17    0.3501927258E+02    0.3502217831E+02   -0.1608971513E+03
          18    0.3590150285E+02    0.3412039723E+02   -0.1553957620E+03
          19    0.3498148717E+02    0.3507501064E+02   -0.1612684477E+03
          20    0.3535831747E+02    0.3473080018E+02   -0.1633977388E+03
          21    0.3498522149E+02    0.3503679578E+02   -0.1603276353E+03
          22    0.3536021925E+02    0.3469416432E+02   -0.1624424086E+03
          23    0.3569180821E+02    0.3392131961E+02   -0.1657398717E+03
          24    0.3569188800E+02    0.3388896002E+02   -0.1647607397E+03
          25    0.3532169486E+02    0.3474657218E+02   -0.1627853079E+03
          26    0.3567151348E+02    0.3385991269E+02   -0.1654323267E+03
          27    0.3532383166E+02    0.3470998493E+02   -0.1618379746E+03
          28    0.3567174299E+02    0.3382797411E+02   -0.1644576853E+03
          29    0.3571076276E+02    0.3415072650E+02   -0.1652442725E+03
          30    0.3565241026E+02    0.3394039999E+02   -0.1650811919E+03
          31    0.3571088529E+02    0.3411711573E+02   -0.1642753944E+03
          32    0.3578873994E+02    0.3464901377E+02   -0.1646598768E+03
          33    0.3565275771E+02    0.3390805554E+02   -0.1641108479E+03
          34    0.3563227194E+02    0.3387920134E+02   -0.1647761742E+03
          35    0.3578886808E+02    0.3461266049E+02   -0.1637108058E+03
          36    0.3563276676E+02    0.3384727470E+02   -0.1638102658E+03
          37    0.3568713284E+02    0.3422243598E+02   -0.1646079759E+03
          38    0.3558920108E+02    0.3422621603E+02   -0.1628798154E+03
          39    0.3567138567E+02    0.3416884033E+02   -0.1645889012E+03
          40    0.3568748295E+02    0.3418853841E+02   -0.1636490998E+03
          41    0.3574647006E+02    0.3451964497E+02   -0.1642856861E+03
          42    0.3558968857E+02    0.3419502983E+02   -0.1619339686E+03
          43    0.3649332415E+02    0.3339407815E+02   -0.1737802979E+03
          44    0.3567177401E+02    0.3413525732E+02   -0.1636287129E+03
          45    0.3574920187E+02    0.3466509552E+02   -0.1640093644E+03
          46    0.3560349499E+02    0.3427416388E+02   -0.1628853717E+03
          47    0.3574677123E+02    0.3448411165E+02   -0.1633389390E+03
          48    0.3648699426E+02    0.3336355918E+02   -0.1726657526E+03
          49    0.3574959315E+02    0.3462879686E+02   -0.1630687900E+03
          50    0.3560387879E+02    0.3424269896E+02   -0.1619388691E+03
          51    0.3646930047E+02    0.3333084119E+02   -0.1734105520E+03
          52    0.3564801953E+02    0.3424019793E+02   -0.1639581920E+03
          53    0.3569707291E+02    0.3438968350E+02   -0.1635303832E+03
          54    0.3555035663E+02    0.3424595487E+02   -0.1622330707E+03
          55    0.3646318202E+02    0.3330078685E+02   -0.1723019050E+03
          56    0.3564863117E+02    0.3420633180E+02   -0.1630078812E+03
          57    0.3569776728E+02    0.3435506552E+02   -0.1625954535E+03
          58    0.3555110427E+02    0.3421477601E+02   -0.1612957725E+03
          59    0.3570717260E+02    0.3453619874E+02   -0.1636376789E+03
          60    0.2942269829E+02   -0.2435871522E+02   -0.8453954671E+02
          61    0.3556453671E+02    0.3429371461E+02   -0.1622369763E+03
          62    0.3570773457E+02    0.3450071309E+02   -0.1626993967E+03
          63    0.3556518230E+02    0.3426225976E+02   -0.1612990560E+03
          64    0.3568993988E+02    0.3441957395E+02   -0.1633036343E+03
          65    0.3565818616E+02    0.3440667452E+02   -0.1628893631E+03
          66    0.3569062547E+02    0.3438482956E+02   -0.1623699102E+03
          67    0.3565913501E+02    0.3437209721E+02   -0.1619627447E+03
          68    0.3567377407E+02    0.3437441863E+02   -0.1629771468E+03
          69    0.3567461065E+02    0.3434000483E+02   -0.1620488488E+03
          70    0.3567088237E+02    0.3439206733E+02   -0.1629314324E+03
          71    0.3637235796E+02    0.3369327814E+02   -0.1706121312E+03
          72    0.3596039586E+02    0.3405821724E+02   -0.1676432297E+03
          73    0.3567170947E+02    0.3435756090E+02   -0.1620029232E+03
          74    0.3636667792E+02    0.3366403716E+02   -0.1695369906E+03
          75    0.3565108222E+02    0.3443642023E+02   -0.1626628827E+03
          76    0.3596044603E+02    0.3402544669E+02   -0.1666540530E+03
          77    0.3559119576E+02    0.3440497373E+02   -0.1613658816E+03
          78    0.3638877601E+02    0.3374332666E+02   -0.1706557109E+03
          79    0.3565202241E+02    0.3440171815E+02   -0.1617374743E+03
          80    0.3638295476E+02    0.3371376697E+02   -0.1695790686E+03
          81    0.3565188502E+02    0.3432840162E+02   -0.1616095022E+03
          82    0.3564978904E+02    0.3432721779E+02   -0.1615640037E+03
          83    0.3563615208E+02    0.3435703482E+02   -0.1614190835E+03
          84    0.3563258372E+02    0.3433481030E+02   -0.1613464172E+03
          85    0.3473593581E+02    0.3545876487E+02   -0.1560603851E+03
          86    0.3564821388E+02    0.3432632999E+02   -0.1615297860E+03
          87    0.3564663621E+02    0.3432544236E+02   -0.1614954925E+03
          88    0.3592084306E+02    0.3407733610E+02   -0.1669755524E+03
          89    0.3564452910E+02    0.3432425933E+02   -0.1614496575E+03
          90    0.3563326194E+02    0.3437451709E+02   -0.1613731980E+03
          91    0.3474075327E+02    0.3542193762E+02   -0.1551790073E+03
          92    0.3549144744E+02    0.3440705043E+02   -0.1595352833E+03
          93    0.3578053788E+02    0.3436149438E+02   -0.1837489172E+03
          94    0.3544134905E+02    0.3321875736E+02   -0.2268834199E+03
          95    0.3592116204E+02    0.3404458276E+02   -0.1659952800E+03
          96    0.3677160255E+02    0.3352873116E+02   -0.1759895622E+03
          97    0.1940277288E+02    0.5792825618E+02   -0.5839039143E+02
          98    0.3537501774E+02    0.3318208285E+02   -0.2232915423E+03
          99    0.3470353523E+02    0.3547332686E+02   -0.1555179929E+03
         100    0.3676518465E+02    0.3349774480E+02   -0.1748611086E+03
