        Rank        RMSE       MaxAE  Feature_ID
           1    3.086379   11.208223  (    6068   10020)
           2    3.089029   10.603405  (    6068   10048)
           3    3.131849   11.580343  (    6068   10054)
           4    3.239254   10.686634  (    6068   10927)
           5    3.261117   11.392673  (    6068   10015)
           6    3.313194   11.368352  (     964   10048)
           7    3.319685   11.403299  (    6068   10017)
           8    3.321424   12.671018  (    3880   10045)
           9    3.328991   12.042352  (    6068   10005)
          10    3.334837    9.290366  (    7216   10064)
          11    3.343746   11.683843  (    3880   10064)
          12    3.358963   11.629197  (    6068   10056)
          13    3.363963   10.013585  (      27   10110)
          14    3.376064   10.487971  (    7216   10017)
          15    3.395241   12.532721  (     964   10005)
          16    3.408255   10.515503  (    7216   10045)
          17    3.423239   11.913421  (    9227   10017)
          18    3.424626   12.037261  (     964   10020)
          19    3.426727   10.566554  (    6068   10195)
          20    3.427020   10.593128  (    7216   10015)
          21    3.429323   10.416896  (    6068   14118)
          22    3.430474   12.329240  (     964   10054)
          23    3.430719   10.013046  (      71   10110)
          24    3.446093   11.691096  (    6068   10067)
          25    3.453167   11.545873  (    7216   12911)
          26    3.453804   10.967449  (    7216   10020)
          27    3.460024   11.299731  (    7216   10054)
          28    3.467490   10.740657  (    7216   10067)
          29    3.470807   11.479998  (      13   10110)
          30    3.471481   12.824328  (    3880   10017)
          31    3.473242   12.031472  (    6068   10025)
          32    3.474321   12.043571  (     964   10017)
          33    3.481196   11.076202  (    7216   10025)
          34    3.482711   12.780892  (    6068   10037)
          35    3.483127   12.435542  (    9227   10025)
          36    3.483690   12.126332  (    9227   10067)
          37    3.485497   12.585331  (    6068   10004)
          38    3.488563   12.758506  (    6068   10007)
          39    3.488805   10.759754  (    6068   10582)
          40    3.490336   10.791979  (    7216   10056)
          41    3.492493   10.810743  (    7216   10057)
          42    3.493233   11.553990  (      27   10007)
          43    3.494650   12.540991  (    9227   10214)
          44    3.496316   12.603242  (    9227   10005)
          45    3.496522   12.352750  (    9227   10054)
          46    3.496898   11.273868  (    7216   10005)
          47    3.500658   10.844069  (    6068   10501)
          48    3.505530   10.907842  (      27   10554)
          49    3.507458   13.295827  (    3880   10025)
          50    3.511812   11.155555  (    6068   10779)
          51    3.514311   11.161355  (    6068   10788)
          52    3.514961   13.901531  (    1970   10048)
          53    3.516507   11.168082  (    6068   10739)
          54    3.516534   11.168488  (    6068   10733)
          55    3.516570   11.168951  (    6068   10730)
          56    3.516610   11.169421  (    6068   10727)
          57    3.516650   11.169843  (    6068   10724)
          58    3.518924   11.606497  (    9227   10343)
          59    3.519296   11.707519  (     826   10437)
          60    3.519778   11.177795  (    6068   10683)
          61    3.519930   13.017303  (    3880   10067)
          62    3.521764   11.182908  (    6068   10686)
          63    3.524781   11.491139  (      31   10110)
          64    3.524812   11.644943  (    6068   10986)
          65    3.527068   10.657756  (     198   10157)
          66    3.533190   10.144544  (     159   10110)
          67    3.533794   11.251657  (    6068   10338)
          68    3.534462   11.297319  (    6068   11744)
          69    3.534531   11.702853  (    1784   11386)
          70    3.536918   13.507005  (    3166   15521)
          71    3.538104   15.163127  (    1403   10005)
          72    3.539110   10.930826  (    6068   10543)
          73    3.541447   11.253621  (    6068   10946)
          74    3.542155   11.540517  (      71   10007)
          75    3.542579   11.578501  (    6068   11087)
          76    3.542634   13.991802  (    9578   10054)
          77    3.543561   13.862345  (    8957   10054)
          78    3.544683   11.918918  (    6068   10135)
          79    3.544894   10.849634  (    3157   11079)
          80    3.544970   12.407202  (    9227   10116)
          81    3.545417   11.147480  (    6068   11848)
          82    3.545531   11.216542  (    7216   10048)
          83    3.545916   11.196042  (    6068   10700)
          84    3.546397   11.164292  (    6068   11993)
          85    3.547457   11.854439  (     964   10357)
          86    3.548404   11.281547  (    7216   11127)
          87    3.549261   11.256544  (    6068   10343)
          88    3.550997   13.071893  (    8957   10048)
          89    3.551707   11.133447  (    3799   11012)
          90    3.552679   11.495091  (    1784   11072)
          91    3.554897   11.822389  (      27   10018)
          92    3.555620   13.210218  (    9578   10048)
          93    3.556929   11.906024  (    7216   10007)
          94    3.557644   12.272369  (     964   10067)
          95    3.558409   11.666316  (    6068   10081)
          96    3.558519   11.236552  (    6068   11084)
          97    3.559444   11.859305  (    7216   10009)
          98    3.559724   11.168442  (    6068   12202)
          99    3.560857   11.577013  (    9227   10048)
         100    3.561411   11.763442  (    9612   10017)
