Model_ID, [(c_i,i=0,n)_j,j=1,ntask]
           1    0.1439003033E+03    0.1033479100E+03   -0.2480466515E+03
           2    0.1422867689E+03    0.1049407934E+03   -0.2118052389E+03
           3    0.1459522603E+03    0.1045938636E+03   -0.2044516957E+03
           4    0.1463560514E+03    0.1032652991E+03    0.2367300560E+03
           5    0.1444470034E+03    0.1033418483E+03   -0.2713495343E+03
           6    0.1458294208E+03    0.1048717918E+03   -0.2036265946E+03
           7    0.1483903588E+03    0.1014879905E+03    0.2442592722E+03
           8    0.1443054280E+03    0.1053962342E+03   -0.2031683751E+03
           9    0.1449628624E+03    0.1050981103E+03   -0.2034869402E+03
          10    0.1449833893E+03    0.1050394757E+03   -0.2031672059E+03
          11    0.1449236671E+03    0.1050620314E+03   -0.2029882806E+03
          12    0.2110134166E+03    0.1004035403E+03   -0.1432336360E+03
          13    0.1448641209E+03    0.1050839677E+03   -0.2027794802E+03
          14    0.1429886352E+03    0.1070177130E+03   -0.3007234169E+03
          15    0.1498866921E+03    0.9896292992E+02   -0.1470400076E+03
          16    0.1448897278E+03    0.1049834681E+03   -0.2002401748E+03
          17    0.1455389348E+03    0.1046953497E+03   -0.2009130015E+03
          18    0.1468036890E+03    0.9959651547E+02   -0.3480544515E+03
          19    0.1446370950E+03    0.1053673718E+03   -0.1927992664E+03
          20    0.1466383431E+03    0.1004441711E+03   -0.1487702323E+03
          21    0.1490397981E+03    0.9941823631E+02   -0.1476499742E+03
          22    0.1449373850E+03    0.1014463462E+03   -0.2424571481E+03
          23    0.1460615640E+03    0.9981526684E+02    0.2756075998E+03
          24    0.1434647253E+03    0.1027442362E+03   -0.2024640566E+03
          25    0.1480545292E+03    0.9984376241E+02   -0.1478866573E+03
          26    0.1329374344E+03    0.1165720483E+03    0.2468132302E+03
          27    0.1475523270E+03    0.1005203158E+03   -0.1411508571E+03
          28    0.1440652586E+03    0.1051224941E+03   -0.1959466919E+03
          29    0.1456772583E+03    0.9972172671E+02    0.2757997872E+03
          30    0.1308293397E+03    0.1198265365E+03   -0.2055041984E+03
          31    0.1461170574E+03    0.1008774102E+03   -0.1429763625E+03
          32    0.1500765126E+03    0.9790519255E+02   -0.1489306810E+03
          33    0.1365832951E+03    0.1155321951E+03    0.2540567432E+03
          34    0.1467387321E+03    0.9922338018E+02    0.2739761519E+03
          35    0.1483867673E+03    0.1056343121E+03    0.2491414818E+03
          36    0.1491433019E+03    0.1055859296E+03   -0.1297944491E+03
          37    0.1439582526E+03    0.1053764277E+03   -0.1947034733E+03
          38    0.1450060966E+03    0.1000980630E+03   -0.1528593690E+03
          39    0.1489143707E+03    0.1056966512E+03   -0.1300829647E+03
          40    0.1469029504E+03    0.9925592100E+02    0.2703716527E+03
          41    0.1464531826E+03    0.9936641911E+02    0.2727648113E+03
          42    0.1466052728E+03    0.9930992461E+02    0.2724918272E+03
          43    0.1436967092E+03    0.1046543768E+03   -0.1892127055E+03
          44    0.1509033335E+03    0.9900554954E+02   -0.1348378030E+03
          45    0.2261395668E+03    0.8926745776E+02   -0.2464506142E+03
          46    0.1461366747E+03    0.9953031154E+02    0.2720409199E+03
          47    0.1463770246E+03    0.9941069870E+02    0.2720560695E+03
          48    0.1337990729E+03    0.1190225952E+03   -0.2094304083E+03
          49    0.1489790083E+03    0.9846578155E+02   -0.1514618455E+03
          50    0.1462539974E+03    0.9946857529E+02    0.2718047147E+03
          51    0.1475126122E+03    0.9914407651E+02    0.2653548296E+03
          52    0.1462874119E+03    0.9945107695E+02    0.2717187747E+03
          53    0.1463207755E+03    0.9943364299E+02    0.2716246422E+03
          54    0.1461977232E+03    0.9949194515E+02    0.2712880636E+03
          55    0.1464371185E+03    0.9937314610E+02    0.2712307448E+03
          56    0.2108491307E+03    0.9195786314E+02   -0.1217645699E+03
          57    0.1468310226E+03    0.9975579491E+02   -0.1417881917E+03
          58    0.1487500891E+03    0.9730721890E+02    0.1930168913E+03
          59    0.1461221662E+03    0.9953665568E+02    0.2704243130E+03
          60    0.2241380266E+03    0.9663828727E+02   -0.1865842318E+03
          61    0.1479639217E+03    0.9890018740E+02   -0.1520252464E+03
          62    0.1507005624E+03    0.1048316779E+03    0.2343833777E+03
          63    0.1459685893E+03    0.9959841992E+02    0.2697654657E+03
          64    0.1430238385E+03    0.1008421786E+03   -0.2810488107E+03
          65    0.1500293949E+03    0.1040830718E+03   -0.5487189812E+03
          66    0.1553957947E+03    0.9640702154E+02    0.1559066975E+03
          67    0.1467703198E+03    0.1091453973E+03   -0.1821103468E+03
          68    0.1442165127E+03    0.1156656436E+03   -0.6230435271E+03
          69    0.1540895607E+03    0.1049676415E+03   -0.1357223575E+03
          70    0.1510571333E+03    0.1084848646E+03    0.1973168343E+03
          71    0.1493091208E+03    0.9931874542E+02   -0.1418364655E+03
          72    0.2106014126E+03    0.8745319453E+02    0.3252348670E+03
          73    0.1456625199E+03    0.9966328505E+02    0.2704053867E+03
          74    0.1477264890E+03    0.1062474513E+03   -0.1282943659E+03
          75    0.1540965319E+03    0.1049418928E+03    0.1355542421E+03
          76    0.1502675064E+03    0.1048227273E+03    0.2317268394E+03
          77    0.1508362972E+03    0.1049638607E+03    0.2293084249E+03
          78    0.1469957361E+03    0.1003081318E+03   -0.1420860092E+03
          79    0.1464325981E+03    0.9899966709E+02    0.2738704091E+03
          80    0.1454297189E+03    0.1073279503E+03   -0.1262870186E+03
          81    0.1899874213E+03    0.7351650705E+02   -0.1295448598E+03
          82    0.2219531794E+03    0.9736028332E+02   -0.1665844120E+03
          83    0.1496352197E+03    0.1043467423E+03    0.3034310081E+03
          84    0.1487593711E+03    0.1044402394E+03   -0.2234367955E+03
          85    0.1493276058E+03    0.1173095066E+03   -0.1162184283E+03
          86    0.1348012420E+03    0.1245406230E+03   -0.1396380007E+03
          87    0.1486309188E+03    0.1059083417E+03   -0.1270312654E+03
          88    0.1482279038E+03    0.1065132135E+03   -0.2679106028E+03
          89    0.1500756707E+03    0.1049209134E+03    0.2315468229E+03
          90    0.1481987098E+03    0.1062109692E+03   -0.1275304842E+03
          91    0.1487382308E+03    0.1058640588E+03   -0.1266308788E+03
          92    0.1496356732E+03    0.9957723094E+02   -0.3012401666E+03
          93    0.1496151214E+03    0.9753966451E+02    0.1590864089E+03
          94    0.1500434845E+03    0.1049378465E+03    0.2314679526E+03
          95    0.2185849227E+03    0.8995448969E+02   -0.1882451812E+03
          96    0.2104103682E+03    0.8877659877E+02    0.3213156437E+03
          97    0.1518511090E+03    0.9611605253E+02    0.1568856929E+03
          98    0.1485509752E+03    0.1066423271E+03   -0.1115266573E+03
          99    0.2105059554E+03    0.9113384940E+02   -0.1550827366E+03
         100    0.1520350785E+03    0.1104869866E+03   -0.1156269267E+03
