Model_ID, [(c_i,i=0,n)_j,j=1,ntask]
           1    0.2316978943E+03    0.2070252320E+03   -0.1578433973E+04
           2    0.2328262294E+03    0.2097293480E+03   -0.1467996926E+04
           3    0.1615733570E+03    0.1155467440E+03    0.1257886884E+04
           4    0.2349245983E+03    0.2192030521E+03   -0.7639781584E+03
           5    0.2695368720E+03    0.2318928001E+03   -0.4328228082E+03
           6    0.2296083701E+03    0.1991475987E+03   -0.1364327561E+04
           7    0.2301843600E+03    0.2016751448E+03    0.1267826479E+04
           8    0.2321378855E+03    0.2051604103E+03   -0.1051488440E+04
           9    0.2279551990E+03    0.2113290696E+03   -0.1119032629E+04
          10    0.2163348178E+03    0.9034138391E+02   -0.2878137209E+03
          11    0.3377611379E+03    0.3023649611E+03   -0.1253071342E+04
          12    0.2639448497E+03    0.2281896611E+03   -0.3808705871E+03
          13    0.2571531480E+03    0.1201289409E+03   -0.2463489621E+04
          14    0.2605834085E+03    0.1213561935E+03   -0.2572953945E+04
          15    0.2312724951E+03    0.2119999255E+03   -0.1140164038E+04
          16    0.1618780804E+03    0.1142738478E+03   -0.1289904920E+04
          17    0.2689162538E+03    0.1280933403E+03   -0.1137780478E+04
          18    0.2412128923E+03    0.2231369590E+03   -0.1291985920E+04
          19    0.2781714257E+03    0.2461204285E+03   -0.4156563683E+03
          20    0.3372370985E+03    0.2939832928E+03   -0.1225873017E+04
          21    0.3375809366E+03    0.2960104528E+03   -0.1254748892E+04
          22    0.3376926054E+03    0.3018527726E+03   -0.1260522888E+04
          23    0.2283299610E+03    0.2117631507E+03   -0.1167276157E+04
          24    0.3374927517E+03    0.3023232351E+03   -0.1246475673E+04
          25    0.2293134978E+03    0.2044986814E+03   -0.8516886496E+03
          26    0.1656362578E+03    0.1193452701E+03    0.1819044187E+04
          27    0.2341765789E+03    0.2054786347E+03   -0.8408710247E+03
          28    0.2476405900E+03    0.2157388673E+03   -0.1186809708E+04
          29    0.2788673312E+03    0.1209694920E+03   -0.1148248087E+04
          30    0.3386888895E+03    0.2999859799E+03   -0.8547647892E+03
          31    0.2360613952E+03    0.2208697580E+03   -0.6815851324E+03
          32    0.3084415786E+03    0.2766011864E+03   -0.1437453666E+04
          33    0.2277094757E+03    0.2110982624E+03   -0.1101243484E+04
          34    0.2317713420E+03    0.2132830110E+03    0.8775368040E+03
          35    0.1626675162E+03    0.1140850131E+03    0.1113934016E+04
          36    0.2699389718E+03    0.2311947912E+03   -0.4319191019E+03
          37    0.1613567070E+03    0.1200116024E+03   -0.1299266304E+04
          38    0.3078158522E+03    0.2795965032E+03   -0.1353256549E+04
          39    0.1626307457E+03    0.1103756050E+03    0.2040306943E+04
          40    0.1621260623E+03    0.1177399642E+03    0.1271487814E+04
          41    0.2632113333E+03    0.2260595241E+03    0.3834954687E+03
          42    0.2353058626E+03    0.1984216665E+03   -0.1578868071E+04
          43    0.1577076027E+03    0.1105689436E+03   -0.1382310319E+04
          44    0.2513056923E+03    0.2376945875E+03   -0.1857711271E+04
          45    0.3105583112E+03    0.2754661871E+03   -0.1373433121E+04
          46    0.2280255547E+03    0.2106497677E+03   -0.1105784999E+04
          47    0.2364794664E+03    0.2010429905E+03   -0.1469035868E+04
          48    0.2282709984E+03    0.2072835844E+03   -0.1407678514E+04
          49    0.2576737819E+03    0.1194314833E+03   -0.2448229716E+04
          50    0.1547091053E+03    0.1113269214E+03    0.1339586565E+04
          51    0.2630458860E+03    0.2268973380E+03    0.6305190946E+03
          52    0.3379985309E+03    0.2984068626E+03   -0.1274807622E+04
          53    0.2610895323E+03    0.1206484199E+03   -0.2556896978E+04
          54    0.2686384253E+03    0.1279883315E+03   -0.1123190838E+04
          55    0.2721414252E+03    0.2334191045E+03   -0.5553934453E+03
          56    0.3379698065E+03    0.2988666722E+03   -0.1272770277E+04
          57    0.2373192977E+03    0.2037171546E+03   -0.1021286958E+04
          58    0.3096369389E+03    0.2642488992E+03   -0.1379488375E+04
          59    0.3379678800E+03    0.2989463851E+03   -0.1272683743E+04
          60    0.3082314660E+03    0.2771046294E+03   -0.1450715067E+04
          61    0.1614485609E+03    0.1192064274E+03    0.1354193962E+04
          62    0.1626416668E+03    0.1130859034E+03    0.1748332169E+04
          63    0.2693353024E+03    0.1282526257E+03   -0.1178067534E+04
          64    0.2643527363E+03    0.2274631872E+03   -0.3801442120E+03
          65    0.1539484315E+03    0.1088910309E+03   -0.1491211535E+04
          66    0.2687160532E+03    0.2291319981E+03    0.4323115308E+03
          67    0.2529765435E+03    0.2069730882E+03   -0.1837204595E+04
          68    0.1663313610E+03    0.1035732195E+03   -0.1422486076E+04
          69    0.2298208044E+03    0.2097168226E+03   -0.1577483865E+04
          70    0.3041651287E+03    0.2752185348E+03   -0.1463247348E+03
          71    0.3377614445E+03    0.3024841480E+03   -0.1275989444E+04
          72    0.2363314541E+03    0.2003539019E+03   -0.1246795284E+04
          73    0.2336403777E+03    0.2089740747E+03   -0.8145292194E+03
          74    0.2430273231E+03    0.1998459917E+03   -0.5713325249E+03
          75    0.2367626591E+03    0.2021365036E+03   -0.1205009845E+04
          76    0.1359365907E+03    0.8212733309E+02   -0.5336034504E+03
          77    0.1551128986E+03    0.1065621375E+03    0.1593447133E+04
          78    0.1621005099E+03    0.1192423210E+03    0.1077839251E+04
          79    0.2325387954E+03    0.1051674247E+03   -0.1253153875E+04
          80    0.3379287646E+03    0.2996872144E+03   -0.1269287090E+04
          81    0.2297449261E+03    0.2020129706E+03   -0.1539249560E+04
          82    0.2280547753E+03    0.2115036336E+03   -0.1147859090E+04
          83    0.2533019445E+03    0.2062585053E+03   -0.1199838804E+04
          84    0.2527631802E+03    0.2284795043E+03    0.1599151488E+04
          85    0.3073203505E+03    0.2736082310E+03   -0.1291703115E+04
          86    0.3113172853E+03    0.2876210286E+03    0.2349176577E+03
          87    0.3058336068E+03    0.2783354545E+03    0.2821187073E+03
          88    0.2688664258E+03    0.1276958420E+03   -0.1126702062E+04
          89    0.3081757912E+03    0.2807092763E+03   -0.1316535688E+04
          90    0.2744968617E+03    0.1210333942E+03    0.2205414802E+04
          91    0.2334639978E+03    0.2009258420E+03   -0.9752324591E+03
          92    0.3081272382E+03    0.2764855723E+03   -0.1429843467E+04
          93    0.2785775231E+03    0.1208650142E+03   -0.1133369767E+04
          94    0.1621304121E+03    0.1190855837E+03    0.1084631886E+04
          95    0.2409312276E+03    0.2230812952E+03   -0.1296912902E+04
          96    0.3052074019E+03    0.2722954730E+03   -0.1508815103E+03
          97    0.2300744854E+03    0.2040139695E+03   -0.8417756044E+03
          98    0.2473701175E+03    0.2155271882E+03   -0.1171326707E+04
          99    0.3375685264E+03    0.2992388075E+03   -0.1276483427E+04
         100    0.1615868750E+03    0.1213449176E+03    0.1698273818E+04
