Model_ID, [(c_i,i=0,n)_j,j=1,ntask]
           1    0.3072077554E+03   -0.1553015682E+03    0.3292338345E+03
           2    0.3535090024E+03    0.1282170704E+03    0.3367953460E+03
           3    0.3001864090E+03    0.2291462021E+03    0.4213240339E+03
           4    0.3131214958E+03    0.2794497056E+03    0.3984495013E+03
           5    0.3003143517E+03    0.2293804808E+03    0.4217844490E+03
           6    0.2986081181E+03    0.2250466560E+03    0.4362599240E+03
           7    0.3128681264E+03    0.2802026438E+03    0.4006881169E+03
           8    0.3008006227E+03    0.2289190796E+03    0.4204400502E+03
           9    0.2987350108E+03    0.2252544044E+03    0.4365666148E+03
          10    0.3467240918E+03    0.3066044970E+03    0.4426734232E+03
          11    0.2874922425E+03    0.1662575829E+03    0.3512025170E+03
          12    0.2872086041E+03    0.1667135910E+03    0.3534947270E+03
          13    0.2992214255E+03    0.2247892531E+03    0.4349827083E+03
          14    0.3107729443E+03   -0.2311712966E+03   -0.6770203184E+03
          15    0.3135506135E+03    0.2749559533E+03    0.3961434819E+03
          16    0.3142374213E+03    0.2739193892E+03    0.3905594984E+03
          17    0.3102647381E+03   -0.2315471016E+03   -0.6614647473E+03
          18    0.3104160283E+03    0.2316170148E+03   -0.6855654869E+03
          19    0.3147314225E+03    0.2727887222E+03    0.3878414331E+03
          20    0.3542846365E+03    0.1296197167E+03    0.3363695131E+03
          21    0.3132959741E+03    0.2756619701E+03    0.3981996085E+03
          22    0.3137192411E+03    0.2732392981E+03    0.3714445865E+03
          23    0.3139840316E+03    0.2745822544E+03    0.3924055970E+03
          24    0.3150348208E+03    0.2720507168E+03    0.3863885137E+03
          25    0.3135778834E+03    0.2748078518E+03    0.3914959392E+03
          26    0.3575424553E+03    0.2323641631E+03    0.3343018719E+03
          27    0.2971423181E+03    0.2233379094E+03    0.4008662926E+03
          28    0.3144782435E+03    0.2734242288E+03    0.3895579457E+03
          29    0.2971368798E+03    0.2233468518E+03    0.4023280266E+03
          30    0.3134717489E+03    0.2738370544E+03    0.3729478326E+03
          31    0.3138496344E+03    0.2733718040E+03    0.3970680903E+03
          32    0.3507515392E+03    0.1253118244E+03    0.3310478094E+03
          33    0.2972703974E+03    0.2235272766E+03    0.4010103677E+03
          34    0.1989662184E+03   -0.1060421939E+03    0.1843520278E+03
          35    0.3147816426E+03    0.2726701740E+03    0.3880293882E+03
          36    0.3133246912E+03    0.2754950696E+03    0.3934513825E+03
          37    0.2972649330E+03    0.2235363568E+03    0.4024739081E+03
          38    0.3144543099E+03    0.2759601603E+03    0.3966796547E+03
          39    0.2976459594E+03    0.2291752839E+03    0.4658670565E+03
          40    0.2865664008E+03    0.1636647470E+03    0.3614218790E+03
          41    0.3390784002E+03   -0.2739845003E+03    0.4489817115E+03
          42    0.3135939919E+03    0.2740662582E+03    0.3990823385E+03
          43    0.3095235570E+03    0.2345604864E+03    0.3003029590E+03
          44    0.2977655932E+03    0.2230392757E+03    0.3992513160E+03
          45    0.3142000281E+03    0.2766574312E+03    0.3986737567E+03
          46    0.2977602355E+03    0.2230481530E+03    0.4007054710E+03
          47    0.2981384739E+03    0.2286597193E+03    0.4644953684E+03
          48    0.3434498401E+03   -0.2797279433E+03    0.4487519369E+03
          49    0.3437868159E+03    0.2795321929E+03    0.4474036220E+03
          50    0.3108912212E+03   -0.2321117556E+03    0.6539895068E+03
          51    0.3434131142E+03   -0.2796494786E+03    0.4486927484E+03
          52    0.3103785692E+03   -0.2324961794E+03    0.6390048885E+03
          53    0.4138943063E+03   -0.1486350110E+03   -0.2452411992E+03
          54    0.3561471468E+03    0.2316542221E+03    0.3281374631E+03
          55    0.3291720759E+03    0.2650898058E+03    0.6319633237E+03
          56    0.2083771314E+03    0.1048467770E+03   -0.5009686485E+03
          57    0.2976690237E+03    0.2186201098E+03    0.4062811630E+03
          58    0.3105327877E+03    0.2325484369E+03    0.6621178672E+03
          59    0.2258060351E+03    0.1311751657E+03   -0.4943329487E+03
          60    0.3358665804E+03    0.2642127346E+03    0.4215990581E+03
          61    0.3519390488E+03    0.1094848646E+03    0.3030311663E+03
          62    0.2977955133E+03    0.2187978257E+03    0.4063834099E+03
          63    0.2856701437E+03    0.1561893003E+03    0.3679815440E+03
          64    0.3596710036E+03    0.1092899239E+03    0.3326985343E+03
          65    0.3418264742E+03   -0.2796320762E+03    0.4222686262E+03
          66    0.3949765943E+03   -0.1658265831E+03    0.4304440749E+03
          67    0.3418220983E+03   -0.2796715618E+03    0.4240258826E+03
          68    0.3129016618E+03    0.2750545110E+03    0.3912683057E+03
          69    0.3126824034E+03    0.2722432843E+03    0.3837985874E+03
          70    0.2853679818E+03    0.1566415894E+03    0.3704678328E+03
          71    0.3157550709E+03    0.2695668623E+03    0.3791366467E+03
          72    0.3363915409E+03    0.2710789200E+03    0.4370564825E+03
          73    0.3021741186E+03    0.2375113676E+03    0.4245054709E+03
          74    0.3392481388E+03    0.2717951946E+03    0.4368661538E+03
          75    0.3462048582E+03    0.2839464515E+03    0.4265150156E+03
          76    0.3285855074E+03    0.2675821366E+03   -0.2385636531E+03
          77    0.2988403086E+03    0.2222790670E+03    0.4153771398E+03
          78    0.2988667483E+03    0.2223138178E+03    0.4152051904E+03
          79    0.2982740806E+03    0.2183555329E+03    0.4048248177E+03
          80    0.3553374241E+03    0.2244036052E+03    0.3273553924E+03
          81    0.3413742492E+03   -0.2737924154E+03    0.4309256905E+03
          82    0.3126486806E+03    0.2757595527E+03    0.3933011804E+03
          83    0.4037169724E+03    0.2028672142E+03   -0.2847437796E+03
          84    0.3408422641E+03    0.2781512608E+03    0.4426359663E+03
          85    0.3088999653E+03   -0.2326948963E+03   -0.5112488831E+03
          86    0.3030707751E+03    0.2317441655E+03    0.1636253593E+03
          87    0.2989664915E+03    0.2224768631E+03    0.4156303930E+03
          88    0.2989929273E+03    0.2225118929E+03    0.4154605470E+03
          89    0.3124306022E+03    0.2729056376E+03    0.3856442666E+03
          90    0.3414352174E+03   -0.2768703308E+03    0.4460593708E+03
          91    0.3530249464E+03    0.1364278650E+03   -0.2976421028E+03
          92    0.2781993543E+03    0.1990788886E+03    0.4053219838E+03
          93    0.3401406682E+03    0.2705345157E+03    0.4239773597E+03
          94    0.3677373002E+03    0.1601221791E+03   -0.5764382128E+03
          95    0.3080379925E+03    0.2221389536E+03    0.2934110016E+03
          96    0.3088321661E+03   -0.2333460557E+03    0.5079646450E+03
          97    0.3370160294E+03    0.2693612105E+03    0.4321446960E+03
          98    0.3369200889E+03    0.2696614776E+03    0.4328169163E+03
          99    0.3307303713E+03    0.2687602391E+03    0.5998609393E+03
         100    0.3083383519E+03    0.2218374076E+03    0.2981379154E+03
