Model_ID, [(c_i,i=0,n)_j,j=1,ntask]
           1    0.1891542872E+01   -0.2571722240E+02    0.2776620981E+03
           2    0.1712135505E+01   -0.2591538893E+02    0.2784576137E+03
           3    0.3929413443E+01    0.2240249273E+02    0.2664567078E+03
           4    0.3780388585E+01    0.2256851247E+02    0.2672478048E+03
           5    0.1585544936E+02   -0.1536893361E+02   -0.1042487612E+03
           6    0.1755054148E+01   -0.1301851919E+02    0.2780550139E+03
           7    0.3808848870E+01   -0.1131895131E+02    0.2670505116E+03
           8    0.3244483415E+01   -0.1202170547E+02    0.2717319138E+03
           9    0.5931687923E+01    0.2017342746E+02    0.2005298915E+03
          10    0.1986349818E+01   -0.2564510022E+02    0.2771889966E+03
          11    0.3783291516E+01   -0.2243398649E+02    0.2666555613E+03
          12    0.1601443413E+02   -0.1538492992E+02   -0.1025813720E+03
          13    0.1604508659E+02   -0.1534973310E+02   -0.1032831206E+03
          14    0.3817386883E+01    0.2223998115E+02    0.2030833079E+03
          15    0.3679149646E+01    0.2237118800E+02    0.2028292379E+03
          16    0.3135887244E+01   -0.1193223844E+02    0.2070808483E+03
          17    0.3870373446E+01   -0.2262758493E+02    0.2659762577E+03
          18    0.3852360699E+01   -0.2227417197E+02    0.2659920141E+03
          19    0.3709385842E+01   -0.1121683554E+02    0.2025172567E+03
          20    0.3680397210E+01   -0.2224442318E+02    0.2025460428E+03
          21    0.5874120232E+01   -0.3128745369E+02   -0.9240659060E+02
          22    0.1850164771E+01   -0.2534879121E+02    0.2076903765E+03
          23    0.5291420677E+01    0.2132525521E+02    0.2058533577E+03
          24    0.2468728024E+01   -0.2494891793E+02    0.2142475630E+03
          25    0.1596432034E+02   -0.1503881211E+02   -0.1029541574E+03
          26    0.7492226543E+01   -0.2981876198E+02    0.1892291013E+03
          27    0.4418742341E+01    0.2178178914E+02    0.2063039814E+03
          28    0.1689148219E+01   -0.2549735738E+02    0.2072673948E+03
          29    0.6783423998E+01   -0.3111937596E+02    0.1917505023E+03
          30    0.2130461243E+02   -0.1167839471E+02   -0.5338870024E+02
          31    0.2301834431E+01   -0.2512088055E+02    0.2144327762E+03
          32    0.4287289281E+01   -0.2197898727E+02    0.2049368569E+03
          33    0.4278583817E+01    0.2192807007E+02    0.2065416289E+03
          34    0.3759423152E+01   -0.2276180677E+02    0.2658249409E+03
          35    0.2467468259E+02    0.8560684041E+01   -0.5706879939E+02
          36    0.3849335211E+01   -0.2206687821E+02    0.2640639268E+03
          37    0.3772648128E+01   -0.2241807567E+02    0.2015586893E+03
          38    0.5175317365E+01    0.2142419492E+02    0.2054351340E+03
          39    0.2687330384E+01   -0.2513714993E+02    0.2740801587E+03
          40    0.1610029893E+02   -0.1543481860E+02   -0.1022540115E+03
          41    0.1566478854E+02   -0.1507657991E+02   -0.1014069778E+03
          42    0.4101556976E+01   -0.1658673824E+02   -0.5610539138E+02
          43    0.4306691688E+01   -0.1099647657E+02    0.2063216655E+03
          44    0.2560935355E+01   -0.2501532079E+02    0.2104227193E+03
          45    0.4591469601E+01    0.1736446607E+02   -0.1125185502E+03
          46    0.1511673767E+02   -0.1525750461E+02   -0.1003326055E+03
          47    0.1629359095E+02    0.1543945718E+02   -0.1013128005E+03
          48    0.1912231864E+01   -0.2589761997E+02    0.2750529887E+03
          49    0.1624360699E+02    0.1553592371E+02   -0.1011672611E+03
          50    0.4279538447E+01   -0.2180249674E+02    0.2062153627E+03
          51    0.2900590619E+01   -0.2139517006E+02    0.6774527837E+03
          52    0.4103262819E+01    0.2238383640E+02    0.2634616326E+03
          53    0.2524080610E+01   -0.2531195266E+02    0.2746840589E+03
          54    0.1514917456E+02   -0.1522290491E+02   -0.1010336756E+03
          55    0.4509889168E+01    0.2244107741E+02    0.2014471527E+03
          56    0.2556197748E+01   -0.2489413044E+02    0.2142786946E+03
          57    0.3957399409E+01    0.2254529213E+02    0.2641832137E+03
          58    0.2719933414E+01    0.2520179208E+02    0.2737378615E+03
          59    0.5296559214E+01    0.2113820959E+02    0.1899070786E+03
          60    0.5359399927E+01    0.1067782963E+02    0.2049629591E+03
          61    0.1736244773E+01   -0.1280185258E+02    0.2066700736E+03
          62    0.2344584291E+01   -0.1261693670E+02    0.2140128095E+03
          63    0.2903726783E+01   -0.2120356110E+02    0.6860981734E+03
          64    0.4443480234E+01   -0.2198796093E+02    0.2637019147E+03
          65    0.2595889487E+01    0.2507246109E+02    0.2099978509E+03
          66    0.3955860247E+01   -0.2226684943E+02    0.2020500430E+03
          67    0.4089839877E+01   -0.2234870947E+02    0.2623960969E+03
          68    0.6332004255E+01    0.1984395681E+02   -0.1423057473E+03
          69    0.4214860692E+01    0.2227540183E+02    0.2648447271E+03
          70    0.3776396863E+01   -0.2199651553E+02    0.1996997744E+03
          71    0.4940431762E+01   -0.1088965393E+02    0.1924124130E+03
          72    0.6627387765E+01   -0.2983700004E+02   -0.1941146564E+03
          73    0.2935826951E+01    0.2143279900E+02    0.6703112234E+03
          74    0.3743780079E+01   -0.2189266854E+02    0.2008831483E+03
          75    0.2412216802E+01   -0.2514582758E+02    0.2099125991E+03
          76    0.2825306099E+01   -0.2129342360E+02    0.6931339054E+03
          77    0.4014705025E+01    0.2247294556E+02    0.2640806753E+03
          78    0.4290157118E+01    0.2490402509E+02    0.2707415250E+02
          79    0.3085167830E+01    0.2126614004E+02    0.6671737157E+03
          80    0.6129181182E+01    0.1995499758E+02    0.2494536178E+03
          81    0.1630438829E+02   -0.1429738055E+02   -0.9567917872E+02
          82    0.1006448604E+01    0.2621239520E+02    0.2765479374E+03
          83    0.2721441133E+01   -0.2481937690E+02    0.2725005137E+03
          84    0.4342635429E+01   -0.2166216366E+02    0.2061414464E+03
          85    0.2591573802E+01   -0.2471244983E+02    0.2095144086E+03
          86    0.3220038800E+01   -0.2367268947E+02    0.5992884525E+03
          87    0.1503557940E+02   -0.1502126168E+02   -0.1003464668E+03
          88    0.4365291910E+01   -0.2198359950E+02    0.2055022504E+03
          89    0.2920577013E+01   -0.1061408133E+02    0.4899466103E+03
          90    0.3996427910E+01    0.2220589398E+02    0.2003875226E+03
          91    0.5919120292E+01    0.3347335801E+02   -0.8138311384E+02
          92    0.1557561297E+02   -0.1493524663E+02   -0.1000232252E+03
          93    0.1987530509E+01   -0.2514917600E+02    0.2044288105E+03
          94    0.4848209430E+01    0.1726312672E+02   -0.1032239330E+03
          95    0.7606521240E+01    0.2989104603E+02    0.1877718300E+03
          96    0.2832295662E+01   -0.2109131684E+02    0.7009922376E+03
          97    0.3724412197E+01   -0.2300938373E+02   -0.5182703527E+02
          98    0.1555437634E+02    0.1499667287E+02   -0.1005711868E+03
          99    0.1591943652E+02   -0.1490826439E+02   -0.1003717462E+03
         100    0.1542534782E+02    0.1563412133E+02   -0.9856365023E+02
