     Index              y_true              y_pred        descriptor_1        descriptor_2
         1    0.6524000000E+02    0.6032374759E+02   -0.2431621200E+00    0.1058624549E-01
         2    0.2067000000E+02    0.2475712573E+02    0.5929506000E+00    0.0000000000E+00
         3    0.7520000000E+02    0.7618731548E+02   -0.5312815200E+00    0.0000000000E+00
         4    0.1845000000E+02    0.1668975561E+02    0.7043999800E+00    0.1171438632E-01
         5    0.3187000000E+02    0.2712267078E+02    0.4881051400E+00    0.9591261120E-02
         6    0.6660000000E+02    0.6546967431E+02   -0.3011174400E+00    0.7431196320E-03
         7    0.6276000000E+02    0.6146050228E+02   -0.2500230600E+00    0.7339379580E-02
         8    0.1790000000E+02    0.2746174294E+02    0.2961241300E+00    0.4290665600E-01
         9    0.2551000000E+02    0.2842760293E+02    0.3477223000E+00    0.2978200680E-01
        10    0.8872000000E+02    0.8093633967E+02   -0.6350922500E+00    0.0000000000E+00
        11    0.3682000000E+02    0.3424428160E+02   -0.6978715600E+00    0.1955646482E+00
        12    0.6942000000E+02    0.8122946082E+02   -0.9162482800E+00    0.4959311942E-01
        13    0.6029000000E+02    0.6237096595E+02   -0.2241894400E+00   -0.9160974450E-03
        14    0.4537000000E+02    0.3834363388E+02    0.2959579400E+00    0.0000000000E+00
        15    0.2548000000E+02    0.1735703975E+02    0.7547119000E+00    0.0000000000E+00
        16    0.7420000000E+02    0.6223121184E+02   -0.2234651900E+00   -0.4953996840E-03
        17    0.7737000000E+02    0.7342322727E+02   -0.9941000000E+00    0.9444667740E-01
        18    0.5015000000E+02    0.3990671859E+02    0.2564023000E+00    0.9724770000E-03
        19    0.6056000000E+02    0.5216769823E+02    0.1952334400E+00   -0.3636444240E-01
        20    0.2720000000E+02    0.2102908074E+02    0.5700544500E+00    0.1884257760E-01
        21    0.3200000000E+01    0.6135857484E+01    0.1000000000E+01    0.0000000000E+00
        22    0.1850000000E+02    0.2770307372E+02    0.5285540000E+00    0.0000000000E+00
        23    0.4216000000E+02    0.3829443741E+02    0.1732603500E+00    0.2234147607E-01
        24    0.2681000000E+02    0.2844834024E+02    0.4725384900E+00    0.7170406950E-02
        25    0.6383000000E+02    0.6529633004E+02   -0.3230367000E+00    0.5383589952E-02
        26    0.4307000000E+02    0.4571615130E+02   -0.2430661800E+00    0.6820608959E-01
        27    0.5060000000E+01    0.6843425389E+01    0.2774945800E+00    0.1276230093E+00
        28    0.3120000000E+02    0.3041123069E+02    0.5105650200E+00   -0.7438492810E-02
        29    0.2078000000E+02    0.2070063862E+02    0.3868920000E+00    0.5320000000E-01
        30    0.3615000000E+02    0.3131471780E+02   -0.1469144000E-01    0.8380732318E-01
        31    0.8285000000E+02    0.7611553345E+02   -0.6040649800E+00    0.1342090966E-01
        32    0.5646000000E+02    0.6359182807E+02   -0.2559519600E+00    0.0000000000E+00
        33    0.5100000000E+02    0.4581592741E+02    0.1581932000E-01    0.2108262800E-01
        34    0.1464000000E+02    0.4824162891E+02    0.7952218000E-01    0.1294464300E-04
        35    0.5090000000E+02    0.6062108346E+02   -0.1914260000E+00    0.7449000000E-04
