Model_ID, [(c_i,i=0,n)_j,j=1,ntask]
           1    0.1630595580E+03    0.1128642307E+03    0.3088361085E+03
           2    0.2816795247E+03    0.1867934483E+03   -0.1619809400E+04
           3    0.2836102659E+03    0.1950332821E+03   -0.1669578398E+04
           4    0.1615262994E+03    0.1124214467E+03    0.6204895364E+03
           5    0.1619433885E+03    0.1116063982E+03    0.6159088807E+03
           6    0.1614202389E+03    0.1126088397E+03    0.6158138395E+03
           7    0.2832340895E+03    0.1943445985E+03   -0.6379607099E+03
           8    0.2788812000E+03    0.1950848536E+03   -0.1674651681E+04
           9    0.2691567640E+03    0.1039291720E+03    0.1075016874E+04
          10    0.1653853848E+03    0.1086308985E+03    0.2964576794E+03
          11    0.1659341683E+03    0.1094736349E+03    0.5891913983E+03
          12    0.1779832304E+03    0.1088261699E+03   -0.8592158400E+03
          13    0.1681429378E+03    0.1103166471E+03    0.3557071818E+03
          14    0.1714774922E+03    0.1376618283E+03    0.3038242009E+03
          15    0.1648349923E+03    0.1072281604E+03    0.6587006408E+03
          16    0.1961243500E+03    0.1082624702E+03    0.5775919945E+03
          17    0.2241329680E+03    0.1206814427E+03    0.5957562776E+03
          18    0.1641572386E+03    0.1109724434E+03    0.3657960559E+03
          19    0.1668705049E+03    0.1076550966E+03    0.3013716158E+03
          20    0.1644343202E+03    0.1080992108E+03   -0.7038499905E+03
          21    0.2861378333E+03    0.1970878010E+03   -0.9169288401E+03
          22    0.1632405594E+03    0.1117980029E+03    0.3639565513E+03
          23    0.1650044126E+03    0.1102717115E+03    0.2991905311E+03
          24    0.1640694103E+03    0.1114830801E+03    0.3629324718E+03
          25    0.1731189179E+03    0.1385449873E+03    0.3129134866E+03
          26    0.1628090242E+03    0.1102579897E+03    0.5949311522E+03
          27    0.1629062529E+03    0.1095065999E+03    0.5972018424E+03
          28    0.1472751278E+03    0.1024599460E+03    0.3402775774E+03
          29    0.1664021407E+03    0.1100880857E+03    0.3577961384E+03
          30    0.1446263062E+03    0.9974905075E+02    0.6320777259E+03
          31    0.1744994987E+03    0.1378422481E+03    0.3128946267E+03
          32    0.1597548246E+03    0.1125019116E+03    0.3476417027E+03
          33    0.2836043979E+03    0.1940383287E+03   -0.9192074576E+03
          34    0.1612532396E+03    0.1107314176E+03    0.4104783316E+03
          35    0.1643679724E+03    0.1113072402E+03    0.3614910124E+03
          36    0.1617392343E+03    0.1105556420E+03    0.5922548968E+03
          37    0.1633682113E+03    0.1100225757E+03    0.5938312124E+03
          38    0.2270745773E+03    0.1144771637E+03    0.3948398966E+03
          39    0.1826848855E+03    0.9635223592E+02    0.1338239195E+04
          40    0.1641865603E+03    0.1113261700E+03    0.3614540094E+03
          41    0.2422041506E+03    0.9716232560E+02    0.1047449630E+04
          42    0.1921640556E+03    0.1124775910E+03   -0.8299265893E+03
          43    0.1713287271E+03    0.1390164493E+03    0.3068026414E+03
          44    0.2243983223E+03    0.1198711495E+03   -0.1033466250E+04
          45    0.1633560745E+03    0.1116538894E+03    0.3611276607E+03
          46    0.1639581948E+03    0.1114400007E+03    0.3614894463E+03
          47    0.1617019160E+03    0.1105606035E+03    0.5914864293E+03
          48    0.1643891939E+03    0.1106038733E+03    0.3608654242E+03
          49    0.1637309813E+03    0.1115505376E+03    0.3614573020E+03
          50    0.1647720669E+03    0.1090327874E+03    0.5858905843E+03
          51    0.1866944133E+03    0.9210912868E+02    0.1158000430E+04
          52    0.1645733054E+03    0.1111888566E+03    0.3610865063E+03
          53    0.2926269230E+03    0.1141579552E+03    0.4802859813E+03
          54    0.1853023644E+03    0.9442251339E+02    0.8834082514E+03
          55    0.1688063612E+03    0.1087510613E+03    0.3474665059E+03
          56    0.1633157329E+03    0.1099539281E+03    0.5901714409E+03
          57    0.1658677580E+03    0.1106367388E+03    0.3596739925E+03
          58    0.1630102210E+03    0.1100067299E+03    0.5908637847E+03
          59    0.1616918254E+03    0.1105451165E+03    0.5906450098E+03
          60    0.1630680243E+03    0.1091176837E+03    0.5917174079E+03
          61    0.1649014661E+03    0.1094448848E+03    0.3593169336E+03
          62    0.1640527430E+03    0.1110804445E+03    0.3598774844E+03
          63    0.2038158416E+03    0.1031520708E+03   -0.9090667936E+03
          64    0.1654958050E+03    0.1078019111E+03    0.2844076352E+03
          65    0.1626277792E+03    0.1102343310E+03    0.5917347255E+03
          66    0.1715686374E+03    0.1382626106E+03    0.3065805243E+03
          67    0.1626997812E+03    0.1101647578E+03    0.5911074109E+03
          68    0.1441581824E+03    0.1004582980E+03   -0.6729209125E+03
          69    0.2763330224E+03    0.1835871256E+03    0.1028102811E+04
          70    0.2246327019E+03    0.1194701909E+03    0.3452826573E+03
          71    0.1635689458E+03    0.1115173998E+03    0.3603608223E+03
          72    0.1626344887E+03    0.1101974463E+03    0.5911331071E+03
          73    0.1657152494E+03    0.1110172134E+03    0.3578668392E+03
          74    0.1616554193E+03    0.1105435566E+03    0.5899734853E+03
          75    0.1625693059E+03    0.1102298870E+03    0.5911497805E+03
          76    0.1945951530E+03    0.1090624249E+03   -0.9373926470E+03
          77    0.1626415878E+03    0.1101597566E+03    0.5905009184E+03
          78    0.1644942416E+03    0.1102422223E+03    0.3483510980E+03
          79    0.2672960201E+03    0.1015908629E+03   -0.4899249174E+03
          80    0.1631448714E+03    0.1119089272E+03    0.3584286974E+03
          81    0.1739202637E+03    0.1003671924E+03    0.5656057102E+03
          82    0.1596880804E+03    0.9284436213E+02   -0.7539817627E+03
          83    0.1618684210E+03    0.1093917319E+03    0.4063027864E+03
          84    0.1715029509E+03    0.1388447728E+03    0.3080973943E+03
          85    0.2047822779E+03    0.1009980000E+03    0.2929990124E+03
          86    0.2845856710E+03    0.1914382213E+03   -0.9353913912E+03
          87    0.1622623643E+03    0.1103800212E+03    0.5911059179E+03
          88    0.1638527583E+03    0.1113835585E+03    0.3597771866E+03
          89    0.1650160370E+03    0.1091590100E+03    0.3578897990E+03
          90    0.1749151982E+03    0.1036283984E+03   -0.6978796613E+03
          91    0.1639608520E+03    0.1116001427E+03    0.3574691357E+03
          92    0.1634095465E+03    0.1117877719E+03    0.3577871237E+03
          93    0.1616103981E+03    0.1104410375E+03    0.5861083615E+03
          94    0.1641787462E+03    0.1107651896E+03    0.3579721596E+03
          95    0.2681647303E+03    0.9725107374E+02   -0.4517557404E+03
          96    0.1640142577E+03    0.1102178857E+03    0.3565515249E+03
          97    0.1665733513E+03    0.1093181719E+03    0.3556445116E+03
          98    0.1703770731E+03    0.1396604526E+03    0.3108585975E+03
          99    0.1636543871E+03    0.1097589719E+03    0.5889355551E+03
         100    0.2808343248E+03    0.1884185467E+03   -0.8536581636E+03
