Model_ID, [(c_i,i=0,n)_j,j=1,ntask]
           1    0.3265587884E+03   -0.1651017386E+03   -0.1968870323E+04
           2    0.1178112279E+03    0.8501884485E+02    0.4965302386E+03
           3    0.1873462185E+03    0.1279449990E+03   -0.1952782631E+04
           4    0.3237997449E+03   -0.1630291265E+03   -0.1408962622E+04
           5    0.1811874737E+03    0.6343057306E+02   -0.5473269458E+03
           6    0.2875356287E+03    0.2860262720E+03   -0.2015343817E+04
           7    0.2276667893E+03    0.1144958699E+03   -0.1816298727E+04
           8    0.2361432577E+03    0.1101322581E+03   -0.1787236850E+04
           9    0.2346322813E+03    0.1089510850E+03   -0.1287319189E+04
          10    0.2299981130E+03    0.1112725277E+03   -0.1752560300E+04
          11    0.2873144150E+03    0.2864343614E+03   -0.2011833531E+04
          12    0.2206772534E+03    0.1548451563E+03   -0.1171970582E+04
          13    0.2867001132E+03   -0.2969227278E+03   -0.2009696153E+04
          14    0.3079821997E+03    0.2924970526E+03   -0.1637061718E+04
          15    0.2218745772E+03    0.1146280917E+03   -0.1690440053E+04
          16    0.2206004539E+03    0.1091484792E+03   -0.1700698649E+04
          17    0.3270831244E+03   -0.1629134083E+03   -0.1640298216E+04
          18    0.1767317638E+03    0.1406229357E+03   -0.1899804459E+04
          19    0.2306135582E+03    0.1209983765E+03   -0.1599361046E+04
          20    0.2292731512E+03    0.1134338240E+03   -0.1791721993E+04
          21    0.1788916956E+03    0.5948723511E+02   -0.5522374808E+03
          22    0.3064391924E+03   -0.2998514969E+03   -0.3698771940E+03
          23    0.2146861805E+03    0.8819867142E+02   -0.1474777013E+04
          24    0.2382289647E+03    0.1069884434E+03   -0.1706754867E+04
          25    0.2170299315E+03    0.9072104854E+02   -0.1584805901E+04
          26    0.2373289063E+03    0.1103951636E+03   -0.1605743749E+04
          27    0.2167761415E+03    0.9547073689E+02   -0.1930861749E+04
          28    0.3259068591E+03   -0.1596453913E+03   -0.1849076703E+04
          29    0.2195498130E+03    0.1562217716E+03   -0.1082145595E+04
          30    0.2872537469E+03   -0.2962773191E+03   -0.1944246246E+04
          31    0.3239641730E+03   -0.1606381503E+03   -0.1468634579E+04
          32    0.1955874434E+03    0.1422378776E+03   -0.1227895475E+04
          33    0.2884198091E+03   -0.2938986199E+03   -0.1951991663E+04
          34    0.1726639443E+03    0.1450173937E+03   -0.2114443064E+04
          35    0.2813486175E+03    0.2714467580E+03   -0.1593135349E+04
          36    0.1810316411E+03    0.1719108229E+03   -0.1561990363E+04
          37    0.2276742796E+03    0.1117805585E+03   -0.1371089054E+04
          38    0.2796883623E+03    0.1454662496E+03   -0.1954496516E+04
          39    0.2660954160E+03    0.2681916117E+03   -0.1856516766E+04
          40    0.1864269306E+03    0.1164851046E+03   -0.1904226266E+04
          41    0.2376916688E+03    0.1088877617E+03   -0.1495202964E+04
          42    0.2813145228E+03    0.2267146723E+03   -0.1899590030E+04
          43    0.2418796419E+03    0.1190558553E+03   -0.1794571430E+04
          44    0.2303466231E+03    0.1185783688E+03   -0.1584903036E+04
          45    0.2861273172E+03    0.2924486440E+03   -0.2009452573E+04
          46    0.2212511313E+03    0.1075116383E+03   -0.1574842854E+04
          47    0.2878566052E+03    0.2894102877E+03   -0.1804068055E+04
          48    0.1845552994E+03    0.1281556109E+03   -0.2016474055E+04
          49    0.2664195695E+03    0.2614776805E+03   -0.1827841092E+04
          50    0.2359752720E+03    0.1075229470E+03   -0.1342692576E+04
          51    0.2868265043E+03   -0.2939437665E+03   -0.1981678995E+04
          52    0.1891865620E+03    0.1410019133E+03   -0.1739197623E+04
          53    0.2270272425E+03    0.1166859432E+03   -0.1977287063E+04
          54    0.1944229541E+03   -0.7603244096E+02   -0.9253066908E+03
          55    0.2824950433E+03    0.2248568732E+03   -0.1901767256E+04
          56    0.1572645855E+03    0.1259335826E+03   -0.1614296617E+03
          57    0.1748802058E+03    0.1415035667E+03   -0.1866822454E+04
          58    0.1776409954E+03    0.6520017459E+02   -0.5321112133E+03
          59    0.2288984890E+03    0.1146328727E+03   -0.1613954681E+04
          60    0.2886632735E+03    0.2826705544E+03   -0.1969875813E+04
          61    0.2285051538E+03    0.1100848555E+03   -0.1810814329E+04
          62    0.2206491482E+03   -0.9761564742E+02    0.2627189925E+03
          63    0.3029253084E+03    0.2798322582E+03   -0.1693875759E+03
          64    0.2298474116E+03    0.1089192702E+03   -0.1725139848E+04
          65    0.1566528669E+03    0.1232989591E+03    0.2661863551E+03
          66    0.2228098785E+03    0.1538680076E+03   -0.1433362766E+04
          67    0.2880792938E+03    0.2919876662E+03   -0.2201941858E+04
          68    0.2136266727E+03    0.9392581689E+02   -0.1955426393E+04
          69    0.1598664186E+03    0.1258112426E+03   -0.1243679948E+03
          70    0.2688823087E+03    0.2821967769E+03   -0.1770607959E+04
          71    0.1799901753E+03    0.1740858277E+03   -0.1651343760E+04
          72    0.2313579053E+03    0.1162898634E+03   -0.1624942136E+04
          73    0.2288044430E+03    0.1096746471E+03   -0.1809594659E+04
          74    0.2296444783E+03    0.1202374497E+03   -0.1710679970E+04
          75    0.1129761679E+03    0.8358237235E+02   -0.2152738866E+03
          76    0.2276045127E+03    0.1119080886E+03   -0.1767540882E+04
          77    0.2221730748E+03    0.1054103850E+03   -0.1771381545E+04
          78    0.3070868753E+03    0.2938614652E+03   -0.1586494819E+04
          79    0.1932086873E+03    0.7045362138E+02    0.3127343090E+03
          80    0.2784457288E+03    0.1464274711E+03   -0.1924333661E+04
          81    0.2317738471E+03    0.1170960218E+03   -0.1665433511E+04
          82    0.1979537593E+03    0.1413545307E+03   -0.1519288779E+04
          83    0.3056561286E+03   -0.1492333325E+03   -0.3786739287E+03
          84    0.1392257984E+03    0.9134716044E+02   -0.5576407827E+03
          85    0.2222290451E+03    0.9147036264E+02    0.8384072461E+03
          86    0.3056026553E+03   -0.1513804966E+03   -0.3733233864E+03
          87    0.1881820541E+03    0.7280537167E+02    0.3717004775E+03
          88    0.2264430078E+03    0.1128955946E+03   -0.1266338539E+04
          89    0.2308052568E+03    0.1069920291E+03   -0.1750206393E+04
          90    0.2837294149E+03    0.2644990874E+03   -0.1835368245E+04
          91    0.2984387969E+03    0.2925125152E+03   -0.1788852224E+04
          92    0.1578241137E+03    0.1222820375E+03   -0.2596809513E+03
          93    0.1579838558E+03    0.1221906222E+03   -0.2582961809E+03
          94    0.2025938445E+03    0.7052843049E+02   -0.9797137655E+03
          95    0.3100111274E+03   -0.3013401633E+03   -0.3701625196E+03
          96    0.2353202436E+03    0.1181472776E+03   -0.1832828547E+04
          97    0.2659009975E+03    0.2646980339E+03   -0.1832291105E+04
          98    0.2160237185E+03    0.1450233944E+03   -0.1120108115E+04
          99    0.2316687999E+03    0.1158195442E+03   -0.1624643469E+04
         100    0.2874744682E+03    0.2847949509E+03   -0.1670463191E+04
