Model_ID, [(c_i,i=0,n)_j,j=1,ntask]
           1    0.2099833869E+03    0.1719729016E+03   -0.8941202584E+03
           2    0.2736491354E+03    0.1192760244E+03   -0.8044500698E+03
           3    0.2093422497E+03    0.1690657834E+03    0.7082293307E+03
           4    0.2097141085E+03    0.1760354296E+03    0.7235513958E+03
           5    0.2097223566E+03    0.1760690160E+03    0.7220013271E+03
           6    0.2097859550E+03   -0.1759170034E+03    0.7402753225E+03
           7    0.2087859734E+03   -0.1704820699E+03    0.3850683141E+03
           8    0.2743347952E+03    0.1197123320E+03   -0.8179783995E+03
           9    0.2097301352E+03    0.1743521505E+03    0.7392583991E+03
          10    0.2096947241E+03    0.1743088505E+03    0.7381019890E+03
          11    0.2731037955E+03    0.1494987815E+03    0.3740316875E+03
          12    0.2242650241E+03    0.1129971098E+03   -0.8417150818E+03
          13    0.2096387321E+03    0.1742306826E+03    0.7359633039E+03
          14    0.2109681351E+03    0.1736996996E+03    0.7548700254E+03
          15    0.2736568515E+03    0.1497998568E+03    0.3657673025E+03
          16    0.2095446373E+03    0.1740712456E+03    0.7314716452E+03
          17    0.2094828499E+03    0.1736954856E+03    0.7425144915E+03
          18    0.2417596762E+03    0.1551015854E+03    0.6367927052E+03
          19    0.2063350644E+03    0.1748266366E+03    0.6304174846E+03
          20    0.2738264372E+03    0.1476451856E+03    0.3765541590E+03
          21    0.2734184617E+03    0.1488059610E+03    0.3651684214E+03
          22    0.2229028407E+03    0.1870629385E+03    0.5259139067E+03
          23    0.2057490975E+03    0.1709200066E+03    0.4025966166E+03
          24    0.2092650869E+03    0.1740814391E+03    0.7149001437E+03
          25    0.2093163787E+03    0.1744911268E+03    0.7160087759E+03
          26    0.2608555134E+03    0.1860771502E+03    0.7297024822E+03
          27    0.2094535126E+03    0.1738808649E+03    0.7259715961E+03
          28    0.2100429368E+03    0.1681245642E+03   -0.9007710381E+03
          29    0.2571099962E+03    0.1778543275E+03    0.7449591733E+03
          30    0.2743896232E+03    0.1479508658E+03    0.3683616316E+03
          31    0.2112602588E+03    0.1675397509E+03   -0.9085002387E+03
          32    0.2098568694E+03    0.1735525369E+03    0.7320232537E+03
          33    0.2098046056E+03    0.1731103347E+03    0.7300279159E+03
          34    0.2099334931E+03    0.1760078392E+03    0.6650259958E+03
          35    0.2730407559E+03    0.1456655213E+03    0.3309964039E+03
          36    0.2101535391E+03   -0.1695088602E+03   -0.8835138208E+03
          37    0.2092912852E+03    0.1726999709E+03    0.7194912092E+03
          38    0.2094019753E+03    0.1737562649E+03    0.7223197905E+03
          39    0.2723078011E+03    0.1503895651E+03    0.3644559378E+03
          40    0.2102640220E+03    0.1716540561E+03    0.7354243813E+03
          41    0.2094877845E+03    0.1736626725E+03    0.6636563495E+03
          42    0.2098184112E+03    0.1676590486E+03   -0.8948797969E+03
          43    0.2093703598E+03    0.1736733816E+03    0.7198734646E+03
          44    0.2092655008E+03    0.1724756192E+03    0.7159662192E+03
          45    0.2188693967E+03    0.1831521261E+03    0.4475518808E+03
          46    0.2082030571E+03    0.1666099837E+03    0.4008836633E+03
          47    0.2741529038E+03    0.1469698064E+03    0.3679497264E+03
          48    0.2097427967E+03   -0.1742490357E+03    0.7470290147E+03
          49    0.2090293931E+03    0.1732718934E+03    0.6973944591E+03
          50    0.2730555659E+03    0.1487716773E+03    0.3612628368E+03
          51    0.2098451492E+03    0.1744526970E+03    0.7118256980E+03
          52    0.2737867178E+03    0.1438729822E+03    0.3341688513E+03
          53    0.2778664620E+03    0.1531176754E+03    0.3869866178E+03
          54    0.2729296581E+03   -0.1494332191E+03    0.3645954325E+03
          55    0.2299430477E+03    0.1426189717E+03    0.6115759532E+03
          56    0.2105525529E+03    0.1658655114E+03   -0.8901341256E+03
          57    0.2204025148E+03    0.1904581923E+03    0.4793276118E+03
          58    0.2083627576E+03    0.1667576942E+03    0.4059471130E+03
          59    0.2101457812E+03    0.1736375963E+03    0.7260632171E+03
          60    0.2118130859E+03   -0.1671501247E+03    0.3099824066E+03
          61    0.1456744955E+03    0.9511268516E+02    0.5596974790E+03
          62    0.2716077605E+03    0.1508333905E+03    0.3613034887E+03
          63    0.2098826987E+03    0.1744306707E+03    0.7074758944E+03
          64    0.2725679038E+03    0.1489569833E+03    0.3511848420E+03
          65    0.2197628228E+03    0.1885110026E+03    0.4676379633E+03
          66    0.2109006970E+03    0.1721287356E+03    0.7640725123E+03
          67    0.2097410364E+03   -0.1739853589E+03    0.7456389306E+03
          68    0.2084938960E+03   -0.1671680417E+03    0.4221518126E+03
          69    0.2426808871E+03    0.1615917274E+03    0.3482573027E+03
          70    0.2206974101E+03   -0.1913050238E+03    0.4910338785E+03
          71    0.2456757494E+03   -0.1654817410E+03   -0.7548277141E+03
          72    0.1713421171E+03    0.9011422576E+02    0.1256261802E+03
          73    0.2567978775E+03    0.1798758695E+03    0.7488469060E+03
          74    0.2331743594E+03    0.1419839312E+03    0.5310788460E+03
          75    0.2728775941E+03    0.1495541770E+03    0.3621270609E+03
          76    0.2751141655E+03    0.1477403806E+03    0.3793185656E+03
          77    0.2690184910E+03    0.1530307615E+03    0.1679830582E+03
          78    0.2723121629E+03    0.1499555987E+03    0.3623292864E+03
          79    0.2785663442E+03    0.1512959674E+03    0.3894036713E+03
          80    0.2721339793E+03    0.1511250764E+03    0.3531690399E+03
          81    0.2567505930E+03   -0.1797458841E+03    0.7498474110E+03
          82    0.2373806524E+03    0.1664160641E+03    0.4375940255E+03
          83    0.2081861035E+03    0.1660437186E+03    0.3982766730E+03
          84    0.2730160334E+03    0.1485101491E+03    0.3665645545E+03
          85    0.2569186991E+03    0.1697708048E+03    0.6193342553E+03
          86    0.2116338029E+03    0.1691864045E+03    0.7191559834E+03
          87    0.2556108756E+03    0.1825341235E+03   -0.7883611954E+03
          88    0.2108960006E+03    0.1718739481E+03    0.7629116029E+03
          89    0.2105693465E+03    0.1636277284E+03    0.4330565303E+03
          90    0.2017513783E+03    0.1781417238E+03    0.4664284443E+03
          91    0.2724089170E+03    0.1496791600E+03    0.3620210775E+03
          92    0.2747060815E+03    0.1202832025E+03   -0.7612918038E+03
          93    0.2401695607E+03   -0.1701815951E+03   -0.3537752860E+03
          94    0.2727655734E+03    0.1489720514E+03    0.3640893466E+03
          95    0.2120664392E+03    0.1724715149E+03    0.1064248638E+04
          96    0.2094269303E+03    0.1721617581E+03    0.7517924433E+03
          97    0.2737855783E+03    0.1469316107E+03    0.3639756407E+03
          98    0.2737538052E+03    0.1462978142E+03    0.3647646585E+03
          99    0.2423968221E+03   -0.1580307276E+03    0.3555915338E+03
         100    0.2089269138E+03    0.1748680912E+03    0.7439667122E+03
