Model_ID, [(c_i,i=0,n)_j,j=1,ntask]
           1    0.5488443856E+01    0.9364161233E+01    0.6431144025E+02
           2    0.5303446265E+01    0.9448178183E+01    0.6471864345E+02
           3    0.5541487405E+01    0.1855069391E+02    0.6348483934E+02
           4    0.4829373469E+01    0.1389951471E+02    0.6092995518E+02
           5    0.4949072683E+01    0.1379708377E+02    0.6082648571E+02
           6    0.5342385427E+01    0.1374263012E+02    0.5857568633E+02
           7    0.5134477391E+01   -0.1365688014E+02    0.6064468130E+02
           8    0.4769279141E+01    0.1388868112E+02    0.6112885205E+02
           9    0.5229928899E+01    0.1715121503E+02    0.6211972291E+02
          10    0.3619861430E+01    0.1610768101E+02    0.6128586112E+02
          11    0.4753903403E+01   -0.1967722895E+02    0.6653643526E+02
          12    0.4974793047E+01   -0.1101407320E+02    0.6301372314E+02
          13    0.5197617629E+01    0.1358239272E+02    0.6016372668E+02
          14    0.4934336040E+01   -0.1104259346E+02    0.6327681071E+02
          15    0.5119938651E+01    0.9547586253E+01    0.6067611371E+02
          16    0.5161762363E+01    0.1890175579E+02    0.6062507399E+02
          17    0.5048850509E+01    0.1370915753E+02    0.6055843889E+02
          18    0.5060478736E+01    0.1875196575E+02    0.6149167639E+02
          19    0.5117295837E+01    0.1355989922E+02    0.6029759199E+02
          20    0.4068041494E+01    0.1799590131E+02    0.5805698933E+02
          21    0.5430450084E+01   -0.9157303952E+01    0.6377522503E+02
          22    0.5276238492E+01   -0.1083735447E+02    0.6225268576E+02
          23    0.5358910852E+01   -0.9173611035E+01    0.6342823482E+02
          24    0.4949576882E+01    0.1882799639E+02    0.6167950865E+02
          25    0.5305506824E+01   -0.1850436299E+02    0.6125904951E+02
          26    0.4724556954E+01    0.1925483297E+02    0.6209004409E+02
          27    0.5246775104E+01   -0.9240263371E+01    0.6418093921E+02
          28    0.5341878675E+01    0.4868736731E+02    0.5311924053E+02
          29    0.5126649856E+01    0.1883902340E+02    0.6177071641E+02
          30    0.5245048387E+01    0.1855265930E+02    0.6102848747E+02
          31    0.4922865868E+01    0.1888670669E+02    0.6152143731E+02
          32    0.4605091191E+01    0.1934430319E+02    0.6230528348E+02
          33    0.4886504994E+01   -0.1384338307E+02    0.6161158090E+02
          34    0.5063394161E+01    0.1889189647E+02    0.6154336815E+02
          35    0.5057424371E+01    0.1071407994E+02    0.5984206239E+02
          36    0.5002041899E+01    0.1594524607E+02    0.6322166359E+02
          37    0.5016734152E+01   -0.1891294603E+02    0.6195445987E+02
          38    0.4948066098E+01    0.7976683457E+01    0.6125595154E+02
          39    0.4710826754E+01    0.9600940547E+01    0.6239454695E+02
          40    0.5223713285E+01    0.1857206808E+02    0.6111560582E+02
          41    0.5398094164E+01    0.1904391674E+02    0.4878690925E+02
          42    0.5402184854E+01    0.1337057861E+02    0.5952172106E+02
          43    0.5310270133E+01   -0.1864041677E+02    0.6130792435E+02
          44    0.3951095148E+01    0.1826498613E+02    0.5884397318E+02
          45    0.4981673886E+01    0.9440086539E+01    0.6177595515E+02
          46    0.5040857655E+01    0.1891343589E+02    0.6163566809E+02
          47    0.5667217444E+01   -0.1309379728E+02    0.5847510090E+02
          48    0.4919125606E+01    0.1899443171E+02    0.6192862387E+02
          49    0.4808579620E+01    0.9571668040E+01    0.6210198559E+02
          50    0.5255738242E+01    0.1349752704E+02    0.5929853823E+02
          51    0.5186956166E+01    0.1860794965E+02    0.6116137582E+02
          52    0.4585169448E+01    0.1397578461E+02    0.6137859315E+02
          53    0.4989834102E+01    0.1897282411E+02    0.6179790207E+02
          54    0.5002217782E+01    0.1895258262E+02    0.6168745400E+02
          55    0.4890550700E+01    0.9523835021E+01    0.6202828321E+02
          56    0.5018323109E+01    0.1379602395E+02    0.6063626311E+02
          57    0.4924593548E+01    0.1902905976E+02    0.6157457274E+02
          58    0.4905512425E+01    0.1902586228E+02    0.6186450178E+02
          59    0.4391363653E+01    0.1408435774E+02    0.6173078482E+02
          60    0.4926467832E+01    0.1572558354E+02    0.6477737356E+02
          61    0.5218471142E+01    0.1871226965E+02    0.6126401438E+02
          62    0.3838466386E+01    0.9159423838E+01    0.5870562576E+02
          63    0.5428935895E+01   -0.1337771712E+02    0.6039260803E+02
          64    0.4936286592E+01    0.1883394896E+02    0.6418246309E+02
          65    0.5049337325E+01    0.1887150295E+02    0.6442659516E+02
          66    0.5637378100E+01   -0.1016693534E+02    0.6005051256E+02
          67    0.5289015549E+01   -0.1865974647E+02    0.6139517901E+02
          68    0.5018601092E+01   -0.9457671776E+01    0.6189762202E+02
          69    0.5023162802E+01    0.9449199571E+01    0.6168313076E+02
          70    0.4889402452E+01    0.1903134611E+02    0.6188045658E+02
          71    0.5155050669E+01    0.1863254403E+02    0.6118267772E+02
          72    0.4987133128E+01    0.1372127867E+02    0.6035518688E+02
          73    0.4501371501E+01    0.1927842287E+02    0.6146480177E+02
          74    0.5177705502E+01    0.9353087616E+01    0.6124123473E+02
          75    0.5340974924E+01    0.1860201806E+02    0.6375018521E+02
          76    0.4968714572E+01    0.1897982260E+02    0.6171356118E+02
          77    0.4520512685E+01    0.1918201900E+02    0.6247011992E+02
          78    0.5506052529E+01   -0.1027763130E+02    0.6164990238E+02
          79    0.4396655595E+01    0.1927926004E+02    0.6270457786E+02
          80    0.5266704522E+01    0.1340847372E+02    0.6056015025E+02
          81    0.5252454095E+01   -0.1869540389E+02    0.6144048783E+02
          82    0.5164405264E+01    0.1359386676E+02    0.6021162815E+02
          83    0.4756356404E+01    0.1202180407E+02    0.6354519071E+02
          84    0.4901289227E+01    0.1905192198E+02    0.6166973303E+02
          85    0.5177645914E+01    0.9276708120E+01    0.6515241057E+02
          86    0.4146887853E+01    0.1943354322E+02    0.6139068317E+02
          87    0.4135372218E+01    0.1894842121E+02    0.5000338913E+02
          88    0.4570618424E+01   -0.2025096039E+02    0.5145676178E+02
          89    0.5113632988E+01    0.1882561696E+02    0.6148956554E+02
          90    0.4861391551E+01    0.1909319095E+02    0.6172526859E+02
          91    0.4656456011E+01    0.1894534488E+02    0.5141040521E+02
          92    0.6271337416E+01    0.2618008824E+02    0.6040398150E+02
          93    0.5190827846E+01    0.1874563354E+02    0.6121001206E+02
          94    0.4051284993E+01    0.1813453649E+02    0.5815632055E+02
          95    0.5348937370E+01   -0.1036408078E+02    0.6194953063E+02
          96    0.4120932732E+01    0.1805652739E+02    0.5811241797E+02
          97    0.3949800331E+01    0.1314784378E+02    0.5684249103E+02
          98    0.4224965946E+01    0.1942967078E+02    0.6291696907E+02
          99    0.4683248857E+01    0.9432934346E+01    0.5988676167E+02
         100    0.5017330144E+01    0.8002819264E+01    0.6030011645E+02
