     Index              y_true              y_pred        descriptor_1        descriptor_2
         1    0.2516000000E+03    0.2788404579E+03   -0.2820969000E+00   -0.2495260000E-01
         2    0.2634000000E+03    0.2381354449E+03   -0.4761352700E+00    0.4196160000E-02
         3    0.4920000000E+03    0.4493609965E+03    0.1777527900E+00    0.1781083800E+00
         4    0.2561000000E+03    0.2127620416E+03   -0.4589079900E+00   -0.1049167800E+00
         5    0.3674300000E+03    0.4123627735E+03   -0.4173117000E-01    0.2443179200E+00
         6    0.2886400000E+03    0.2800680324E+03   -0.5789761900E+00    0.2530236800E+00
         7    0.9034100000E+02    0.7800711880E+02   -0.8424120600E+00   -0.2468676500E+00
         8    0.3281500000E+03    0.3380300924E+03   -0.2510929100E+00    0.1640037200E+00
         9    0.1693000000E+03    0.2300864498E+03   -0.4503186300E+00   -0.4916351000E-01
        10    0.8950000000E+02    0.7732719406E+02   -0.8025239600E+00   -0.2861085100E+00
        11    0.2561000000E+03    0.2937710969E+03   -0.2434154400E+00   -0.5714960000E-02
        12    0.4780000000E+03    0.4380593177E+03    0.1789020400E+00    0.1355174000E+00
        13    0.2396000000E+03    0.2451482713E+03   -0.4136541000E+00   -0.2758593000E-01
        14    0.3380000000E+03    0.4110736407E+03    0.2212544200E+00   -0.2664000000E-02
        15    0.3860000000E+03    0.3372224177E+03   -0.8267452000E-01    0.5900000000E-02
        16    0.2530000000E+03    0.2775801760E+03   -0.4621888500E+00    0.1363045100E+00
        17    0.3602000000E+03    0.3648037237E+03    0.2483018000E-01    0.8232080000E-02
        18    0.3945000000E+03    0.4002352963E+03    0.5842031000E-01    0.1074980800E+00
        19    0.3990000000E+03    0.3809382596E+03    0.3444168000E-01    0.5867118000E-01
        20    0.3010000000E+03    0.3452375676E+03   -0.8801984000E-01    0.4027850000E-01
        21    0.4010000000E+03    0.4054143536E+03    0.4016647000E-01    0.1433447200E+00
        22    0.3891500000E+03    0.4284905395E+03    0.8055208000E-01    0.1909465600E+00
        23    0.5132000000E+03    0.4317438901E+03    0.2093138300E+00    0.8429565000E-01
        24    0.4380000000E+03    0.4250399565E+03    0.1061756700E+00    0.1546633500E+00
        25    0.3260000000E+03    0.3056651377E+03   -0.2337506700E+00    0.2909174000E-01
        26    0.2566500000E+03    0.2383720679E+03   -0.6520020900E+00    0.1670623200E+00
        27    0.2744000000E+03    0.2807947360E+03   -0.4563088600E+00    0.1427014000E+00
        28    0.3334000000E+03    0.3749463878E+03    0.4234845000E-01    0.2936856000E-01
        29    0.4460000000E+03    0.4213335618E+03    0.1086927200E+00    0.1387242400E+00
        30    0.3275000000E+03    0.3364159670E+03   -0.1761848000E+00    0.8907172000E-01
        31    0.3450000000E+03    0.3482681932E+03   -0.1514780900E+00    0.1098691400E+00
        32    0.3091000000E+03    0.3344351058E+03    0.1817155200E+00   -0.2478812400E+00
        33    0.9070000000E+02    0.1111229552E+03   -0.9783000000E+00    0.0000000000E+00
        34    0.4097000000E+03    0.4561098252E+03    0.2045167200E+00    0.1782564300E+00
        35    0.1743000000E+03    0.1757158519E+03   -0.5524688600E+00   -0.1548753300E+00
        36    0.2490000000E+03    0.2567360162E+03   -0.4973649700E+00    0.9210648000E-01
        37    0.2466500000E+03    0.2544049016E+03   -0.4449453500E+00    0.3525450000E-01
        38    0.1588000000E+03    0.1576761320E+03   -0.3951493900E+00   -0.3660812600E+00
        39    0.2990000000E+03    0.2538336136E+03   -0.3537390400E+00   -0.5085799000E-01
        40    0.4240000000E+03    0.3972391045E+03    0.1242687600E+00    0.3583229000E-01
        41    0.4150000000E+03    0.3599396176E+03   -0.1067150800E+00    0.1115276300E+00
        42    0.3632000000E+03    0.3488627162E+03   -0.2160861600E+00    0.1715665200E+00
