Model_ID, [(c_i,i=0,n)_j,j=1,ntask]
           1    0.3519839347E+03    0.2991441776E+03    0.2785250198E+03
           2    0.3507859901E+03    0.2959782923E+03    0.2967903463E+03
           3    0.3796828490E+03   -0.3219877459E+03    0.2915813494E+03
           4    0.3517356671E+03    0.3000494468E+03    0.2868559647E+03
           5    0.3802278939E+03   -0.3192953450E+03    0.2925679775E+03
           6    0.3806607596E+03   -0.3253226067E+03    0.2769636522E+03
           7    0.3804864806E+03   -0.3234024590E+03    0.2646592915E+03
           8    0.3499636863E+03    0.2984142353E+03    0.2601716287E+03
           9    0.3499102949E+03    0.2982094723E+03    0.2604872781E+03
          10    0.3791388251E+03   -0.3219968515E+03    0.2983677287E+03
          11    0.3374135931E+03    0.2657904429E+03    0.2647220380E+03
          12    0.3117818481E+03    0.2201794924E+03   -0.3411871126E+03
          13    0.3812129513E+03   -0.3226099716E+03    0.2778761693E+03
          14    0.3094841682E+03    0.2201914363E+03   -0.3390737530E+03
          15    0.3379069145E+03    0.2676726791E+03    0.2596632420E+03
          16    0.3810441946E+03   -0.3207230236E+03    0.2656652289E+03
          17    0.3788696123E+03   -0.3238670954E+03    0.2534405599E+03
          18    0.3764286786E+03    0.1574980610E+03    0.8620297772E+03
          19    0.3789251530E+03   -0.3240343924E+03    0.2529073154E+03
          20    0.3220763971E+03    0.2228478520E+03   -0.3845897411E+03
          21    0.3796761131E+03   -0.3192832881E+03    0.2993028652E+03
          22    0.3790963176E+03   -0.3250214800E+03    0.2946301863E+03
          23    0.3785391605E+03   -0.3252766878E+03    0.2934725774E+03
          24    0.3108464214E+03    0.2858533283E+03   -0.6318037182E+03
          25    0.3792503549E+03   -0.3230956301E+03    0.2972049421E+03
          26    0.3786275465E+03   -0.3260858450E+03   -0.2919761014E+03
          27    0.1671686638E+03    0.1093619779E+03   -0.4732439712E+03
          28    0.4005451496E+03    0.3521685721E+03    0.2908655441E+03
          29    0.4000960392E+03    0.3509495550E+03   -0.2932601617E+03
          30    0.2047141115E+03    0.1168859502E+03   -0.3335644965E+03
          31    0.3795305516E+03   -0.3246435799E+03    0.2922571796E+03
          32    0.3802192045E+03   -0.3211949829E+03    0.2941610703E+03
          33    0.2869929327E+03    0.1877335619E+03    0.8006841111E+03
          34    0.3793746299E+03   -0.3237630305E+03    0.2917262613E+03
          35    0.3077066219E+03    0.2069227552E+03    0.6380950985E+03
          36    0.3801116844E+03   -0.3253524412E+03   -0.2816951940E+03
          37    0.3793741519E+03   -0.3210371071E+03    0.2537406474E+03
          38    0.3794300086E+03   -0.3212033346E+03    0.2532055489E+03
          39    0.3796237339E+03   -0.3222487368E+03    0.2953066737E+03
          40    0.3152217651E+03    0.2387153921E+03   -0.2864280862E+03
          41    0.3845046579E+03   -0.3163955817E+03    0.2988220216E+03
          42    0.2643156824E+03    0.9756284417E+02    0.2449143323E+03
          43    0.3364397025E+03   -0.2781644996E+03    0.3375853611E+03
          44    0.3534595010E+03    0.2935848939E+03    0.2754359592E+03
          45    0.3791448089E+03   -0.3232729180E+03   -0.2924614746E+03
          46    0.3055124442E+03    0.2069185380E+03    0.6316814880E+03
          47    0.3810890652E+03   -0.3299296198E+03   -0.2824767233E+03
          48    0.3034498460E+03    0.2165634227E+03    0.4791965239E+04
          49    0.2870262841E+03    0.1855973314E+03    0.8060134529E+03
          50    0.3789500237E+03   -0.3278324540E+03    0.2879459217E+03
          51    0.1506980372E+03    0.9868581319E+02   -0.5016507267E+03
          52    0.3268815517E+03    0.2451907659E+03   -0.3404069586E+03
          53    0.3185002672E+03    0.1017056762E+03    0.3715185749E+03
          54    0.3773461692E+03   -0.3256253679E+03   -0.3069141268E+03
          55    0.3110955997E+03    0.2836603979E+03   -0.6361721418E+03
          56    0.2833397098E+03    0.2201404941E+03    0.7769902952E+03
          57    0.3489909798E+03    0.3056450777E+03   -0.2742565316E+03
          58    0.3538074146E+03   -0.2932536133E+03    0.2665749009E+03
          59    0.3797460174E+03   -0.3289512502E+03    0.2772982875E+03
          60    0.3800686011E+03   -0.3281808375E+03   -0.2785779016E+03
          61    0.3092487163E+03    0.2850673940E+03    0.6107707482E+03
          62    0.3795353677E+03   -0.3284069216E+03   -0.2774713846E+03
          63    0.3799114356E+03   -0.3210275595E+03    0.2925801371E+03
          64    0.1790831667E+03    0.1081021257E+03   -0.3082652412E+03
          65    0.3783766043E+03   -0.3265430617E+03    0.2743022793E+03
          66    0.3796208697E+03   -0.3291662526E+03   -0.2763082804E+03
          67    0.2100880593E+03    0.1123794131E+03   -0.4696105840E+03
          68    0.3116371657E+03    0.2276459255E+03   -0.2904562927E+03
          69    0.3111911986E+03    0.2182952343E+03   -0.3354665529E+03
          70    0.3806558359E+03   -0.3226176825E+03   -0.2825499638E+03
          71    0.3802584155E+03   -0.3262108515E+03   -0.2809702600E+03
          72    0.3855022119E+03   -0.3181019991E+03    0.2968079711E+03
          73    0.3806998925E+03   -0.3183220234E+03    0.2942106842E+03
          74    0.2851622529E+03    0.2458231733E+03   -0.8358897342E+03
          75    0.2655346448E+03    0.9493221056E+02    0.3377143506E+03
          76    0.3848040448E+03   -0.3197488819E+03    0.2957143987E+03
          77    0.2811717405E+03    0.1856320536E+03    0.7790528958E+03
          78    0.3802795702E+03   -0.3272751194E+03   -0.2770501179E+03
          79    0.3804773918E+03   -0.3278055324E+03   -0.2765868459E+03
          80    0.3561413624E+03   -0.2859011905E+03    0.2721999942E+03
          81    0.3816317099E+03   -0.3271397579E+03   -0.2831422397E+03
          82    0.3556669332E+03   -0.2889824525E+03    0.2437930760E+03
          83    0.3497773730E+03    0.2942434200E+03    0.2936951595E+03
          84    0.3539229585E+03    0.2927289589E+03    0.2625527920E+03
          85    0.3557117010E+03   -0.2891377333E+03    0.2433220036E+03
          86    0.3549124699E+03   -0.2903020250E+03    0.2433165541E+03
          87    0.3507006395E+03    0.2982816638E+03   -0.2825680368E+03
          88    0.3091097696E+03    0.2272856433E+03   -0.2861169341E+03
          89    0.3549566717E+03   -0.2904575087E+03    0.2428445806E+03
          90    0.3131527454E+03   -0.2221297378E+03   -0.3500552386E+03
          91    0.3811241702E+03   -0.3245538599E+03   -0.2780489742E+03
          92    0.3803223765E+03   -0.3269603661E+03    0.2759694215E+03
          93    0.3414196741E+03    0.2740566907E+03    0.3031799907E+03
          94    0.3794666761E+03   -0.3249962290E+03    0.2883533005E+03
          95    0.3798652059E+03   -0.3212966907E+03    0.2898826768E+03
          96    0.3553649970E+03   -0.2871199704E+03    0.2710950849E+03
          97    0.3124994168E+03    0.2184878184E+03    0.5378214282E+04
          98    0.3821258383E+03   -0.3183204073E+03    0.2912756375E+03
          99    0.3832012385E+03   -0.3196711924E+03    0.2843065215E+03
         100    0.3865356874E+03   -0.3346840320E+03    0.2519193081E+03
