     Index              y_true              y_pred        descriptor_1        descriptor_2
         1    0.2677000000E+03    0.2615320397E+03   -0.7012000000E+00   -0.2426474783E-02
         2    0.2287000000E+03    0.2472133771E+03   -0.9179000000E+00   -0.2754030092E-01
         3    0.3958500000E+03    0.4472224448E+03   -0.2302500000E+01    0.0000000000E+00
         4    0.2443500000E+03    0.2445903662E+03   -0.5979000000E+00   -0.5783796403E-02
         5    0.3116500000E+03    0.3008634762E+03   -0.1042200000E+01   -0.2046291719E-02
         6    0.4062400000E+03    0.3899563611E+03   -0.1497500000E+01    0.2205263256E-01
         7    0.1875850000E+03    0.1968865560E+03   -0.9770000000E-01    0.1016722462E-03
         8    0.3124500000E+03    0.3339999841E+03   -0.1307300000E+01   -0.9996192255E-04
         9    0.1399000000E+03    0.1396157538E+03    0.4050000000E+00    0.0000000000E+00
        10    0.3525250000E+03    0.3411799828E+03   -0.1055100000E+01    0.2301099852E-01
        11    0.1984000000E+03    0.2175464341E+03   -0.3128000000E+00   -0.2335141341E-02
        12    0.2234200000E+03    0.2071863371E+03   -0.1826000000E+00    0.5235106898E-03
        13    0.2300000000E+03    0.2269309689E+03   -0.5966000000E+00   -0.1707814871E-01
        14    0.3520000000E+03    0.3325245805E+03   -0.1352700000E+01   -0.4378258159E-02
        15    0.3092000000E+03    0.2882100076E+03   -0.9710000000E+00   -0.4990043122E-02
        16    0.4260000000E+03    0.4347559256E+03   -0.1723000000E+01    0.3442289127E-01
        17    0.2720000000E+03    0.2682332059E+03   -0.2110100000E+01   -0.1013427035E+00
        18    0.3590000000E+03    0.3865166432E+03   -0.2119600000E+01   -0.2575069795E-01
        19    0.2195740000E+03    0.1770012490E+03    0.7760000000E-01    0.1216783736E-03
        20    0.2606000000E+03    0.2108360744E+03   -0.2344000000E+00   -0.9182377894E-03
        21    0.3200000000E+03    0.3225437439E+03   -0.1205100000E+01    0.0000000000E+00
        22    0.2256100000E+03    0.2169179117E+03   -0.2754000000E+00    0.0000000000E+00
        23    0.1721500000E+03    0.1891073187E+03   -0.4180000000E-01   -0.8195123247E-03
        24    0.3410000000E+03    0.3336483444E+03   -0.1917500000E+01   -0.4503962300E-01
        25    0.3410000000E+03    0.3208849968E+03   -0.1190500000E+01    0.0000000000E+00
        26    0.7620000000E+02    0.1062022255E+03    0.6991000000E+00    0.0000000000E+00
        27    0.4610000000E+03    0.4168651012E+03   -0.2035300000E+01    0.0000000000E+00
        28    0.2138000000E+03    0.2372255629E+03   -0.4681000000E+00   -0.1022609053E-02
        29    0.3540000000E+03    0.3412753546E+03   -0.1346600000E+01    0.1712626195E-02
        30    0.1832000000E+03    0.1960415870E+03   -0.9140000000E-01    0.1833805386E-04
        31    0.3535000000E+03    0.3460231366E+03   -0.1676100000E+01   -0.1936960494E-01
        32    0.1839000000E+03    0.2039705230E+03   -0.1558000000E+00    0.4132284743E-03
        33    0.3340000000E+03    0.3363022555E+03   -0.1326200000E+01    0.0000000000E+00
        34    0.1591000000E+03    0.1823297236E+03    0.3990000000E-01    0.7958370437E-03
        35    0.2375000000E+03    0.2189175073E+03   -0.3564000000E+00   -0.4645676570E-02
        36    0.2800000000E+03    0.2963683418E+03   -0.9491000000E+00    0.1876497918E-02
        37    0.2362500000E+03    0.2167481627E+03   -0.2780000000E+00   -0.2999983545E-03
        38    0.3410000000E+03    0.3465714350E+03   -0.1425500000E+01   -0.6530693540E-03
        39    0.3474000000E+03    0.3760892228E+03   -0.1692200000E+01   -0.1157911642E-02
        40    0.1114000000E+03    0.1393695572E+03    0.4108000000E+00    0.2662123628E-03
        41    0.3670000000E+03    0.3529753516E+03   -0.1817900000E+01   -0.2527620449E-01
        42    0.8981300000E+02    0.7678786827E+02    0.9580000000E+00    0.0000000000E+00
