Model_ID, [(c_i,i=0,n)_j,j=1,ntask]
           1    0.3291828670E+03    0.1837161914E+03    0.1974358431E+03
           2    0.3291962119E+03    0.1832792502E+03    0.1943791207E+03
           3    0.3288803608E+03    0.1860751962E+03   -0.1987475015E+03
           4    0.3283952901E+03    0.1840469359E+03    0.2014756280E+03
           5    0.3526640160E+03    0.2031880717E+03    0.3327021813E+03
           6    0.3120236654E+03    0.1925595264E+03   -0.5793426571E+03
           7    0.3641810981E+03    0.1993087969E+03   -0.7071719950E+03
           8    0.3305134553E+03    0.1838599991E+03    0.1806220954E+03
           9    0.3272347224E+03    0.1763987315E+03    0.2162477115E+03
          10    0.3518297084E+03    0.1982900799E+03   -0.4429246199E+03
          11    0.3642192916E+03    0.1980586643E+03   -0.6964548807E+03
          12    0.3311050004E+03    0.1856360558E+03   -0.1846355536E+03
          13    0.3807798682E+03    0.2469698363E+03    0.2990210803E+03
          14    0.3279914913E+03    0.1876402286E+03    0.2020283341E+03
          15    0.3805920423E+03    0.2472958755E+03    0.2998296832E+03
          16    0.3540205846E+03    0.2036854996E+03    0.3312832661E+03
          17    0.3278669929E+03    0.1883084436E+03    0.2007633466E+03
          18    0.3981403750E+03    0.1290911434E+03    0.3246387384E+03
          19    0.4034393643E+03    0.1336561569E+03    0.3263155596E+03
          20    0.3897586434E+03    0.1642263265E+03   -0.2334933540E+03
          21    0.3619926402E+03    0.2025983326E+03   -0.6927433409E+03
          22    0.3808538281E+03    0.2475634519E+03    0.2405296073E+03
          23    0.3602656455E+03    0.2172201335E+03    0.2227042434E+03
          24    0.3806660014E+03    0.2478952198E+03    0.2412011162E+03
          25    0.3725396931E+03    0.1418422361E+03   -0.9867409895E+02
          26    0.3600762783E+03    0.2103026850E+03    0.2329712553E+03
          27    0.3819431685E+03    0.2433425587E+03    0.3161246722E+03
          28    0.3982169041E+03    0.1293403220E+03    0.3228319016E+03
          29    0.3295969063E+03    0.1903779895E+03    0.1979164430E+03
          30    0.3619189583E+03    0.2149574318E+03    0.2218875894E+03
          31    0.4035244042E+03    0.1339079943E+03    0.3244266233E+03
          32    0.3316565595E+03    0.1914403823E+03    0.1988533522E+03
          33    0.3533582252E+03    0.1844324059E+03    0.5163216861E+03
          34    0.3817552500E+03    0.2436198381E+03    0.3167660991E+03
          35    0.3300277626E+03    0.1901435128E+03    0.1959819324E+03
          36    0.3306113742E+03    0.1901597421E+03   -0.1998459014E+03
          37    0.3528076303E+03    0.1990555802E+03    0.4550778257E+03
          38    0.3522714163E+03    0.1966175382E+03   -0.4481434210E+03
          39    0.3302620336E+03    0.1769806643E+03    0.1959203605E+03
          40    0.3299653212E+03    0.1885958468E+03    0.1978446792E+03
          41    0.3305126428E+03    0.1894008898E+03   -0.1972509570E+03
          42    0.3824051222E+03    0.2470905675E+03    0.3132147145E+03
          43    0.3965192041E+03    0.1697898659E+03   -0.2177009789E+03
          44    0.3621666184E+03    0.2146362236E+03    0.2204491240E+03
          45    0.3928365400E+03    0.1300072717E+03    0.3951841782E+03
          46    0.3891175487E+03    0.1613497395E+03   -0.2366559899E+03
          47    0.3822181919E+03    0.2473972968E+03    0.3139561900E+03
          48    0.3176745273E+03    0.1572443205E+03    0.2242707507E+03
          49    0.3177845035E+03    0.1575402340E+03    0.2243452019E+03
          50    0.3817462847E+03    0.2461619690E+03    0.3135783501E+03
          51    0.3566478853E+03    0.2140279658E+03    0.3084764044E+03
          52    0.3825199510E+03    0.2435628606E+03    0.3122293890E+03
          53    0.3631148692E+03    0.1996876192E+03   -0.7016115317E+03
          54    0.3803581483E+03    0.2439129516E+03    0.3012690141E+03
          55    0.3825019624E+03    0.2447210028E+03    0.3014243292E+03
          56    0.3823060955E+03    0.2451008490E+03    0.3039473877E+03
          57    0.3815588467E+03    0.2464685391E+03    0.3143422177E+03
          58    0.3163017097E+03    0.2026424872E+03   -0.4678642493E+03
          59    0.3579946640E+03    0.2114367189E+03    0.2334760478E+03
          60    0.3629749911E+03    0.1963549465E+03   -0.6725094029E+03
          61    0.3174664803E+03    0.1579170169E+03    0.2230886776E+03
          62    0.3801694243E+03    0.2442156257E+03    0.3020295144E+03
          63    0.3175765958E+03    0.1582149768E+03    0.2231670707E+03
          64    0.3821185686E+03    0.2453901299E+03    0.3046080467E+03
          65    0.3823143364E+03    0.2450042592E+03    0.3020509803E+03
          66    0.4023033153E+03    0.1315809555E+03    0.3465412847E+03
          67    0.3291839411E+03    0.1806665453E+03    0.1627593607E+03
          68    0.3780570025E+03    0.2407009499E+03    0.2934139581E+03
          69    0.3886286777E+03    0.1268963906E+03    0.3681212370E+03
          70    0.3305509948E+03    0.1887758214E+03    0.1953037341E+03
          71    0.3302701444E+03    0.1889745707E+03    0.1965540854E+03
          72    0.3266066003E+03    0.2191932918E+03    0.2460789938E+03
          73    0.3903106741E+03    0.1260826705E+03    0.3155842777E+03
          74    0.3839849173E+03    0.1460834459E+03   -0.2490207476E+03
          75    0.3308557092E+03    0.1885792295E+03    0.1937394701E+03
          76    0.3286818957E+03    0.1910899805E+03    0.1997094937E+03
          77    0.3495875043E+03    0.1776644197E+03    0.5465898348E+03
          78    0.3609089083E+03    0.1950328232E+03   -0.6829163778E+03
          79    0.3822630169E+03    0.2474711529E+03    0.3105404296E+03
          80    0.3889155393E+03    0.1271640318E+03    0.3702587422E+03
          81    0.3672312174E+03    0.1942751318E+03   -0.7297400202E+03
          82    0.3611193459E+03   -0.2010071422E+03   -0.4460598962E+03
          83    0.3778655031E+03    0.2410010746E+03    0.2942147410E+03
          84    0.3952831495E+03    0.1270560629E+03    0.2897171105E+03
          85    0.3040758217E+03    0.1544960050E+03    0.1831826182E+03
          86    0.3727365270E+03    0.1422026282E+03    0.1371560868E+03
          87    0.3881263008E+03    0.1650020537E+03   -0.2270195650E+03
          88    0.3597359780E+03    0.2144489075E+03    0.2316015817E+03
          89    0.3593557153E+03    0.2131240887E+03    0.2298990427E+03
          90    0.3306704546E+03    0.1879321338E+03   -0.1956051895E+03
          91    0.3286500516E+03    0.1914517537E+03    0.1984054070E+03
          92    0.3851796510E+03    0.1598225926E+03   -0.2282589954E+03
          93    0.3647644553E+03    0.2039370568E+03   -0.7196858846E+03
          94    0.3799331017E+03    0.2417772282E+03    0.1795611368E+03
          95    0.3169063919E+03    0.1602174630E+03    0.2198663827E+03
          96    0.3167958890E+03    0.1599133529E+03    0.2197770775E+03
          97    0.3641358063E+03    0.2004963519E+03   -0.7135315768E+03
          98    0.3820760587E+03    0.2477842294E+03    0.3113123498E+03
          99    0.3596823515E+03    0.2139132083E+03    0.2303428442E+03
         100    0.3728719916E+03    0.1423136349E+03    0.1380303127E+03
