Model_ID, [(c_i,i=0,n)_j,j=1,ntask]
           1    0.5797452473E+01    0.8926417145E+01    0.4433171895E+03
           2    0.5345181518E+01    0.1906847845E+02    0.1436768383E+04
           3    0.5582866518E+01    0.1878523823E+02    0.1429322277E+04
           4    0.5490150800E+01    0.9066132931E+01    0.4418228008E+03
           5    0.6016081622E+01    0.1233374304E+02    0.4626331579E+03
           6    0.5939730306E+01   -0.8882480192E+01    0.4562554454E+03
           7    0.5031708750E+01    0.1503855599E+02    0.4376791679E+03
           8    0.5882497649E+01    0.1815821672E+02    0.4517101904E+03
           9    0.5527869043E+01   -0.3280203914E+02    0.9604338029E+04
          10    0.5855433543E+01    0.8500512367E+01    0.4787615271E+03
          11    0.5697338530E+01    0.8994421399E+01    0.4430575300E+03
          12    0.4105908075E+01    0.1751089157E+02   -0.1646903375E+03
          13    0.3530999748E+01    0.1866347748E+02    0.1333423088E+04
          14    0.5025019521E+01    0.1901776587E+02    0.3610411350E+04
          15    0.3842875233E+01    0.1798697185E+02    0.4376855579E+03
          16    0.5981214199E+01   -0.8868102953E+01    0.4574665936E+03
          17    0.6221150037E+01    0.1688793764E+02    0.4813383852E+03
          18    0.4204634065E+01    0.5727016498E+02   -0.1726084542E+03
          19    0.5580809719E+01    0.8520000750E+01    0.1287543181E+04
          20    0.6206753486E+01    0.1689813655E+02    0.4812922034E+03
          21    0.6140031653E+01   -0.8813719025E+01    0.4589217770E+03
          22    0.5632723485E+01    0.1258839032E+02    0.4614906512E+03
          23    0.5269905476E+01    0.1872670949E+02    0.3583338739E+04
          24    0.6035252753E+01    0.1706801890E+02    0.4800792911E+03
          25    0.6146861011E+01    0.1689300912E+02    0.4847041714E+03
          26    0.6193010484E+01    0.1690684134E+02    0.4812229649E+03
          27    0.6445495242E+01    0.1751526519E+02   -0.1365983938E+02
          28    0.5854971629E+01    0.6276067537E+01   -0.6967089592E+02
          29    0.6022439965E+01    0.1713813897E+02    0.4725034161E+03
          30    0.5999104198E+01    0.1710055644E+02    0.4812444267E+03
          31    0.5973755985E+01    0.1709343504E+02    0.4835025046E+03
          32    0.5782967204E+01    0.8614317858E+01    0.4385308445E+03
          33    0.5285440180E+01    0.1353122928E+02    0.4064202140E+03
          34    0.5925651172E+01    0.8544529404E+01    0.4387513317E+03
          35    0.4218958963E+01    0.1985345199E+02    0.4436109754E+03
          36    0.5983985325E+01    0.1711190974E+02    0.4812111195E+03
          37    0.5893526370E+01    0.1307629182E+02    0.4030313394E+03
          38    0.5917563568E+01    0.8547886881E+01    0.4386597054E+03
          39    0.5077488205E+01    0.1740065563E+02    0.8032353792E+02
          40    0.5119108034E+01    0.8186939354E+01    0.4329504627E+03
          41    0.4873139257E+01    0.1485373962E+02    0.4385678336E+03
          42    0.6331056393E+01    0.1761569648E+02   -0.1372842020E+02
          43    0.5909663895E+01    0.8551035175E+01    0.4385665219E+03
          44    0.4042627033E+01    0.1292341592E+02    0.4059847801E+03
          45    0.5969555415E+01    0.1712171235E+02    0.4811541679E+03
          46    0.6299198063E+01    0.1764257093E+02   -0.1376941000E+02
          47    0.5401842154E+01    0.1878079366E+02    0.1432157732E+04
          48    0.6368352751E+01    0.1757079842E+02   -0.1388600624E+02
          49    0.6301114261E+01    0.1764077914E+02   -0.1376238510E+02
          50    0.6303107126E+01   -0.1763877638E+02   -0.1375546124E+02
          51    0.4265836383E+01    0.2985260412E+02    0.4117507711E+03
          52    0.5835744153E+01    0.8585751279E+01    0.4399642703E+03
          53    0.5272071639E+01    0.8666029945E+01    0.1293743150E+04
          54    0.5033619032E+01    0.1744184831E+02    0.8063971425E+02
          55    0.4769021224E+01    0.1898550247E+02    0.1295430258E+04
          56    0.4886335965E+01    0.1002844412E+02    0.4478750263E+03
          57    0.4886980082E+01    0.4685233425E+02    0.1369205745E+03
          58    0.6410572476E+01    0.1753229069E+02   -0.1427876466E+02
          59    0.4441238463E+01    0.1519394847E+02    0.4424601069E+03
          60    0.6470369599E+01    0.1662499806E+02    0.4778712857E+03
          61    0.5017511214E+01    0.1745459503E+02    0.8065231154E+02
          62    0.6015041834E+01    0.8492380652E+01    0.4372425079E+03
          63    0.6273558084E+01    0.1765917875E+02   -0.1379960999E+02
          64    0.3652950295E+01    0.1141559500E+02   -0.1701712353E+03
          65    0.5282730074E+01    0.1718972022E+02    0.8005568012E+02
          66    0.6395750083E+01    0.1668025625E+02    0.4756541278E+03
          67    0.6060607662E+01    0.8470901274E+01    0.4387045094E+03
          68    0.5002170741E+01    0.1746572549E+02    0.8066006768E+02
          69    0.5008340977E+01    0.1742826354E+02    0.8089153394E+02
          70    0.5994668202E+01    0.8540725164E+01    0.4429266117E+03
          71    0.4883369557E+01    0.9379167368E+01    0.1344175366E+04
          72    0.5868333330E+01    0.8524782894E+01    0.4341882523E+03
          73    0.5267476454E+01    0.1720117244E+02    0.8006490432E+02
          74    0.6473455149E+01    0.1745064233E+02   -0.1362518286E+02
          75    0.4044877825E+01    0.1775906564E+02    0.4310122732E+03
          76    0.4113128804E+01    0.1755479215E+02    0.4201044029E+03
          77    0.4116002997E+01    0.1769109758E+02    0.4293618806E+03
          78    0.5252949032E+01    0.1721107274E+02    0.8006946734E+02
          79    0.6622136892E+01    0.1744799265E+02   -0.1260076471E+02
          80    0.3269768156E+01    0.1659297547E+02    0.1301063881E+04
          81    0.5017125648E+01    0.1719674098E+02    0.7285434188E+02
          82    0.3746831408E+01    0.1773420019E+02   -0.1671760590E+03
          83    0.6246145030E+01    0.1767642979E+02   -0.1365438463E+02
          84    0.4332072392E+01    0.1748947158E+02    0.4291946146E+03
          85    0.5016055705E+01    0.6088794125E+02   -0.1708994525E+03
          86    0.4903974339E+01    0.6124433724E+02   -0.1711715541E+03
          87    0.3569534564E+01    0.8908980242E+01   -0.1613418849E+03
          88    0.4600692650E+01    0.1760776391E+02    0.4268634848E+03
          89    0.4903201718E+01    0.6124661252E+02   -0.1711809963E+03
          90    0.5032186746E+01    0.6082718054E+02   -0.1708158195E+03
          91    0.5919699141E+01    0.7923321417E+01   -0.6503908668E+02
          92    0.5094715383E+01    0.1744425118E+02    0.7863172296E+02
          93    0.4920095467E+01    0.1378367383E+02    0.4088942911E+03
          94    0.4972737243E+01    0.1723772055E+02    0.7315869707E+02
          95    0.6151949830E+01    0.1289348386E+02    0.4038047094E+03
          96    0.6718659728E+01    0.1718173808E+02   -0.1380733437E+02
          97    0.5889629014E+01    0.8044196435E+01    0.4370487174E+03
          98    0.6604239191E+01    0.1729664401E+02   -0.1363325638E+02
          99    0.4003363251E+01    0.8998942907E+01    0.4272948163E+03
         100    0.5110057536E+01    0.6447037949E+02    0.1331134194E+03
