        Rank        RMSE       MaxAE  Feature_ID
           1    6.460516   14.217586  (       1   10001)
           2    6.524931   14.527995  (       1   10246)
           3    6.528262   15.119713  (       1   15090)
           4    6.548462   16.571374  (       1   10030)
           5    6.578306   14.505131  (       1   10002)
           6    6.580987   15.604672  (       1   10007)
           7    6.585452   15.608079  (       1   10008)
           8    6.604939   16.199736  (       1   10033)
           9    6.609707   17.353857  (       1   11843)
          10    6.613764   16.204782  (       1   10035)
          11    6.622374   14.623379  (       6   12436)
          12    6.624527   17.195796  (       1   10942)
          13    6.652396   15.815331  (       2   15090)
          14    6.656903   15.984378  (       1   10095)
          15    6.660637   17.253363  (       1   10793)
          16    6.661081   18.073071  (       1   10470)
          17    6.661956   15.577420  (       1   10049)
          18    6.667773   15.369307  (       1   10048)
          19    6.676182   15.015689  (       1   11099)
          20    6.679443   16.276995  (       1   11718)
          21    6.680420   16.453508  (       1   10252)
          22    6.692388   17.308014  (       1   10956)
          23    6.696913   14.847412  (       2   10246)
          24    6.697380   13.936558  (       1   12060)
          25    6.698597   17.458894  (       1   10043)
          26    6.701592   14.383689  (       2   10001)
          27    6.705061   16.108248  (       1   10212)
          28    6.708275   16.176936  (       1   10026)
          29    6.713339   14.485928  (       1   11389)
          30    6.718014   14.319337  (       1   15957)
          31    6.719936   15.618539  (       1   10131)
          32    6.723374   15.712763  (       1   10003)
          33    6.726861   17.295851  (       1   12494)
          34    6.727459   14.936505  (       1   11007)
          35    6.733359   18.036936  (       1   19410)
          36    6.735969   18.049073  (       2   11843)
          37    6.738701   13.567275  (      57   13296)
          38    6.745494   17.551709  (       1   10119)
          39    6.752548   15.499046  (       1   10267)
          40    6.753166   17.255359  (       1   12981)
          41    6.754161   13.204318  (       1   10170)
          42    6.754724   15.127116  (       1   10004)
          43    6.760283   13.713369  (       1   10023)
          44    6.760425   16.482651  (       1   10025)
          45    6.762556   14.343399  (       1   10011)
          46    6.764338   19.137076  (       1   10006)
          47    6.767821   13.286435  (      57   15134)
          48    6.769262   16.678678  (       1   11231)
          49    6.769951   13.883501  (      57   13727)
          50    6.772452   16.026623  (       1   10009)
          51    6.772453   17.388489  (       1   10157)
          52    6.773640   14.662262  (       2   10002)
          53    6.773657   14.957049  (       1   10005)
          54    6.774723   16.809185  (       1   11267)
          55    6.775431   17.171341  (       1   11025)
          56    6.775802   17.021967  (       1   11327)
          57    6.785524   15.481876  (       1   10028)
          58    6.786019   17.178644  (       1   14378)
          59    6.788465   17.386741  (       1   11197)
          60    6.789940   17.936160  (       2   10793)
          61    6.790336   18.058415  (       1   11936)
          62    6.791000   17.471620  (       1   10282)
          63    6.796498   15.761523  (       1   10012)
          64    6.798152   17.439750  (       1   11076)
          65    6.799995   16.151564  (       1   10702)
          66    6.800367   17.160322  (       1   11648)
          67    6.801342   17.277266  (       1   11659)
          68    6.802204   16.595083  (       1   11815)
          69    6.803123   15.902949  (       1   10672)
          70    6.804805   13.471754  (       1   10010)
          71    6.807266   18.814185  (       1   10031)
          72    6.807609   15.958009  (       1   10017)
          73    6.808750   16.340485  (       2   10007)
          74    6.809679   13.185674  (       1   10256)
          75    6.810847   15.813757  (       1   10719)
          76    6.810981   16.470096  (       1   10221)
          77    6.811400   15.654020  (       1   10015)
          78    6.812727   19.237266  (       1   10014)
          79    6.812858   16.343408  (       2   10008)
          80    6.814059   12.191830  (       1   10013)
          81    6.815642   18.238386  (       1   11570)
          82    6.815654   16.428661  (       1   10849)
          83    6.815894   17.678930  (       1   10066)
          84    6.819231   17.968048  (       1   11535)
          85    6.820096   16.434277  (       1   10130)
          86    6.820678   15.429112  (       1   10018)
          87    6.823371   14.530567  (       1   16991)
          88    6.824841   15.640684  (       1   10020)
          89    6.825470   18.662806  (       1   10521)
          90    6.827685   16.930312  (       2   10033)
          91    6.827819   15.181882  (       1   11091)
          92    6.829140   15.413156  (       1   10022)
          93    6.829908   17.342998  (       2   10030)
          94    6.830991   15.988343  (       1   10090)
          95    6.831994   14.636885  (       1   11060)
          96    6.832247   12.752966  (       1   10540)
          97    6.832314   15.145411  (       1   10019)
          98    6.833120   14.234056  (       3   10001)
          99    6.833489   15.221932  (       1   10016)
         100    6.834501   17.032597  (       1   11726)
