     Index              y_true              y_pred        descriptor_1        descriptor_2
         1    0.2490000000E+03    0.2695280712E+03   -0.5034581100E+00   -0.3338037600E+00
         2    0.3990000000E+03    0.3765054625E+03    0.3469111200E+00    0.6199072000E-01
         3    0.2396000000E+03    0.2635168831E+03   -0.3935577700E+00   -0.1972536200E+00
         4    0.1693000000E+03    0.2181875955E+03   -0.3209681300E+00    0.7099035000E-01
         5    0.4240000000E+03    0.3941748068E+03    0.1885925700E+00   -0.1735064000E+00
         6    0.3387000000E+03    0.3664374140E+03    0.1815369200E+00   -0.6120070000E-01
         7    0.2744000000E+03    0.2430143320E+03   -0.4315792500E+00   -0.1472774400E+00
         8    0.2466500000E+03    0.2692756699E+03   -0.1981255200E+00   -0.2524160000E-01
         9    0.2680300000E+03    0.2483371958E+03   -0.1874669400E+00    0.7563297000E-01
        10    0.2516000000E+03    0.2735562100E+03   -0.1871159400E+00   -0.3258269000E-01
        11    0.3275000000E+03    0.3346750473E+03    0.4926252000E-01   -0.5766488000E-01
        12    0.2720000000E+03    0.2506509272E+03   -0.2838953100E+00   -0.3143291000E-01
        13    0.3281500000E+03    0.2787736645E+03   -0.1462561200E+00   -0.1389750000E-01
        14    0.2886400000E+03    0.2540893523E+03   -0.2220510000E+00    0.1604286000E-01
        15    0.1588000000E+03    0.1282483147E+03   -0.4691204800E+00    0.3089913200E+00
        16    0.3945000000E+03    0.3689290101E+03    0.2328624000E+00   -0.2024144000E-01
        17    0.3091000000E+03    0.3294743921E+03   -0.1066463200E+00   -0.1922788800E+00
        18    0.4711500000E+03    0.4321130811E+03    0.3606865900E+00   -0.1635307200E+00
        19    0.3891500000E+03    0.3838009630E+03    0.3290876400E+00    0.1263465000E-01
        20    0.9070000000E+02    0.7584145499E+02   -0.1000000000E+01    0.0000000000E+00
        21    0.4680000000E+03    0.4657992108E+03    0.6033748100E+00   -0.6415968000E-01
        22    0.3674300000E+03    0.3842475859E+03    0.2128364700E+00   -0.1063551600E+00
        23    0.3632000000E+03    0.3558468469E+03   -0.2711630400E+00   -0.4714850000E+00
        24    0.2480000000E+03    0.2434957229E+03   -0.4393584000E+00   -0.1571836000E+00
        25    0.4460000000E+03    0.4300034346E+03    0.5178255400E+00    0.3793240000E-02
        26    0.2566500000E+03    0.2258482498E+03   -0.4846116500E+00   -0.1267812000E+00
        27    0.3860000000E+03    0.3629235809E+03    0.3182948400E+00    0.9164428000E-01
        28    0.8950000000E+02    0.1003153836E+03   -0.7899127200E+00    0.1062002800E+00
        29    0.2634000000E+03    0.2975484422E+03   -0.1962838400E+00   -0.1451027000E+00
        30    0.4380000000E+03    0.4322454242E+03    0.4486649200E+00   -0.7550466000E-01
        31    0.3260000000E+03    0.3005387347E+03   -0.8543934000E-01   -0.4635360000E-01
        32    0.5132000000E+03    0.4831870415E+03    0.6231789600E+00   -0.1190720200E+00
        33    0.2561000000E+03    0.2948118933E+03   -0.8527835000E-01   -0.2153714000E-01
        34    0.1743000000E+03    0.2015908022E+03   -0.2201270400E+00    0.2439892200E+00
        35    0.2530000000E+03    0.2918353281E+03   -0.1366260700E+00   -0.6043098000E-01
        36    0.3450000000E+03    0.3698807080E+03    0.1434394600E+00   -0.1143891000E+00
        37    0.4780000000E+03    0.4965064942E+03    0.6729153200E+00   -0.1263275000E+00
        38    0.2401500000E+03    0.2629207602E+03   -0.4171382300E+00   -0.2184332400E+00
        39    0.2990000000E+03    0.2545410896E+03   -0.2615792800E+00   -0.2570760000E-01
        40    0.4920000000E+03    0.4703870737E+03    0.5987242700E+00   -0.8859384000E-01
        41    0.3334000000E+03    0.4145021207E+03    0.5486135000E+00    0.1015312200E+00
        42    0.3010000000E+03    0.3291942243E+03    0.8498273000E-01    0.1901250000E-02
