     Index              y_true              y_pred        descriptor_1        descriptor_2
         1    0.1845000000E+02    0.2301711766E+02    0.4314443000E+00    0.3547309080E-02
         2    0.1464000000E+02    0.3648866827E+02    0.9448406000E-01    0.1671402856E-01
         3    0.6524000000E+02    0.6838189851E+02   -0.3072581100E+00   -0.2388735904E-01
         4    0.2720000000E+02    0.3398198417E+02    0.5885760600E+00   -0.6392475320E-01
         5    0.5646000000E+02    0.6624844332E+02   -0.5650229200E+00    0.3041863625E-01
         6    0.2622000000E+02    0.3285019214E+02    0.2695282200E+00   -0.2073405586E-02
         7    0.9080000000E+02    0.9226507283E+02   -0.3781000900E+00   -0.9597881522E-01
         8    0.6511000000E+02    0.5583950782E+02   -0.1852482400E+00   -0.1399104414E-02
         9    0.6029000000E+02    0.6077557544E+02   -0.2190107900E+00   -0.1283296960E-01
        10    0.6276000000E+02    0.5263729278E+02   -0.2426432800E+00    0.2039104505E-01
        11    0.3120000000E+02    0.2040409666E+02    0.5140578500E+00   -0.2133964712E-02
        12    0.7420000000E+02    0.6755403948E+02   -0.2590671100E+00   -0.2967788408E-01
        13    0.4460000000E+02    0.3761661999E+02    0.1566444500E+00    0.1436496336E-02
        14    0.8285000000E+02    0.8093278805E+02   -0.6436347600E+00   -0.7552434760E-02
        15    0.3682000000E+02    0.4576255714E+02   -0.7000907600E+00    0.1277495372E+00
        16    0.5774000000E+02    0.4510317617E+02   -0.1398669000E-01    0.5739857640E-02
        17    0.4216000000E+02    0.3834773649E+02    0.1487242900E+00    0.2720678400E-03
        18    0.3187000000E+02    0.2498043567E+02    0.4888157100E+00   -0.1383289409E-01
        19    0.3615000000E+02    0.3223594415E+02   -0.1886068800E+00    0.8314668608E-01
        20    0.2796000000E+02    0.2265974831E+02    0.4862742400E+00   -0.5119622522E-02
        21    0.2067000000E+02    0.1664440790E+02    0.5895620000E+00   -0.2448993648E-02
        22    0.8872000000E+02    0.6445493831E+02   -0.6693703000E+00    0.5570923256E-01
        23    0.2681000000E+02    0.2688713500E+02    0.4541174200E+00   -0.1432436928E-01
        24    0.4263000000E+02    0.6082103841E+02   -0.2346392400E+00   -0.1016202677E-01
        25    0.6660000000E+02    0.6718513521E+02   -0.4171816400E+00    0.2918157840E-03
        26    0.2078000000E+02    0.2361414251E+02    0.3807529400E+00    0.1061189111E-01
        27    0.2817000000E+02    0.2444122293E+02    0.4091719600E+00    0.2519825080E-02
        28    0.6056000000E+02    0.5117487005E+02    0.2134514800E+00   -0.5707435536E-01
        29    0.6942000000E+02    0.7736015724E+02   -0.9546166300E+00    0.6151688704E-01
        30    0.4307000000E+02    0.5407203417E+02   -0.3633660200E+00    0.3716960774E-01
        31    0.3200000000E+01   -0.4963364090E+01    0.1000000000E+01    0.0000000000E+00
        32    0.6383000000E+02    0.6095731683E+02   -0.3004468800E+00    0.1280808750E-02
        33    0.5301000000E+02    0.5561779440E+02   -0.1681266800E+00   -0.3713902080E-02
        34    0.3007000000E+02    0.3484111317E+02    0.2509184300E+00   -0.5780380368E-02
        35    0.5015000000E+02    0.3419228401E+02    0.2402997100E+00   -0.1548453219E-02
        36    0.1850000000E+02    0.1925668196E+02    0.5247966400E+00    0.0000000000E+00
        37    0.7737000000E+02    0.6302687523E+02   -0.9941000000E+00    0.1196439767E+00
        38    0.2680000000E+02    0.3146229830E+02    0.2010958800E+00    0.1526528543E-01
        39    0.5100000000E+02    0.5082207819E+02   -0.5610824000E-01   -0.6962812416E-02
        40    0.2551000000E+02    0.2850482609E+02    0.4209339000E+00   -0.1406264524E-01
        41    0.1790000000E+02    0.3471845933E+02    0.2174822400E+00    0.7160105400E-03
        42    0.5060000000E+01    0.2937565981E+02    0.1318263900E+00    0.3524052570E-01
