        Rank        RMSE       MaxAE  Feature_ID
           1   29.022981   68.556826  (       1   12569)
           2   29.029891   76.423075  (       7   10298)
           3   29.090222   65.147054  (       1   12050)
           4   29.130453   75.574248  (       7   10213)
           5   29.279543   65.140185  (      49   12488)
           6   29.388748   67.897928  (      49   18454)
           7   29.513881   75.993147  (       7   10400)
           8   29.554262   65.125487  (      32   12457)
           9   29.579055   69.234489  (     274   11364)
          10   29.624038   82.581006  (       7   10155)
          11   29.630148   72.245102  (       1   13961)
          12   29.663595   67.592271  (      49   19712)
          13   29.671192   73.105634  (       9   10541)
          14   29.680475   64.799204  (      49   14087)
          15   29.709321   68.016826  (      49   13884)
          16   29.757177   74.294293  (       7   10537)
          17   29.760148   75.032184  (       7   10931)
          18   29.762075   74.761549  (       7   10853)
          19   29.780537   74.969688  (       1   14126)
          20   29.813482   80.996431  (       1   11596)
          21   29.830735   74.792373  (       7   10890)
          22   29.833171   74.123769  (       1   10194)
          23   29.834536   73.387685  (       1   10054)
          24   29.857879   75.763746  (       1   10023)
          25   29.862442   86.857631  (       6   12320)
          26   29.897989   72.337341  (       1   12485)
          27   29.907487   75.451234  (       1   10216)
          28   29.951673   66.797006  (      32   14181)
          29   29.953127   73.132118  (       7   10462)
          30   29.961093   69.416005  (       1   10136)
          31   29.961498   75.030690  (       7   11001)
          32   29.964613   68.536754  (      31   19725)
          33   29.980964   76.137224  (     668   14294)
          34   29.991360   77.044098  (       1   16003)
          35   30.004262   89.362950  (    1949   15401)
          36   30.004648   63.893223  (      49   11811)
          37   30.011149   76.239307  (     274   13011)
          38   30.013434   75.481553  (       7   11014)
          39   30.021880   64.733198  (      32   11249)
          40   30.039944   75.827414  (       7   12075)
          41   30.041946   76.112930  (       1   19785)
          42   30.091096   77.581012  (      25   11028)
          43   30.104771   85.119316  (    1173   13884)
          44   30.104896   91.715044  (     668   11249)
          45   30.106144   78.297227  (       1   10075)
          46   30.121316   76.614492  (       1   10724)
          47   30.131042   71.760259  (       1   14162)
          48   30.134385   68.467745  (      32   12805)
          49   30.168212   69.126238  (      49   17025)
          50   30.186209   81.615737  (     668   14181)
          51   30.193061   78.566260  (       4   10054)
          52   30.193649   76.957204  (       7   10588)
          53   30.197535   75.293422  (       7   11991)
          54   30.207843   75.399658  (       7   12068)
          55   30.213909   72.290384  (    5963   13011)
          56   30.226147   75.255821  (       7   11529)
          57   30.241039   82.795822  (      49   19811)
          58   30.245139   75.747118  (       7   12367)
          59   30.246683   74.246754  (       9   11472)
          60   30.255909   66.414173  (      32   19138)
          61   30.257290   87.854616  (      31   13436)
          62   30.260866   75.756922  (       7   11492)
          63   30.268395   75.329937  (       7   12098)
          64   30.272500   73.759418  (       1   12615)
          65   30.274240   68.513764  (       8   19811)
          66   30.283689   90.461927  (    1394   15401)
          67   30.293350   72.110912  (       1   10799)
          68   30.296040   80.066954  (       1   13694)
          69   30.297266   83.237817  (       1   10449)
          70   30.297915   90.594934  (     521   14439)
          71   30.301434   78.152525  (       1   10081)
          72   30.304524   73.344468  (      38   14883)
          73   30.309448   74.458997  (       7   11352)
          74   30.311790   71.806964  (       1   10342)
          75   30.313028   77.611161  (      38   10324)
          76   30.314385   74.550727  (       7   11389)
          77   30.315132   75.419991  (       7   12799)
          78   30.326646   69.559208  (      31   10771)
          79   30.332034   66.437524  (      32   19452)
          80   30.338448   74.422120  (       7   11053)
          81   30.347025   66.631663  (      32   17230)
          82   30.348249   74.897773  (       7   11582)
          83   30.351121   76.187172  (       7   11200)
          84   30.357121   67.698889  (      32   16930)
          85   30.358519   70.801367  (      49   10661)
          86   30.367604   71.596885  (      49   10096)
          87   30.370710   69.246561  (      25   12558)
          88   30.374158   77.340840  (       1   14400)
          89   30.376220   77.444120  (       1   14699)
          90   30.378208   73.599157  (       1   12589)
          91   30.379674   74.495750  (       7   11415)
          92   30.380376   71.352780  (       1   10838)
          93   30.391576   80.633282  (       1   10541)
          94   30.402849   76.750439  (       1   10055)
          95   30.404610   75.593342  (       7   12445)
          96   30.406418   70.879962  (      31   13631)
          97   30.406723   66.836758  (      80   18350)
          98   30.411248   73.558673  (       7   13048)
          99   30.419172   73.126607  (     151   10771)
         100   30.424761   67.708615  (      32   14294)
