Model_ID, [(c_i,i=0,n)_j,j=1,ntask]
           1    0.5550900485E+01   -0.2058670654E+02    0.8479260839E+03
           2    0.5565618641E+01   -0.1028877856E+02    0.8483120036E+03
           3    0.7238873516E+01   -0.3012022854E+02    0.8232371724E+03
           4    0.6402097394E+01   -0.1122402918E+02    0.7990258155E+02
           5    0.5592322337E+01   -0.2053887488E+02    0.8477400369E+03
           6    0.8807975241E+01   -0.1284574982E+02    0.2267512116E+03
           7    0.5663202351E+01   -0.2031094127E+02    0.8390056785E+03
           8    0.5663268968E+01   -0.2030830603E+02    0.8388579948E+03
           9    0.5769623862E+01   -0.1939600284E+02    0.7913968970E+03
          10    0.5890342864E+01   -0.1930496834E+02    0.7930175838E+03
          11    0.7327009248E+01   -0.3004981395E+02    0.8262344300E+03
          12    0.5541085353E+01   -0.1162519707E+02    0.2210396089E+03
          13    0.7221755477E+01   -0.2986138244E+02    0.8130950769E+03
          14    0.5692347032E+01   -0.9771631624E+01    0.7958315047E+03
          15    0.5633938467E+01   -0.1969489953E+02    0.7852915127E+03
          16    0.4708954248E+01   -0.9554638653E+01   -0.3870355917E+03
          17    0.5696496115E+01   -0.1956485148E+02    0.7974496912E+03
          18    0.4728514974E+01   -0.9556540827E+01   -0.3880641112E+03
          19    0.1727135107E+02   -0.1090333577E+02    0.1632969673E+03
          20    0.5785550208E+01   -0.9810076472E+01    0.7774305788E+03
          21    0.6004014800E+01   -0.1196581611E+02    0.1751086700E+03
          22    0.5745175809E+01   -0.1939507279E+02    0.7913274391E+03
          23    0.4944089582E+01   -0.9415021534E+01   -0.3822918227E+03
          24    0.5759722850E+01   -0.9708039342E+01    0.7934399965E+03
          25    0.1741826406E+02   -0.1752636332E+02    0.1372008923E+03
          26    0.5805147372E+01   -0.9679860658E+01    0.7930110816E+03
          27    0.5706329893E+01   -0.9750216104E+01    0.7951164545E+03
          28    0.5919599761E+01   -0.1218367162E+02    0.1800056195E+03
          29    0.5791850660E+01   -0.1932398996E+02    0.7903833954E+03
          30    0.5777618925E+01   -0.1942922813E+02    0.7953076947E+03
          31    0.5976363401E+01   -0.2073103083E+02    0.1065123869E+03
          32    0.6028938303E+01   -0.1199723344E+02    0.1769500858E+03
          33    0.1760995971E+02   -0.1659407230E+02    0.8367665915E+02
          34    0.6025609715E+01   -0.1182172726E+02    0.1761364656E+03
          35    0.5950503506E+01   -0.1215263149E+02    0.1794755567E+03
          36    0.6160760478E+01   -0.1923274856E+02    0.8065224387E+03
          37    0.7411873789E+01   -0.3010494254E+02    0.8334327619E+03
          38    0.5540809522E+01   -0.9822762096E+01    0.7930671259E+03
          39    0.5616463926E+01   -0.9730788526E+01    0.7847180278E+03
          40    0.5443035223E+01   -0.1965647473E+02    0.7876213897E+03
          41    0.3222186417E+01   -0.1794602410E+02    0.1546421399E+03
          42    0.5600951810E+01   -0.1954683954E+02    0.7911240261E+03
          43    0.5588251027E+01   -0.1951235935E+02    0.7883497423E+03
          44    0.5615606762E+01   -0.9783909782E+01    0.7932417872E+03
          45    0.1795555700E+02   -0.1231317469E+02   -0.3266233676E+03
          46    0.5621583847E+01    0.1957328326E+02    0.7939273311E+03
          47    0.5473366765E+01   -0.9855880440E+01    0.7907107858E+03
          48    0.5583205103E+01    0.1948852720E+02    0.7866637515E+03
          49    0.5047695823E+01   -0.2283109102E+02   -0.7926775793E+02
          50    0.4006937470E+01   -0.2225567005E+02   -0.4082654454E+03
          51    0.5633731745E+01   -0.1958073356E+02    0.7951101210E+03
          52    0.1461455573E+02   -0.9132503753E+01    0.4853659682E+02
          53    0.5436119558E+01   -0.1228873266E+02    0.1837054282E+03
          54    0.5798202782E+01   -0.1222649595E+02    0.1801364498E+03
          55    0.5694744568E+01   -0.9739536391E+01    0.7930494728E+03
          56    0.9024508652E+01   -0.2896889358E+02    0.2035137067E+02
          57    0.5607163819E+01   -0.1926307694E+02    0.7702993069E+03
          58    0.5647337882E+01   -0.1958476522E+02    0.7961864221E+03
          59    0.5060935932E+01   -0.2322027094E+02   -0.6939177103E+02
          60    0.1780416760E+02   -0.1274583188E+02   -0.3359355315E+03
          61    0.6188017981E+01   -0.1195974124E+02    0.1754624784E+03
          62    0.1718968345E+02   -0.1725071543E+02    0.1343859854E+03
          63    0.5658769813E+01   -0.9792766188E+01    0.7969397811E+03
          64    0.5774016610E+01   -0.9691330431E+01    0.7943679319E+03
          65    0.6120743240E+01   -0.1200172427E+02    0.1766000320E+03
          66    0.6019853361E+01   -0.1896631363E+02    0.7836657641E+03
          67    0.6050515280E+01   -0.1170940992E+02    0.1752248370E+03
          68    0.1202000197E+02   -0.2385325946E+02   -0.1305487126E+02
          69    0.6658124252E+01   -0.1471793255E+02    0.1843931738E+03
          70    0.6189885225E+01   -0.2186811787E+02   -0.3664656396E+02
          71    0.5969379572E+01   -0.1940065526E+02    0.8040561129E+03
          72    0.6074936173E+01   -0.1927802724E+02    0.8029194389E+03
          73    0.5220275077E+01   -0.1967679712E+02    0.7759204862E+03
          74    0.1717948261E+02   -0.1723167498E+02    0.1342245981E+03
          75    0.5750757487E+01   -0.1932452175E+02    0.7876314680E+03
          76    0.5321300875E+01   -0.1975664044E+02    0.7818541781E+03
          77    0.5633630696E+01   -0.9815277517E+01    0.8004516863E+03
          78    0.6375948464E+01   -0.1889081048E+02    0.7999442131E+03
          79    0.5833123810E+01   -0.1953028491E+02    0.8030391734E+03
          80    0.5724134072E+01   -0.1914649529E+02    0.7757015535E+03
          81    0.5066661415E+01   -0.2272132192E+02   -0.7876915603E+02
          82    0.6217093983E+01   -0.9243076883E+01    0.7623607733E+03
          83    0.6077875451E+01   -0.1202617591E+02    0.1765317889E+03
          84    0.4659834287E+01   -0.2040202522E+02    0.7897788803E+03
          85    0.2050577164E+02   -0.1736033042E+02    0.8585715943E+02
          86    0.6076695381E+01   -0.1202705730E+02    0.1764388868E+03
          87    0.6070631310E+01   -0.1203175279E+02    0.1764401461E+03
          88    0.6064590077E+01   -0.1203642347E+02    0.1764324947E+03
          89    0.2063995693E+02   -0.1745219646E+02    0.8705356546E+02
          90    0.2210314774E+02    0.2110395741E+02    0.9835586389E+02
          91    0.6280871721E+01   -0.1189906604E+02    0.1716823743E+03
          92    0.6063507904E+01   -0.1203720109E+02    0.1763047278E+03
          93    0.4118824839E+01    0.2786342371E+02   -0.1254078275E+02
          94    0.5578262900E+01   -0.1934049356E+02    0.7778289255E+03
          95    0.6051771679E+01   -0.1910547000E+02    0.7941126050E+03
          96    0.5987290264E+01   -0.1914469404E+02    0.7856084333E+03
          97    0.6122278261E+01   -0.1922735176E+02    0.8035924438E+03
          98    0.6022510586E+01   -0.2040136350E+02    0.1059262334E+03
          99    0.2011335762E+02   -0.1770118057E+02    0.2284005755E+03
         100    0.7039764431E+01   -0.2105977216E+02    0.2241822747E+02
