        Rank        RMSE       MaxAE  Feature_ID
           1    4.123318   14.092789  (      18   18760)
           2    4.160443   12.697050  (    3984   11032)
           3    4.168428   14.020322  (      18   11976)
           4    4.173678   14.702989  (      18   15175)
           5    4.177158   13.289666  (    4092   10985)
           6    4.183597   13.489484  (     160   10985)
           7    4.184386   13.404668  (     509   10985)
           8    4.185062   14.544567  (      18   10985)
           9    4.185142   12.994522  (      18   19036)
          10    4.185149   11.990358  (    7829   11032)
          11    4.189089   13.383365  (    1110   10985)
          12    4.189372   12.981466  (      18   19016)
          13    4.198189   14.039553  (      18   16039)
          14    4.199669   15.639897  (      18   11751)
          15    4.204087   13.623033  (     716   11032)
          16    4.204478   12.758394  (    3984   14688)
          17    4.206326   13.900246  (      18   19158)
          18    4.208164   14.196066  (      18   14049)
          19    4.208215   12.764982  (    3984   15059)
          20    4.211231   13.127292  (    3984   11751)
          21    4.212191   12.772251  (    3984   15509)
          22    4.212251   12.890294  (    3984   11633)
          23    4.214053   13.935806  (      18   14917)
          24    4.214391   14.649725  (     541   11032)
          25    4.216396   14.049296  (      18   15844)
          26    4.218460   14.725502  (     160   11751)
          27    4.219274   14.088707  (      18   12766)
          28    4.219667   15.868506  (      18   11032)
          29    4.219953   13.790758  (      18   17434)
          30    4.221502   12.040709  (    7829   14688)
          31    4.224467   13.992235  (      18   17122)
          32    4.224710   13.935055  (      18   13949)
          33    4.225008   12.047292  (    7829   15059)
          34    4.225539   14.623359  (     541   14688)
          35    4.227019   14.718215  (     541   11754)
          36    4.228606   14.102630  (      18   13563)
          37    4.228763   12.054568  (    7829   15509)
          38    4.229261   14.316824  (      18   10501)
          39    4.230152   14.623227  (     541   15059)
          40    4.230483   12.552622  (    3984   11754)
          41    4.231568   13.059393  (      18   11601)
          42    4.234967   14.623000  (     541   15509)
          43    4.235194   13.598860  (     716   14688)
          44    4.236425   15.855210  (      18   14688)
          45    4.237255   13.419481  (    1565   10985)
          46    4.238306   14.996317  (     160   11032)
          47    4.239273   15.853872  (      18   15059)
          48    4.239756   13.599081  (     716   15059)
          49    4.240998   13.476180  (     844   10985)
          50    4.242158   13.451161  (    1193   10985)
          51    4.242275   15.852418  (      18   15509)
          52    4.243628   14.104692  (      18   12018)
          53    4.244015   11.843647  (    7829   11754)
          54    4.244413   13.510670  (    1331   10985)
          55    4.244522   13.599212  (     716   15509)
          56    4.245634   13.344905  (     716   11751)
          57    4.247219   15.276454  (      18   12450)
          58    4.248128   15.177813  (    1116   13140)
          59    4.249200   14.669405  (      18   11380)
          60    4.249357   15.803011  (      18   12739)
          61    4.249421   12.422634  (    7829   11751)
          62    4.250741   13.241115  (     160   10501)
          63    4.250951   13.977067  (      18   10306)
          64    4.252228   13.455083  (    4092   11380)
          65    4.252737   14.669753  (      18   11577)
          66    4.253092   13.724994  (     716   11754)
          67    4.253911   14.240994  (      18   18566)
          68    4.255810   13.638469  (    6239   11032)
          69    4.256428   14.225353  (    1208   11751)
          70    4.256616   14.670157  (      18   11802)
          71    4.256672   14.572017  (     541   12651)
          72    4.257109   13.444947  (    1970   10985)
          73    4.257745   13.973574  (      18   11163)
          74    4.258295   14.513950  (    1208   11032)
          75    4.258481   13.560651  (     509   11380)
          76    4.258603   13.973804  (      18   11264)
          77    4.258620   13.986105  (      18   10719)
          78    4.258992   13.458686  (    4092   11577)
          79    4.259118   13.973962  (      18   11249)
          80    4.259137   13.144824  (      18   16173)
          81    4.259242   13.974000  (      18   11245)
          82    4.259351   12.956436  (    3984   12739)
          83    4.259365   13.974038  (      18   11242)
          84    4.259701   14.977829  (     160   14688)
          85    4.259887   13.974197  (      18   11226)
          86    4.259899   13.772538  (      18   10017)
          87    4.260799   13.974443  (      18   11322)
          88    4.261322   13.389676  (    2831   10985)
          89    4.261690   15.148730  (    1116   12000)
          90    4.261931   13.285069  (     492   14068)
          91    4.262153   14.395151  (     541   11751)
          92    4.262243   13.445283  (    2579   10985)
          93    4.263029   14.237783  (      18   15168)
          94    4.263116   14.535474  (     128   10985)
          95    4.264499   13.563498  (     509   11577)
          96    4.264560   14.977606  (     160   15059)
          97    4.264601   14.558138  (     541   12739)
          98    4.265755   13.544454  (    1110   11380)
          99    4.266256   13.462498  (    4092   11802)
         100    4.266772   13.542943  (    1110   11577)
