Model_ID, [(c_i,i=0,n)_j,j=1,ntask]
           1    0.3898394943E+01   -0.2014051504E+02    0.4365661402E+03
           2   -0.1919271258E+01    0.4361209869E+02   -0.4110151533E+02
           3    0.5873894963E+01   -0.2153016413E+02   -0.1551654830E+03
           4    0.3001259936E+01    0.3636937712E+02   -0.1469960994E+03
           5    0.5233429955E+00    0.3841495855E+02   -0.1456742806E+03
           6    0.1943879313E+02    0.1934537683E+02   -0.7853860780E+02
           7    0.2949223689E+01    0.3679886361E+02    0.1339362545E+03
           8    0.4963174476E+01   -0.2176107891E+02   -0.3676555835E+02
           9    0.4973094820E+01   -0.2178811166E+02   -0.3639743548E+02
          10    0.4961146844E+01   -0.2173545065E+02    0.3687713983E+02
          11    0.2110142263E+02    0.2168479560E+02   -0.7974223768E+02
          12    0.6301314568E+01   -0.2396513163E+02    0.3676485880E+02
          13    0.3358041940E+01   -0.2272018532E+02    0.4182480935E+02
          14    0.4735490493E+01   -0.2195757534E+02   -0.8690636274E+02
          15    0.5170544470E+01   -0.2154809073E+02   -0.1048118631E+03
          16   -0.1891833387E+01    0.4359338607E+02   -0.4597306684E+02
          17    0.5524809174E+01   -0.2254901741E+02    0.7639711694E+02
          18    0.3417601031E+01    0.1939152763E+02    0.4793204197E+03
          19    0.4832587955E+01    0.1413992866E+03    0.1456413550E+03
          20    0.5946776304E+01   -0.2346972285E+02    0.2764237974E+02
          21    0.5214244230E+01   -0.2288101417E+02   -0.9677991780E+02
          22    0.4925128262E+01   -0.2320907330E+02   -0.1211140318E+03
          23    0.5298564345E+01   -0.2134867600E+02   -0.1169721462E+03
          24    0.5257682358E+01   -0.2046598409E+02   -0.1105961862E+03
          25    0.4893744855E+01    0.1390425092E+03   -0.1573421879E+03
          26    0.3499792016E+01    0.2050840569E+02    0.4403715167E+03
          27    0.5322595173E+01   -0.2216259317E+02   -0.3314542278E+02
          28    0.3209108753E+01   -0.2255558532E+02    0.4424908826E+02
          29    0.2019758576E+02    0.1925415276E+02   -0.1386685515E+03
          30    0.5027357901E+01   -0.2266189535E+02    0.3554057875E+02
          31    0.9758854252E+00    0.3774632458E+02    0.1816178942E+03
          32    0.4017631321E+01   -0.2011016965E+02    0.4137365417E+03
          33    0.4966090355E+01   -0.2195786730E+02   -0.1216962050E+03
          34    0.2913490566E+02   -0.1036607318E+02   -0.7547036946E+02
          35    0.4975815713E+01   -0.2223889308E+02   -0.7671994394E+02
          36    0.5285349627E+01   -0.2175197511E+02   -0.3593029924E+02
          37    0.5931159195E+01   -0.2106181492E+02    0.3893141958E+02
          38    0.5934489233E+01   -0.2387849049E+02   -0.2335997201E+02
          39    0.1976489428E+02    0.2021645253E+02   -0.8009976282E+02
          40    0.3320017727E+00    0.3879624884E+02    0.2248897517E+03
          41    0.4735160761E+01    0.1903814523E+02    0.3910913984E+03
          42    0.2280324967E+01    0.5717033204E+02    0.4798322550E+02
          43    0.5319333278E+01   -0.2297329907E+02   -0.1426246021E+03
          44    0.1760737853E+01    0.1552013512E+02   -0.1486576172E+03
          45    0.5602322727E+01   -0.1937295160E+02   -0.9788866243E+02
          46    0.5484754504E+01   -0.1949466942E+02   -0.9803936599E+02
          47    0.5195801477E+01   -0.2259997272E+02    0.6049894014E+02
          48    0.1972298796E+02   -0.1890606537E+02   -0.7938221635E+02
          49    0.5120684568E+01    0.5062649899E+02   -0.7072922001E+02
          50    0.4643071899E+01    0.1652007588E+02    0.3866535503E+03
          51    0.5068408839E+01   -0.2228741182E+02    0.7041028103E+02
          52    0.5147461891E+01   -0.2195946100E+02    0.5998110635E+02
          53    0.5069916690E+01   -0.2228741634E+02    0.7031083344E+02
          54   -0.1653116905E+01    0.4314695363E+02   -0.8281521498E+02
          55    0.4716058950E+01   -0.2246556758E+02    0.4640747510E+03
          56    0.5282936662E+01   -0.2167160527E+02    0.3623634207E+02
          57    0.4486717642E+01    0.2229226571E+02   -0.3788747898E+02
          58    0.4910064243E+01   -0.2217778430E+02   -0.8115315910E+02
          59    0.4955839295E+01   -0.2235199782E+02   -0.7723345835E+02
          60    0.4927429109E+01   -0.2208583355E+02    0.8055419062E+02
          61    0.4745566404E+01    0.1882867419E+02    0.4058960687E+03
          62   -0.1942257573E+01    0.4319245233E+02   -0.8795853713E+02
          63    0.3942027930E+00    0.3848321490E+02    0.1402207858E+03
          64    0.4909162967E+01   -0.2215253080E+02   -0.8133668332E+02
          65    0.4496553402E+01    0.2232035404E+02   -0.3750578170E+02
          66    0.6278198070E+01   -0.2372941810E+02    0.7828364264E+02
          67    0.2990446974E+01    0.3503812951E+02   -0.1504539394E+03
          68    0.2121335239E+02    0.2164901410E+02   -0.7946050883E+02
          69    0.4485073823E+01    0.2226535082E+02    0.3800641011E+02
          70    0.3511668242E+01   -0.2065748774E+02   -0.2939702402E+02
          71    0.5150112331E+01   -0.2293266981E+02   -0.3055893019E+03
          72    0.5145578874E+01   -0.2058521002E+02    0.2397692128E+03
          73    0.2367769627E+01    0.3625415545E+02   -0.1433419015E+03
          74    0.5405314658E+01   -0.2132887247E+02    0.1035254519E+03
          75    0.5849179270E+01   -0.2019087946E+02   -0.1304580548E+03
          76    0.3178034596E+01   -0.2157626424E+02   -0.3185945825E+02
          77    0.5519441134E+01   -0.2180234724E+02    0.8441420078E+02
          78    0.5271589271E+01   -0.2045108076E+02    0.2392276540E+03
          79    0.1136076137E+00    0.3892367289E+02   -0.1719975347E+03
          80    0.6284997064E+01   -0.2367460463E+02    0.3942465120E+02
          81    0.4838868131E+01   -0.2126428336E+02   -0.8108427440E+02
          82    0.3501591933E+01   -0.2063625181E+02    0.2952017856E+02
          83    0.5134980000E+01   -0.2222492266E+02    0.6144466721E+02
          84    0.3097177317E+01    0.2164482616E+02   -0.3224222497E+02
          85    0.4971271846E+01   -0.2300824395E+02   -0.2746425294E+02
          86    0.5157536512E+01   -0.2355070650E+02   -0.1085164545E+03
          87    0.3166473451E+01   -0.2155685199E+02   -0.3199522302E+02
          88    0.3538742483E+01   -0.2068491846E+02   -0.2908271221E+02
          89    0.4857397802E+01    0.5073946461E+02   -0.7028141013E+02
          90    0.4983901204E+01   -0.2237902073E+02   -0.7521929078E+02
          91    0.5462506510E+01    0.2194399355E+02   -0.1562146668E+03
          92    0.3088589209E+01    0.2162233989E+02    0.3236757102E+02
          93   -0.2589182809E+01    0.4426780831E+02    0.4546569757E+02
          94    0.3210176808E+01   -0.2159601510E+02   -0.3150114086E+02
          95    0.5522366767E+01   -0.2178338845E+02    0.8420594725E+02
          96    0.4719504283E+01   -0.2321958641E+02    0.4564442182E+02
          97    0.3122023908E+01    0.2167143022E+02   -0.3191436836E+02
          98    0.5380757217E+01   -0.2121646202E+02    0.5383621483E+02
          99    0.5205166746E+01   -0.2246774339E+02    0.6051521368E+02
         100    0.5440999260E+01   -0.2140822270E+02   -0.9819957478E+02
