     Index              y_true              y_pred        descriptor_1        descriptor_2
         1    0.3200000000E+03    0.3492029609E+03   -0.9959230400E+00   -0.3516710633E-01
         2    0.3410000000E+03    0.3416401495E+03   -0.1373800000E+01    0.0000000000E+00
         3    0.7620000000E+02    0.8525815293E+02    0.3717709900E+00    0.1887773744E-01
         4    0.1399000000E+03    0.1298230451E+03    0.2618375200E+00    0.0000000000E+00
         5    0.3520000000E+03    0.3361939501E+03   -0.1268962390E+01   -0.5060726837E-02
         6    0.1516000000E+03    0.1716295381E+03   -0.8530995000E-01    0.1960413955E-02
         7    0.2800000000E+03    0.2643360509E+03   -0.1187737260E+01    0.3311950608E-01
         8    0.2930000000E+03    0.3401457190E+03   -0.1202121080E+01   -0.1290838818E-01
         9    0.2362500000E+03    0.2006383322E+03   -0.5132198600E+00    0.1839673863E-01
        10    0.2375000000E+03    0.2250770061E+03   -0.7301856800E+00    0.2067405959E-01
        11    0.2050000000E+02    0.3423008071E+02    0.1000000000E+01    0.0000000000E+00
        12    0.3670000000E+03    0.3278758037E+03   -0.1513534410E+01    0.1983117133E-01
        13    0.1744500000E+03    0.1639837034E+03   -0.1948800000E-02    0.0000000000E+00
        14    0.3535000000E+03    0.3630930554E+03   -0.1370358110E+01   -0.1363069222E-01
        15    0.3092000000E+03    0.2821356422E+03   -0.9544361600E+00    0.3234450890E-02
        16    0.2287000000E+03    0.2647617865E+03   -0.1097813000E+01    0.2560594974E-01
        17    0.2606000000E+03    0.2204195992E+03   -0.4530436200E+00    0.1233341787E-02
        18    0.2138000000E+03    0.2413073937E+03   -0.6097393000E+00    0.8626709194E-03
        19    0.3590000000E+03    0.3867757240E+03   -0.1816314720E+01    0.7575549054E-02
        20    0.8981300000E+02    0.8729484989E+02    0.5902374000E+00    0.0000000000E+00
        21    0.3137600000E+03    0.2752372529E+03   -0.8573585400E+00   -0.2968553339E-03
        22    0.3116500000E+03    0.2928033645E+03   -0.9870518800E+00   -0.7765498509E-03
        23    0.2443500000E+03    0.2349930357E+03   -0.8344678100E+00    0.2290778791E-01
        24    0.4062400000E+03    0.3641883030E+03   -0.1145413900E+01   -0.3244458790E-01
        25    0.3958500000E+03    0.3846870176E+03   -0.1476375750E+01   -0.1852593778E-01
        26    0.2195740000E+03    0.1733690887E+03   -0.6987708000E-01   -0.3663636334E-03
        27    0.2234200000E+03    0.2031641958E+03   -0.2457044800E+00   -0.4739187291E-02
        28    0.2677000000E+03    0.2621412328E+03   -0.7520087100E+00   -0.6372795332E-03
        29    0.1875850000E+03    0.1913157261E+03   -0.1808161600E+00   -0.2594646281E-02
        30    0.1721500000E+03    0.1992909690E+03   -0.3046661500E+00    0.2424428778E-02
        31    0.1832000000E+03    0.1851330950E+03   -0.1996123200E+00    0.2768809826E-02
        32    0.1338500000E+03    0.1559547321E+03    0.6005038000E-01    0.0000000000E+00
        33    0.3410000000E+03    0.3672231981E+03   -0.1290117320E+01   -0.2266947840E-01
        34    0.4610000000E+03    0.4410812529E+03   -0.1402754050E+01   -0.5956269093E-01
        35    0.3525250000E+03    0.3465982163E+03   -0.9752730400E+00   -0.3521033900E-01
        36    0.3340000000E+03    0.3457057947E+03   -0.1654229130E+01    0.2007401890E-01
        37    0.1984000000E+03    0.2142852418E+03   -0.5824937700E+00    0.1548627893E-01
        38    0.2256100000E+03    0.2309517358E+03   -0.3078699600E+00   -0.1702440130E-01
        39    0.2482000000E+03    0.2706136471E+03   -0.9521674600E+00    0.1022338327E-01
        40    0.2720000000E+03    0.3145254394E+03   -0.1078444720E+01   -0.6930405395E-02
        41    0.1839000000E+03    0.1820203912E+03   -0.3735064500E+00    0.1872344727E-01
        42    0.1591000000E+03    0.1879715260E+03   -0.1921320500E+00    0.3990781260E-03
