Model_ID, [(c_i,i=0,n)_j,j=1,ntask]
           1    0.5182622115E+02   -0.4864238271E+02    0.1928251116E+03
           2    0.5212840501E+02   -0.4937389806E+02    0.6674222528E+03
           3    0.5179258901E+02   -0.4851635203E+02    0.1914920417E+03
           4    0.5208326255E+02   -0.4925604954E+02    0.6626179075E+03
           5    0.5265821846E+02   -0.5172117275E+02    0.1791719018E+03
           6    0.5248339280E+02   -0.5152731454E+02    0.1779279565E+03
           7    0.5275830061E+02   -0.5085868325E+02    0.1834200927E+03
           8    0.5262542483E+02   -0.5159891391E+02    0.1779717803E+03
           9    0.5276404615E+02   -0.5179689349E+02    0.1798800402E+03
          10    0.5175027187E+02   -0.4829983606E+02    0.1954434230E+03
          11    0.5245150827E+02   -0.5140709831E+02    0.1767453324E+03
          12    0.5251378681E+02   -0.5055341136E+02    0.1765485049E+03
          13    0.5273073900E+02   -0.5167353903E+02    0.1786708203E+03
          14    0.5301922492E+02   -0.5216181888E+02    0.1765579614E+03
          15    0.5459559671E+02   -0.5858579577E+02    0.1821415135E+03
          16    0.5248351509E+02   -0.5043981728E+02    0.1754131089E+03
          17    0.5271035435E+02   -0.5070139082E+02    0.1818402382E+03
          18    0.5298512219E+02   -0.5203920223E+02    0.1754089289E+03
          19    0.5283646995E+02   -0.5195446483E+02    0.1752291188E+03
          20    0.5312978587E+02   -0.5224553363E+02    0.1773164248E+03
          21    0.5312026722E+02   -0.5128158350E+02    0.1805886912E+03
          22    0.5455007367E+02   -0.5842558853E+02    0.1807483012E+03
          23    0.5280335458E+02   -0.5183403908E+02    0.1740985463E+03
          24    0.5309512434E+02   -0.5212173351E+02    0.1761576828E+03
          25    0.5286307414E+02   -0.5096686857E+02    0.1738272506E+03
          26    0.5226411362E+02   -0.5047902516E+02    0.1707391883E+03
          27    0.5283167692E+02   -0.5085317845E+02    0.1727436594E+03
          28    0.5223083920E+02   -0.5113575613E+02    0.1760107751E+03
          29    0.5223637420E+02   -0.5037193093E+02    0.1696769495E+03
          30    0.5307033856E+02   -0.5112357393E+02    0.1790667111E+03
          31    0.5214430234E+02   -0.4893436540E+02    0.1886292523E+03
          32    0.5220035946E+02   -0.5101884644E+02    0.1748573645E+03
          33    0.5253732048E+02   -0.5127888584E+02    0.1805564015E+03
          34    0.5210998257E+02   -0.4881007412E+02    0.1873740228E+03
          35    0.5236540989E+02   -0.5109190809E+02    0.1793249821E+03
          36    0.5303928087E+02   -0.4968133529E+02    0.1021963312E+04
          37    0.5216712668E+02   -0.5102059711E+02    0.1755094694E+03
          38    0.5260200560E+02   -0.5088519709E+02    0.1681034339E+03
          39    0.5264150393E+02   -0.5135093131E+02    0.1812605993E+03
          40    0.5263050555E+02   -0.5040299405E+02    0.1847353102E+03
          41    0.5240014612E+02   -0.5013883365E+02    0.1780357586E+03
          42    0.5446999879E+02   -0.5810950352E+02    0.1838609344E+03
          43    0.5213701370E+02   -0.5090457030E+02    0.1743639969E+03
          44    0.5257322660E+02   -0.5077799387E+02    0.1670904670E+03
          45    0.5257232075E+02   -0.5154307116E+02    0.1731868078E+03
          46    0.5254072772E+02   -0.5142616829E+02    0.1720867476E+03
          47    0.5207552167E+02   -0.5084525498E+02    0.1747781720E+03
          48    0.5300750541E+02   -0.5178881979E+02    0.1813126964E+03
          49    0.5250566785E+02   -0.5142287885E+02    0.1726536260E+03
          50    0.5204594286E+02   -0.5073052468E+02    0.1736444462E+03
          51    0.5297318895E+02   -0.5166359088E+02    0.1800891805E+03
          52    0.5247447171E+02   -0.5130691329E+02    0.1715618155E+03
          53    0.5214982697E+02   -0.5006720453E+02    0.1720473009E+03
          54    0.5488615437E+02   -0.5886392241E+02    0.1775364280E+03
          55    0.5211736758E+02   -0.5071153378E+02    0.1774354485E+03
          56    0.5338378083E+02   -0.5225488551E+02    0.1788596012E+03
          57    0.5334801684E+02   -0.5212902176E+02    0.1776850563E+03
          58    0.5484016241E+02   -0.5870644822E+02    0.1762270701E+03
          59    0.5304918136E+02   -0.5174922466E+02    0.1815167597E+03
          60    0.5933239261E+02   -0.4732265211E+02    0.1744371894E+03
          61    0.5205483382E+02   -0.5059936793E+02    0.1769424890E+03
          62    0.5240982901E+02   -0.5124029321E+02    0.1718763417E+03
          63    0.5301472962E+02   -0.5162381358E+02    0.1802921995E+03
          64    0.5928515112E+02   -0.4721371147E+02    0.1732816090E+03
          65    0.5237921058E+02   -0.5112570206E+02    0.1707967155E+03
          66    0.5342717785E+02   -0.5221804654E+02    0.1790814049E+03
          67    0.5364685597E+02   -0.5490903891E+02    0.1830465886E+03
          68    0.5339126519E+02   -0.5209197150E+02    0.1779055397E+03
          69    0.5405633375E+02   -0.5546611318E+02    0.1811047919E+03
          70    0.5196494617E+02   -0.5042842563E+02    0.1762239925E+03
          71    0.5338550284E+02   -0.5068774134E+02    0.1372665089E+03
          72    0.5288174212E+02   -0.5133663735E+02    0.1827004386E+03
          73    0.5360421205E+02   -0.5475855395E+02    0.1816596664E+03
          74    0.5401155290E+02   -0.5531371062E+02    0.1797599394E+03
          75    0.5399063695E+02   -0.5744942828E+02    0.1776436663E+03
          76    0.5267505486E+02   -0.4957526439E+02    0.2977321971E+03
          77    0.5394915568E+02   -0.5729939094E+02    0.1763271496E+03
          78    0.5157678349E+02   -0.4684207291E+02    0.2017625259E+03
          79    0.5267843615E+02   -0.4869033966E+02    0.1760902570E+03
          80    0.5292298891E+02   -0.5129645586E+02    0.1829091754E+03
          81    0.5915065799E+02   -0.4691543165E+02    0.1756552990E+03
          82    0.5265006989E+02   -0.4858548893E+02    0.1750154936E+03
          83    0.5214671028E+02   -0.5114335589E+02    0.3934069893E+03
          84    0.5154025871E+02   -0.4671971167E+02    0.2002004434E+03
          85    0.5281119660E+02   -0.4695678175E+02    0.3699499160E+03
          86    0.5962787497E+02   -0.4753659898E+02    0.1698622343E+03
          87    0.5302603367E+02   -0.4908561196E+02    0.1733109397E+03
          88    0.5387602804E+02   -0.5700188984E+02    0.1794283552E+03
          89    0.5958075124E+02   -0.4742990170E+02    0.1687850860E+03
          90    0.5313275562E+02   -0.4948227167E+02    0.1697211892E+03
          91    0.5299669024E+02   -0.4898083913E+02    0.1722880082E+03
          92    0.5350297917E+02   -0.4993945966E+02    0.1676930526E+03
          93    0.5310494811E+02   -0.4938080121E+02    0.1687087384E+03
          94    0.5349834070E+02   -0.5438360115E+02    0.1840627782E+03
          95    0.5347391063E+02   -0.4983719452E+02    0.1667206558E+03
          96    0.5219742233E+02   -0.4966066381E+02    0.1787003985E+03
          97    0.5197327675E+02   -0.5105596042E+02    0.1792151615E+03
          98    0.5196541450E+02   -0.4938804381E+02    0.1720577991E+03
          99    0.5248452878E+02   -0.4730656854E+02    0.1094568464E+03
         100    0.5257255081E+02   -0.4830944100E+02    0.1778090020E+03
