        Rank        RMSE       MaxAE  Feature_ID
           1   29.379597   63.524639  (      25   18433)
           2   29.548116   64.569206  (      25   10147)
           3   29.561069   63.096567  (      20   18433)
           4   29.569809   61.489846  (      25   11600)
           5   29.602232   64.570021  (      20   16690)
           6   29.831789   64.579214  (      18   18433)
           7   29.952801   63.442497  (      14   18433)
           8   30.071767   58.408858  (      95   18433)
           9   30.093056   70.641684  (      10   18433)
          10   30.100351   68.686530  (      49   18972)
          11   30.148638   61.572870  (      25   18160)
          12   30.206005   72.035580  (      10   16690)
          13   30.244332   73.143255  (      25   11331)
          14   30.279931   60.467854  (      14   10327)
          15   30.301466   71.598994  (      25   12081)
          16   30.330933   59.881720  (      18   11600)
          17   30.332821   68.670699  (      25   10623)
          18   30.334073   59.444030  (      25   13849)
          19   30.393335   82.259478  (      14   19168)
          20   30.393871   77.428290  (     134   18433)
          21   30.404601   63.569863  (      25   12062)
          22   30.411598   72.254600  (      25   14169)
          23   30.412875   62.639984  (      25   10551)
          24   30.432573   62.453690  (      14   11600)
          25   30.461845   61.023755  (      25   10862)
          26   30.509450   62.409375  (      25   12565)
          27   30.527316   72.233801  (      25   11432)
          28   30.545182   72.507751  (      25   11986)
          29   30.556135   59.361437  (      14   10069)
          30   30.577839   60.776277  (      18   18160)
          31   30.624474   72.962723  (      25   11352)
          32   30.632008   65.085265  (      25   16690)
          33   30.684433   59.557496  (      95   10862)
          34   30.708465   67.636577  (      25   10962)
          35   30.724462   69.177664  (      28   18972)
          36   30.735621   62.279958  (      95   10551)
          37   30.757424   59.862715  (       8   10327)
          38   30.776236   66.506048  (      14   10147)
          39   30.796909   62.780948  (      25   10327)
          40   30.802692   61.682331  (      25   18338)
          41   30.803269   58.410472  (      18   13849)
          42   30.831718   58.766258  (       8   11600)
          43   30.836614   72.856839  (      25   12914)
          44   30.842663   60.345785  (      95   16690)
          45   30.854287   72.979703  (      25   11656)
          46   30.867717   69.887040  (      18   10147)
          47   30.868578   66.699213  (      28   18433)
          48   30.876201   73.251765  (      25   11440)
          49   30.881395   60.606205  (      14   10328)
          50   30.883956   59.656331  (       8   14360)
          51   30.885925   64.687020  (      25   10642)
          52   30.888526   69.543842  (      14   10956)
          53   30.900606   68.737177  (      18   12081)
          54   30.901545   59.781666  (      95   11600)
          55   30.902840   71.901904  (      25   13931)
          56   30.909148   73.136807  (      25   11738)
          57   30.923271   59.473966  (      14   10551)
          58   30.935259   73.196970  (      25   14690)
          59   30.940096   73.161802  (      25   11849)
          60   30.940224   73.161811  (      25   11850)
          61   30.943004   73.162040  (      25   11858)
          62   30.945818   73.162368  (      25   11864)
          63   30.945949   73.162385  (      25   11865)
          64   30.951958   62.484545  (      14   18160)
          65   30.954852   65.271977  (      14   10623)
          66   30.959360   80.213943  (       7   10337)
          67   30.965622   64.207869  (      28   18160)
          68   30.970130   62.177104  (       8   10862)
          69   30.973996   64.287607  (      95   18160)
          70   30.975261   67.138235  (       8   10147)
          71   30.981080   73.729208  (     134   18160)
          72   30.988212   80.280170  (      10   19168)
          73   30.996760   70.401141  (      18   11331)
          74   31.000784   73.255521  (      25   12019)
          75   31.003773   64.010720  (      25   11847)
          76   31.004010   65.160824  (      12   18972)
          77   31.015667   56.984165  (       8   10069)
          78   31.016763   61.342278  (       8   10623)
          79   31.020027   68.144090  (      14   12081)
          80   31.021938   60.554968  (      14   13849)
          81   31.024311   63.622999  (       8   10488)
          82   31.029453   65.506092  (      48   18972)
          83   31.044398   73.381583  (      25   12114)
          84   31.048139   69.542011  (      25   17679)
          85   31.051998   64.509894  (      49   18160)
          86   31.057177   67.367206  (     129   16690)
          87   31.062698   66.109792  (      18   10623)
          88   31.064269   56.688532  (       8   18433)
          89   31.067784   81.543916  (       8   10337)
          90   31.078235   65.645746  (       8   10956)
          91   31.089898   61.915579  (      18   12062)
          92   31.097514   67.681972  (      25   13863)
          93   31.098280   69.763414  (      14   11331)
          94   31.098780   69.601430  (      18   11986)
          95   31.102725   76.603617  (      25   11315)
          96   31.106830   64.211890  (      25   11011)
          97   31.111064   63.703172  (       8   10349)
          98   31.118571   59.046183  (      20   11600)
          99   31.132964   64.118022  (      25   17626)
         100   31.138310   64.757657  (      25   10625)
