Model_ID, [(c_i,i=0,n)_j,j=1,ntask]
           1    0.3055329036E+03    0.3181130696E+03   -0.4038708120E+03
           2    0.3040059108E+03    0.3124130974E+03   -0.3957383301E+03
           3    0.4118513396E+03    0.2831643716E+03   -0.5047472686E+02
           4    0.2993869511E+03    0.3153257039E+03   -0.4766361010E+03
           5    0.3003238375E+03    0.3113138640E+03   -0.4771552301E+03
           6    0.4108017915E+03    0.2827584880E+03   -0.5019553162E+02
           7    0.3455099676E+03    0.3222296070E+03   -0.1199150385E+03
           8    0.3458462969E+03    0.3225236780E+03   -0.1196980310E+03
           9    0.3972816689E+03    0.2729078473E+03   -0.4653046462E+02
          10    0.3951241137E+03    0.2867709986E+03   -0.5064926543E+02
          11    0.3033619930E+03    0.3170780967E+03    0.3959593385E+03
          12    0.3312911434E+03    0.3002536141E+03   -0.1184043355E+03
          13    0.3485982864E+03    0.3249851535E+03   -0.1297756597E+03
          14    0.3038050255E+03    0.3144124754E+03    0.3966237790E+03
          15    0.3311683805E+03    0.2997788653E+03   -0.1192131476E+03
          16    0.3038233380E+03    0.3144196905E+03   -0.3963803032E+03
          17    0.4283598172E+03    0.2651038449E+03   -0.7428925667E+02
          18    0.3038417680E+03    0.3144268210E+03   -0.3961205530E+03
          19    0.3301415792E+03    0.2984728941E+03   -0.1149923216E+03
          20    0.3616898167E+03    0.2936602767E+03   -0.4979090946E+02
          21    0.3488817653E+03    0.3252354024E+03   -0.1294250954E+03
          22    0.4141781476E+03    0.2903678578E+03   -0.6274849496E+02
          23    0.3052447476E+03    0.3117665416E+03   -0.3340002657E+03
          24    0.3300049241E+03    0.2979832231E+03   -0.1157552605E+03
          25    0.3065578850E+03    0.3165269315E+03   -0.3384402172E+03
          26    0.3445572998E+03    0.3066737515E+03   -0.1230790207E+03
          27    0.3310596247E+03    0.2994071124E+03   -0.1186287732E+03
          28    0.4243396466E+03    0.2841454945E+03   -0.6958228870E+02
          29    0.4220578273E+03    0.2703999978E+03   -0.6888713272E+02
          30    0.2562153476E+03   -0.7145675765E+02   -0.1833646330E+03
          31    0.3436403922E+03    0.3082567521E+03   -0.7970634548E+02
          32    0.3308172321E+03    0.2989477270E+03   -0.1178680186E+03
          33    0.2584205216E+03    0.8187515781E+02   -0.6372401876E+02
          34    0.3440917826E+03    0.3062831182E+03   -0.1229571243E+03
          35    0.2545840231E+03   -0.6652681293E+02    0.8351744375E+02
          36    0.3033121840E+03    0.3166856178E+03   -0.3793822348E+03
          37    0.3309497284E+03    0.2989360116E+03   -0.1194750091E+03
          38    0.4140005110E+03    0.2856197675E+03   -0.5515845738E+02
          39    0.3307039351E+03    0.2984726164E+03   -0.1187026340E+03
          40    0.3598609706E+03    0.2816670538E+03   -0.7159935921E+02
          41    0.3983248281E+03    0.2876760522E+03   -0.4485209783E+02
          42    0.3935881907E+03    0.2713714194E+03   -0.5143435637E+02
          43    0.3434716137E+03    0.3268607383E+03   -0.7919036752E+02
          44    0.3963513825E+03    0.2722117393E+03   -0.4630363791E+02
          45    0.3567158546E+03    0.2965465454E+03   -0.6348001201E+02
          46    0.3455147702E+03    0.3098052329E+03   -0.8417216487E+02
          47    0.3077719249E+03    0.3255078291E+03   -0.8433487240E+03
          48    0.3429854701E+03    0.3077033107E+03   -0.7933187637E+02
          49    0.3477670317E+03    0.3084337687E+03   -0.1339646129E+03
          50    0.3473280231E+03    0.3080587739E+03   -0.1339083018E+03
          51    0.3918844841E+03    0.2686022712E+03   -0.5131229820E+02
          52    0.2443147885E+03   -0.7443058264E+02    0.6858366975E+02
          53    0.3380762118E+03    0.2759151107E+03   -0.7879379902E+02
          54    0.3381737027E+03    0.2750916865E+03   -0.7963289302E+02
          55    0.3481722608E+03    0.3229114902E+03   -0.6238218290E+02
          56    0.3930668523E+03    0.2847373385E+03   -0.4557582582E+02
          57    0.3964683688E+03    0.2845321520E+03   -0.5310210628E+02
          58    0.2584827717E+03    0.8371384437E+02   -0.6402748034E+02
          59    0.4016585725E+03    0.2955292168E+03   -0.4368980296E+02
          60    0.4059142924E+03    0.2902631184E+03   -0.5729108365E+02
          61    0.3347741249E+03    0.3072247704E+03   -0.1080867340E+03
          62    0.4042655958E+03    0.2630099035E+03   -0.5931212244E+02
          63    0.3447511957E+03    0.3089618579E+03   -0.8276103168E+02
          64    0.3264485229E+03    0.3035520099E+03   -0.1096540377E+03
          65    0.3843753832E+03    0.2932470357E+03   -0.4124034953E+02
          66    0.3250277961E+03    0.2989637094E+03   -0.9414537374E+02
          67    0.3499376867E+03    0.2942277923E+03   -0.5337472948E+02
          68    0.3370438910E+03    0.3161334647E+03   -0.8128229543E+02
          69    0.3795517722E+03    0.2861155766E+03   -0.4154038623E+02
          70    0.3602297447E+03    0.3138069790E+03   -0.4176870192E+02
          71    0.3406364892E+03    0.3215472591E+03   -0.1035567017E+03
          72    0.3334562526E+03    0.3018901657E+03   -0.6324030574E+02
          73    0.3497054882E+03    0.2868067124E+03   -0.7084254000E+02
          74    0.3348937906E+03    0.3145611072E+03   -0.4977648556E+02
          75    0.3410542016E+03    0.3219097438E+03   -0.1035233637E+03
          76    0.2601097250E+03   -0.7272222974E+02    0.1969563107E+03
          77    0.3312214109E+03    0.3073812206E+03   -0.9511186363E+02
          78    0.3438037327E+03    0.3056164618E+03   -0.1221700060E+03
          79    0.3448539243E+03    0.3092481694E+03   -0.8378447446E+02
          80    0.4080035407E+03    0.2733097586E+03   -0.5723133604E+02
          81    0.2088543545E+03   -0.8597347871E+02    0.4757506069E+02
          82    0.3262983744E+03    0.3030981911E+03   -0.1104326473E+03
          83    0.3485409627E+03    0.3217315984E+03   -0.6378908812E+02
          84    0.3433505320E+03    0.3052343358E+03   -0.1220726898E+03
          85    0.3325101346E+03    0.3126264699E+03   -0.1087280777E+03
          86    0.3045473464E+03    0.3119808323E+03   -0.3905979559E+03
          87    0.3933273667E+03    0.2707224684E+03   -0.5149551647E+02
          88    0.3331483146E+03    0.3183727929E+03   -0.1047075933E+03
          89    0.4013968329E+03    0.2814499876E+03   -0.5521788251E+02
          90    0.4097133000E+03    0.2765239222E+03   -0.4876715563E+02
          91    0.3291868961E+03    0.2971637500E+03    0.1135314635E+03
          92    0.3253891016E+03    0.2967348884E+03   -0.9748739919E+02
          93    0.3293014418E+03    0.2972251610E+03    0.1139855964E+03
          94    0.3491828809E+03    0.3224111750E+03   -0.6512798984E+02
          95    0.3487334636E+03    0.3219555441E+03   -0.6438385577E+02
          96    0.3939261828E+03    0.2952345868E+03   -0.4349987676E+02
          97    0.3569490471E+03    0.2994366382E+03   -0.6465759105E+02
          98    0.3334406273E+03    0.3135419338E+03   -0.1118831283E+03
          99    0.3568760644E+03    0.3115497673E+03   -0.3929961185E+02
         100    0.3459636578E+03    0.3270797267E+03   -0.1198457940E+03
