     Index              y_true              y_pred        descriptor_1        descriptor_2
         1    0.4307000000E+02    0.4812886752E+02   -0.1119350770E+01   -0.9097166000E-01
         2    0.2045000000E+02    0.1267228381E+02    0.2530780800E+00    0.2073150000E-01
         3    0.7420000000E+02    0.6694852573E+02   -0.8909261600E+00    0.1002018000E+00
         4    0.6524000000E+02    0.6658155936E+02   -0.7582266000E+00    0.1323739400E+00
         5    0.2796000000E+02    0.2341863409E+02    0.5694300000E-01    0.4441556000E-01
         6    0.9080000000E+02    0.7615152785E+02   -0.1307581600E+01    0.5539044000E-01
         7    0.1850000000E+02    0.1499238986E+02    0.1141367100E+00    0.5608000000E-03
         8    0.6900000000E+02    0.7290560064E+02   -0.1302518520E+01    0.3405528000E-01
         9    0.3682000000E+02    0.5380591609E+02   -0.1474455480E+01   -0.1442875000E+00
        10    0.2680000000E+02    0.2145849977E+02    0.1695120000E-01    0.2026368000E-01
        11    0.2551000000E+02    0.2526666178E+02   -0.4577280000E-02    0.4121410000E-01
        12    0.3200000000E+01    0.1288879117E+02    0.0000000000E+00   -0.4400000000E-01
        13    0.1790000000E+02    0.2701336523E+02   -0.6743100000E-01    0.3695625000E-01
        14    0.3187000000E+02    0.2319869177E+02    0.4566139000E-01    0.3992715000E-01
        15    0.2548000000E+02    0.2597548675E+02   -0.2303745100E+00   -0.1293970000E-01
        16    0.4216000000E+02    0.3613940313E+02   -0.2827146800E+00    0.4431648000E-01
        17    0.5060000000E+01    0.8731595677E+01   -0.6372003000E+00   -0.2398088000E+00
        18    0.8872000000E+02    0.7367051089E+02   -0.1457938380E+01   -0.1285760000E-02
        19    0.4537000000E+02    0.3345763933E+02   -0.3223348700E+00    0.1522404000E-01
        20    0.1464000000E+02    0.3979263180E+02   -0.4481964400E+00    0.2650563000E-01
        21    0.5774000000E+02    0.5108719309E+02   -0.7703216500E+00    0.2103904000E-01
        22    0.6660000000E+02    0.6985042513E+02   -0.1476224880E+01   -0.3274096000E-01
        23    0.2067000000E+02    0.2432572639E+02    0.1232448000E+00    0.6810258000E-01
        24    0.5301000000E+02    0.5675805131E+02   -0.4098652200E+00    0.1549775200E+00
        25    0.3120000000E+02    0.2626946372E+02    0.7922816000E-01    0.7015085000E-01
        26    0.2720000000E+02    0.2283629406E+02    0.3759915000E-01    0.3528690000E-01
        27    0.6942000000E+02    0.8850909801E+02   -0.2140412040E+01   -0.7633176000E-01
        28    0.5100000000E+02    0.4832505089E+02   -0.5436757200E+00    0.6108040000E-01
        29    0.5015000000E+02    0.3471200422E+02   -0.4035695600E+00    0.2717880000E-02
        30    0.6383000000E+02    0.5854058295E+02   -0.1020962100E+01    0.7467600000E-02
        31    0.7737000000E+02    0.5746454800E+02   -0.1933116280E+01   -0.2388000000E+00
        32    0.6029000000E+02    0.5850621468E+02   -0.8032226100E+00    0.6422080000E-01
        33    0.1790000000E+02    0.3116049711E+02   -0.1288760200E+00    0.4982496000E-01
        34    0.2078000000E+02    0.2594522236E+02    0.1612446000E-01    0.5136992000E-01
        35    0.2817000000E+02    0.2975629425E+02   -0.9823264000E-01    0.4804284000E-01
        36    0.5090000000E+02    0.4969445482E+02   -0.9689090100E+00   -0.4066400000E-01
        37    0.3615000000E+02    0.5627358283E+02   -0.7157494200E+00    0.7153042000E-01
        38    0.1845000000E+02    0.1957919907E+02    0.1853770000E-01    0.7559200000E-02
        39    0.6276000000E+02    0.5403890147E+02   -0.8890813800E+00    0.1056020000E-01
        40    0.4263000000E+02    0.3997587946E+02   -0.6855802500E+00   -0.3435010000E-01
        41    0.3007000000E+02    0.3484450325E+02   -0.2855902000E+00    0.3452388000E-01
        42    0.2681000000E+02    0.3419823067E+02   -0.3884835600E+00    0.3079880000E-02
