Model_ID, [(c_i,i=0,n)_j,j=1,ntask]
           1    0.1282906557E+02    0.6281947896E+02    0.5971012524E+02
           2    0.2470066847E+02    0.9855618907E+02    0.9044370847E+02
           3    0.1431614419E+02    0.5998361150E+02   -0.8608173802E+02
           4    0.1370004018E+02    0.6071563291E+02   -0.8282568853E+02
           5    0.1435208195E+02    0.5990714458E+02   -0.6577649633E+02
           6    0.1398517113E+02    0.6040574214E+02   -0.8595248569E+02
           7    0.1444084083E+02   -0.6520592224E+02   -0.2161703373E+03
           8    0.1408805213E+02    0.6023556075E+02   -0.8562490653E+02
           9    0.1379664818E+02    0.5979232958E+02   -0.9183893501E+02
          10    0.1409815183E+02    0.6021957578E+02   -0.8564857972E+02
          11    0.1410839131E+02    0.6020360210E+02   -0.8566804267E+02
          12    0.1421795209E+02    0.6517066778E+02    0.7509700385E+02
          13    0.1387935393E+02    0.6051410581E+02   -0.8561628866E+02
          14    0.1300684249E+02    0.6181424623E+02   -0.8531870209E+02
          15    0.1477064758E+02    0.5940756589E+02   -0.8536994928E+02
          16    0.2270995822E+02    0.1059016111E+03    0.6266754353E+02
          17    0.1394211187E+02    0.6054907928E+02   -0.8374301614E+02
          18    0.1161713262E+02    0.6603149036E+02    0.5645015241E+02
          19    0.1421225805E+02    0.6003514469E+02   -0.8528421517E+02
          20    0.1434228569E+02    0.5993170639E+02   -0.8482273288E+02
          21    0.1217702347E+02    0.6168522797E+02   -0.9606916323E+02
          22    0.1504984319E+02    0.6457183590E+02   -0.2142184006E+03
          23    0.1439029399E+02    0.6059308542E+02   -0.7930662984E+02
          24    0.1333676465E+02    0.6110158148E+02   -0.1892044377E+03
          25    0.1245127284E+02    0.8348449616E+02   -0.2148470456E+03
          26    0.1131128828E+02    0.6290407547E+02   -0.9190314817E+02
          27    0.1232132578E+02    0.5722082787E+02   -0.7236977837E+03
          28    0.1043577430E+02    0.6595548961E+02    0.8359918845E+02
          29    0.1302605858E+02    0.6076257797E+02    0.5729364855E+02
          30    0.1214094876E+02    0.6185732683E+02   -0.9471401164E+02
          31    0.1350479568E+02    0.6102649107E+02   -0.8382317406E+02
          32    0.1482477428E+02    0.5850783559E+02    0.9347378593E+02
          33    0.1318563615E+02    0.6060752388E+02   -0.9085909658E+02
          34    0.1320972857E+02    0.6112511897E+02   -0.8269412937E+02
          35    0.4121951340E+02    0.3482519040E+02   -0.7288203236E+03
          36    0.1200774858E+02    0.6250144941E+02   -0.8955892796E+02
          37    0.1318339615E+02    0.6041344347E+02   -0.9018373112E+02
          38    0.2527743097E+02    0.9537112402E+02    0.8498233494E+02
          39    0.1229694336E+02    0.6152157198E+02   -0.8865362670E+02
          40    0.1440762524E+02    0.6430714797E+02   -0.2176503703E+03
          41    0.2414741526E+02    0.9541041667E+02    0.8860565997E+02
          42    0.1286264005E+02    0.6158015346E+02   -0.8267672614E+02
          43    0.1224715736E+02    0.6168495133E+02    0.8687520953E+02
          44    0.1595706068E+02    0.5952218356E+02    0.4376319296E+03
          45    0.1307658466E+02    0.6631653193E+02   -0.7590295921E+02
          46    0.1594841882E+02    0.6138761058E+02    0.6989071884E+02
          47    0.9676179230E+01    0.4646978684E+02   -0.6850586676E+02
          48    0.1613498788E+02    0.5825341872E+02    0.7508861109E+02
          49    0.4552305921E+02    0.4004632506E+02    0.2344464510E+03
          50    0.1153734915E+02    0.6268401086E+02   -0.8715102729E+02
          51    0.1162142361E+02    0.6272982374E+02    0.8718715117E+02
          52    0.1296837483E+02    0.6140715400E+02   -0.8233503775E+02
          53    0.1393697893E+02    0.6045612138E+02   -0.8364028327E+02
          54    0.1605203856E+02    0.5583413293E+02   -0.5635897823E+03
          55    0.2276294429E+02    0.1132937053E+03   -0.1062864981E+03
          56    0.1297929939E+02    0.6139015845E+02   -0.8234741268E+02
          57    0.1270677604E+02    0.6095301457E+02   -0.8826187119E+02
          58    0.1248333977E+02    0.6107165533E+02   -0.9095350290E+02
          59    0.1274947710E+02    0.6170499753E+02   -0.8239809222E+02
          60    0.1280155002E+02    0.6175336699E+02   -0.8064768616E+02
          61    0.1299034178E+02    0.6137321441E+02   -0.8235569572E+02
          62    0.1127435724E+02    0.6425271765E+02   -0.8631826737E+02
          63    0.1077227136E+02    0.6521797888E+02    0.7993539005E+02
          64    0.1410048086E+02    0.4307016372E+02   -0.6432591611E+02
          65    0.1271211635E+02    0.6099388508E+02   -0.8899264902E+02
          66    0.2529518021E+02    0.9535857197E+02    0.8485462611E+02
          67    0.1064792931E+02    0.6457387487E+02    0.8568467086E+02
          68    0.1145045739E+02    0.6730135329E+02    0.1215773479E+03
          69    0.1241190176E+02    0.6165676728E+02    0.8345221765E+02
          70    0.1098084139E+02    0.6399324417E+02    0.8683814365E+02
          71    0.1210842117E+02    0.6149259782E+02   -0.9159464326E+02
          72    0.1090258509E+02    0.6436673785E+02    0.8397557482E+02
          73    0.1278483682E+02    0.6074608589E+02   -0.8976591412E+02
          74    0.1149876839E+02    0.8531472879E+02   -0.2133101953E+03
          75    0.1334168237E+02    0.6185551383E+02   -0.8200907655E+02
          76    0.1041452348E+02   -0.8732341580E+02   -0.2099420892E+03
          77    0.2270362254E+02   -0.1233878476E+03    0.1328536996E+03
          78    0.1435055271E+02    0.6233925065E+02    0.7502790258E+02
          79    0.1342015800E+02    0.6006478637E+02   -0.8651522361E+02
          80    0.1100110659E+02    0.8609527149E+02   -0.2102995839E+03
          81    0.1211420649E+02    0.5178581450E+02    0.3144332120E+03
          82    0.1117944227E+02    0.6319743010E+02    0.8653352299E+02
          83    0.1244481658E+02    0.6124253510E+02   -0.8974602331E+02
          84    0.1309665141E+02    0.6120263543E+02   -0.8196033582E+02
          85    0.1340407283E+02    0.6007581091E+02    0.8657819579E+02
          86    0.1219545552E+02    0.5186250932E+02    0.3125434120E+03
          87    0.1196873418E+02    0.6247600119E+02    0.9102953680E+02
          88    0.1029580122E+02    0.6571454791E+02    0.8088825737E+02
          89    0.1183848374E+02    0.6646594022E+02   -0.1155716430E+03
          90    0.1322968709E+02    0.6109006877E+02   -0.8147378536E+02
          91    0.1107639802E+02    0.6488622267E+02    0.7865401032E+02
          92    0.1059526083E+02    0.6525296628E+02    0.8099219863E+02
          93    0.2516991181E+02    0.9610965123E+02    0.8404228259E+02
          94    0.2262633334E+02    0.1021180426E+03   -0.9693394228E+02
          95    0.1229489916E+02    0.6187714162E+02   -0.8532738330E+02
          96    0.1208656384E+02    0.6234273873E+02   -0.9092343278E+02
          97    0.1053769139E+02    0.6544874624E+02    0.8012129236E+02
          98    0.1369017809E+02    0.5974762833E+02   -0.8573892208E+02
          99    0.1324170962E+02    0.6178098607E+02   -0.7627925357E+02
         100    0.1130387611E+02    0.6327241944E+02    0.8801802396E+02
