        Rank        RMSE       MaxAE  Feature_ID
           1    4.022551   11.233526  (       5   10004)
           2    4.031547   11.713338  (       5   10006)
           3    4.034893   11.388461  (       5   10038)
           4    4.039677   11.883458  (       5   10053)
           5    4.042856   11.800569  (       5   15487)
           6    4.044279   11.816912  (       5   15250)
           7    4.049767   11.574675  (       5   10055)
           8    4.049922   11.882869  (       5   15978)
           9    4.052930   11.377946  (       2   10004)
          10    4.057365   11.514901  (       5   10076)
          11    4.057483   11.661886  (       5   10091)
          12    4.057940   11.760311  (       5   10028)
          13    4.058251   11.821424  (       5   10027)
          14    4.058915   11.895043  (       5   10074)
          15    4.063248   11.302877  (       1   10004)
          16    4.064020   11.617027  (       5   10015)
          17    4.064517   11.421195  (       5   10039)
          18    4.064650   13.860448  (       2   10211)
          19    4.064887   12.076072  (       5   10101)
          20    4.065078   13.806765  (       7   10211)
          21    4.065370   11.584753  (       5   10035)
          22    4.066742   11.218864  (       3   10004)
          23    4.066922   11.228544  (       6   10004)
          24    4.067375   11.833345  (       5   10040)
          25    4.069047   11.526424  (       5   10097)
          26    4.069586   11.670241  (       5   10042)
          27    4.069624   11.541167  (       5   10066)
          28    4.071903   13.878219  (       1   10211)
          29    4.072377   12.079962  (       5   10125)
          30    4.073068   11.615754  (       5   10041)
          31    4.075631   11.457344  (       4   10004)
          32    4.076073   12.098565  (       5   10103)
          33    4.076954   12.017464  (       5   18898)
          34    4.077892   11.720309  (       5   10154)
          35    4.079132   11.505003  (       2   10038)
          36    4.080142   11.935869  (       5   10151)
          37    4.080318   11.535437  (       2   10006)
          38    4.080469   13.943721  (       6   10211)
          39    4.080505   11.461478  (       3   10006)
          40    4.081220   11.899838  (       5   10169)
          41    4.083654   11.730078  (       2   11105)
          42    4.085911   12.533469  (       6   10008)
          43    4.085939   12.438452  (       2   10008)
          44    4.086032   13.481855  (       6   10002)
          45    4.086069   11.981474  (       2   10053)
          46    4.086101   12.506285  (       5   10008)
          47    4.086349   11.614424  (       6   10006)
          48    4.086401   13.464322  (       5   10005)
          49    4.086589   11.758613  (       5   10168)
          50    4.087040   11.958360  (       5   10176)
          51    4.087702   11.840751  (       5   10182)
          52    4.088139   12.520500  (    1127   10097)
          53    4.088253   11.363276  (       8   10004)
          54    4.088445   11.834523  (       5   10193)
          55    4.088580   13.548751  (       6   10001)
          56    4.088994   13.821572  (       4   10211)
          57    4.089217   11.828171  (       5   10209)
          58    4.089996   11.690264  (       5   10047)
          59    4.090052   11.360866  (       6   10038)
          60    4.090295   13.424008  (       6   10005)
          61    4.090350   11.425313  (       1   10038)
          62    4.091533   13.483852  (       6   10003)
          63    4.092383   12.231667  (       3   10008)
          64    4.092827   11.412356  (       5   10226)
          65    4.092852   11.412107  (       5   10227)
          66    4.093029   11.903133  (       1   10053)
          67    4.093232   11.425949  (       5   10232)
          68    4.093270   11.427092  (       5   10233)
          69    4.094256   11.641136  (       2   10076)
          70    4.095098   11.886402  (       6   15978)
          71    4.095413   11.470229  (       1   10006)
          72    4.095437   12.137501  (       5   10126)
          73    4.095457   13.484127  (       2   10001)
          74    4.095507   11.509932  (       5   10249)
          75    4.095765   12.377453  (       1   10008)
          76    4.095831   11.332520  (       5   10034)
          77    4.095900   11.531542  (       3   10015)
          78    4.096302   11.600760  (       5   10167)
          79    4.096313   11.841013  (       6   10053)
          80    4.096364   12.067482  (       3   10463)
          81    4.096442   11.730502  (       2   10074)
          82    4.096490   13.420293  (       2   10002)
          83    4.096753   11.475201  (       2   10015)
          84    4.096856   13.502574  (       1   10001)
          85    4.096891   11.516034  (       3   10074)
          86    4.097367   11.804372  (       6   11105)
          87    4.097461   13.439059  (       1   10002)
          88    4.097663   12.335062  (       1   13821)
          89    4.097687   11.388231  (       5   10071)
          90    4.097695   11.166023  (       3   10038)
          91    4.097705   13.519298  (       6   10018)
          92    4.097973   11.917955  (       5   10165)
          93    4.098375   11.786868  (       1   11105)
          94    4.099329   11.737259  (       5   10064)
          95    4.099973   11.902376  (       5   10261)
          96    4.099985   11.544616  (       5   10265)
          97    4.100188   11.547710  (       5   10278)
          98    4.100399   13.547436  (       6   10007)
          99    4.100412   11.550755  (       5   10295)
         100    4.100572   13.362082  (       2   10005)
