     Index              y_true              y_pred        descriptor_1        descriptor_2
         1    0.4240000000E+03    0.3881787031E+03   -0.1745800000E+01    0.7987000000E-02
         2    0.3275000000E+03    0.3349017864E+03   -0.1323800000E+01   -0.1665664000E-01
         3    0.2720000000E+03    0.2596787137E+03   -0.6555000000E+00   -0.3913950000E-02
         4    0.3281500000E+03    0.3161368973E+03   -0.8325000000E+00    0.1994485200E+00
         5    0.9034100000E+02    0.7631588220E+02    0.6762000000E+00   -0.1679043000E+00
         6    0.4097000000E+03    0.4018913479E+03   -0.1736000000E+01    0.9200966000E-01
         7    0.2561000000E+03    0.2399329557E+03   -0.4616000000E+00    0.1154964000E-01
         8    0.3860000000E+03    0.3592725410E+03   -0.2402700000E+01   -0.5865000000E+00
         9    0.9070000000E+02    0.6461591704E+02    0.1000000000E+01   -0.2170000000E-01
        10    0.2561000000E+03    0.2637423851E+03   -0.8843000000E+00   -0.1310097600E+00
        11    0.2566500000E+03    0.2426483986E+03   -0.1776000000E+00    0.2132161600E+00
        12    0.2634000000E+03    0.2499167781E+03   -0.5561000000E+00    0.6052800000E-02
        13    0.2680300000E+03    0.2754095053E+03   -0.1006300000E+01   -0.1450212500E+00
        14    0.2744000000E+03    0.2318608083E+03   -0.4373000000E+00   -0.1818663000E-01
        15    0.2396000000E+03    0.2415277258E+03   -0.4920000000E+00    0.6316800000E-03
        16    0.4380000000E+03    0.4206781379E+03   -0.2044100000E+01   -0.3794310000E-02
        17    0.2490000000E+03    0.2554891579E+03   -0.4897000000E+00    0.8114220000E-01
        18    0.3602000000E+03    0.3556419383E+03   -0.1402600000E+01    0.4901100000E-01
        19    0.2516000000E+03    0.2806925532E+03   -0.8458000000E+00   -0.9840450000E-02
        20    0.4150000000E+03    0.3689666812E+03   -0.1731200000E+01   -0.9114813000E-01
        21    0.3387000000E+03    0.3946534152E+03   -0.1737000000E+01    0.5039732000E-01
        22    0.2990000000E+03    0.2655477301E+03   -0.7083000000E+00   -0.5339950000E-02
        23    0.1743000000E+03    0.2497213563E+03   -0.7497000000E+00   -0.1220525600E+00
        24    0.3260000000E+03    0.3073912107E+03   -0.1070900000E+01   -0.6427440000E-02
        25    0.3632000000E+03    0.3707261662E+03   -0.9863000000E+00    0.4074545600E+00
        26    0.1693000000E+03    0.2058990938E+03   -0.5664000000E+00   -0.2497810500E+00
        27    0.3891500000E+03    0.3965350040E+03   -0.1508000000E+01    0.2112660000E+00
        28    0.8950000000E+02    0.1224838288E+03    0.5693000000E+00    0.2321500000E-01
        29    0.3945000000E+03    0.3855144790E+03   -0.1645500000E+01    0.5870704000E-01
        30    0.4711500000E+03    0.4633622832E+03   -0.2122100000E+01    0.1865697500E+00
        31    0.4680000000E+03    0.4690186139E+03   -0.2122600000E+01    0.2182485000E+00
        32    0.3990000000E+03    0.4022180229E+03   -0.2186600000E+01   -0.2017306600E+00
        33    0.2401500000E+03    0.2451450936E+03   -0.4835000000E+00    0.2667672000E-01
        34    0.4010000000E+03    0.4020393996E+03   -0.2002500000E+01   -0.8197376000E-01
        35    0.3091000000E+03    0.3324395197E+03   -0.1432400000E+01   -0.1018300000E+00
        36    0.2886400000E+03    0.3044583298E+03   -0.1017300000E+01    0.1213768000E-01
        37    0.4460000000E+03    0.4397379765E+03   -0.1907400000E+01    0.1937308800E+00
        38    0.4920000000E+03    0.5039456276E+03   -0.2675600000E+01    0.5312331000E-01
        39    0.2480000000E+03    0.2307275366E+03   -0.3974000000E+00    0.1574650000E-02
        40    0.3450000000E+03    0.3599339798E+03   -0.1560600000E+01   -0.3034851000E-01
        41    0.4780000000E+03    0.4896874773E+03   -0.2556000000E+01    0.5089890000E-01
        42    0.1588000000E+03    0.1762760413E+03    0.6950000000E-01   -0.2615000000E-03
