Model_ID, [(c_i,i=0,n)_j,j=1,ntask]
           1    0.3802986343E+03    0.3103634744E+03    0.5865872963E+03
           2    0.2019561184E+03    0.1028533016E+03    0.1995906739E+04
           3    0.2798761346E+03    0.1825866784E+03    0.3588314509E+03
           4    0.2786259451E+03    0.1822586450E+03   -0.6512303080E+03
           5    0.2822676465E+03    0.1793317026E+03    0.1360114163E+04
           6    0.2079164902E+03    0.1018422621E+03   -0.2155892801E+04
           7    0.1781555584E+03    0.9746721359E+02    0.1932860756E+04
           8    0.1808754982E+03    0.9541245041E+02    0.1871444729E+04
           9    0.2785441444E+03    0.1893149426E+03    0.3024129280E+03
          10    0.2792175052E+03    0.1789393682E+03    0.2011574309E+04
          11    0.1997216337E+03    0.1048857893E+03    0.2030666837E+04
          12    0.1970074057E+03    0.1062111585E+03    0.2029905839E+04
          13    0.2758873685E+03    0.1873818746E+03    0.2091581488E+04
          14    0.2844498276E+03    0.1695278697E+03   -0.6705163279E+03
          15    0.2064160327E+03    0.1056431965E+03    0.2242991817E+04
          16    0.2797162357E+03    0.1774962735E+03    0.1820735153E+04
          17    0.1800054460E+03    0.9463737131E+02    0.6080619862E+03
          18    0.2016972508E+03    0.9850873805E+02    0.2513526270E+04
          19    0.2704186495E+03    0.1804651691E+03   -0.6490216390E+03
          20    0.2793472155E+03    0.1817951771E+03   -0.1581772051E+04
          21    0.2827799971E+03    0.1727443496E+03    0.6635137732E+03
          22    0.2038611632E+03    0.1082735950E+03    0.2316060397E+04
          23    0.1891444240E+03    0.1085486068E+03    0.3058735165E+04
          24    0.2700165982E+03    0.1876014328E+03    0.3023967988E+03
          25    0.1675890840E+03    0.1047142989E+03    0.2082180705E+04
          26    0.1930474642E+03    0.1095521434E+03   -0.1030381760E+04
          27    0.1767810499E+03    0.9606748218E+02    0.6104883379E+03
          28    0.2031300256E+03    0.1051265058E+03   -0.2190248316E+04
          29    0.1613717591E+03    0.9437412026E+02   -0.1015429195E+04
          30    0.2778725873E+03    0.1810964773E+03    0.7272510976E+03
          31    0.1945995301E+03    0.1084047262E+03    0.2071549463E+04
          32    0.2814584872E+03    0.1784328566E+03   -0.6483657507E+03
          33    0.2001606297E+03   -0.1165648642E+03   -0.6348648545E+03
          34    0.1675360634E+03    0.8931529845E+02    0.9204771154E+03
          35    0.1806519973E+03    0.9469220072E+02    0.5928620395E+03
          36    0.2785994201E+03    0.1874703908E+03   -0.1126101953E+04
          37    0.2773353427E+03    0.2071413303E+03   -0.1935820794E+04
          38    0.2763246974E+03    0.1783387460E+03    0.1375543306E+04
          39    0.3046965709E+03   -0.1069361297E+03    0.4145581711E+03
          40    0.2716284138E+03    0.1803587944E+03    0.3537010211E+03
          41    0.2784544546E+03    0.1764240747E+03    0.3337591181E+04
          42    0.2682759187E+03    0.1856992245E+03    0.2073307873E+04
          43    0.1813015671E+03    0.9069976450E+02   -0.1891063349E+04
          44    0.2771704117E+03    0.1815015713E+03    0.7205446332E+03
          45    0.2018314596E+03    0.1061154088E+03   -0.6201387670E+03
          46    0.1764741719E+03    0.8462098644E+02    0.5828474705E+03
          47    0.2707092898E+03    0.1799513316E+03   -0.1560423151E+04
          48    0.1653019276E+03    0.8482928110E+02    0.6684116935E+03
          49    0.1743180101E+03    0.9558586014E+02    0.1911539344E+04
          50    0.2791493533E+03    0.1813544790E+03   -0.3120502040E+03
          51    0.1704716888E+03    0.8825968023E+02    0.1791606694E+04
          52    0.1787035576E+03    0.9484403515E+02    0.8721302541E+03
          53    0.1746111517E+03    0.9786423670E+02    0.8908308704E+03
          54    0.3811042532E+03    0.2912224925E+03    0.3103174668E+04
          55    0.1745422703E+03    0.9768508169E+02    0.7103177630E+03
          56    0.2751703741E+03    0.1899376782E+03   -0.6611488726E+03
          57    0.1731007838E+03    0.8584797792E+02    0.6248625696E+03
          58    0.1984238913E+03    0.9759422737E+02    0.3064077365E+04
          59    0.1639234557E+03    0.9104344740E+02    0.9397435306E+03
          60    0.1584246934E+03    0.8646093957E+02    0.2022748472E+04
          61    0.2014823994E+03    0.9723500717E+02   -0.1979926539E+04
          62    0.1643619452E+03    0.9118187309E+02    0.2282125040E+04
          63    0.1929555100E+03    0.1088124688E+03    0.2438229573E+04
          64    0.2674543224E+03    0.1887578324E+03   -0.6636536255E+03
          65    0.1728669811E+03    0.8672048725E+02    0.1799747383E+04
          66    0.1902710473E+03    0.1131087711E+03    0.2195778619E+04
          67    0.1747059299E+03    0.9825712040E+02   -0.5570065367E+03
          68    0.2784184244E+03    0.1703695158E+03    0.7330396580E+03
          69    0.1756136906E+03    0.7976723791E+02    0.5708160639E+03
          70    0.1770943590E+03    0.9775536838E+02   -0.9241250454E+03
          71    0.1720072700E+03    0.9916011136E+02    0.9195325909E+03
          72    0.1930905182E+03    0.1103777770E+03    0.2118408078E+04
          73    0.2873378319E+03    0.1951097934E+03   -0.8471830305E+03
          74    0.2866486076E+03    0.1953935096E+03   -0.8435869870E+03
          75    0.2811955887E+03    0.1793572775E+03   -0.1030577195E+04
          76    0.1952916553E+03    0.1027328661E+03    0.2005897520E+04
          77    0.2681266896E+03    0.1834498447E+03   -0.9656767998E+03
          78    0.1710180219E+03    0.1020235048E+03    0.1978848164E+04
          79    0.1669028023E+03    0.8401964285E+02    0.8948682237E+03
          80    0.2825878408E+03    0.1843043975E+03   -0.4422927582E+03
          81    0.1697593439E+03    0.8298509329E+02    0.6075308507E+03
          82    0.2834225986E+03    0.1774274032E+03   -0.5798739025E+03
          83    0.1745166487E+03    0.9879133286E+02   -0.1352571768E+04
          84    0.1619804642E+03    0.7907276459E+02    0.5816360239E+03
          85    0.1973919068E+03    0.1034280760E+03    0.1921815498E+04
          86    0.1609587324E+03    0.8856569526E+02   -0.9808589805E+03
          87    0.2798808246E+03    0.1918263175E+03   -0.7957467185E+03
          88    0.1769437012E+03    0.8566440211E+02   -0.2345371502E+04
          89    0.1679031293E+03    0.8884383035E+02    0.9514766114E+03
          90    0.2808759769E+03    0.1798614869E+03    0.3383217825E+03
          91    0.2754996233E+03    0.1728925031E+03    0.7526126605E+03
          92    0.1666702642E+03    0.9060154012E+02    0.7490053362E+03
          93    0.1792266160E+03    0.9486294213E+02    0.2100608079E+04
          94    0.1648946790E+03    0.8481891945E+02    0.6576573353E+03
          95    0.1795997997E+03    0.8301775854E+02   -0.2125188847E+04
          96    0.1867864947E+03    0.9413271344E+02   -0.1964117160E+04
          97    0.2695774555E+03    0.1784110992E+03    0.8084038043E+03
          98    0.1718626828E+03    0.8104462912E+02    0.6023095124E+03
          99    0.2886848486E+03   -0.1026586011E+03   -0.6589116743E+03
         100    0.2770457085E+03    0.1762088326E+03    0.3459786054E+03
