        Rank        RMSE       MaxAE  Feature_ID
           1    8.540799   17.558814  (    7469   10589)
           2    8.549863   18.855513  (       1   10001)
           3    8.560066   18.612511  (       2   10001)
           4    8.581159   17.118139  (    6442   13034)
           5    8.604386   23.271596  (    1587   10635)
           6    8.638184   20.201690  (    6084   16520)
           7    8.656658   20.070020  (       1   10004)
           8    8.656696   21.122448  (       1   10007)
           9    8.680751   19.794862  (     320   10635)
          10    8.702925   20.889057  (       2   10007)
          11    8.704259   22.138924  (    8502   16520)
          12    8.709497   20.469441  (       2   10004)
          13    8.713849   23.825938  (     557   11025)
          14    8.734916   19.435571  (    1425   10335)
          15    8.736434   20.314719  (    7531   10335)
          16    8.750891   19.523445  (       1   10003)
          17    8.752142   19.540645  (       1   10006)
          18    8.755739   21.770480  (       1   10002)
          19    8.757202   19.884004  (       1   10008)
          20    8.778968   23.838507  (     790   11025)
          21    8.786082   23.027414  (     386   16520)
          22    8.790034   16.010520  (    9114   10635)
          23    8.792992   19.962084  (    5017   10635)
          24    8.797803   19.834802  (       1   10005)
          25    8.797959   16.622280  (    5964   10589)
          26    8.798989   19.295307  (       2   10006)
          27    8.799143   18.188206  (    7469   16140)
          28    8.807627   19.456187  (       2   10003)
          29    8.809906   19.638457  (       2   10008)
          30    8.819427   19.465046  (    1425   11608)
          31    8.827244   19.816018  (       2   10013)
          32    8.836479   19.992190  (       2   10033)
          33    8.840476   19.772662  (       2   10005)
          34    8.841154   21.309032  (       3   15191)
          35    8.842999   20.036497  (       1   10013)
          36    8.844817   20.052885  (       3   12000)
          37    8.848427   21.713424  (       1   10009)
          38    8.853950   19.475194  (       1   10025)
          39    8.855288   20.792454  (       1   10016)
          40    8.856166   22.024800  (       2   10374)
          41    8.865456   21.896435  (       1   10021)
          42    8.866372   21.869418  (       1   10010)
          43    8.867267   20.385015  (       1   10015)
          44    8.868750   23.287543  (     267   16520)
          45    8.870045   19.950097  (       1   10011)
          46    8.876485   19.244214  (       2   10025)
          47    8.877294   21.732816  (       2   10009)
          48    8.880619   20.076607  (       1   10014)
          49    8.881119   16.565480  (    1283   10635)
          50    8.887983   20.293202  (     384   10635)
          51    8.888086   15.339034  (    2327   10635)
          52    8.888449   20.966942  (       1   10512)
          53    8.888730   19.903008  (       1   10018)
          54    8.889529   20.308899  (       1   10012)
          55    8.889627   19.687959  (    3203   10635)
          56    8.891335   21.884625  (       2   10010)
          57    8.891671   19.286537  (     545   10635)
          58    8.893603   21.506469  (       1   10041)
          59    8.897692   25.950642  (       2   10076)
          60    8.901540   18.535707  (     306   10635)
          61    8.904750   21.293446  (       2   10041)
          62    8.906742   21.684053  (       3   13019)
          63    8.909240   20.223296  (    1117   16520)
          64    8.912253   20.138027  (     983   16520)
          65    8.913611   19.761654  (       1   10026)
          66    8.916503   20.258719  (       1   10017)
          67    8.919788   20.473043  (     693   16520)
          68    8.920583   19.870705  (    3580   11608)
          69    8.924746   25.947817  (       2   10058)
          70    8.925960   21.963026  (       2   10002)
          71    8.926537   20.718062  (       1   10201)
          72    8.927108   22.162317  (       1   10374)
          73    8.928966   24.213944  (       2   10550)
          74    8.930634   25.948928  (       1   10076)
          75    8.931476   16.639250  (    8524   10635)
          76    8.933193   20.916945  (    1645   16520)
          77    8.935553   19.358785  (    1425   15684)
          78    8.937933   19.888316  (       3   11034)
          79    8.941736   20.671960  (     972   16520)
          80    8.943997   20.199730  (       1   10020)
          81    8.947374   25.939806  (       1   10058)
          82    8.947718   20.365968  (       1   10019)
          83    8.951261   20.518869  (       2   10016)
          84    8.951783   19.679101  (       2   10026)
          85    8.951862   25.758090  (       1   10048)
          86    8.954528   21.083015  (       2   10201)
          87    8.955095   24.695865  (    6963   10007)
          88    8.959830   20.113660  (       2   10015)
          89    8.960257   19.329024  (       1   10031)
          90    8.961602   19.808743  (       2   10014)
          91    8.961639   19.676051  (       2   10011)
          92    8.961815   20.123980  (       2   10019)
          93    8.964077   19.876116  (    1817   11270)
          94    8.964170   25.784581  (       2   10048)
          95    8.964711   20.172464  (       1   10033)
          96    8.965099   19.882583  (       1   10023)
          97    8.965197   19.378107  (    1687   10635)
          98    8.968741   21.807435  (       1   10022)
          99    8.969095   20.452581  (    6970   19803)
         100    8.969422   19.507404  (       3   12588)
