Model_ID, [(c_i,i=0,n)_j,j=1,ntask]
           1    0.1021839950E+02    0.1069953833E+02   -0.2651464642E+03
           2    0.3758309401E+01    0.1189740481E+02    0.3874013838E+02
           3    0.1724121051E+01   -0.1515223583E+02   -0.2439409308E+03
           4    0.2551646652E+01    0.5737635721E+01   -0.7999018825E+02
           5    0.4492702495E+01    0.1478154058E+02   -0.7712034744E+02
           6    0.3578087014E+01    0.7501131954E+01   -0.2484597694E+03
           7    0.4782604407E+01    0.1460995643E+02   -0.7253530303E+02
           8    0.1036401794E+02   -0.1071952387E+02   -0.2592203951E+03
           9    0.5791938745E+01    0.1072375745E+02   -0.2567620636E+03
          10    0.5032404576E+01    0.1438026338E+02   -0.7951533019E+02
          11    0.3555203159E+01    0.1006918914E+02    0.3879567714E+02
          12    0.1717469352E+01    0.1516686150E+02   -0.2353259649E+03
          13    0.2327821986E+01    0.5797251790E+01   -0.7102669466E+02
          14    0.2177626912E+01    0.1404351798E+02   -0.2193112576E+03
          15    0.1429911904E+01   -0.1524167773E+02   -0.2297115179E+03
          16    0.8482946345E+00    0.1727854819E+02   -0.2534443445E+03
          17    0.5007942408E+01    0.2075864683E+02   -0.2281630525E+03
          18    0.4598028644E+00    0.1740171734E+02   -0.2340012979E+03
          19    0.1544267419E+01   -0.1512413773E+02   -0.2385437884E+03
          20    0.1317688899E+01    0.2604175651E+02   -0.1306680103E+03
          21    0.1565047403E+01    0.7597643430E+01   -0.2266755394E+03
          22    0.9868770220E+01   -0.1061511103E+02   -0.2559122140E+03
          23    0.1431848039E+01    0.7665478079E+01   -0.2411414979E+03
          24    0.1358180081E+01    0.7726944321E+01   -0.2347693736E+03
          25    0.5379906137E+01    0.1433200049E+02    0.3943495134E+02
          26    0.1195627060E+01    0.7745853882E+01   -0.2259943970E+03
          27    0.1273792502E+01    0.7682176077E+01   -0.2324315531E+03
          28    0.3620558366E+01    0.9388190882E+01    0.3943951428E+02
          29    0.1050458992E+01    0.7820155859E+01   -0.2407826329E+03
          30    0.1269047033E+01    0.1513364264E+02    0.2825576560E+02
          31    0.2057211655E+01    0.5845321984E+01   -0.7432177764E+02
          32    0.5452641218E+01    0.2665380232E+02   -0.7703858084E+02
          33    0.5047545027E+01    0.2740789273E+02    0.3850163965E+02
          34    0.6839735676E+00    0.1725873990E+02   -0.2381809417E+03
          35    0.4984021765E+01    0.2751538327E+02    0.3879176298E+02
          36    0.3653552852E+01    0.9951027897E+01   -0.5634897476E+02
          37    0.1030478019E+02   -0.1063520572E+02   -0.2538909927E+03
          38    0.4193371718E+01    0.2132489161E+02   -0.2435981080E+03
          39    0.3929535293E+01    0.1325080391E+02   -0.2498580691E+03
          40    0.8068863821E+00    0.1548700626E+02    0.2625497483E+02
          41    0.1313198515E+01   -0.1533337791E+02   -0.2434069741E+03
          42    0.3958961726E+01    0.9026945678E+01   -0.5917123543E+02
          43    0.3203642610E+01    0.5570389928E+01   -0.7392960521E+02
          44    0.3889780858E+01    0.1170758621E+02   -0.5484989203E+02
          45    0.4969324976E+01    0.2753312503E+02    0.3879784299E+02
          46    0.4395320911E+01    0.2161421821E+02   -0.2496635778E+03
          47    0.4789686985E+01    0.2778851461E+02    0.3886526975E+02
          48    0.2752170525E+01    0.1705895136E+02   -0.2272169715E+03
          49    0.1624610617E+01    0.2507610802E+02   -0.7208167264E+02
          50    0.3757945190E+00    0.2771466511E+02   -0.7420882468E+02
          51    0.5003407954E+01    0.2785951127E+02    0.4028760554E+02
          52    0.5582871853E+00    0.2720231741E+02   -0.1268599116E+03
          53    0.5255258473E+01    0.2699082806E+02    0.3781707897E+02
          54    0.1188544131E+01    0.2645557541E+02   -0.7504010459E+02
          55    0.7233143641E-01    0.1717509780E+02    0.2697545002E+02
          56    0.2997049578E+01    0.7815382531E+01   -0.7122600855E+02
          57    0.7084371906E-01    0.1804026250E+02   -0.2260796843E+03
          58    0.2975737805E+01    0.5637735860E+01   -0.6634219754E+02
          59    0.5593621600E+00    0.1572608037E+02    0.2568728780E+02
          60    0.6380933052E+00    0.1567420074E+02    0.2583767369E+02
          61    0.6132057272E+00    0.1725044230E+02   -0.2291198491E+03
          62    0.3866209342E+01    0.5306793233E+01   -0.2444353829E+03
          63    0.4963750829E+01    0.2751966531E+02    0.3878940063E+02
          64    0.3570814883E+01    0.1099617114E+02   -0.7760411732E+02
          65    0.4675942303E+01    0.1446622789E+02   -0.7099204286E+02
          66   -0.2124841654E+00    0.9125714532E+01   -0.2353682340E+03
          67    0.1793061922E+01    0.2459933502E+02   -0.1223738830E+03
          68    0.7707584037E+00    0.2942934175E+02   -0.1275789976E+03
          69    0.5763192260E+00    0.1562232370E+02    0.2555174297E+02
          70    0.2710166011E+01    0.5689815486E+01   -0.6987089486E+02
          71    0.7540635469E+00    0.8687916856E+01   -0.2375635992E+03
          72    0.2644878863E+01    0.1194800974E+02   -0.7588216537E+02
          73    0.6016080500E+00    0.1559931458E+02    0.2552497463E+02
          74    0.4905401348E+01    0.2760842746E+02    0.3907254835E+02
          75    0.6399339018E+00    0.1556774527E+02   -0.2550657754E+02
          76    0.8786464577E-01    0.8989793698E+01   -0.2370425669E+03
          77    0.3213102135E+01    0.1411701732E+02   -0.2373025173E+03
          78    0.6046930960E+00    0.1559692126E+02    0.2551001308E+02
          79    0.5694845332E+00    0.1562564925E+02    0.2548669234E+02
          80    0.6077745821E+00    0.1559451573E+02    0.2549412030E+02
          81    0.1306941900E+01    0.1536354020E+02   -0.2360401277E+03
          82    0.6960736677E+00    0.1552039408E+02    0.2544567349E+02
          83    0.6635451208E+00    0.1002621889E+02   -0.1247611384E+03
          84    0.1493110189E+01    0.1512105676E+02   -0.2175364115E+03
          85    0.4762460173E+01    0.1196939753E+02   -0.6865468430E+02
          86    0.1004188523E+01    0.7289036537E+01   -0.1209409754E+03
          87    0.3032218702E+01    0.2124583431E+02   -0.1295516541E+03
          88    0.5069522794E+01    0.1172770266E+02   -0.6862671186E+02
          89    0.5291859129E+01    0.1156620364E+02   -0.7581237246E+02
          90    0.5293587899E+01    0.1156460667E+02   -0.7581477951E+02
          91    0.5071312301E+01    0.1172603454E+02   -0.6862710388E+02
          92    0.6329618206E+00    0.1557139953E+02    0.2545487840E+02
          93    0.6023934956E+00    0.2996202714E+02   -0.7425698019E+02
          94    0.4965256426E+01    0.1458339610E+02    0.4264962946E+02
          95    0.5135295824E+00    0.1567043165E+02    0.2539416896E+02
          96    0.4934814257E+01    0.1464010896E+02   -0.4263217826E+02
          97    0.3894817409E+00    0.1753024296E+02   -0.2559869754E+03
          98    0.3634833912E+01    0.1325747152E+02    0.3626301063E+02
          99    0.2951472426E+01    0.2093587564E+02    0.1236413516E+03
         100    0.2447057731E+01    0.1460031740E+02   -0.2313935555E+03
