Model_ID, [(c_i,i=0,n)_j,j=1,ntask]
           1    0.9279401289E+00    0.2120393818E+02   -0.8362090082E+02
           2    0.1554635897E+01    0.5734974588E+02   -0.8408819828E+02
           3    0.1138617066E+01    0.2108605638E+02   -0.1061130229E+03
           4    0.1797381330E+01    0.5691235738E+02   -0.1059739310E+03
           5    0.1362751099E+01    0.2377477353E+02   -0.8326367261E+02
           6    0.1697129355E+01    0.6010562204E+02   -0.1056492284E+03
           7    0.5509778339E+01    0.1215450262E+02   -0.4209447522E+02
           8   -0.2784427777E+00    0.2391293443E+02   -0.5275156467E+02
           9   -0.2589241902E+00   -0.2388704557E+02   -0.5270759152E+02
          10   -0.2002944795E+00    0.2418925351E+02   -0.5015665255E+02
          11   -0.1805532617E+00   -0.2416279444E+02   -0.5011322914E+02
          12    0.5071512426E+01    0.1236960243E+02   -0.4390579284E+02
          13    0.4258416777E+01    0.1337142932E+02   -0.4823601515E+02
          14    0.1607695379E+01    0.2372224087E+02   -0.5795339168E+02
          15    0.1509092983E+01    0.2339189748E+02   -0.6064346667E+02
          16    0.5382420477E+01    0.1212428808E+02   -0.4344393731E+02
          17   -0.6437390224E+00    0.1387726726E+02   -0.5799716691E+02
          18    0.5355349178E+01    0.1215412823E+02   -0.4339918177E+02
          19   -0.5681574571E+00    0.1405757592E+02   -0.5527423587E+02
          20    0.4925586484E+01   -0.1094701428E+02   -0.4156736999E+02
          21    0.4909091433E+01   -0.1095123745E+02   -0.4160174046E+02
          22    0.5638504431E+01    0.1169813702E+02   -0.4332016497E+02
          23    0.4189901691E+01    0.1326926777E+02   -0.5412503608E+02
          24    0.5658540719E+01    0.1168993118E+02   -0.4321765959E+02
          25    0.5222802628E+01    0.1188370913E+02   -0.4518553940E+02
          26    0.4872333687E+01   -0.1108892440E+02   -0.4087646015E+02
          27    0.9724180491E+00    0.1635928963E+02   -0.5559954786E+02
          28    0.8254620527E+00    0.3081442029E+02   -0.5382092615E+02
          29    0.5239573070E+01    0.1226809632E+02   -0.4324586147E+02
          30    0.5612530339E+01    0.1184776526E+02   -0.4254543575E+02
          31    0.5245058380E+01    0.1187348691E+02   -0.4506979454E+02
          32   -0.4760064408E+00    0.2408678730E+02   -0.5274315518E+02
          33    0.7504106182E+00    0.3040558592E+02   -0.5629915031E+02
          34    0.4785694425E+01   -0.1133333146E+02   -0.3978526014E+02
          35    0.1452231563E+01    0.2692547881E+02   -0.7856528787E+02
          36   -0.3998655063E+00    0.2436545212E+02   -0.5013678945E+02
          37    0.3517969612E+01    0.1439436560E+02   -0.4191000777E+02
          38    0.5192367387E+01    0.1203913130E+02   -0.4438497602E+02
          39    0.5520385198E+01    0.1165203584E+02   -0.4473981089E+02
          40    0.5966822869E+01    0.2684167500E+02   -0.4285028630E+02
          41    0.5494557861E+01    0.1168078194E+02   -0.4469030730E+02
          42    0.5541698688E+01    0.1164272720E+02   -0.4463176829E+02
          43    0.5404178202E+01    0.1211791990E+02   -0.4307226443E+02
          44    0.5116241279E+01    0.1081354966E+02   -0.4114350393E+02
          45    0.5515891065E+01    0.1167144018E+02   -0.4458179654E+02
          46    0.5551711079E+01    0.1061569892E+02   -0.3945516777E+02
          47    0.5100113251E+01    0.1081760012E+02   -0.4117312379E+02
          48    0.3245045048E+00   -0.2314368058E+02   -0.5132441020E+02
          49    0.5536709005E+01    0.1061936648E+02   -0.3947052450E+02
          50    0.4168487108E+01    0.1348840589E+02   -0.5235039052E+02
          51    0.4204414499E+01    0.1334354866E+02   -0.5291433454E+02
          52    0.4077147553E+00   -0.2340444951E+02   -0.4876621485E+02
          53    0.5173970908E+01   -0.1076885570E+02   -0.4107541220E+02
          54    0.1333946994E+01    0.2704280172E+02   -0.7850094126E+02
          55    0.5507039481E+01    0.1074908620E+02   -0.3877230277E+02
          56    0.5493217181E+01    0.1180440548E+02   -0.4394129499E+02
          57    0.5157927323E+01   -0.1077285860E+02   -0.4110380039E+02
          58    0.5181985406E+01    0.1076730504E+02   -0.4102326423E+02
          59    0.6074812640E+01    0.2582319181E+02   -0.4429384036E+02
          60    0.6092377274E+01    0.2581136644E+02   -0.4424542857E+02
          61    0.5065004405E+01    0.1095387243E+02   -0.4044733692E+02
          62    0.1611811823E+01    0.2684214896E+02   -0.1004533236E+03
          63    0.5466967063E+01    0.1183353815E+02   -0.4389251166E+02
          64    0.5165972299E+01    0.1077129900E+02   -0.4105130925E+02
          65    0.1181169795E+01    0.2724264073E+02   -0.7876460956E+02
          66    0.1244635471E+01    0.2715935356E+02   -0.7899377462E+02
          67    0.6046987183E+01    0.2618089053E+02   -0.4364349510E+02
          68    0.1184726978E+01    0.2722704076E+02   -0.7945961865E+02
          69    0.1240310976E+01    0.2716474144E+02   -0.7901839010E+02
          70    0.1236016125E+01   -0.2717005641E+02   -0.7904285648E+02
          71    0.5384837571E+01    0.1178890002E+02   -0.4452593716E+02
          72    0.1040273321E+01    0.3079435882E+02   -0.5588766334E+02
          73    0.6314242544E+01    0.1377294979E+02   -0.4446694218E+02
          74    0.5435488910E+01    0.1097747131E+02   -0.3770383479E+02
          75    0.9096156697E+00    0.2750769472E+02   -0.8084448530E+02
          76    0.5123387276E+01   -0.1090868173E+02   -0.4037723740E+02
          77    0.1217598022E+01    0.2761601246E+02   -0.6157546830E+02
          78    0.1304620892E+01    0.2708117669E+02   -0.7853381321E+02
          79    0.5131499373E+01    0.1090703112E+02   -0.4032550926E+02
          80    0.5406309267E+01    0.1177936303E+02   -0.4441535384E+02
          81    0.4981946557E+01    0.1119516591E+02   -0.3934916017E+02
          82    0.4638213284E+01    0.2601616185E+02   -0.4053682359E+02
          83    0.4313773719E+01    0.1953259214E+02   -0.3968715790E+02
          84    0.4087616192E+01    0.1421734547E+02   -0.3500081220E+02
          85    0.1315684406E+01    0.2704753260E+02   -0.7918597832E+02
          86    0.1159748129E+01    0.2725458884E+02   -0.7946995065E+02
          87    0.1325038484E+01    0.2718411372E+02   -0.1010643129E+03
          88    0.6276875412E+01    0.1396352092E+02   -0.4376055386E+02
          89    0.6303035649E+01    0.1376979524E+02   -0.4439231945E+02
          90    0.5041471989E+01   -0.1114904935E+02   -0.3927594822E+02
          91    0.5049761252E+01    0.1114719278E+02   -0.3922519789E+02
          92    0.5355242332E+01    0.1194364473E+02   -0.4372823164E+02
          93    0.9753533168E+00    0.3034496599E+02   -0.5824638989E+02
          94    0.5542781351E+01    0.1164540790E+02   -0.4437150913E+02
          95    0.6212078683E+01    0.1430210237E+02   -0.4274682535E+02
          96    0.1667104321E+01    0.2906369513E+02   -0.8661523036E+02
          97    0.5563844638E+01    0.1163627237E+02   -0.4426482164E+02
          98    0.5529232480E+01    0.1047395762E+02   -0.4102116773E+02
          99    0.5471604925E+01    0.1053549483E+02   -0.4087422688E+02
         100   -0.1711483292E+00    0.3613132487E+02   -0.5695098647E+02
