        Rank        RMSE       MaxAE  Feature_ID
           1    3.385726    8.288349  (    3517   16088)
           2    3.390887    8.346390  (    4415   16088)
           3    3.453252    8.820182  (    3517   18880)
           4    3.486627    8.438375  (    4415   18880)
           5    3.496729    8.891693  (    6864   16088)
           6    3.502950    9.151572  (    4415   16436)
           7    3.505061    7.750617  (    1324   15126)
           8    3.508540    9.464868  (       7   18871)
           9    3.511214    9.463377  (       8   18871)
          10    3.515206    9.316837  (       7   11600)
          11    3.517936    9.315459  (       8   11600)
          12    3.519499    7.561550  (    9629   15126)
          13    3.520044    7.764810  (    8022   19139)
          14    3.523330   10.484563  (    1311   11600)
          15    3.527330   10.199706  (    1311   18871)
          16    3.546245    7.638804  (    7836   15126)
          17    3.546643    8.010518  (     199   18871)
          18    3.547864    7.636589  (    7636   15126)
          19    3.550377    8.252296  (     199   11600)
          20    3.551185    8.217511  (      92   16533)
          21    3.552217    8.206799  (      92   19005)
          22    3.553920    7.512968  (    1324   19005)
          23    3.561059    7.614338  (    8022   19383)
          24    3.561445    7.522113  (    1324   16533)
          25    3.563892    7.327578  (    9629   19005)
          26    3.564438    8.293377  (      92   13202)
          27    3.568966    9.586134  (    8022   10052)
          28    3.570368   10.564780  (      77   11600)
          29    3.572252    7.616365  (    7808   15126)
          30    3.572914    7.592185  (    1324   13202)
          31    3.573364    7.336688  (    9629   16533)
          32    3.575751    9.548667  (      14   18871)
          33    3.578247   10.297760  (      77   18871)
          34    3.578532    8.432603  (      92   15126)
          35    3.580871    7.807464  (    2240   16088)
          36    3.583079    9.352489  (      14   11600)
          37    3.586453    7.418667  (    2332   15126)
          38    3.587351    7.406554  (    9629   13202)
          39    3.588293    7.404163  (    7836   19005)
          40    3.589270    7.628919  (    6323   15126)
          41    3.590534    7.402054  (    7636   19005)
          42    3.596615    7.413412  (    7836   16533)
          43    3.596689    7.641789  (    7871   15126)
          44    3.598894    8.248798  (      83   16533)
          45    3.598912    7.411277  (    7636   16533)
          46    3.599233    8.410567  (      16   16533)
          47    3.600377    8.238098  (      83   19005)
          48    3.600805    9.400493  (      10   18871)
          49    3.601939    8.400076  (      16   19005)
          50    3.607481    7.817082  (    8022   13644)
          51    3.607922    7.714706  (    8022   16694)
          52    3.608137    9.296185  (      10   11600)
          53    3.609594    8.255768  (      88   16533)
          54    3.610142    7.781426  (    2894   16088)
          55    3.610290    8.486078  (      16   13202)
          56    3.610758    7.483774  (    7836   13202)
          57    3.611200    8.245058  (      88   19005)
          58    3.611206    8.260263  (      80   16533)
          59    3.611554    7.608167  (    6323   19005)
          60    3.611807    7.609827  (    6323   16533)
          61    3.611980    8.324777  (      83   13202)
          62    3.612517    7.852809  (    2240   18880)
          63    3.612832    7.481610  (    7636   13202)
          64    3.612840    8.249562  (      80   19005)
          65    3.613267    7.785314  (    3330   16088)
          66    3.613550    7.783068  (    3649   16088)
          67    3.613791    7.645414  (    6323   13202)
          68    3.614035    7.775758  (    4397   16088)
          69    3.614202    7.782945  (    3697   16088)
          70    3.614885    7.782796  (    3760   16088)
          71    3.616609    7.382313  (    7808   19005)
          72    3.619323    8.602148  (     833   11600)
          73    3.620223    9.137472  (    7897   16533)
          74    3.620730    8.623862  (      16   15126)
          75    3.621414    7.719414  (    7263   16088)
          76    3.622749    8.331792  (      88   13202)
          77    3.623115    9.189531  (    5494   18871)
          78    3.623314    7.782206  (    3323   16088)
          79    3.624271    8.336291  (      80   13202)
          80    3.625210    7.391429  (    7808   16533)
          81    3.625906    8.463969  (      83   15126)
          82    3.628301    7.519377  (     535   15126)
          83    3.629808    8.547681  (       6   10026)
          84    3.630978    8.347584  (    8022   16802)
          85    3.631624    7.766035  (    4587   16088)
          86    3.631954    7.772408  (    5123   16088)
          87    3.632170    7.833791  (    3330   18880)
          88    3.636038    9.231116  (    7897   13202)
          89    3.636534    9.121046  (    7897   19005)
          90    3.636818    8.471016  (      88   15126)
          91    3.638187    8.475503  (      80   15126)
          92    3.638371    7.461630  (    7808   13202)
          93    3.638595    8.766536  (     833   18871)
          94    3.638637    7.407675  (    7871   19005)
          95    3.640070    9.407609  (    7897   15126)
          96    3.641444    9.805347  (     664   15779)
          97    3.646666    7.416875  (    7871   16533)
          98    3.648490    8.290070  (     138   16533)
          99    3.648718    8.293827  (     109   16533)
         100    3.649176   10.527397  (    1669   12505)
