        Rank        RMSE       MaxAE  Feature_ID
           1   29.468631  104.474885  (       1   10001)
           2   29.585973  122.921131  (       5   10378)
           3   29.696563  107.796221  (    1874   15260)
           4   29.707865  108.027267  (    1874   17997)
           5   29.716446  100.799664  (       1   10005)
           6   29.722656  112.533476  (       5   19433)
           7   29.722906  104.289975  (       5   10480)
           8   29.723124  108.141925  (    1874   18139)
           9   29.723283  104.303533  (       1   10002)
          10   29.751341   97.986187  (       1   10003)
          11   29.766010   96.582803  (       1   10004)
          12   29.774789  104.646408  (       1   10006)
          13   29.787121  114.738587  (       5   13406)
          14   29.796042   98.306963  (       1   10010)
          15   29.803187  105.572130  (      59     806)
          16   29.822426   98.729326  (       5   19931)
          17   29.850592   97.029910  (       1   10008)
          18   29.863145  119.641292  (       5   11096)
          19   29.922515  102.509376  (       1   10007)
          20   29.925940  101.332026  (       5   11910)
          21   29.965904  107.070663  (     128   15075)
          22   29.970067   98.648772  (      65   10209)
          23   29.974598  108.162284  (     125   15075)
          24   29.974799   96.629654  (       1   10049)
          25   29.981303   98.180212  (       1   10009)
          26   29.985241  115.284022  (       5   11450)
          27   30.002600   98.412117  (       1   10036)
          28   30.006646  106.549655  (       5   10093)
          29   30.016430  103.900578  (       5   12427)
          30   30.019337  109.156838  (       1   10899)
          31   30.023213  108.362701  (    1874   16075)
          32   30.037540   94.151405  (      54   18568)
          33   30.038532   98.826083  (       5   19950)
          34   30.040903  107.990913  (    1874   18317)
          35   30.041450  107.990700  (    1874   18328)
          36   30.042000  107.990487  (    1874   18336)
          37   30.042316  104.346071  (     128   11730)
          38   30.042582  107.300331  (       5   10060)
          39   30.042816  108.006200  (    1874   18248)
          40   30.043857  115.924233  (       5   19747)
          41   30.044399  108.144842  (    1874   18528)
          42   30.044878  107.835917  (    1874   18184)
          43   30.047680  106.879652  (      94   15075)
          44   30.050656   94.857958  (       1   10355)
          45   30.052817  108.112032  (    1874   17830)
          46   30.055579  101.448779  (     446    7091)
          47   30.058791  108.355587  (    1874   18937)
          48   30.060087  107.622196  (    1874   18148)
          49   30.062541   99.693894  (       1   10080)
          50   30.077709   97.004289  (       1   10095)
          51   30.080142  116.086202  (       5   14030)
          52   30.080437   97.546436  (       1   10012)
          53   30.086303  108.394171  (    1874   15412)
          54   30.087805  102.283535  (       5   10498)
          55   30.089277  103.575692  (       1   10011)
          56   30.094284  104.291929  (       5   10376)
          57   30.094443  104.650580  (     688    2675)
          58   30.095422  107.870698  (       1   10228)
          59   30.103475  106.065592  (       5   19714)
          60   30.104694   96.381437  (       5   13813)
          61   30.105070  108.062475  (       1   15930)
          62   30.108553  108.155612  (    1874   13769)
          63   30.111791  104.220949  (      94   11730)
          64   30.114431  102.264820  (       5   12609)
          65   30.117975  101.453241  (       1   10031)
          66   30.118598  101.825468  (       1   10024)
          67   30.119030  107.958049  (       1   18848)
          68   30.121347  103.931880  (     462    7353)
          69   30.121774  108.285937  (     792    1026)
          70   30.124687   99.828547  (       1   10020)
          71   30.124908   94.592714  (       1   10013)
          72   30.128044   99.241084  (       1   10027)
          73   30.128785  113.046487  (       1   10014)
          74   30.131833   94.437627  (       1   10385)
          75   30.135931  115.270642  (       5   10618)
          76   30.138476  101.564674  (       5   11850)
          77   30.144090  103.810723  (     195    8385)
          78   30.144937   98.333624  (       1   10046)
          79   30.145578  107.650655  (      59    2561)
          80   30.145606   96.799810  (       5   12697)
          81   30.149708   95.704686  (       1   11474)
          82   30.151057   97.529086  (       1   10025)
          83   30.155971  107.326106  (       1   10015)
          84   30.157979   95.484466  (       1   10016)
          85   30.163289  103.014123  (       5   15970)
          86   30.163395   98.661409  (       1   10017)
          87   30.166548   99.174264  (       1   10209)
          88   30.174137   99.168473  (      20   16924)
          89   30.174413  100.281334  (       1   10022)
          90   30.174729  105.028428  (       1   10018)
          91   30.181450  102.159072  (       1   10019)
          92   30.184246  104.963467  (       1   10067)
          93   30.184396  103.731956  (       1   10037)
          94   30.190744  106.685010  (       5   10173)
          95   30.192641   99.391595  (       1   10089)
          96   30.193764   95.259892  (       1   10021)
          97   30.196171   99.419139  (       1   10035)
          98   30.197610  103.480789  (       1   10043)
          99   30.198164  103.410046  (    7545    9475)
         100   30.198296   95.965207  (       1   10060)
