     Index              y_true              y_pred        descriptor_1        descriptor_2
         1    0.4537000000E+02    0.5401837423E+02    0.5380000000E-01   -0.1061681700E+00
         2    0.3120000000E+02    0.2390628097E+02    0.9786605000E-01   -0.7180369526E-02
         3    0.2680000000E+02    0.2589446835E+02   -0.8439676000E-01   -0.6774535488E-01
         4    0.6524000000E+02    0.5906226802E+02    0.4558409400E+00    0.5871687260E-03
         5    0.1790000000E+02    0.2776817664E+02    0.1750806000E+00    0.5087322985E-02
         6    0.3615000000E+02    0.2791318025E+02    0.3472312800E+00    0.5653402230E-01
         7    0.2622000000E+02    0.3883732245E+02    0.2449952000E+00   -0.5359269578E-02
         8    0.2045000000E+02    0.1676040540E+02    0.3986600000E-01   -0.4312051897E-02
         9    0.8872000000E+02    0.8019537459E+02    0.6799113900E+00    0.7932426056E-02
        10    0.5060000000E+01    0.1598688121E+02    0.3542036400E+00    0.9258224986E-01
        11    0.1464000000E+02    0.3918248126E+02    0.3167590600E+00    0.1527671549E-01
        12    0.5774000000E+02    0.5922874571E+02    0.5105385000E+00    0.1659063488E-01
        13    0.3187000000E+02    0.2324675814E+02    0.9989420000E-01   -0.4692089081E-02
        14    0.5100000000E+02    0.4990683976E+02    0.3783281900E+00    0.3297522321E-02
        15    0.6383000000E+02    0.6570024879E+02    0.6499501600E+00    0.4016669847E-01
        16    0.5301000000E+02    0.4812834370E+02    0.3823063000E+00    0.9558340304E-02
        17    0.7420000000E+02    0.6217386559E+02    0.4856723600E+00    0.7166537556E-03
        18    0.6276000000E+02    0.5269030468E+02    0.4901992500E+00    0.2907501818E-01
        19    0.2078000000E+02    0.2692862021E+02    0.1569781200E+00    0.2023821712E-02
        20    0.2551000000E+02    0.2058129409E+02    0.1248988500E+00    0.1042758571E-01
        21    0.1790000000E+02    0.2264759733E+02    0.1771148200E+00    0.2027569168E-01
        22    0.5090000000E+02    0.5275721403E+02    0.6104640900E+00    0.6511368581E-01
        23    0.5015000000E+02    0.5155901989E+02    0.4444009600E+00    0.1849870190E-01
        24    0.4460000000E+02    0.3050261727E+02    0.1993058500E+00    0.4601545685E-02
        25    0.6660000000E+02    0.7343801395E+02    0.6175241500E+00    0.8373231026E-02
        26    0.9080000000E+02    0.8532586451E+02    0.5915670700E+00   -0.3328459685E-01
        27    0.3200000000E+01    0.1102647163E+02    0.0000000000E+00    0.0000000000E+00
        28    0.3682000000E+02    0.3892432764E+02    0.6938019000E+00    0.1295936282E+00
        29    0.3007000000E+02    0.2287664549E+02    0.2534549000E+00    0.4262074332E-01
        30    0.6056000000E+02    0.7268934888E+02    0.5688722300E+00   -0.4151840833E-02
        31    0.2817000000E+02    0.2396954511E+02    0.1057978300E+00   -0.4971043766E-02
        32    0.1850000000E+02    0.1102647163E+02    0.0000000000E+00    0.0000000000E+00
        33    0.6029000000E+02    0.5372088031E+02    0.5714059200E+00    0.5060458011E-01
        34    0.5646000000E+02    0.5806237113E+02    0.4686620400E+00    0.7295630376E-02
        35    0.4263000000E+02    0.4946337714E+02    0.4471812000E+00    0.2530141641E-01
