        Rank        RMSE       MaxAE  Feature_ID
           1   32.547070   87.427828  (    4122   11211)
           2   32.889287   92.516701  (    7439   11211)
           3   33.339545  118.628664  (     226   10538)
           4   33.452786   85.378554  (    6648   11211)
           5   33.525612   91.968191  (       1   10006)
           6   33.670251   89.745388  (    1748   11211)
           7   33.672985   89.646196  (    4557   11211)
           8   33.776935   99.082330  (     226   10157)
           9   33.779022   89.969926  (    5883   11211)
          10   33.819731  116.506135  (      14   18088)
          11   33.870225  119.739755  (     187   10595)
          12   33.898034   85.966496  (    4977   11211)
          13   33.923039   95.343007  (     226   10469)
          14   33.980334   95.548469  (     303   11211)
          15   33.981896   88.862666  (      42   11211)
          16   34.043334   84.779841  (     221   11211)
          17   34.069651   99.746061  (     226   10059)
          18   34.070867   96.245259  (    5620   11211)
          19   34.134296   84.043430  (      20   11211)
          20   34.166551   96.458940  (      14   10106)
          21   34.177764   80.673194  (       9   11799)
          22   34.184501   76.983728  (      32   12138)
          23   34.208544   78.344850  (    6433   11026)
          24   34.220025   96.104888  (      14   10059)
          25   34.237157   93.377502  (      79   11211)
          26   34.241641   87.330813  (    1829   11211)
          27   34.246651   91.224809  (    1805   11211)
          28   34.247718   97.949771  (     226   10446)
          29   34.261005   86.038920  (     318   11211)
          30   34.261883   86.750683  (      49   11158)
          31   34.309472   85.869405  (    1343   11211)
          32   34.354577   92.491219  (     242   10157)
          33   34.379567   82.343909  (    1653   17510)
          34   34.386164   90.356447  (      13   10106)
          35   34.389574   92.417940  (      13   10001)
          36   34.390703   94.503658  (       1   10194)
          37   34.400761   88.003112  (    4122   16914)
          38   34.402071   90.250880  (       9   10174)
          39   34.411225   89.087910  (      27   10001)
          40   34.427861   88.948264  (       1   10002)
          41   34.430440   85.081835  (      24   11211)
          42   34.434615   84.508410  (       7   11211)
          43   34.441084   93.323405  (    3540   11211)
          44   34.443059   96.231809  (     242   10001)
          45   34.455807  101.052095  (       1   10311)
          46   34.496972   89.227530  (       1   10026)
          47   34.501362   89.073316  (       1   10220)
          48   34.504030  105.767080  (     226   10239)
          49   34.508441  102.377865  (     337   10014)
          50   34.508900   89.376179  (      46   11211)
          51   34.518373   80.830677  (      79   10556)
          52   34.530630   88.203203  (      33   10509)
          53   34.531299   90.457512  (      86   11211)
          54   34.534516   89.050243  (       1   10001)
          55   34.562356  100.899746  (     226   10003)
          56   34.565830   89.996912  (      73   11211)
          57   34.572052   87.214627  (     578   11211)
          58   34.576467   85.898515  (    3504   11211)
          59   34.594684   88.254369  (     251   11211)
          60   34.637239   88.742059  (    1748   16914)
          61   34.645147  117.333192  (    1748   10595)
          62   34.655576   88.736972  (       1   10023)
          63   34.671715   81.946047  (    7900   11211)
          64   34.679344   93.322748  (       1   10075)
          65   34.683767   84.330171  (      22   10257)
          66   34.685932   92.223338  (       1   10065)
          67   34.690834   87.765463  (      99   13746)
          68   34.691406   86.519904  (      99   10162)
          69   34.694369   78.145850  (      32   15786)
          70   34.697147   76.690923  (      42   10556)
          71   34.701385   88.771308  (       1   10027)
          72   34.706613   90.341758  (       1   10061)
          73   34.728995  105.038049  (      99   10985)
          74   34.729018   84.364795  (     371   11211)
          75   34.738190   85.478776  (     189   11211)
          76   34.746570   86.666606  (      99   13317)
          77   34.754424   91.009715  (    1477   11211)
          78   34.755578   93.035004  (    7439   16914)
          79   34.757371  100.671965  (       1   10397)
          80   34.757420   83.067236  (      26   11211)
          81   34.762970  101.282836  (     226   10985)
          82   34.768406   93.124828  (      99   11097)
          83   34.775168   81.864842  (       8   10111)
          84   34.779617   97.278863  (     303   18755)
          85   34.780832  100.991131  (     226   10005)
          86   34.782688   94.629407  (    1653   10001)
          87   34.783187   89.808770  (       1   10109)
          88   34.794327   91.776303  (      24   12400)
          89   34.797483   94.415864  (       5   10001)
          90   34.806578   96.707755  (    9510   11211)
          91   34.807713   90.834334  (      13   11022)
          92   34.815390   97.237150  (      14   10003)
          93   34.815984   90.301733  (      99   16669)
          94   34.819032   78.411892  (      32   13861)
          95   34.819560   91.322990  (     242   10446)
          96   34.822455   91.762986  (      27   10157)
          97   34.826942   88.925601  (       1   10039)
          98   34.836830   98.231717  (    1653   10157)
          99   34.839100   99.383918  (     337   10049)
         100   34.843448   88.098399  (      24   11310)
