Model_ID, [(c_i,i=0,n)_j,j=1,ntask]
           1    0.3610451915E+03    0.3018824816E+03    0.3122294217E+03
           2    0.2127353205E+03    0.1045619365E+03   -0.3644014562E+03
           3    0.3844384960E+03    0.2927940262E+03    0.2757160537E+03
           4    0.3623108941E+03    0.3006534329E+03   -0.2865985865E+03
           5    0.2810363653E+03   -0.1452809226E+03    0.2840825153E+03
           6    0.3591017868E+03    0.2934090583E+03    0.3276114070E+03
           7    0.3163562579E+03    0.2022933424E+03    0.7151059278E+03
           8    0.3194109525E+03    0.1967076696E+03   -0.4451865247E+03
           9    0.3165172165E+03    0.2013431582E+03    0.7157239614E+03
          10    0.3195700812E+03    0.1957799052E+03   -0.4457532619E+03
          11    0.2884962186E+03    0.2113340451E+03   -0.3674574488E+03
          12    0.2882847819E+03    0.2074059101E+03   -0.3730285093E+03
          13    0.2151190178E+03    0.1040484050E+03    0.3572751275E+03
          14    0.3667424676E+03   -0.2479168856E+03    0.7362112891E+03
          15    0.2164425399E+03    0.1073482833E+03    0.3424065951E+03
          16    0.2650731290E+03    0.2061370188E+03    0.3143349776E+03
          17    0.2863340571E+03    0.2086609410E+03   -0.3803489614E+03
          18    0.2051259854E+03    0.8936986121E+02    0.3512128051E+03
          19    0.3614267940E+03    0.2282446416E+03   -0.1331261725E+04
          20    0.2788331500E+03   -0.1430870713E+03   -0.2902193680E+03
          21    0.1946615090E+03    0.9522745421E+02   -0.3428864377E+03
          22    0.1410074220E+03    0.9916902268E+02    0.3851692375E+03
          23    0.3927356184E+03    0.1454969327E+03    0.3313137471E+03
          24    0.2916911198E+03    0.2070422741E+03    0.3479446694E+03
          25    0.2124156957E+03    0.1092506410E+03    0.2521523044E+03
          26    0.3818826747E+03   -0.2815869172E+03   -0.3319910389E+03
          27    0.2753543802E+03    0.1511536982E+03    0.2857286676E+03
          28    0.2032338037E+03    0.8595092471E+02   -0.3697009100E+03
          29    0.2043583153E+03    0.1114860494E+03   -0.3573788385E+03
          30    0.2193532702E+03   -0.1021191084E+03    0.3544111327E+03
          31    0.2873409341E+03    0.2110575251E+03   -0.3714182579E+03
          32    0.2114946623E+03    0.9613548492E+02   -0.3309213704E+03
          33    0.3424817526E+03    0.2547085127E+03   -0.3832826637E+03
          34    0.3206759569E+03    0.2023801856E+03   -0.4122586424E+03
          35    0.2881651199E+03    0.2101496023E+03   -0.3685248309E+03
          36    0.2052993323E+03    0.1160807329E+03   -0.3354058009E+03
          37    0.3204109889E+03    0.2029829845E+03   -0.4121622156E+03
          38    0.3624825428E+03   -0.3007130093E+03    0.2977699177E+03
          39    0.1843198365E+03    0.8020529397E+02    0.3621367588E+03
          40    0.2750813096E+03    0.1490461988E+03   -0.2910516411E+03
          41    0.2756415888E+03   -0.1527443842E+03    0.2849623998E+03
          42    0.3148112126E+03    0.1947171219E+03   -0.6910024316E+03
          43    0.3926646355E+03    0.1450256421E+03    0.3268215603E+03
          44    0.2868692187E+03    0.2115990333E+03   -0.3741032376E+03
          45    0.2925997263E+03   -0.2077527548E+03   -0.3856616090E+03
          46    0.3177510693E+03   -0.1706507826E+03    0.2588618401E+03
          47    0.3208408211E+03    0.2014298896E+03   -0.4126459127E+03
          48    0.2865326623E+03    0.2114066882E+03   -0.3748583462E+03
          49    0.3824401973E+03   -0.2889349266E+03   -0.3823955048E+03
          50    0.3577621569E+03    0.2171093251E+03   -0.1286165280E+04
          51    0.2865617381E+03   -0.1989388736E+03   -0.3808363281E+03
          52    0.2753430220E+03   -0.1506437273E+03   -0.2907667368E+03
          53    0.3204983368E+03    0.2034376400E+03    0.4083637494E+03
          54    0.3622757796E+03   -0.2338838148E+03    0.7186663838E+03
          55    0.3830308094E+03    0.2937864223E+03    0.2431391674E+03
          56    0.3205759759E+03    0.2020288247E+03   -0.4125086431E+03
          57    0.2744142093E+03   -0.1419065430E+03   -0.2871277244E+03
          58    0.3149614673E+03    0.1937969202E+03   -0.6920997068E+03
          59    0.2478518824E+03    0.1249591516E+03    0.2831116974E+03
          60    0.2849005899E+03    0.6455026921E+02   -0.1633785653E+03
          61    0.1739225604E+03    0.8435779173E+02   -0.3578301360E+03
          62    0.2087292307E+03    0.9675097731E+02    0.2326663900E+03
          63    0.2755041253E+03   -0.1497469526E+03    0.2804105019E+03
          64    0.3130561021E+03    0.1185041914E+03   -0.3562913230E+03
          65    0.2866531111E+03    0.2107746537E+03   -0.3743785330E+03
          66    0.2876398876E+03    0.2097939863E+03   -0.3707182037E+03
          67    0.3655844505E+03    0.2467693016E+03    0.2657110051E+03
          68    0.3185781512E+03   -0.1629736508E+03    0.2677130557E+03
          69    0.3206637333E+03    0.2024815171E+03    0.4086962216E+03
          70    0.3697400938E+03    0.1209944792E+03    0.2714867187E+03
          71    0.1869719672E+03    0.8466297661E+02    0.2475634101E+03
          72    0.3181088141E+03    0.2085666721E+03    0.6435673438E+03
          73    0.3115388925E+03    0.1934324349E+03    0.3591002527E+03
          74    0.2923179250E+03    0.2104327188E+03   -0.3643843539E+03
          75    0.3823466869E+03   -0.2896342350E+03   -0.3802913625E+03
          76    0.3536254406E+03    0.2156594292E+03   -0.1369267387E+04
          77    0.3037683103E+03    0.7682829274E+02   -0.1594677092E+03
          78    0.1938716891E+03    0.9043307395E+02   -0.3524995934E+03
          79    0.3076614377E+03    0.2117779127E+03    0.3752171015E+03
          80    0.2414368432E+03    0.1180878237E+03    0.2260660400E+03
          81    0.2958557919E+03    0.2145975318E+03    0.3799145017E+03
          82    0.2037991703E+03    0.8567131392E+02    0.3504069780E+03
          83    0.1953661829E+03    0.9411193864E+02    0.3255962318E+03
          84    0.3473134720E+03    0.2596868720E+03    0.3961442906E+03
          85    0.2753290832E+03    0.1480631695E+03    0.2789448094E+03
          86    0.2786605902E+03   -0.1640584783E+03   -0.2832144038E+03
          87    0.2849071613E+03    0.2114225889E+03   -0.3799268747E+03
          88    0.3974015365E+03    0.1544399990E+03    0.3240950449E+03
          89    0.2911413997E+03    0.2171641061E+03   -0.3550222966E+03
          90    0.3802701702E+03   -0.2683408432E+03   -0.3215801119E+03
          91    0.1752277139E+03    0.8718637997E+02    0.3410549610E+03
          92    0.2923643853E+03    0.2149035409E+03    0.3717827794E+03
          93    0.3781761839E+03    0.1560757009E+03    0.2894341177E+03
          94    0.3182768613E+03    0.2075876547E+03    0.6438539763E+03
          95    0.2144971730E+03    0.9860635388E+02    0.3169598770E+03
          96    0.2774244638E+03    0.7527110265E+02   -0.1524425274E+03
          97    0.2642610509E+03    0.1554423105E+03    0.3706668364E+03
          98    0.3764447032E+03   -0.2649229765E+03   -0.3226049599E+03
          99    0.3652090155E+03    0.1244375383E+03    0.2405512840E+03
         100    0.2614343984E+03    0.1524754401E+03   -0.3551393443E+03
