        Rank        RMSE       MaxAE  Feature_ID
           1   30.058780   98.304960  (       1   13225)
           2   30.343174  110.723017  (       1   10001)
           3   30.387322  110.803547  (       1   10002)
           4   30.394727  103.938067  (     342   10881)
           5   30.398820   95.807174  (       1   11261)
           6   30.471738  100.433720  (       1   10613)
           7   30.518072  105.080226  (     342   10124)
           8   30.576375  112.113325  (       1   10003)
           9   30.593505  104.396458  (     111   10029)
          10   30.626439   96.095168  (       1   16399)
          11   30.636690  117.296939  (       1   10047)
          12   30.647418  104.724843  (     439   16687)
          13   30.692389  106.365515  (     342   11526)
          14   30.696110  117.486820  (       1   10054)
          15   30.697766  105.807299  (     149   14150)
          16   30.713770  106.038645  (     342   10004)
          17   30.715014  102.546642  (     439   10125)
          18   30.730443  110.466708  (       1   10009)
          19   30.731476   97.031466  (       1   12923)
          20   30.766918  110.570271  (       1   10005)
          21   30.772007  106.242590  (     342   10012)
          22   30.776166  112.431884  (       1   10037)
          23   30.779870  106.150814  (     342   10007)
          24   30.781674  110.505943  (       1   10004)
          25   30.782258  103.887030  (     111   10435)
          26   30.784352  114.406667  (       1   10023)
          27   30.787042   96.657774  (       1   18382)
          28   30.794933  105.939347  (     439   10009)
          29   30.799714  114.412505  (       1   10030)
          30   30.808811   98.887428  (      62   16141)
          31   30.810805  106.629951  (       1   10021)
          32   30.813923  104.225447  (       1   18116)
          33   30.816788  115.282120  (       1   10074)
          34   30.817049  108.853186  (       2   10029)
          35   30.824246  113.913915  (       1   10070)
          36   30.825565  110.569733  (       1   10007)
          37   30.831296   97.374708  (     342   11726)
          38   30.838300  110.652738  (       1   10011)
          39   30.842614  114.355874  (       1   10006)
          40   30.848778  107.269699  (     342   12976)
          41   30.850519  110.882487  (       1   10040)
          42   30.851494  106.261375  (     342   10019)
          43   30.854062  106.232043  (      47   16141)
          44   30.855882  117.010050  (       1   10152)
          45   30.857624  112.385676  (       1   10050)
          46   30.863411   98.489464  (     115   12257)
          47   30.865978  110.645599  (       1   10012)
          48   30.866030  106.968944  (    3815   11300)
          49   30.871162  110.880335  (       1   10015)
          50   30.871386  110.880295  (       1   10016)
          51   30.871610  110.880254  (       1   10017)
          52   30.871773  110.631255  (       1   10019)
          53   30.872583  109.466672  (       1   10013)
          54   30.872640  112.896691  (       1   10041)
          55   30.878399  110.881652  (       1   10014)
          56   30.879497  114.581268  (       1   10008)
          57   30.881593  119.096313  (       1   10045)
          58   30.887087  113.301760  (       1   10010)
          59   30.887810  103.969719  (     342   10036)
          60   30.888209  103.934568  (     342   10025)
          61   30.890623   98.812517  (       1   10024)
          62   30.895404  112.994581  (       1   10044)
          63   30.895466  118.709565  (       1   10671)
          64   30.902881  106.639890  (       1   10042)
          65   30.904043  110.502219  (       1   10034)
          66   30.904773  122.732912  (       1   18678)
          67   30.905195  112.399624  (      26   18937)
          68   30.909174   97.918910  (       1   10018)
          69   30.912800   98.361345  (      62   18239)
          70   30.915182  110.528038  (       1   10031)
          71   30.915408  110.937923  (       1   10026)
          72   30.915623  110.937887  (       1   10027)
          73   30.915840  110.937850  (       1   10028)
          74   30.918742  110.647327  (       1   10062)
          75   30.920730  110.691168  (       1   10033)
          76   30.930213  101.209451  (       1   10116)
          77   30.930737  101.316820  (       1   10020)
          78   30.931598  109.130458  (       1   10025)
          79   30.932827  107.260529  (       1   10123)
          80   30.936231  113.320975  (       1   10061)
          81   30.936712  118.934907  (       1   10837)
          82   30.937412  108.755069  (       1   10022)
          83   30.939003  110.393536  (       1   10056)
          84   30.942024  111.719813  (       1   10094)
          85   30.942573   99.917432  (      62   10029)
          86   30.948684  119.140370  (       1   10029)
          87   30.949420  111.837563  (       1   10087)
          88   30.949629  103.314313  (     439   10205)
          89   30.949683  111.837440  (       1   10088)
          90   30.949948  111.837317  (       1   10089)
          91   30.950374  116.648933  (       1   10100)
          92   30.954396  110.992342  (       1   10038)
          93   30.955493   95.947024  (       1   12976)
          94   30.957275  112.267134  (       1   10129)
          95   30.965022  108.245413  (       1   10032)
          96   30.966776  116.126420  (     342   10047)
          97   30.970190   95.104921  (       1   10072)
          98   30.971917  112.445457  (       1   10082)
          99   30.972794   98.755485  (     115   18835)
         100   30.976262  109.177274  (       1   10036)
