Model_ID, [(c_i,i=0,n)_j,j=1,ntask]
           1    0.5573223173E+01   -0.3505008386E+02    0.8040747040E+02
           2    0.6447827202E+01   -0.3515496919E+02    0.5641559620E+02
           3    0.5353825117E+01   -0.3548976337E+02    0.8016561184E+02
           4    0.5614261507E+01   -0.3460795866E+02    0.8106990115E+02
           5    0.5145988000E+01   -0.3598874146E+02    0.7941276505E+02
           6    0.6310050509E+01   -0.3689522960E+02    0.4840736539E+02
           7    0.6228095964E+01   -0.3556056767E+02    0.5584220856E+02
           8    0.6727531962E+01   -0.3446137126E+02    0.5710953092E+02
           9    0.5397997746E+01   -0.3504160520E+02    0.8080160232E+02
          10    0.1818660579E+02   -0.9381975286E+01   -0.1438767024E+03
          11    0.5567870548E+01   -0.3677072800E+02    0.6832310183E+02
          12    0.6005286172E+01   -0.3407787999E+02    0.7756912461E+02
          13    0.5850139624E+01   -0.3432342981E+02    0.8084886727E+02
          14    0.6342437780E+01   -0.1791603548E+02    0.5275244152E+02
          15    0.5527248516E+01   -0.1786119529E+02    0.7505770088E+02
          16    0.6880646297E+01   -0.3405703475E+02    0.5676748231E+02
          17    0.5193226806E+01   -0.3553544798E+02    0.7999668009E+02
          18    0.6851614337E+01   -0.3414639011E+02    0.5400851373E+02
          19    0.6039278998E+01   -0.3366465895E+02    0.7824496979E+02
          20    0.5887558023E+01   -0.3388839305E+02    0.8158685672E+02
          21    0.5568269504E+01   -0.1764778616E+02    0.7548753140E+02
          22    0.5606010123E+01   -0.3637184023E+02    0.6836037171E+02
          23    0.6016256742E+01   -0.3600163452E+02    0.5461012730E+02
          24    0.5913568044E+01   -0.7991561496E+01    0.6892095240E+02
          25    0.5678539277E+01   -0.3304238346E+02    0.5209308976E+02
          26    0.5639670638E+01   -0.3503458918E+02    0.4505517063E+02
          27    0.5469687433E+01   -0.3346624010E+02    0.5202851281E+02
          28    0.6009391741E+01   -0.3378318062E+02    0.7813105138E+02
          29    0.6027395367E+01   -0.3384648050E+02    0.7908565939E+02
          30    0.5645937311E+01   -0.3604505710E+02    0.6848105646E+02
          31    0.6389606671E+01   -0.3614434705E+02    0.4806888317E+02
          32    0.5699435993E+01   -0.1796617608E+02    0.6811951945E+02
          33    0.2897535433E+01   -0.3877482364E+02    0.2887638944E+02
          34    0.6439247364E+01   -0.1801400778E+02    0.4775934086E+02
          35    0.6499492102E+01   -0.3428481073E+02    0.5461039051E+02
          36    0.5620558904E+01   -0.1691619734E+02    0.4899662723E+02
          37    0.6043473306E+01   -0.3336980601E+02    0.7888246991E+02
          38   -0.9573998778E+00   -0.2911455465E+02    0.5559470891E+02
          39    0.5278260873E+01   -0.3394004472E+02    0.5134739324E+02
          40    0.5271772856E+01   -0.1843066762E+02    0.6889657959E+02
          41    0.6062015324E+01   -0.3342562919E+02    0.7983710882E+02
          42    0.6477781037E+01   -0.1793693629E+02    0.4929304214E+02
          43    0.6174349887E+01   -0.1000801810E+02    0.6175929766E+02
          44    0.6214498282E+01   -0.3637638250E+02    0.4789239700E+02
          45    0.6223010480E+01   -0.3636735270E+02    0.4803954886E+02
          46    0.6082046554E+01   -0.3198587452E+02    0.5251856814E+02
          47    0.5942450990E+01   -0.3233252520E+02    0.5243047089E+02
          48    0.1704120202E+02   -0.9325368537E+01    0.4273239619E+02
          49    0.6265125689E+01    0.3631292126E+02    0.4872754011E+02
          50    0.6141699095E+01   -0.3641268896E+02    0.4646586286E+02
          51    0.1356913790E+01   -0.7783590107E+01    0.4504449556E+02
          52    0.6290467385E+01   -0.3627371038E+02    0.4911499874E+02
          53    0.5409484072E+01   -0.1822438763E+02    0.6950318105E+02
          54    0.6162507378E+01    0.1828631561E+02    0.5075243456E+02
          55    0.6018937693E+01   -0.1847061011E+02    0.4795657244E+02
          56    0.9119136117E+01   -0.2466090140E+02    0.2154450650E+02
          57    0.5682965152E+01   -0.3565246016E+02    0.6865709110E+02
          58    0.5551989997E+01   -0.3612398863E+02    0.7048681718E+02
          59    0.6774653509E+01   -0.3359571344E+02    0.5540171773E+02
          60    0.5533492888E+01   -0.3616282629E+02    0.6974703370E+02
          61    0.6163579114E+01   -0.1827406881E+02    0.4873864126E+02
          62    0.6317160738E+01   -0.3622816780E+02    0.4950570987E+02
          63    0.5735559927E+01   -0.1777186965E+02    0.6829344555E+02
          64    0.5516190781E+01    0.3619585401E+02    0.6901144175E+02
          65    0.5437375024E+01   -0.3287271210E+02    0.4313172996E+02
          66    0.6284332482E+01   -0.3468788106E+02    0.5401033282E+02
          67    0.1361196166E+01   -0.7819191375E+01    0.4427960842E+02
          68    0.1767062835E+01   -0.7466577857E+01    0.3756805834E+02
          69    0.3610381527E+01   -0.3822133271E+02    0.4319581011E+02
          70    0.5228360152E+01   -0.3329775331E+02    0.4312165344E+02
          71    0.5586962739E+01   -0.3502148738E+02    0.3754875908E+02
          72    0.6091186782E+01   -0.3217377115E+02    0.4994675963E+02
          73    0.6337748642E+01   -0.3615435675E+02    0.4596413890E+02
          74    0.6433803075E+01   -0.1795959037E+02    0.4953977434E+02
          75    0.5565974587E+01   -0.3878638123E+02    0.5956399651E+02
          76    0.7468934934E+01   -0.3253147827E+02   -0.4396702424E+02
          77    0.5488128576E+01   -0.3624047359E+02    0.6770019189E+02
          78    0.6235739006E+01   -0.3748704467E+02    0.4771007029E+02
          79    0.5431694275E+01   -0.3491461592E+02    0.3691891081E+02
          80    0.3857696761E+01   -0.3769413217E+02    0.4310528371E+02
          81    0.5482584380E+01   -0.3624760206E+02    0.6741884737E+02
          82    0.1725571222E+01   -0.7618863384E+01    0.3603138767E+02
          83    0.3613615149E+01   -0.3802352426E+02    0.4366351170E+02
          84    0.5302812984E+01   -0.3664849974E+02    0.6934261537E+02
          85    0.1786161687E+02   -0.9134137814E+01    0.5682485447E+02
          86    0.6865164422E+01   -0.3379468683E+02    0.5365780352E+02
          87    0.6583115406E+01   -0.3533295668E+02    0.4911530099E+02
          88    0.2018414086E+01   -0.4464008580E+02    0.3246943973E+02
          89    0.3859233083E+01   -0.3750005808E+02    0.4357960371E+02
          90    0.5313953725E+01   -0.1822709996E+02    0.6903094968E+02
          91    0.3915173190E+01   -0.3725792440E+02    0.3509041110E+02
          92    0.5728139061E+01   -0.1786309695E+02    0.6903218920E+02
          93    0.4219608622E+01    0.3563673483E+02    0.8956447735E+02
          94   -0.1431273237E+01   -0.2917869632E+02    0.4755645855E+02
          95    0.6923254567E+01   -0.3321017883E+02    0.5511488017E+02
          96    0.6153706222E+01   -0.1303719922E+02    0.6131258305E+02
          97    0.5993343391E+01   -0.3192597071E+02    0.4408222080E+02
          98    0.1661336865E+02   -0.8893771952E+01    0.7679650313E+02
          99    0.1699493217E+02   -0.9804691673E+01    0.7630292436E+02
         100    0.6645649653E+01   -0.3525432141E+02    0.5015133358E+02
