Model_ID, [(c_i,i=0,n)_j,j=1,ntask]
           1    0.4349664177E+02    0.3158507596E+02    0.2804474374E+03
           2    0.4396364804E+02    0.3252771755E+02    0.2692417271E+03
           3    0.4972553022E+02   -0.5326227230E+02    0.1132652929E+03
           4    0.4312264674E+02    0.3200131538E+02    0.5505869574E+03
           5    0.3719981431E+02   -0.3671214033E+02    0.1257117676E+03
           6    0.4321696103E+02    0.3118868558E+02    0.2271832002E+03
           7    0.4978788778E+02   -0.5215272364E+02    0.1033518894E+03
           8    0.5032362264E+02   -0.5732585567E+02    0.1114964011E+03
           9    0.5439952635E+02    0.2423970397E+02    0.2738162061E+03
          10    0.4995372588E+02   -0.5841680116E+02    0.1127859267E+03
          11    0.4996298331E+02   -0.5854014622E+02    0.1125232657E+03
          12    0.5016088638E+02   -0.5740518621E+02    0.1123791459E+03
          13    0.6597213810E+02    0.2691137033E+02    0.1371515289E+03
          14    0.7114481834E+02    0.3115357519E+02    0.2577646406E+03
          15    0.5028539063E+02   -0.5757325063E+02    0.1120904950E+03
          16    0.5031113755E+02   -0.5748030157E+02    0.1118197253E+03
          17    0.5027498458E+02   -0.5761302840E+02    0.1121863958E+03
          18    0.5030776347E+02   -0.5749135613E+02    0.1118556146E+03
          19    0.5030398465E+02   -0.5750378104E+02    0.1118948311E+03
          20    0.5030025115E+02   -0.5751610462E+02    0.1119325246E+03
          21    0.5029699243E+02   -0.5752690127E+02    0.1119645373E+03
          22    0.5032381825E+02   -0.5743157288E+02    0.1116575026E+03
          23    0.7356669149E+02   -0.8212830421E+02    0.1416678828E+03
          24    0.5014751454E+02   -0.5744133906E+02    0.1123122541E+03
          25    0.5033612483E+02   -0.5738759615E+02    0.1114977237E+03
          26    0.4725226531E+02   -0.3911879353E+02    0.2693858002E+03
          27    0.5736966718E+02    0.1704030553E+02    0.2708753582E+03
          28    0.4364187505E+02   -0.3012290090E+02    0.2314114190E+03
          29    0.5019654780E+02   -0.5751482437E+02    0.1121233460E+03
          30    0.4653815797E+02   -0.4214680980E+02    0.7789357954E+03
          31    0.4393224991E+02    0.3241853736E+02    0.1161944194E+03
          32    0.4803796886E+02   -0.5261624126E+02    0.1248436749E+03
          33    0.5048449914E+02   -0.5750478278E+02    0.1106300826E+03
          34    0.4852565711E+02   -0.5272306237E+02    0.1256492891E+03
          35    0.5017894259E+02    0.3703378843E+02    0.2672390917E+03
          36    0.5046297843E+02   -0.5756008316E+02    0.1108395605E+03
          37    0.4822939816E+02   -0.5265897448E+02    0.1270746660E+03
          38    0.4603569647E+02   -0.4149272275E+02    0.7625883494E+03
          39    0.4773866851E+02   -0.5254149784E+02    0.1261837301E+03
          40    0.5047699141E+02   -0.5733682062E+02    0.1094684297E+03
          41    0.4397915700E+02    0.3230040227E+02    0.1182592178E+03
          42    0.4639872340E+02   -0.5229416183E+02    0.7738908598E+03
          43    0.5085969115E+02    0.2168524580E+02    0.2689340369E+03
          44    0.5046772690E+02   -0.5144529206E+02    0.7673508077E+02
          45    0.4682122976E+02   -0.4223213419E+02    0.7644495453E+03
          46    0.5091831875E+02   -0.5745124227E+02    0.1020303099E+03
          47    0.4917988238E+02   -0.5229821218E+02    0.1164124604E+03
          48    0.4375699882E+02    0.3371255801E+02    0.2079535112E+03
          49    0.4874739516E+02   -0.5398567906E+02    0.6474226289E+02
          50    0.7084875644E+02    0.3071498594E+02    0.2604142524E+03
          51    0.4447015858E+02    0.3264833765E+02    0.1435910394E+03
          52    0.5069706580E+02   -0.5835561115E+02    0.1355697339E+03
          53    0.5033342158E+02   -0.5756824197E+02    0.1107074969E+03
          54    0.4662115666E+02   -0.5287791407E+02    0.7661510122E+03
          55    0.4441962561E+02    0.3276210482E+02    0.1404622499E+03
          56    0.5013096502E+02   -0.5753799300E+02    0.1112932957E+03
          57    0.4769903270E+02    0.3250274516E+02    0.2623086065E+03
          58    0.5064021642E+02   -0.5708127846E+02    0.1069764838E+03
          59    0.5561280827E+02    0.4710590479E+02    0.2534675059E+03
          60    0.4726699841E+02   -0.4204745065E+02    0.7549326122E+03
          61    0.4695488385E+02   -0.5287459150E+02    0.7543911616E+03
          62    0.4720576492E+02   -0.5274200780E+02    0.7533516724E+03
          63    0.4752457139E+02   -0.5276331939E+02    0.7428508472E+03
          64    0.5119360424E+02   -0.3817007835E+02    0.2350423625E+03
          65    0.4759703618E+02   -0.5260310731E+02    0.7377386246E+03
          66    0.4728097734E+02   -0.5257609063E+02    0.7479802689E+03
          67    0.4716853770E+02   -0.4218101847E+02    0.7604478294E+03
          68    0.4717313082E+02   -0.4218345105E+02    0.7601148772E+03
          69    0.4714599047E+02   -0.4231185361E+02    0.7628608184E+03
          70    0.4360292275E+02    0.3194194943E+02    0.2139184524E+03
          71    0.4857374097E+02   -0.5323543886E+02    0.1179332477E+03
          72    0.5010539376E+02   -0.5720961013E+02    0.5639370081E+02
          73    0.4612705353E+02   -0.5206292262E+02    0.7499822628E+03
          74    0.4714379864E+02   -0.4221763139E+02    0.7614998775E+03
          75    0.4710212924E+02   -0.4227732375E+02    0.7633966265E+03
          76    0.4903809036E+02   -0.5332412939E+02    0.1185664955E+03
          77    0.4713049922E+02   -0.4224147185E+02    0.7619221024E+03
          78    0.4826673843E+02    0.3436713660E+02    0.2686646684E+03
          79    0.4689250274E+02   -0.5301589466E+02    0.7532657561E+03
          80    0.4592838542E+02   -0.5139968377E+02    0.7535900149E+03
          81    0.4712220143E+02   -0.4225328022E+02    0.7622070486E+03
          82    0.4711838954E+02   -0.4228015086E+02    0.7625725965E+03
          83    0.5008822970E+02   -0.5701576507E+02    0.1070616736E+03
          84    0.3244197256E+02    0.3715968585E+02   -0.2062371864E+03
          85    0.4714123245E+02   -0.5279267094E+02    0.7533043894E+03
          86    0.4710948807E+02   -0.4227178821E+02    0.7625896907E+03
          87    0.4678556959E+02   -0.4212075551E+02    0.7497592649E+03
          88    0.4722117604E+02   -0.5301966145E+02    0.7420377714E+03
          89    0.4746238186E+02   -0.5281020056E+02    0.7426065803E+03
          90    0.4710072202E+02   -0.4226332829E+02    0.7625896913E+03
          91    0.4709749094E+02   -0.4228979179E+02    0.7628809769E+03
          92    0.4827684073E+02   -0.5201716203E+02    0.1143095340E+03
          93    0.4646809299E+02   -0.5205699761E+02    0.7379010312E+03
          94    0.4702249821E+02   -0.5202070316E+02    0.7545521924E+03
          95    0.3763824000E+02   -0.3500639833E+02    0.1149954254E+03
          96    0.4696424970E+02   -0.5408488176E+02    0.8154250382E+02
          97    0.4711735332E+02   -0.4226589073E+02    0.7617186583E+03
          98    0.4756180955E+02    0.3276445152E+02    0.2621133114E+03
          99    0.4709036673E+02   -0.4230077366E+02    0.7630162331E+03
         100    0.4876673866E+02   -0.5281916261E+02    0.1091604954E+03
