Model_ID, [(c_i,i=0,n)_j,j=1,ntask]
           1    0.2645564950E+03    0.2699872433E+03   -0.7422476651E+02
           2    0.2657167910E+03    0.2710617941E+03   -0.7288287296E+02
           3    0.2646553981E+03    0.2695926773E+03   -0.7402489997E+02
           4    0.2652732733E+03    0.2725329401E+03   -0.5599948928E+02
           5    0.2662789680E+03    0.2734578121E+03   -0.5513076905E+02
           6    0.3114804260E+03    0.3034538105E+03   -0.8243470512E+02
           7    0.3118553996E+03    0.3054834439E+03   -0.8431148158E+02
           8    0.2678280246E+03    0.2735704644E+03   -0.7024204443E+02
           9    0.3012784753E+03    0.2888789641E+03   -0.7670740944E+02
          10    0.2806125086E+03    0.2770142360E+03   -0.7116603865E+02
          11    0.3097165691E+03    0.3028988005E+03   -0.9687931770E+02
          12    0.3100208407E+03    0.2993438803E+03   -0.8886249912E+02
          13    0.2685559570E+03    0.2755465753E+03   -0.5113169045E+02
          14    0.3099979164E+03    0.3009497466E+03   -0.9097774730E+02
          15    0.3110597565E+03    0.3075076972E+03   -0.9456110317E+02
          16    0.3097666466E+03    0.3026409289E+03   -0.8984539735E+02
          17    0.2983346910E+03    0.3025422955E+03   -0.7480661832E+02
          18    0.2646245386E+03    0.2719589486E+03   -0.5414100565E+02
          19    0.3215189250E+03    0.3054477546E+03   -0.9517241267E+02
          20    0.3098722416E+03    0.2991951224E+03   -0.8896625947E+02
          21    0.3094961559E+03    0.3025520264E+03   -0.9299007508E+02
          22    0.3108682827E+03    0.3073001794E+03   -0.9517745566E+02
          23    0.3210328287E+03    0.3039356020E+03   -0.9927828336E+02
          24    0.2974452938E+03    0.3014917079E+03   -0.7605666852E+02
          25    0.2969190807E+03    0.3011695209E+03   -0.7606443869E+02
          26    0.2852505665E+03    0.2879392125E+03   -0.1535243663E+03
          27    0.3098432999E+03    0.3007936420E+03   -0.9111574498E+02
          28    0.3130669003E+03    0.3137075071E+03   -0.8709742724E+02
          29    0.2959323567E+03    0.3000275158E+03   -0.7756629219E+02
          30    0.2935760561E+03    0.2933928069E+03   -0.1251656035E+03
          31    0.3094900393E+03    0.3025548843E+03   -0.9079080929E+02
          32    0.3109709494E+03    0.2998603322E+03   -0.8780389732E+02
          33    0.3093328000E+03    0.3023859005E+03   -0.9318616888E+02
          34    0.2756408655E+03    0.2802624477E+03   -0.9338199010E+02
          35    0.3094616809E+03    0.3025101384E+03   -0.9077290775E+02
          36    0.2777559974E+03    0.2062209810E+03   -0.6734032866E+02
          37    0.3094384691E+03    0.3027083290E+03   -0.9070137485E+02
          38    0.3094290387E+03    0.3024685348E+03   -0.9070086672E+02
          39    0.3094207427E+03    0.3022310522E+03   -0.9068758660E+02
          40    0.3102177182E+03    0.3074068364E+03   -0.1016322893E+03
          41    0.3116303327E+03    0.3055866233E+03   -0.9029606953E+02
          42    0.3093973158E+03    0.3024287367E+03   -0.9061920740E+02
          43    0.2967381066E+03    0.2970314629E+03   -0.1152633043E+03
          44    0.2953248265E+03    0.2954853925E+03   -0.1202442384E+03
          45    0.3093717217E+03    0.3023894950E+03   -0.9057127690E+02
          46    0.2906848922E+03    0.2871997277E+03   -0.1353226966E+03
          47    0.3084555367E+03    0.2999393571E+03   -0.9434205920E+02
          48    0.3116602740E+03    0.3000740317E+03   -0.1062722782E+03
          49    0.3099917755E+03    0.3071613099E+03   -0.1025385009E+03
          50    0.3106795992E+03    0.2981129186E+03   -0.8413296006E+02
          51    0.3140211527E+03    0.3066585801E+03   -0.6773730982E+02
          52    0.3098719864E+03    0.3037247632E+03   -0.8869158832E+02
          53    0.3093039199E+03    0.3023514064E+03   -0.9094013134E+02
          54    0.3104118094E+03    0.3049675681E+03   -0.8633255806E+02
          55    0.3092806692E+03    0.3025498505E+03   -0.9086967247E+02
          56    0.3092712588E+03    0.3023096850E+03   -0.9086875760E+02
          57    0.3092630208E+03    0.3020718872E+03   -0.9085487302E+02
          58    0.2937775814E+03    0.2818070879E+03   -0.1069470846E+03
          59    0.2998085905E+03    0.2896383627E+03   -0.1114935894E+03
          60    0.2994169224E+03    0.2992986259E+03   -0.7268201892E+02
          61    0.2856756619E+03    0.2885334997E+03   -0.7535288183E+02
          62    0.3111956861E+03    0.3096184750E+03   -0.9493385783E+02
          63    0.3084527296E+03    0.3001997040E+03    0.9401627699E+02
          64    0.2990899380E+03    0.2988342745E+03   -0.1112466618E+03
          65    0.3092395452E+03    0.3022698089E+03   -0.9078761521E+02
          66    0.3078987064E+03    0.2984603515E+03   -0.9601166954E+02
          67    0.3082819052E+03    0.2997535831E+03   -0.9460224494E+02
          68    0.3078853288E+03    0.2984244519E+03   -0.9604709312E+02
          69    0.3127704999E+03    0.3116003453E+03   -0.8300469499E+02
          70    0.2962920481E+03    0.2966727846E+03   -0.7683446706E+02
          71    0.3093230234E+03    0.3028846471E+03   -0.9075747560E+02
          72    0.2978175641E+03    0.2972464482E+03   -0.1142922473E+03
          73    0.2912124463E+03    0.2968290376E+03   -0.1330152009E+03
          74    0.2916714506E+03    0.2955679065E+03   -0.1319193954E+03
          75    0.3365028888E+03   -0.2948277979E+03   -0.2518242917E+03
          76    0.3093978172E+03    0.3024544640E+03   -0.8816502555E+02
          77    0.2985991864E+03    0.2878697846E+03   -0.1142734834E+03
          78    0.3100954036E+03    0.3043960480E+03   -0.8723186312E+02
          79    0.3360227883E+03    0.2906389866E+03   -0.2664280732E+03
          80    0.3110025742E+03    0.3094214326E+03   -0.9558120442E+02
          81    0.2965007040E+03    0.2957643323E+03   -0.1189735980E+03
          82    0.2881892519E+03    0.2889372412E+03   -0.1445251486E+03
          83    0.3102693237E+03    0.3048321754E+03   -0.8641328726E+02
          84    0.2970052827E+03    0.3077347970E+03   -0.7388311910E+02
          85    0.3290689980E+03    0.3100296248E+03   -0.1145261974E+03
          86    0.2861791504E+03    0.2770187083E+03   -0.1854768615E+03
          87    0.2929629467E+03    0.2766193450E+03   -0.1337671572E+03
          88    0.2973581123E+03    0.2860743949E+03   -0.1186962892E+03
          89    0.2634524648E+03    0.2751006622E+03   -0.5537641541E+02
          90    0.2960371046E+03    0.3067453894E+03   -0.7534124910E+02
          91    0.2993870505E+03    0.2997372438E+03   -0.1092733364E+03
          92    0.2918643442E+03    0.2977211305E+03   -0.1305761380E+03
          93    0.3077159552E+03    0.2982577887E+03   -0.9632533560E+02
          94    0.3094075888E+03    0.2992713907E+03   -0.9225241607E+02
          95    0.3077023605E+03    0.2982214762E+03   -0.9636203304E+02
          96    0.3357035032E+03    0.2903315101E+03   -0.2629896474E+03
          97    0.3121467244E+03    0.3081304387E+03   -0.9181465280E+02
          98    0.3076863250E+03    0.2981786181E+03   -0.9640500296E+02
          99    0.2873809823E+03    0.2755015082E+03   -0.1473694854E+03
         100    0.3001419019E+03    0.2907843998E+03   -0.1092070798E+03
