     Index              y_true              y_pred        descriptor_1        descriptor_2
         1    0.3990000000E+03    0.3812383060E+03   -0.3058368100E+00    0.4722522750E-01
         2    0.8950000000E+02    0.7594686013E+02   -0.1706756410E+01   -0.1141534328E+00
         3    0.4240000000E+03    0.3967097818E+03   -0.4022509600E+00    0.1026045128E+00
         4    0.3387000000E+03    0.3980716038E+03   -0.2059980500E+00    0.4975297589E-01
         5    0.2480000000E+03    0.2451660539E+03   -0.1102428960E+01    0.2384401796E-01
         6    0.4680000000E+03    0.4451153255E+03    0.2504304000E+00    0.6796403460E-02
         7    0.2566500000E+03    0.2435502237E+03   -0.1028304560E+01    0.0000000000E+00
         8    0.4097000000E+03    0.4162004051E+03    0.2092509400E+00   -0.3428797467E-01
         9    0.3334000000E+03    0.3933700170E+03   -0.1249844300E+00    0.1834302928E-01
        10    0.2634000000E+03    0.2895507550E+03   -0.7309746500E+00    0.0000000000E+00
        11    0.2466500000E+03    0.2788701147E+03   -0.7635278600E+00   -0.1028617534E-01
        12    0.9070000000E+02    0.9985884526E+02   -0.1957070890E+01    0.0000000000E+00
        13    0.2530000000E+03    0.2995327696E+03   -0.5928790100E+00   -0.2074460479E-01
        14    0.2396000000E+03    0.2575915669E+03   -0.1041212850E+01    0.2922859016E-01
        15    0.9034100000E+02    0.1227775243E+03   -0.1808933280E+01    0.0000000000E+00
        16    0.3260000000E+03    0.3073428048E+03   -0.7478982600E+00    0.3719603787E-01
        17    0.2680300000E+03    0.2700921834E+03   -0.5066187000E+00   -0.9871849469E-01
        18    0.5132000000E+03    0.4559664437E+03    0.1843924000E-01    0.9198131461E-01
        19    0.1743000000E+03    0.1629067318E+03   -0.1549553370E+01    0.0000000000E+00
        20    0.3275000000E+03    0.3465062235E+03   -0.7810854600E+00    0.1179250150E+00
        21    0.3450000000E+03    0.3568556423E+03   -0.8260078300E+00    0.1494517407E+00
        22    0.3891500000E+03    0.4092531298E+03    0.1525246400E+00   -0.3095484000E-01
        23    0.2490000000E+03    0.2279046716E+03   -0.1257816130E+01    0.3619794920E-01
        24    0.3674300000E+03    0.3741607840E+03   -0.6119223400E+00    0.1206276169E+00
        25    0.2401500000E+03    0.2432760418E+03   -0.1163952100E+01    0.3774603353E-01
        26    0.2561000000E+03    0.2413232813E+03   -0.1162603650E+01    0.3380710550E-01
        27    0.3380000000E+03    0.4174601514E+03    0.2676285000E-01    0.1946016000E-01
        28    0.3602000000E+03    0.3539881640E+03   -0.3949731200E+00    0.2269615313E-01
        29    0.4920000000E+03    0.4679445820E+03    0.1325359600E+00    0.8164094400E-01
        30    0.4780000000E+03    0.4699355073E+03    0.1538789800E+00    0.7925158375E-01
        31    0.2516000000E+03    0.2756439733E+03   -0.8753430500E+00    0.1536066210E-01
        32    0.4711500000E+03    0.4566834575E+03    0.1391340000E+00    0.5925822646E-01
        33    0.2720000000E+03    0.2395894335E+03   -0.9379210800E+00   -0.3270173419E-01
        34    0.2561000000E+03    0.2561073278E+03   -0.5164433800E+00   -0.1214346000E+00
        35    0.4460000000E+03    0.4216104498E+03    0.1437928000E+00   -0.5972780000E-02
        36    0.3010000000E+03    0.2985028935E+03   -0.3914985800E+00   -0.7940050000E-01
        37    0.3091000000E+03    0.2602747953E+03   -0.4382650800E+00   -0.1358820619E+00
        38    0.3281500000E+03    0.2816959724E+03   -0.5317389100E+00   -0.7048899178E-01
        39    0.4150000000E+03    0.3832701487E+03   -0.8503570600E+00    0.2044550922E+00
        40    0.3945000000E+03    0.4003580617E+03   -0.1405740000E-01   -0.1976554800E-03
        41    0.2886400000E+03    0.3082753618E+03   -0.4921405800E+00   -0.3321511452E-01
        42    0.2744000000E+03    0.2518626296E+03   -0.9944946400E+00    0.5615948800E-02
