Model_ID, [(c_i,i=0,n)_j,j=1,ntask]
           1    0.1757455094E+02    0.1767851100E+02   -0.6761162591E+02
           2    0.1780438460E+02   -0.1757865606E+02   -0.7047361047E+02
           3    0.1719294420E+02   -0.1701008149E+02   -0.6950404315E+02
           4    0.1800785193E+02   -0.1694564917E+02   -0.6955833624E+02
           5    0.1712249844E+02   -0.1695355630E+02   -0.7006619707E+02
           6    0.1807299290E+02   -0.1697461762E+02   -0.6901254015E+02
           7    0.1673938408E+02   -0.1608829236E+02   -0.6870579861E+02
           8    0.1825017432E+02    0.1722193560E+02   -0.6820528193E+02
           9    0.5593071167E+01   -0.2563792907E+02    0.3940958378E+03
          10    0.5025956460E+01   -0.3082748371E+02   -0.6123591275E+02
          11    0.1614277369E+02   -0.9623017309E+01   -0.9132884821E+02
          12    0.1711744049E+02   -0.1683329878E+02   -0.6984800860E+02
          13    0.1730228903E+02    0.1725311013E+02   -0.6935822642E+02
          14    0.3623752551E+01   -0.3649825889E+02   -0.6198598638E+03
          15    0.1882431403E+02    0.1524708493E+02   -0.1364994797E+03
          16    0.1733659629E+02    0.1725947820E+02   -0.6911336928E+02
          17    0.3039096443E+01   -0.2423137087E+02   -0.1613483482E+03
          18    0.4866809021E+01    0.3102966329E+02   -0.6245363149E+02
          19    0.1256676189E+01   -0.1945918796E+02   -0.1501472812E+03
          20    0.1589328510E+02   -0.9820089690E+01   -0.6592369591E+02
          21    0.1928098774E+02    0.2110003177E+02   -0.9299110048E+02
          22    0.1838525220E+02    0.1718488054E+02   -0.6686468786E+02
          23    0.1866894648E+02    0.1925797560E+02   -0.6885740336E+02
          24    0.1609502919E+02   -0.9760945420E+01   -0.6759032033E+02
          25    0.4877379476E+01    0.4846474054E+02   -0.4384594599E+03
          26    0.3116592411E+01   -0.1067000159E+02   -0.1564880385E+03
          27    0.1744671555E+02   -0.1007927405E+02   -0.8677580535E+02
          28    0.4880054247E+01    0.4858858558E+02    0.4322554715E+03
          29    0.3987630336E+01   -0.1896089511E+02   -0.6280013266E+03
          30    0.1893931883E+02    0.1873818708E+02   -0.8943496873E+02
          31    0.1872912439E+02    0.1368558115E+02   -0.4792013216E+02
          32    0.2651420536E+01    0.3789318728E+02   -0.4471382829E+03
          33    0.1289145050E+02   -0.1194305718E+02   -0.6454695925E+02
          34    0.3512884884E+01   -0.3676585213E+02   -0.7647485564E+03
          35    0.4236555420E+01   -0.1870282400E+02   -0.6257821689E+03
          36    0.1835969279E+02    0.1748878373E+02   -0.6725452540E+02
          37    0.2651567657E+01    0.3798020520E+02    0.4403660571E+03
          38    0.3383448221E+01   -0.2104898357E+02   -0.5683204942E+03
          39    0.5261349520E+01   -0.2480135218E+02   -0.6126640462E+03
          40    0.1781749685E+02    0.1952637268E+02   -0.6379108888E+02
          41    0.1891011151E+02    0.1551587799E+02   -0.1421712405E+03
          42    0.3917660037E+01   -0.9496872336E+01   -0.6285071410E+03
          43    0.3756231662E+01   -0.1181759199E+02   -0.1576512166E+03
          44    0.1594076957E+02   -0.9781740801E+01   -0.5788075153E+02
          45    0.4086470036E+01   -0.1885589963E+02   -0.6249374274E+03
          46    0.1799989455E+02    0.1906514687E+02   -0.8709948234E+02
          47    0.1750933617E+02   -0.1572367098E+02   -0.6799867639E+02
          48    0.2792133052E+02   -0.1011147364E+02   -0.7383729935E+02
          49    0.1850291678E+02   -0.2004265626E+02   -0.9315738034E+02
          50    0.1607526063E+02   -0.1625169853E+02   -0.2372714406E+03
          51    0.5393514446E+01   -0.1768858387E+02   -0.6641884418E+02
          52    0.1751200966E+02   -0.1571924387E+02   -0.6796525253E+02
          53    0.3835059159E+01   -0.9457595393E+01   -0.6045005098E+03
          54    0.1876611219E+02    0.1869150422E+02   -0.8957908176E+02
          55    0.1316475882E+01   -0.7419981989E+01   -0.1563623330E+03
          56    0.3435755241E+01   -0.2366533446E+02    0.1951302006E+03
          57    0.2740576001E+01   -0.8329007123E+01   -0.1489649952E+03
          58    0.3199595480E+01    0.3701932758E+02   -0.4444047731E+03
          59    0.3167931533E+01    0.3704670870E+02   -0.4410966138E+03
          60    0.4157489756E+01   -0.1877937897E+02   -0.6252400365E+03
          61    0.4887890810E+01   -0.3100297181E+02   -0.7043668716E+02
          62    0.3008027191E+01   -0.1141085941E+02   -0.6405222292E+03
          63    0.1637524110E+01   -0.2966397531E+02   -0.1576487268E+03
          64    0.1764641967E+02   -0.1610485157E+02   -0.6800356829E+02
          65    0.2591153601E+02   -0.1474457850E+02   -0.5105789312E+02
          66    0.1764723670E+02   -0.1610475149E+02   -0.6799741370E+02
          67    0.3201061578E+01    0.3710356132E+02    0.4376459263E+03
          68    0.1586693549E+02   -0.1327777044E+02   -0.6741762298E+02
          69    0.4091358291E+01   -0.1885263316E+02   -0.6276231440E+03
          70    0.4156826930E+01   -0.1857576913E+02   -0.5976132851E+03
          71    0.1897250485E+02    0.1486250190E+02   -0.6638534693E+02
          72    0.3168961585E+01    0.3713170220E+02    0.4344291671E+03
          73    0.2849803516E+02   -0.1039577903E+02    0.6653129514E+02
          74    0.1579573908E+02   -0.8749454838E+01   -0.6620164407E+02
          75    0.3144895737E+01    0.3708523821E+02   -0.4413199684E+03
          76    0.1567020396E+02    0.1367942052E+02   -0.6750963761E+02
          77    0.1570417240E+02   -0.1360539148E+02   -0.6706105486E+02
          78    0.1856273063E+02   -0.1838440382E+02   -0.8988340597E+02
          79    0.3274516020E+01   -0.3681406104E+02   -0.4369126435E+03
          80    0.2758836000E+02   -0.2942328662E+02   -0.7382333437E+02
          81    0.2600028192E+02   -0.1468413966E+02   -0.5908885848E+02
          82    0.2605835185E+02   -0.1471650500E+02   -0.5143521777E+02
          83    0.2642615012E+01   -0.1157964154E+02   -0.6451479496E+03
          84    0.2188480921E+02   -0.2222744864E+02   -0.1295735438E+03
          85    0.4233019967E+01   -0.1869241586E+02   -0.6254140128E+03
          86    0.4337883777E+01   -0.1859306194E+02   -0.6221111411E+03
          87    0.3286988323E+01   -0.3678585837E+02   -0.4364974913E+03
          88    0.1563032889E+02    0.1356040371E+02   -0.6770940236E+02
          89    0.1579002494E+02   -0.1367747939E+02   -0.6637620775E+02
          90    0.1805500671E+02   -0.1686094626E+02   -0.6817855889E+02
          91    0.3963315590E+01    0.1897790321E+02   -0.6340444697E+03
          92    0.3145849480E+01    0.3717045345E+02    0.4346503514E+03
          93    0.3275527279E+01   -0.3689866541E+02    0.4303276513E+03
          94    0.2597188018E+02   -0.1476387620E+02   -0.4486574064E+02
          95    0.1752606958E+02    0.1568714821E+02   -0.6777260295E+02
          96    0.3288009646E+01   -0.3687038392E+02    0.4299194949E+03
          97    0.1572587996E+02    0.1360519309E+02   -0.6685830702E+02
          98    0.1561006207E+02    0.1353881656E+02   -0.6787897851E+02
          99    0.1572862061E+02    0.1360459543E+02   -0.6683219090E+02
         100    0.1908977994E+02    0.2153000014E+02   -0.6703889306E+02
