     Index              y_true              y_pred        descriptor_1        descriptor_2
         1    0.1744500000E+03    0.1474640473E+03    0.1377000000E+00    0.0000000000E+00
         2    0.2256100000E+03    0.2166851008E+03   -0.4012000000E+00    0.0000000000E+00
         3    0.2677000000E+03    0.2834272953E+03   -0.7430000000E+00   -0.3448929657E-01
         4    0.2482000000E+03    0.2084001538E+03   -0.3367000000E+00    0.0000000000E+00
         5    0.2287000000E+03    0.2808035709E+03   -0.9085000000E+00    0.1575990000E-02
         6    0.4260000000E+03    0.4186430263E+03   -0.1963100000E+01   -0.2014169248E-02
         7    0.3410000000E+03    0.3423201637E+03   -0.1461300000E+01    0.1590711525E-01
         8    0.7620000000E+02    0.1065659522E+03    0.4561000000E+00    0.0000000000E+00
         9    0.3535000000E+03    0.3583952582E+03   -0.1465400000E+01   -0.7573308600E-02
        10    0.1839000000E+03    0.2013172792E+03   -0.2858000000E+00    0.8227741380E-03
        11    0.4062400000E+03    0.3969184292E+03   -0.1879200000E+01    0.1451851301E-01
        12    0.2234200000E+03    0.2016685253E+03   -0.3089000000E+00    0.4773194580E-02
        13    0.3670000000E+03    0.3724288008E+03   -0.1499400000E+01   -0.2217080052E-01
        14    0.3410000000E+03    0.3405407738E+03   -0.2044700000E+01    0.1317600400E+00
        15    0.3124500000E+03    0.3284892547E+03   -0.1362900000E+01    0.1770652556E-01
        16    0.2800000000E+03    0.3141210106E+03   -0.1072800000E+01   -0.1686787128E-01
        17    0.3116500000E+03    0.3073278373E+03   -0.1098900000E+01   -0.1546411254E-02
        18    0.2050000000E+02    0.3948999353E+02    0.9783000000E+00    0.0000000000E+00
        19    0.1591000000E+03    0.1594419111E+03   -0.1670000000E+00    0.4101627255E-01
        20    0.2606000000E+03    0.2125950277E+03   -0.3014000000E+00   -0.1318223287E-01
        21    0.8981300000E+02    0.7911644557E+02    0.6698000000E+00    0.0000000000E+00
        22    0.1399000000E+03    0.1436362733E+03    0.1675000000E+00    0.0000000000E+00
        23    0.1114000000E+03    0.1257243874E+03    0.2175000000E+00    0.1735073215E-01
        24    0.3410000000E+03    0.3314286674E+03   -0.1781400000E+01    0.9444667740E-01
        25    0.4610000000E+03    0.4109895871E+03   -0.1913900000E+01    0.0000000000E+00
        26    0.2720000000E+03    0.2791825854E+03   -0.1973100000E+01    0.2105311085E+00
        27    0.1875850000E+03    0.2014183704E+03   -0.2610000000E+00   -0.4140501120E-02
        28    0.1516000000E+03    0.1457437332E+03   -0.1114000000E+00    0.5091742650E-01
        29    0.3590000000E+03    0.3568639906E+03   -0.1912000000E+01    0.8136895440E-01
        30    0.1832000000E+03    0.1825146654E+03   -0.2522000000E+00    0.2269984640E-01
        31    0.2443500000E+03    0.2480286507E+03   -0.6158000000E+00   -0.5705991984E-02
        32    0.3474000000E+03    0.3764828623E+03   -0.1706400000E+01    0.1186007722E-01
        33    0.3958500000E+03    0.4126337316E+03   -0.1926700000E+01    0.0000000000E+00
        34    0.1721500000E+03    0.1887026735E+03   -0.1554000000E+00   -0.5421852520E-02
        35    0.3092000000E+03    0.3044272140E+03   -0.9464000000E+00   -0.2674743848E-01
        36    0.3520000000E+03    0.3336397453E+03   -0.1287400000E+01   -0.4716675483E-02
        37    0.2362500000E+03    0.2171810164E+03   -0.4375000000E+00    0.6292435968E-02
        38    0.2138000000E+03    0.2383568790E+03   -0.4916000000E+00   -0.1519207200E-01
        39    0.2195740000E+03    0.1793797491E+03   -0.9480000000E-01   -0.3097848208E-02
        40    0.3540000000E+03    0.3519230128E+03   -0.1179900000E+01   -0.5317951891E-01
        41    0.3137600000E+03    0.3115622565E+03   -0.1132700000E+01   -0.1384599348E-02
        42    0.3200000000E+03    0.3260720913E+03   -0.1252800000E+01    0.0000000000E+00
