Model_ID, [(c_i,i=0,n)_j,j=1,ntask]
           1    0.1671370920E+03   -0.1316446765E+03    0.1483359049E+03
           2    0.1678822299E+03   -0.1310833760E+03    0.1477361379E+03
           3    0.1651792446E+03    0.1334181789E+03   -0.1189207647E+03
           4    0.1575126061E+03   -0.1217409864E+03    0.3057178299E+04
           5    0.1681102588E+03   -0.1307648659E+03    0.1530453702E+03
           6    0.1556072854E+03   -0.1243844539E+03   -0.2464698585E+03
           7    0.2993869077E+03   -0.1333928311E+03    0.4562521816E+03
           8    0.1618082459E+03   -0.1350526132E+03    0.1125749732E+03
           9    0.1618115272E+03   -0.1351631501E+03    0.1175930590E+03
          10    0.1550610764E+03   -0.1259595273E+03   -0.2467461479E+03
          11    0.2158638368E+03   -0.1153192191E+03   -0.7899067841E+02
          12    0.1630294150E+03   -0.1344343859E+03   -0.1184813858E+03
          13    0.1372705999E+03   -0.1128172015E+03   -0.5532817519E+02
          14    0.1316713248E+03   -0.1131447073E+03   -0.1203016026E+03
          15    0.1660483186E+03   -0.1273498274E+03    0.1877918775E+03
          16    0.1557255254E+03   -0.1233060875E+03    0.2557529251E+03
          17    0.1577171571E+03   -0.1240486426E+03   -0.2440977585E+04
          18    0.2415797492E+03   -0.1327992313E+03   -0.8039913886E+02
          19    0.1554676614E+03   -0.1218084401E+03    0.2755180429E+03
          20    0.1572575963E+03   -0.1203679905E+03    0.3289546916E+04
          21    0.1562281432E+03   -0.1267339963E+03   -0.2112685421E+03
          22    0.1652649827E+03    0.1151043783E+03    0.1467308906E+03
          23    0.1413370285E+03   -0.1077767217E+03   -0.5990708993E+02
          24    0.2004174010E+03   -0.1177808104E+03   -0.5931270599E+02
          25    0.1567918983E+03   -0.1274118198E+03    0.3278493239E+04
          26    0.1627147068E+03   -0.1331831786E+03   -0.1639954304E+03
          27    0.1561998238E+03   -0.1269042292E+03    0.3669300510E+04
          28    0.1548283882E+03   -0.1254886762E+03   -0.2555813955E+03
          29    0.1556759700E+03   -0.1255480046E+03   -0.2434604701E+03
          30    0.1560209469E+03   -0.1252959669E+03   -0.2430480985E+03
          31    0.1549323814E+03   -0.1246468375E+03   -0.2589303767E+03
          32    0.1654578351E+03   -0.1274951086E+03   -0.2050078191E+03
          33    0.1569290330E+03   -0.1284218475E+03   -0.2861061583E+04
          34    0.1554277299E+03   -0.1227308735E+03    0.2685543946E+03
          35    0.1544549073E+03   -0.1260551833E+03   -0.2377969464E+03
          36    0.1636678464E+03   -0.1287337058E+03   -0.1857340770E+03
          37    0.1432582742E+03   -0.1158914331E+03   -0.9943098362E+02
          38    0.1558493304E+03   -0.1254352094E+03   -0.2424403497E+03
          39    0.1558282918E+03   -0.1254466586E+03   -0.2423678225E+03
          40    0.1995606482E+03   -0.1169311200E+03   -0.5809187992E+02
          41    0.1661546589E+03   -0.1261980959E+03   -0.2268653623E+03
          42    0.1558076871E+03   -0.1254578495E+03   -0.2422789143E+03
          43    0.1635879793E+03   -0.1286089048E+03   -0.1867096237E+03
          44    0.1560497864E+03   -0.1255937774E+03   -0.2419247563E+03
          45    0.2472222188E+03   -0.1112752790E+03    0.8740346199E+02
          46    0.1644531769E+03   -0.1278804051E+03   -0.1843731079E+03
          47    0.1652914314E+03   -0.1275623409E+03   -0.2046190701E+03
          48    0.1568799390E+03   -0.1250321443E+03   -0.2405985443E+03
          49    0.1566998125E+03   -0.1220554659E+03   -0.2203817390E+03
          50    0.1559823937E+03   -0.1253443483E+03   -0.2411595632E+03
          51    0.1556430990E+03   -0.1255926608E+03   -0.2414496936E+03
          52    0.1652979974E+03   -0.1271694847E+03    0.1230799250E+03
          53    0.1546164159E+03   -0.1228588295E+03    0.2716114171E+03
          54    0.1556923656E+03   -0.1252512063E+03   -0.2395448293E+03
          55    0.1562142515E+03   -0.1262525926E+03    0.3828841603E+04
          56    0.1499796144E+03   -0.1322645882E+03   -0.3446024722E+03
          57    0.1530500045E+03   -0.1199146856E+03    0.3490454540E+03
          58    0.1573207708E+03   -0.1204549858E+03    0.2554052881E+03
          59    0.1637523091E+03   -0.1281366696E+03   -0.1232623080E+03
          60    0.1596463490E+03   -0.1301669816E+03    0.2388992003E+03
          61    0.1477298531E+03    0.1126926492E+03   -0.1427958662E+03
          62    0.1569335861E+03   -0.1262790787E+03   -0.2729474976E+03
          63    0.1369414512E+03   -0.1134338936E+03   -0.5478298101E+02
          64    0.1584704394E+03   -0.1251348633E+03   -0.1991180210E+04
          65    0.1482544203E+03   -0.1353309779E+03   -0.3619461117E+03
          66    0.1650231702E+03   -0.1277962337E+03   -0.1860644645E+03
          67    0.1485713996E+03    0.1132886832E+03   -0.1397282330E+03
          68    0.1504523018E+03   -0.1321771861E+03   -0.3308238243E+03
          69    0.1485970110E+03    0.1133107653E+03   -0.1396265646E+03
          70    0.1676942430E+03   -0.1279174537E+03   -0.2990758723E+03
          71    0.1630143208E+03   -0.1301270514E+03    0.2042745067E+03
          72    0.1634679736E+03   -0.1325638537E+03    0.1625273048E+03
          73    0.1558276659E+03   -0.1248080619E+03   -0.2515363438E+03
          74    0.1634660020E+03   -0.1325585376E+03    0.1623290606E+03
          75    0.1559396511E+03   -0.1239721222E+03   -0.2549145846E+03
          76    0.1482151595E+03    0.1112827439E+03   -0.1471754537E+03
          77    0.2073755983E+03   -0.1145606531E+03   -0.6788531738E+02
          78    0.1649391093E+03   -0.1273950566E+03   -0.1866274839E+03
          79    0.1493783235E+03   -0.1210387151E+03    0.3265334676E+03
          80    0.1599990005E+03   -0.1227260343E+03    0.2354908556E+03
          81    0.1482458504E+03    0.1113085662E+03   -0.1470494041E+03
          82    0.1642622661E+03   -0.1275405535E+03   -0.1220014920E+03
          83    0.1549727495E+03   -0.1257472524E+03   -0.2370476166E+03
          84    0.1531760717E+03   -0.1219727652E+03    0.1474019792E+03
          85    0.2523228609E+03   -0.1106712461E+03   -0.7243182342E+02
          86    0.1636854380E+03   -0.1279982610E+03   -0.1226385354E+03
          87    0.1542228842E+03   -0.1255989632E+03   -0.2455885547E+03
          88    0.1566091724E+03   -0.1207086637E+03   -0.2321159615E+03
          89    0.1631296598E+03   -0.1297991533E+03    0.2088718622E+03
          90    0.1649858373E+03   -0.1280889028E+03   -0.1854799445E+03
          91    0.1402335711E+03   -0.1160245558E+03    0.1076012996E+03
          92    0.1536875056E+03   -0.1215808676E+03    0.3070662224E+03
          93    0.1550785361E+03   -0.1245501062E+03   -0.2129757221E+03
          94    0.1646718355E+03   -0.1280312531E+03   -0.1852977247E+03
          95    0.1402307974E+03   -0.1160032145E+03   -0.1076650987E+03
          96    0.1543135334E+03   -0.1247924758E+03   -0.2487310248E+03
          97    0.1556513027E+03   -0.1249530494E+03    0.2508566812E+03
          98    0.1491509614E+03    0.1119670863E+03   -0.1436039690E+03
          99    0.2715881017E+03    0.1777656086E+03   -0.8785851472E+02
         100    0.1626362534E+03   -0.1281483777E+03   -0.2330859277E+03
