Model_ID, [(c_i,i=0,n)_j,j=1,ntask]
           1    0.2840420245E+02   -0.2907273904E+02    0.1748197103E+03
           2    0.3006585027E+02   -0.2908477420E+02   -0.1561795839E+03
           3    0.2932090408E+02   -0.2928863606E+02   -0.1684423556E+03
           4    0.3022616156E+02   -0.2917327745E+02   -0.1586131638E+03
           5    0.2932432451E+02   -0.2902889209E+02   -0.1653155901E+03
           6    0.2950421312E+02   -0.2910529095E+02   -0.1767494876E+03
           7    0.2950541375E+02   -0.2883731142E+02    0.1729670931E+03
           8    0.2930151382E+02   -0.2886260732E+02   -0.1789149971E+03
           9    0.2949014810E+02   -0.2863952202E+02   -0.1900719645E+03
          10    0.3026139749E+02   -0.2944654737E+02   -0.1502807766E+03
          11    0.3037895001E+02   -0.2905598953E+02   -0.1703873840E+03
          12    0.4567776711E+02    0.3578422778E+02   -0.2561167346E+04
          13    0.3087553731E+02   -0.2884542628E+02   -0.1821164607E+03
          14    0.3064747540E+02   -0.2845919306E+02   -0.1700904210E+03
          15    0.4501719386E+02   -0.3527801298E+02    0.2554285494E+04
          16    0.4576628623E+02   -0.3708194948E+02    0.2479638236E+04
          17    0.2966665455E+02   -0.2978010112E+02    0.1419037855E+03
          18    0.3231853777E+02   -0.2892650019E+02    0.4538072522E+03
          19    0.3044758102E+02   -0.2888399309E+02   -0.1862478695E+03
          20    0.4577716449E+02    0.3624466061E+02    0.2419926759E+04
          21    0.4597937331E+02    0.3729280972E+02   -0.2446184095E+04
          22    0.2991725436E+02   -0.2822727083E+02   -0.1476104865E+03
          23    0.2974130078E+02   -0.2887020872E+02   -0.2316817000E+03
          24    0.3078296911E+02   -0.2807902060E+02    0.1226343019E+03
          25    0.3042589735E+02   -0.2861011646E+02   -0.1811030531E+03
          26    0.4585705657E+02    0.3520880539E+02    0.2543767437E+04
          27    0.3040683925E+02   -0.2887229553E+02   -0.1806518694E+03
          28    0.2963883286E+02   -0.2970785490E+02   -0.2218605792E+03
          29    0.4557323764E+02   -0.3668169066E+02    0.2476140654E+04
          30    0.3087238108E+02   -0.2883694100E+02    0.1754041926E+03
          31    0.3217540808E+02   -0.2805376472E+02   -0.2375310224E+03
          32    0.2954544718E+02   -0.2931106313E+02   -0.2307063161E+03
          33    0.2934841404E+02   -0.2900726977E+02    0.1991366186E+03
          34    0.5561304977E+02    0.4830916317E+02    0.1771675843E+03
          35    0.2955457299E+02   -0.2892507624E+02   -0.2346240467E+03
          36    0.4650016605E+02   -0.4008690199E+02    0.1585922018E+03
          37    0.3004992418E+02   -0.2884360022E+02   -0.1726520744E+03
          38    0.5273580564E+02   -0.4227680238E+02    0.1714998572E+03
          39    0.4595064702E+02   -0.3711941508E+02   -0.2358761978E+04
          40    0.2992585204E+02   -0.2817462877E+02   -0.1621301570E+03
          41    0.2998070767E+02   -0.2941908621E+02   -0.1366514920E+03
          42    0.5703005166E+02    0.4797862020E+02   -0.1208781451E+03
          43    0.3029912091E+02   -0.2856198098E+02    0.1731927600E+03
          44    0.4447226404E+02   -0.3536076173E+02   -0.2731730559E+04
          45    0.4539693453E+02    0.3622962104E+02    0.2483790398E+04
          46    0.5089116299E+02   -0.4597273380E+02    0.9979968248E+02
          47    0.2890987722E+02   -0.2931100133E+02   -0.2361851823E+03
          48    0.3181727824E+02   -0.3002147582E+02    0.1846524909E+03
          49    0.3027731626E+02   -0.2984344263E+02   -0.1360009205E+03
          50    0.4520549805E+02   -0.3529058213E+02   -0.2426070659E+04
          51    0.3004969823E+02   -0.3197188426E+02   -0.1713243637E+03
          52    0.4540013958E+02    0.3610487220E+02    0.2531089537E+04
          53    0.3165368442E+02   -0.2856917094E+02    0.1403999656E+03
          54    0.2922311299E+02   -0.2911477655E+02   -0.2355710785E+03
          55    0.3079836879E+02   -0.2860813391E+02   -0.1966831392E+03
          56    0.2989269132E+02   -0.3273331463E+02   -0.2428055250E+03
          57    0.5590144975E+02    0.4804959577E+02    0.1809788734E+03
          58    0.4542430704E+02    0.3607093849E+02    0.2527813721E+04
          59    0.3214880451E+02   -0.2848204794E+02    0.2289135273E+03
          60    0.2919156560E+02   -0.2925719134E+02   -0.2335571108E+03
          61    0.3219477496E+02   -0.2765648854E+02    0.2337583464E+03
          62    0.4540259191E+02    0.3617485376E+02    0.2523328329E+04
          63    0.4545162063E+02    0.3630094845E+02    0.2473186981E+04
          64    0.3030772441E+02   -0.2866267155E+02    0.1706692380E+03
          65    0.3213274145E+02   -0.2806729481E+02    0.2288533417E+03
          66    0.3118825055E+02   -0.2874429122E+02   -0.1498148395E+03
          67    0.5406068873E+02    0.4566983748E+02   -0.8580950750E+02
          68    0.3032543725E+02   -0.2894006618E+02   -0.1663529393E+03
          69    0.4542122910E+02    0.3610109887E+02    0.2521338264E+04
          70    0.4524160032E+02   -0.3712030313E+02   -0.2636208903E+04
          71    0.5176077777E+02   -0.4762799872E+02    0.1001882942E+03
          72    0.4544207915E+02    0.3628715554E+02    0.2475220624E+04
          73    0.3032205644E+02   -0.3277667920E+02   -0.1594841337E+03
          74    0.5751832932E+02    0.4900447404E+02    0.1170033422E+03
          75    0.4523764434E+02    0.3688243687E+02    0.2457709523E+04
          76    0.5050423313E+02   -0.4987529755E+02    0.1969154057E+03
          77    0.4543250062E+02    0.3627268393E+02    0.2477258973E+04
          78    0.4544062413E+02    0.3602823371E+02   -0.2517858361E+04
          79    0.4604572896E+02    0.3523821481E+02   -0.2419919570E+04
          80    0.5475150658E+02    0.4587571365E+02   -0.1179622964E+03
          81    0.3170850865E+02   -0.2803015937E+02   -0.2357376327E+03
          82    0.3188176545E+02   -0.2783524806E+02    0.2355726232E+03
          83    0.3169871224E+02   -0.2803866871E+02   -0.2356296870E+03
          84    0.3054330449E+02   -0.2829240825E+02   -0.1711853185E+03
          85    0.4678332996E+02   -0.3983233447E+02    0.1610860239E+03
          86    0.4575710135E+02   -0.3671703406E+02   -0.2354861548E+04
          87    0.3208068699E+02   -0.2769574167E+02    0.2342279204E+03
          88    0.5054747521E+02   -0.4895680245E+02    0.1908304865E+03
          89    0.5392300722E+02   -0.4230919750E+02    0.1748850483E+03
          90    0.4541924373E+02    0.3613206353E+02    0.2512889985E+04
          91    0.3212560419E+02   -0.2858980072E+02    0.2249794857E+03
          92    0.5203677502E+02   -0.4797301092E+02    0.9976204200E+02
          93    0.5148623453E+02    0.4712936313E+02    0.1003099579E+03
          94    0.2999710891E+02   -0.2964969021E+02   -0.1292462928E+03
          95    0.3090481701E+02   -0.2969136767E+02    0.1649685468E+03
          96    0.4544282500E+02    0.3609797703E+02   -0.2510396132E+04
          97    0.3031412043E+02   -0.2874392613E+02    0.1682946233E+03
          98    0.3101067786E+02   -0.2909831331E+02    0.1801850273E+03
          99    0.4531052297E+02    0.3641010695E+02    0.2514031920E+04
         100    0.5372637866E+02    0.4220162643E+02    0.1726054017E+03
