     Index              y_true              y_pred        descriptor_1        descriptor_2
         1    0.3450000000E+03    0.3672712256E+03    0.3263303000E+00   -0.1088340000E-01
         2    0.3891500000E+03    0.4068462489E+03    0.3545335200E+00    0.1150844800E+00
         3    0.2516000000E+03    0.2852470639E+03   -0.8924433000E-01    0.5793520000E-02
         4    0.3674300000E+03    0.3502116346E+03    0.2612177000E+00   -0.2399691000E-01
         5    0.9034100000E+02    0.8396091538E+02   -0.1020133940E+01   -0.2244550000E-01
         6    0.4010000000E+03    0.4214451194E+03    0.4559984900E+00    0.9072736000E-01
         7    0.4240000000E+03    0.3794325469E+03    0.3493392600E+00    0.1667120000E-01
         8    0.4780000000E+03    0.4600398893E+03    0.6165453600E+00    0.1100973900E+00
         9    0.2561000000E+03    0.2180607093E+03   -0.3686610800E+00   -0.2797718000E-01
        10    0.8950000000E+02    0.1599756065E+03   -0.7515014400E+00    0.5270714000E-01
        11    0.1743000000E+03    0.1814558645E+03   -0.4114787100E+00   -0.1314778000E+00
        12    0.4150000000E+03    0.3685809552E+03    0.3651562200E+00   -0.3618660000E-01
        13    0.3632000000E+03    0.3948645772E+03    0.4591185000E+00   -0.1103883000E-01
        14    0.3387000000E+03    0.3672617668E+03    0.3257251800E+00   -0.1044810000E-01
        15    0.2886400000E+03    0.2428313044E+03   -0.3295590500E+00    0.3418520000E-01
        16    0.1588000000E+03    0.1275298494E+03   -0.5486876400E+00   -0.2262971200E+00
        17    0.3380000000E+03    0.4042544144E+03    0.5033013800E+00   -0.1031077000E-01
        18    0.9070000000E+02    0.9284873641E+02   -0.9780000000E+00   -0.2200000000E-01
        19    0.2680300000E+03    0.2756368784E+03    0.5115288800E+00   -0.4973925000E+00
        20    0.3091000000E+03    0.3432348318E+03    0.5592187800E+00   -0.2818508400E+00
        21    0.2566500000E+03    0.2508165781E+03   -0.2631672100E+00    0.1239028000E-01
        22    0.2466500000E+03    0.2368200602E+03   -0.3380439000E+00    0.1831872000E-01
        23    0.4711500000E+03    0.4659803690E+03    0.7368421800E+00    0.3873420000E-01
        24    0.2480000000E+03    0.2309796982E+03   -0.3290162600E+00   -0.1053000000E-01
        25    0.4097000000E+03    0.3850214896E+03    0.8159355600E+00   -0.3253508700E+00
        26    0.3334000000E+03    0.3206332739E+03    0.3450287600E+00   -0.1997268000E+00
        27    0.2561000000E+03    0.2893590495E+03    0.2002320000E-02   -0.4980864000E-01
        28    0.2396000000E+03    0.2440941543E+03   -0.2511397800E+00   -0.2208815000E-01
        29    0.2744000000E+03    0.2587376057E+03   -0.2769114300E+00    0.5268354000E-01
        30    0.2530000000E+03    0.2553931249E+03   -0.3007292900E+00    0.5870928000E-01
        31    0.1693000000E+03    0.1775515876E+03   -0.1020760800E+00   -0.3867166800E+00
        32    0.2401500000E+03    0.2467166386E+03   -0.2501601400E+00   -0.1304908000E-01
        33    0.4380000000E+03    0.4084791119E+03    0.5041318700E+00    0.4832260000E-02
        34    0.2990000000E+03    0.2638513812E+03   -0.1929611400E+00    0.6500340000E-02
        35    0.4680000000E+03    0.4880110097E+03    0.5413486400E+00    0.2731204700E+00
        36    0.2490000000E+03    0.2754179815E+03   -0.2127533300E+00    0.6512220000E-01
        37    0.3945000000E+03    0.3765336386E+03    0.2995428700E+00    0.4456778000E-01
        38    0.3275000000E+03    0.3508251699E+03    0.2141510400E+00    0.1490360000E-01
        39    0.3260000000E+03    0.3136427923E+03    0.3062206000E-01    0.1868715000E-01
        40    0.3602000000E+03    0.3548276353E+03    0.2093115800E+00    0.3362606000E-01
        41    0.4920000000E+03    0.4428467542E+03    0.6216702700E+00    0.4185540000E-01
        42    0.2634000000E+03    0.2847617576E+03    0.3014567400E+00   -0.2999000000E+00
