     Index              y_true              y_pred        descriptor_1        descriptor_2
         1    0.1337000000E+02    0.1243495870E+02   -0.2899843728E+00    0.2867080561E-02
         2    0.7350000000E+01    0.8824583532E+01   -0.2202077178E+00    0.4988436069E-02
         3    0.1040000000E+01   -0.1200142105E+01   -0.2048089490E+00    0.2026298419E-01
         4    0.2613000000E+02    0.2211406592E+02   -0.4840959063E+00   -0.2449327551E-02
         5    0.1002000000E+02    0.1586919298E+02   -0.3931038618E+00    0.2782794073E-02
         6    0.3850000000E+02    0.3434007840E+02   -0.6603212345E+00   -0.1279342412E-01
         7    0.2455000000E+02    0.1853842010E+02   -0.4404419224E+00    0.9908390056E-03
         8    0.6650000000E+01    0.4540562202E+01    0.5163031056E-02    0.3544219224E-05
         9    0.4810000000E+01    0.5797248979E+01   -0.2747344662E-01   -0.2955454609E-03
        10    0.1560000000E+01    0.4633085499E+01    0.2409042114E-02    0.0000000000E+00
        11    0.2280000000E+01    0.4785076024E+01    0.0000000000E+00   -0.1171107614E-03
        12    0.1576000000E+02    0.1573933173E+02   -0.3340427056E+00   -0.1165489280E-03
        13    0.2213000000E+02    0.2276177857E+02   -0.1108891344E+01    0.2938718301E-01
        14    0.3140000000E+01    0.5569781902E+01   -0.1233680219E-01   -0.7270383957E-03
        15    0.1799000000E+02    0.1632678562E+02   -0.3541870721E+00    0.8389376240E-06
        16    0.6970000000E+01    0.5001661617E+01    0.1636130334E-01   -0.1325531869E-02
        17    0.4060000000E+01    0.4061916983E+01    0.1173397736E-01    0.4257838551E-03
        18    0.3366000000E+02    0.3527829708E+02   -0.6577265015E+00   -0.1443533951E-01
        19    0.3600000000E+01    0.6506305768E+01   -0.8398588052E-01    0.1540360637E-02
        20    0.2600000000E+01    0.4712087693E+01    0.0000000000E+00    0.0000000000E+00
        21    0.1470000000E+02    0.1628345459E+02   -0.3992382824E+00    0.2440889496E-02
        22    0.4660000000E+01    0.7155756993E+01   -0.6118253050E-01   -0.7015698010E-03
        23    0.2309000000E+02    0.2617474851E+02   -0.5046360280E+00   -0.7883957998E-02
        24    0.2141000000E+02    0.2266346109E+02   -0.4781339223E+00   -0.3644549930E-02
        25    0.6140000000E+01    0.4481988227E+01    0.1343612989E-01   -0.3377907744E-03
        26    0.4660000000E+01    0.4327255741E+01    0.1074745253E-01    0.5195365347E-04
        27    0.7530000000E+01    0.1334895165E+02   -0.2731120446E+00    0.5127705894E-03
        28    0.1925000000E+02    0.2465217894E+02   -0.8609193695E+00    0.1330610647E-01
        29    0.2347000000E+02    0.2166792182E+02   -0.4420461786E+00   -0.3946075268E-02
        30    0.1546000000E+02    0.9581039774E+01   -0.1584524310E+00    0.5252236784E-03
        31    0.5980000000E+01    0.4414705932E+01    0.1440448734E-01   -0.2807889018E-03
        32    0.2492000000E+02    0.2378184981E+02   -0.5972313318E+00    0.8277026394E-03
        33    0.4360000000E+01    0.7042927348E+01   -0.6758447709E-01   -0.1836725379E-03
        34    0.2638000000E+02    0.2089755904E+02   -0.5378614800E+00    0.2331635893E-02
        35    0.2218000000E+02    0.2164906980E+02   -0.5344411749E+00    0.9458555544E-03
        36    0.4200000000E+00   -0.3131917333E+01    0.0000000000E+00    0.1258581197E-01
        37    0.2977000000E+02    0.2730562059E+02   -0.8076538736E+00    0.6245875111E-02
        38    0.1128000000E+02    0.1071176227E+02   -0.1826458771E+00   -0.1601393806E-04
        39    0.1012000000E+02    0.1559093388E+02   -0.2823983774E+00   -0.2595887637E-02
        40    0.7980000000E+01    0.4700426550E+01    0.1189026259E-01   -0.6069368540E-03
        41    0.6070000000E+01    0.4043440679E+01    0.0000000000E+00    0.1072853162E-02
        42    0.1262000000E+02    0.1464178690E+02   -0.3357060019E+00    0.1731996654E-02
