Model_ID, [(c_i,i=0,n)_j,j=1,ntask]
           1    0.1349960076E+02    0.6071241466E+02   -0.1513817821E+02
           2    0.1287712656E+02    0.7123530239E+02   -0.1458301616E+02
           3    0.1334848645E+02    0.1400534209E+02   -0.1608465590E+02
           4    0.5597963816E+01    0.4575295774E+02    0.6552388033E+02
           5    0.1316389796E+02    0.1425426221E+02   -0.1632783508E+02
           6    0.3804775626E+01    0.3556123875E+02    0.6801399182E+02
           7    0.4549622636E+01    0.1695471517E+02   -0.2002842726E+02
           8    0.1346846888E+02    0.1412135339E+02   -0.1657576946E+02
           9    0.1356687822E+02    0.2127638978E+02   -0.1551525918E+02
          10    0.1305511313E+02    0.6990122604E+02   -0.1482817739E+02
          11    0.1318666070E+02    0.1417625034E+02   -0.1617805888E+02
          12    0.1256723468E+02    0.7264128363E+02   -0.1529846943E+02
          13    0.1364939770E+02    0.5930835490E+02   -0.1529474397E+02
          14    0.1323688633E+02    0.1410272585E+02   -0.1607979200E+02
          15    0.4935000306E+01    0.2750409682E+02   -0.2345919117E+02
          16    0.1384920986E+02    0.2556445035E+02   -0.1622437889E+02
          17    0.6480645958E+01    0.1109436487E+02   -0.2209898053E+02
          18    0.7117184518E+01    0.1381133507E+02   -0.2062926046E+02
          19    0.7127969638E+01    0.1389354498E+02   -0.2037212936E+02
          20    0.1330123456E+02    0.1400480609E+02   -0.1599331344E+02
          21    0.1279229641E+02    0.1952196072E+02   -0.1481010047E+02
          22    0.1307816190E+02    0.4006170607E+02   -0.1543622232E+02
          23    0.6490149986E+01    0.1116346416E+02   -0.2181714452E+02
          24    0.5324067595E+01    0.1893778937E+02    0.5982545594E+02
          25    0.4016914587E+01    0.5907495683E+02    0.7263469107E+02
          26    0.4150070482E+01    0.5980068704E+02    0.8954590535E+02
          27    0.1328385979E+02    0.2148215781E+02   -0.1508004267E+02
          28    0.5727467140E+01    0.1844970815E+02   -0.3957228503E+02
          29    0.1283055236E+02    0.9873205603E+01   -0.1530247778E+02
          30    0.1321561063E+02    0.6124438105E+02   -0.1557294460E+02
          31    0.5313158674E+01    0.1892688413E+02    0.5963134618E+02
          32    0.5268734265E+01    0.1895342858E+02    0.5974154313E+02
          33    0.1315998607E+02    0.1407532729E+02   -0.1598312589E+02
          34    0.5284190795E+01    0.1887810435E+02    0.6064166239E+02
          35    0.5296360700E+01    0.1892893865E+02    0.5948472102E+02
          36    0.4446266354E+01    0.1283265993E+02    0.6187169833E+02
          37    0.5224103321E+01    0.1902244780E+02    0.5958435210E+02
          38    0.5308518736E+01    0.1891821586E+02    0.5937391797E+02
          39    0.1402228889E+02    0.2550054811E+02   -0.1627269262E+02
          40    0.5320880569E+01    0.1890741654E+02    0.5925197624E+02
          41    0.1282255022E+02    0.7038562787E+02   -0.1459513061E+02
          42    0.7075665837E+01    0.1378376415E+02   -0.2075273236E+02
          43    0.1305135756E+02    0.7067164609E+02   -0.1505593598E+02
          44    0.5363719882E+01    0.1234400453E+02   -0.3909084611E+02
          45    0.7096278813E+01    0.1380770492E+02   -0.2016198350E+02
          46    0.7086427163E+01    0.1386646564E+02   -0.2049192257E+02
          47    0.1357585113E+02    0.2603216836E+02   -0.1632142873E+02
          48    0.5220363928E+01    0.1905428104E+02    0.5874515628E+02
          49    0.1366603177E+02    0.5976513647E+02   -0.1551268579E+02
          50    0.7106383452E+01    0.1388865124E+02   -0.1990913273E+02
          51    0.5350555669E+01    0.1888217839E+02    0.5888152160E+02
          52    0.6784412019E+01    0.1388784937E+02   -0.2116426858E+02
          53    0.5306167142E+01    0.1890858098E+02    0.5901600174E+02
          54    0.6840362212E+01   -0.1387742764E+02   -0.2101137939E+02
          55    0.1317124398E+02    0.2429778684E+02   -0.1501461013E+02
          56    0.3024341660E+01    0.1757456203E+02   -0.1279452925E+02
          57    0.6296625907E+01    0.1128145919E+02   -0.2173578619E+02
          58    0.4755269244E+01    0.1836353301E+02    0.6894928871E+02
          59    0.7048345877E+01    0.1382294831E+02   -0.2035671205E+02
          60    0.6794316082E+01    0.1397223962E+02   -0.2089436370E+02
          61    0.6982593636E+01    0.1388085098E+02   -0.2038534931E+02
          62    0.1380628109E+02   -0.2564559059E+02   -0.1616432668E+02
          63    0.6850309905E+01   -0.1396137938E+02   -0.2074427469E+02
          64    0.5426331639E+01    0.1876835981E+02    0.5862795561E+02
          65    0.5412623174E+01    0.1880623334E+02    0.5816979287E+02
          66    0.1382313634E+02    0.5961662210E+02   -0.1580858562E+02
          67    0.7058426407E+01    0.1390471058E+02   -0.2010071924E+02
          68    0.6992311344E+01    0.1396305991E+02   -0.2012905839E+02
          69    0.1372125477E+02    0.2071013034E+02   -0.1547532373E+02
          70    0.1280409770E+02    0.6986727804E+02   -0.1428224674E+02
          71    0.4209456127E+01    0.1557825125E+02    0.6763157665E+02
          72    0.1285432078E+02    0.7070352818E+02   -0.1489635429E+02
          73    0.1305310805E+02    0.1400545644E+02   -0.1562091794E+02
          74    0.1291087267E+02    0.7068671000E+01   -0.1567101980E+02
          75    0.1343715372E+02    0.5977382110E+02   -0.1504915995E+02
          76    0.7118784863E+01   -0.1374700410E+02   -0.2034658102E+02
          77    0.6873639331E+01    0.1494301767E+02   -0.2066583941E+02
          78    0.4888814770E+01    0.1940993023E+02   -0.9600624223E+02
          79    0.1362094922E+02    0.2587630378E+02   -0.1620900359E+02
          80    0.5312237914E+01    0.1899777829E+02    0.6301181810E+02
          81    0.1334058243E+02    0.6034616849E+02   -0.1531779750E+02
          82    0.6882721352E+01    0.1503286679E+02   -0.2040864818E+02
          83    0.7129287094E+01   -0.1382835628E+02   -0.2009014370E+02
          84    0.4819061889E+01    0.1933051297E+02   -0.1003628803E+03
          85    0.1342244549E+02    0.5953141873E+02   -0.1481000293E+02
          86    0.1367735876E+02    0.2567844212E+02   -0.1596344764E+02
          87    0.1368407831E+02    0.2570021167E+02   -0.1603370177E+02
          88    0.5199736658E+01    0.1862243127E+02    0.6537614638E+02
          89    0.1367243687E+02    0.2565005536E+02   -0.1589358072E+02
          90    0.1286521312E+02    0.2466878373E+02   -0.1471100779E+02
          91    0.6966019633E+01    0.1402571479E+02   -0.2015320335E+02
          92    0.5306873544E+01    0.1889276946E+02    0.5831183051E+02
          93    0.1309774819E+02    0.2445942555E+02   -0.1494773939E+02
          94    0.1381335595E+02    0.2560480600E+02   -0.1613148663E+02
          95    0.1369266895E+02    0.2571585544E+02   -0.1610548580E+02
          96    0.1320094324E+02    0.7067457171E+02   -0.1532271067E+02
          97    0.1335990888E+02    0.1386601949E+02   -0.1587594064E+02
          98    0.4901606327E+01    0.1806893797E+02    0.6518646271E+02
          99    0.4690890662E+01    0.2763762811E+02   -0.2468811547E+02
         100    0.5166695947E+01    0.1916759293E+02    0.5685096570E+02
