Model_ID, [(c_i,i=0,n)_j,j=1,ntask]
           1    0.5970067170E+01    0.1846305837E+02    0.9458530026E+02
           2    0.5610539257E+01    0.1364373346E+02    0.9114755766E+02
           3    0.5868430661E+01    0.1854878275E+02    0.9440143650E+02
           4    0.5750148943E+01    0.1866815720E+02    0.9458208305E+02
           5    0.5898293717E+01    0.1850605687E+02    0.9405234144E+02
           6    0.5837323872E+01    0.1857447735E+02    0.9444677256E+02
           7    0.5953203846E+01    0.1844605749E+02    0.9428046637E+02
           8    0.5810336529E+01    0.1859019226E+02    0.9445822353E+02
           9    0.4883688067E+01    0.1766929903E+02    0.9254062511E+02
          10    0.5931061327E+01    0.1846381191E+02    0.9425195643E+02
          11    0.5784413994E+01    0.1862309402E+02    0.9477517568E+02
          12    0.5746934775E+01    0.1864024699E+02    0.9439811315E+02
          13    0.6212853512E+01   -0.1814608819E+02    0.9417289590E+02
          14    0.6073381824E+01    0.1822764625E+02    0.9250272404E+02
          15    0.5530485117E+01    0.1884039450E+02    0.9391685183E+02
          16    0.5666643375E+01    0.1875828707E+02    0.9586122378E+02
          17    0.5902155930E+01    0.1849617460E+02    0.9211287900E+02
          18    0.5854426548E+01    0.1845661973E+02    0.9611202750E+02
          19    0.6140476785E+01    0.1818861592E+02    0.9375293320E+02
          20    0.5578985143E+01    0.2341426080E+02    0.8921425982E+02
          21    0.5423714418E+01    0.1533740027E+02    0.9301417128E+02
          22    0.6225715777E+01    0.1809457134E+02    0.9419548823E+02
          23    0.5392529974E+01    0.9349531257E+01    0.9105525727E+02
          24    0.5753758556E+01    0.1856689796E+02    0.9390240598E+02
          25    0.6296131622E+01    0.1791631801E+02    0.9129368827E+02
          26    0.4301162617E+01    0.1160290270E+02    0.9652507099E+02
          27    0.5920759460E+01    0.9048170926E+01    0.9547552607E+02
          28    0.4509012122E+01    0.1552515387E+02    0.9411583552E+02
          29    0.6243298954E+01    0.1327903749E+02    0.9159234767E+02
          30    0.5941498304E+01    0.8964764870E+01    0.9165400158E+02
          31    0.5669817578E+01    0.1862710435E+02    0.9399748250E+02
          32    0.5547260203E+01    0.1867889077E+02    0.9476822608E+02
          33    0.5188825759E+01    0.1882079890E+02    0.9625325060E+02
          34    0.4344509890E+01    0.2047397507E+02    0.9417124816E+02
          35    0.5701266089E+01   -0.1850718707E+02    0.9420468340E+02
          36    0.6048081931E+01    0.3760913818E+02    0.9201516560E+02
          37    0.5637838587E+01   -0.1857964765E+02    0.9461338605E+02
          38    0.5469456363E+01    0.1873257542E+02    0.9426183753E+02
          39    0.5316661975E+01    0.1889644189E+02    0.9479246771E+02
          40    0.6496569576E+01   -0.1662304083E+02    0.9714801291E+02
          41    0.5758123886E+01   -0.1844410564E+02    0.9442184751E+02
          42    0.5402616589E+01    0.1881076288E+02    0.9468901387E+02
          43    0.5514059540E+01   -0.1356240232E+02    0.9090114737E+02
          44    0.4121352661E+01    0.1211002581E+02    0.9155757748E+02
          45    0.5423240758E+01    0.1874815351E+02    0.9459132930E+02
          46    0.5340109404E+01    0.1368796227E+02    0.9093482622E+02
          47    0.5561464056E+01    0.1863100845E+02    0.9410336391E+02
          48    0.5529175843E+01    0.1866477386E+02    0.9447073051E+02
          49    0.5145035727E+01    0.1383215980E+02    0.9064505816E+02
          50    0.5582761126E+01   -0.1863208590E+02    0.9495522924E+02
          51    0.5683646989E+01    0.1849235890E+02    0.9390707335E+02
          52    0.5496012083E+01    0.1870686478E+02    0.9452256184E+02
          53    0.5493650045E+01    0.1862722671E+02    0.9403519163E+02
          54    0.5735174581E+01   -0.1846331706E+02    0.9439844884E+02
          55    0.5344549029E+01    0.1886824799E+02    0.9504789753E+02
          56    0.5620048513E+01    0.1856505977E+02    0.9431548847E+02
          57    0.5427464883E+01    0.1870413036E+02    0.9445765275E+02
          58    0.5413557224E+01    0.1362431154E+02    0.9079144040E+02
          59    0.5452824806E+01    0.1872059198E+02    0.9241916145E+02
          60    0.5588058704E+01   -0.1857867269E+02    0.9378266206E+02
          61    0.5543974291E+01    0.1865181417E+02    0.9458679774E+02
          62    0.5503098433E+01    0.1355134840E+02    0.9067146986E+02
          63    0.5066755057E+01    0.1912563643E+02    0.9429387051E+02
          64    0.5303823685E+01    0.1889119520E+02    0.9468396498E+02
          65    0.5319025589E+01    0.1886631560E+02    0.9415406184E+02
          66    0.5660314818E+01    0.1851224301E+02    0.9388500176E+02
          67    0.5439166096E+01    0.1876229747E+02    0.9487416506E+02
          68    0.5765559467E+01    0.9026122121E+01    0.9187178192E+02
          69    0.5573045667E+01    0.1347308766E+02    0.8978876114E+02
          70    0.6315685858E+01    0.1315746183E+02    0.8974709412E+02
          71    0.5466097878E+01    0.1870574893E+02    0.9408198139E+02
          72    0.5596343196E+01    0.1858559512E+02    0.9429544028E+02
          73    0.5338582596E+01    0.1367231958E+02    0.9080114364E+02
          74    0.5459895611E+01   -0.1877566232E+02    0.9607147092E+02
          75    0.5369949684E+01    0.1876062978E+02    0.9481266380E+02
          76    0.5827188155E+01    0.1833735249E+02    0.9430330037E+02
          77    0.6708461194E+01   -0.1634900750E+02    0.9536378692E+02
          78    0.5564825022E+01    0.1861773861E+02    0.9465731729E+02
          79    0.5270003672E+01   -0.1374876097E+02    0.9191308682E+02
          80    0.6401749668E+01    0.1313330770E+02    0.9100661181E+02
          81    0.5237323656E+01    0.1892664247E+02    0.9365903243E+02
          82    0.5399210680E+01    0.1878400926E+02    0.9450878963E+02
          83    0.5717693654E+01    0.1844826952E+02    0.9410040711E+02
          84    0.5490585316E+01    0.1355412005E+02    0.9061831089E+02
          85    0.5883377398E+01   -0.1821917108E+02    0.9262059784E+02
          86    0.5166987230E+01    0.1901057508E+02    0.9410164446E+02
          87    0.6064533818E+01    0.1487080590E+02    0.9012534874E+02
          88    0.6165364501E+01    0.1484180142E+02    0.9155812245E+02
          89    0.5706047999E+01   -0.1849539324E+02    0.9225875093E+02
          90    0.5380773345E+01   -0.1883142370E+02    0.9557137771E+02
          91    0.5594379085E+01    0.1343513841E+02    0.8940161408E+02
          92    0.5952370075E+01   -0.1817655404E+02    0.9385755591E+02
          93    0.5540799054E+01    0.1863883549E+02    0.9463909673E+02
          94    0.5300127454E+01    0.1885374888E+02    0.9386011594E+02
          95    0.5811509665E+01   -0.1832782788E+02    0.9425654720E+02
          96    0.5693340560E+01    0.1353138403E+02    0.9295746361E+02
          97    0.5661378180E+01    0.1842831326E+02    0.9262722688E+02
          98    0.5473780832E+01    0.1872202717E+02    0.9229716388E+02
          99    0.5105860427E+01    0.1907314067E+02    0.9447524203E+02
         100    0.5341109598E+01    0.1884157278E+02    0.9486742478E+02
