        Rank        RMSE       MaxAE  Feature_ID
           1    3.982772   11.738283  (     497   16429)
           2    3.994615   12.527734  (     128   16429)
           3    3.998789   11.734125  (     552   16429)
           4    4.000308   11.758025  (     631   16429)
           5    4.001138   11.755990  (     470   16429)
           6    4.010326   11.733018  (     669   16429)
           7    4.012156   11.776485  (     623   16429)
           8    4.027556   11.738262  (     829   16429)
           9    4.029202   12.507171  (     326   16429)
          10    4.030438   11.776318  (     768   16429)
          11    4.031042   11.722867  (    1015   16429)
          12    4.044810   11.738766  (     991   16429)
          13    4.046820   11.893736  (     901   16429)
          14    4.056715   11.930608  (     422   16429)
          15    4.057036   11.830142  (     895   16429)
          16    4.060672   11.674938  (    2371   16429)
          17    4.065560   11.911890  (     387   16429)
          18    4.066158   11.862126  (    2801   16429)
          19    4.067022   11.912646  (     935   16429)
          20    4.082275   12.803412  (     142   16429)
          21    4.085693   11.638064  (     811   16429)
          22    4.092340   11.945605  (    1517   16429)
          23    4.104498   12.019024  (     378   16429)
          24    4.105008   11.824068  (    1532   16429)
          25    4.110562   12.098949  (     447   16429)
          26    4.133496   11.959957  (    6329   16429)
          27    4.136195   11.912286  (    4330   16429)
          28    4.139202   12.181140  (    2561   16429)
          29    4.141424   13.289943  (     794   16429)
          30    4.144471   12.060670  (     849   16429)
          31    4.144843   11.832368  (    2587   16429)
          32    4.145175   11.889913  (    3574   16429)
          33    4.146610   11.864487  (    6462   16429)
          34    4.147367   12.159684  (    2861   16429)
          35    4.149880   11.951609  (    2972   16429)
          36    4.152731   11.821916  (    1140   16429)
          37    4.157094   11.924021  (    3782   16429)
          38    4.158210   11.900225  (    3307   16429)
          39    4.159963   11.847162  (    4167   16429)
          40    4.161263   13.663402  (    9962   16429)
          41    4.161708   11.974028  (    3675   16429)
          42    4.163422   11.868855  (    4145   16429)
          43    4.166074   12.759920  (     766   16429)
          44    4.166079   13.039045  (    1067   16429)
          45    4.166887   11.926891  (    4124   16429)
          46    4.168681   12.724340  (     806   16429)
          47    4.171000   11.935823  (    3543   16429)
          48    4.171835   11.925713  (    4127   16429)
          49    4.172324   12.678758  (     731   16429)
          50    4.175427   11.913235  (    5147   16429)
          51    4.176787   11.987838  (    3470   16429)
          52    4.177015   11.905994  (    4432   16429)
          53    4.178671   12.008384  (    3727   16429)
          54    4.178684   11.972837  (    4296   16429)
          55    4.179997   11.854719  (    5554   16429)
          56    4.183862   11.960118  (    4369   16429)
          57    4.184129   11.977972  (    4615   16429)
          58    4.184825   12.757101  (     922   16429)
          59    4.186001   11.931778  (    2002   16429)
          60    4.187437   11.974964  (    3679   16429)
          61    4.187489   11.927207  (    4996   16429)
          62    4.187999   12.789311  (     899   16429)
          63    4.189300   11.809052  (    4562   16429)
          64    4.190773   11.866585  (    5365   16429)
          65    4.193381   11.882605  (    4507   16429)
          66    4.193454   11.986184  (    4042   16429)
          67    4.194237   11.893215  (    5978   16429)
          68    4.195715   12.033513  (    1713   16429)
          69    4.197618   12.849899  (     659   16429)
          70    4.198801   13.413105  (     656   16429)
          71    4.200279   11.937278  (    4667   16429)
          72    4.200310   11.958020  (    5067   16429)
          73    4.200340   12.751961  (    1132   16429)
          74    4.200718   11.855781  (    9636   16429)
          75    4.200768   11.964522  (    6198   16429)
          76    4.201019   12.039089  (    5124   16429)
          77    4.201776   13.609064  (    7675   16429)
          78    4.201966   11.949177  (    5919   16429)
          79    4.202843   12.693058  (    1918   16429)
          80    4.202981   13.366011  (    1274   16429)
          81    4.203625   11.888470  (    4099   16429)
          82    4.205449   11.905863  (    5763   16429)
          83    4.205476   12.009203  (    4924   16429)
          84    4.205971   12.797195  (    1106   16429)
          85    4.206529   12.131270  (    2766   16429)
          86    4.206883   11.853379  (    5001   16429)
          87    4.206951   11.660166  (     875   16429)
          88    4.210102   11.604656  (    1755   16429)
          89    4.212975   11.961503  (    2552   16429)
          90    4.213010   11.864803  (    9041   16429)
          91    4.216526   12.891866  (     699   16429)
          92    4.218118   12.115916  (    5091   16429)
          93    4.218175   11.946693  (    6909   16429)
          94    4.219003   11.917271  (    5138   16429)
          95    4.219119   12.066732  (    5994   16429)
          96    4.219585   12.632553  (    3657   16429)
          97    4.220238   12.090485  (    3207   16429)
          98    4.221128   11.909010  (    2828   16429)
          99    4.221606   11.835921  (    6705   16429)
         100    4.221836   11.891663  (    7695   16429)
