        Rank        RMSE       MaxAE  Feature_ID
           1    4.638693   14.888868  (    1289   10202)
           2    4.683785   14.975255  (    1289   18962)
           3    4.686096   14.971845  (    1289   19535)
           4    4.689797   15.017859  (    1289   18554)
           5    4.695959   14.940727  (    1289   16318)
           6    4.696279   14.979083  (    1289   19881)
           7    4.699841   14.996404  (    1289   18581)
           8    4.707410   15.144918  (    1289   18159)
           9    4.719616   14.873023  (    1289   13034)
          10    4.725139   14.069695  (    1289   13750)
          11    4.735382   15.714975  (    1289   12729)
          12    4.739437   15.037028  (    1289   19209)
          13    4.739633   15.600984  (    1289   10705)
          14    4.754358   14.956431  (    1289   16563)
          15    4.762177   15.703472  (    1289   11143)
          16    4.765917   20.443862  (    7159   11727)
          17    4.767421   17.932993  (    1289   14022)
          18    4.772754   17.141331  (    7159   11884)
          19    4.779172   17.332015  (    1289   19615)
          20    4.779198   17.127410  (    8871   10193)
          21    4.781528   14.939132  (    1289   18296)
          22    4.781764   15.130564  (    1289   10067)
          23    4.786321   19.454564  (    7159   10345)
          24    4.787743   17.445396  (    8871   11884)
          25    4.792934   15.276752  (    1289   18289)
          26    4.793038   14.660098  (    1289   16102)
          27    4.794202   18.111226  (    1289   16503)
          28    4.794618   14.906132  (    1289   13392)
          29    4.796439   19.836162  (    7159   10368)
          30    4.797827   14.971736  (    1289   17367)
          31    4.808394   20.092017  (    7159   13576)
          32    4.812037   16.524551  (    6840   10977)
          33    4.812368   14.566432  (    1289   17277)
          34    4.812556   16.266814  (     126   10812)
          35    4.813283   20.354330  (    8871   10413)
          36    4.813890   14.541277  (    1289   18685)
          37    4.816718   19.694871  (    7159   16859)
          38    4.817407   19.861057  (    7159   19174)
          39    4.817737   15.054334  (    1289   13446)
          40    4.817781   14.572549  (    1289   18719)
          41    4.819143   19.417079  (    4928   10099)
          42    4.819321   18.171246  (     465   10099)
          43    4.820158   18.061044  (       4   10099)
          44    4.820327   14.485614  (    1289   13082)
          45    4.822827   18.345690  (     430   11660)
          46    4.824852   18.136857  (     463   10099)
          47    4.824934   14.521890  (    1289   16608)
          48    4.826163   18.627909  (    1017   16503)
          49    4.826281   18.439103  (    1017   14022)
          50    4.827007   19.364343  (    7159   10313)
          51    4.828658   19.990932  (    7159   10413)
          52    4.828714   14.559023  (    1289   19173)
          53    4.828952   16.682891  (     430   10404)
          54    4.829104   15.555122  (    1017   10202)
          55    4.829703   19.722446  (    7159   16701)
          56    4.833296   16.938896  (    1289   19255)
          57    4.834244   19.783835  (    7159   14334)
          58    4.834296   19.999231  (    7159   11557)
          59    4.835074   16.526072  (    2840   10812)
          60    4.835087   17.661649  (     146   10030)
          61    4.837183   15.675833  (     430   13810)
          62    4.838354   16.990572  (    8871   10378)
          63    4.838524   20.338019  (    8871   11557)
          64    4.840165   14.590369  (    1289   18065)
          65    4.841277   15.198365  (    1289   10977)
          66    4.842428   19.802547  (    8871   11033)
          67    4.843909   16.696663  (     212   10099)
          68    4.844589   16.950658  (    1289   17528)
          69    4.844774   20.325181  (    8871   10887)
          70    4.845146   16.706612  (     255   10099)
          71    4.845868   20.355381  (    7159   10931)
          72    4.846731   18.034368  (       4   10208)
          73    4.847107   14.852940  (    1289   17541)
          74    4.847574   19.332188  (    7574   10099)
          75    4.848712   14.602242  (    1289   18277)
          76    4.849018   16.935887  (    8871   11121)
          77    4.849339   19.057180  (    7159   14030)
          78    4.849502   20.320590  (    7159   12276)
          79    4.850014   19.862707  (    7159   11103)
          80    4.850122   19.334619  (    7267   10099)
          81    4.850362   17.117715  (       4   10683)
          82    4.850508   20.696768  (    8871   11727)
          83    4.850553   20.231445  (    7159   10381)
          84    4.851319   17.747487  (     332   10030)
          85    4.852218   14.823687  (    1289   14728)
          86    4.852486   20.028756  (    7159   11656)
          87    4.853279   17.854654  (    1017   19615)
          88    4.853727   17.432318  (     189   10035)
          89    4.853912   20.200209  (    7159   11589)
          90    4.855071   17.375458  (     430   16884)
          91    4.855675   20.668129  (    8871   12276)
          92    4.855777   17.634340  (    1457   14075)
          93    4.857431   20.367662  (    8871   11656)
          94    4.858629   19.994343  (    8871   16859)
          95    4.859260   17.401680  (    7159   18720)
          96    4.860026   19.921269  (    8871   13987)
          97    4.860249   18.787903  (     189   10024)
          98    4.861568   15.992277  (     159   12767)
          99    4.862198   20.977616  (    7159   11660)
         100    4.862875   15.811496  (     465   12767)
