     Index              y_true              y_pred        descriptor_1        descriptor_2
         1    0.1338500000E+03    0.1432978316E+03   -0.4182948000E+00   -0.4330260000E-02
         2    0.2300000000E+03    0.2417498610E+03    0.6234800000E-01    0.8072811000E-01
         3    0.1744500000E+03    0.1819543484E+03   -0.1226930400E+00   -0.3959736000E-01
         4    0.2606000000E+03    0.2187796167E+03   -0.2416771000E+00    0.1841575000E+00
         5    0.4062400000E+03    0.4227626821E+03    0.5375646000E+00    0.4995456000E+00
         6    0.3670000000E+03    0.3722145101E+03    0.6097216800E+00    0.2509778000E+00
         7    0.2195740000E+03    0.1692456848E+03   -0.4205487600E+00    0.1009186000E+00
         8    0.1721500000E+03    0.1511658467E+03   -0.3405509700E+00   -0.2280130000E-01
         9    0.2677000000E+03    0.2729730625E+03    0.3258048000E-01    0.2247561600E+00
        10    0.3200000000E+03    0.3165736515E+03    0.1249697100E+00    0.3398195400E+00
        11    0.2720000000E+03    0.3083426868E+03    0.5348203200E+00    0.4358718000E-01
        12    0.1984000000E+03    0.1774548715E+03   -0.3179221000E-01   -0.1159954700E+00
        13    0.2234200000E+03    0.2236709455E+03   -0.1601667000E+00    0.1513588300E+00
        14    0.2375000000E+03    0.2190520355E+03   -0.2821774400E+00    0.2112664200E+00
        15    0.2138000000E+03    0.2641404104E+03   -0.9698780000E-02    0.2165843500E+00
        16    0.3474000000E+03    0.3436754766E+03    0.4136736000E+00    0.2627609700E+00
        17    0.1832000000E+03    0.1778777279E+03   -0.4250903300E+00    0.1383676000E+00
        18    0.3520000000E+03    0.3334292406E+03    0.3816598500E+00    0.2423393100E+00
        19    0.2050000000E+02    0.4553619769E+02   -0.1000000000E+01   -0.2170000000E-01
        20    0.3410000000E+03    0.3304107137E+03    0.5386608000E+00    0.1294000000E+00
        21    0.1591000000E+03    0.1836610914E+03   -0.3501100500E+00    0.1133326200E+00
        22    0.3137600000E+03    0.2940745259E+03    0.3105299600E+00    0.1306030600E+00
        23    0.3525250000E+03    0.3552352528E+03    0.3670832100E+00    0.3389359200E+00
        24    0.2930000000E+03    0.3021664038E+03    0.4935765600E+00    0.4537656000E-01
        25    0.4260000000E+03    0.3827007546E+03    0.5376276500E+00    0.3392428600E+00
        26    0.3590000000E+03    0.3732712541E+03    0.7206310000E+00    0.1839522800E+00
        27    0.2256100000E+03    0.2401493058E+03   -0.9428598000E-01    0.1749536600E+00
        28    0.1516000000E+03    0.1574840442E+03   -0.4873844000E+00    0.9680584000E-01
        29    0.2287000000E+03    0.2700641926E+03    0.2158287000E-01    0.2201849600E+00
        30    0.2443500000E+03    0.2288259761E+03    0.4471138000E+00   -0.2181620800E+00
        31    0.1839000000E+03    0.1638038118E+03   -0.5317499600E+00    0.1505895300E+00
        32    0.3535000000E+03    0.3223595621E+03    0.4588762400E+00    0.1484494800E+00
        33    0.3410000000E+03    0.3297687503E+03    0.2449058900E+00    0.3155526000E+00
        34    0.3540000000E+03    0.3135460890E+03    0.3750379600E+00    0.1670536800E+00
        35    0.2482000000E+03    0.2653990389E+03    0.1928669400E+00    0.9148246000E-01
        36    0.1875850000E+03    0.1982379729E+03   -0.2712747800E+00    0.1209982900E+00
        37    0.1114000000E+03    0.1163296549E+03   -0.7543701200E+00    0.1036963800E+00
        38    0.3410000000E+03    0.3530082851E+03    0.6455400000E+00    0.1511347200E+00
        39    0.3340000000E+03    0.3640233724E+03    0.7167758400E+00    0.1494341200E+00
        40    0.3092000000E+03    0.3109542755E+03    0.2760414000E+00    0.2202851000E+00
        41    0.3116500000E+03    0.3188726484E+03    0.2281104800E+00    0.2827543300E+00
        42    0.8981300000E+02    0.1014333358E+03   -0.6771999600E+00   -0.5471700000E-02
