     Index              y_true              y_pred        descriptor_1        descriptor_2
         1    0.1790000000E+02    0.2198638584E+02   -0.1623452400E+00   -0.1118149032E-02
         2    0.1790000000E+02    0.3334006294E+02    0.9920610000E-02    0.6964440900E-02
         3    0.6276000000E+02    0.5249719472E+02    0.8942118700E+00   -0.1036338432E-02
         4    0.2680000000E+02    0.2391864633E+02   -0.4136640000E-02   -0.4440864960E-02
         5    0.3187000000E+02    0.2908793410E+02   -0.1035116500E+00    0.5720449548E-02
         6    0.4537000000E+02    0.4770167214E+02   -0.4574693900E+00    0.4216838868E-01
         7    0.6660000000E+02    0.6563550205E+02    0.1156229840E+01    0.6032133732E-02
         8    0.2551000000E+02    0.2513038470E+02   -0.3187420000E+00    0.8559787104E-02
         9    0.3615000000E+02    0.4971330660E+02    0.1189552000E+01   -0.1532344948E-01
        10    0.5774000000E+02    0.4662162334E+02    0.7819453400E+00   -0.4376412162E-02
        11    0.3682000000E+02    0.5076559601E+02    0.1232633340E+01   -0.1556272699E-01
        12    0.5301000000E+02    0.6542219225E+02    0.7019252600E+00    0.2232240944E-01
        13    0.6511000000E+02    0.5201256993E+02    0.7940627200E+00    0.2001221934E-02
        14    0.6029000000E+02    0.5863567502E+02    0.1031916490E+01    0.1709046864E-02
        15    0.2817000000E+02    0.1896825407E+02   -0.1077657000E+00   -0.6925473324E-02
        16    0.3007000000E+02    0.3250031422E+02    0.2082967200E+00   -0.1328923365E-02
        17    0.7737000000E+02    0.6733585064E+02    0.1615800000E+01   -0.8569036056E-02
        18    0.1464000000E+02    0.3427445474E+02    0.3726619200E+00   -0.5076072291E-02
        19    0.2045000000E+02    0.1311562110E+02   -0.5213682600E+00    0.7476331080E-03
        20    0.6942000000E+02    0.8422127723E+02    0.2520308520E+01   -0.2018038176E-01
        21    0.8872000000E+02    0.6239528741E+02    0.1644588440E+01   -0.1586803363E-01
        22    0.3200000000E+01   -0.1267838448E+01   -0.1000000000E+01    0.0000000000E+00
        23    0.6900000000E+02    0.7036957983E+02    0.1608167450E+01   -0.4453272000E-02
        24    0.3120000000E+02    0.2865409385E+02   -0.1324224000E-01    0.1881199528E-02
        25    0.5100000000E+02    0.4841511114E+02    0.7245414400E+00   -0.1526112000E-04
        26    0.2720000000E+02    0.3254954075E+02   -0.6347789400E+00    0.2946475699E-01
        27    0.9080000000E+02    0.8345829507E+02    0.9482903100E+00    0.3615696969E-01
        28    0.7420000000E+02    0.6461165776E+02    0.1289126270E+01   -0.1072685250E-03
        29    0.5646000000E+02    0.6598405697E+02    0.1497591640E+01   -0.5970123456E-02
        30    0.2622000000E+02    0.3225940600E+02    0.9425630000E-01    0.2523286944E-02
        31    0.2078000000E+02    0.2731585776E+02    0.3133862000E-01   -0.1436656735E-02
        32    0.6524000000E+02    0.6508790866E+02    0.1321865120E+01   -0.6982119000E-03
        33    0.4263000000E+02    0.5148302720E+02    0.8182196400E+00    0.4508145460E-03
        34    0.4216000000E+02    0.3313348266E+02    0.2254274400E+00   -0.1152431888E-02
        35    0.6056000000E+02    0.5598601542E+02    0.5205196600E+00    0.1699853850E-01
