        Rank        RMSE       MaxAE  Feature_ID
           1    9.157738   24.547090  (    4190   13418)
           2    9.258369   20.565482  (     104   16317)
           3    9.297877   22.707797  (    4578   11297)
           4    9.303835   20.538459  (      27   14108)
           5    9.307723   20.550325  (      26   14108)
           6    9.326250   32.586412  (      77   14149)
           7    9.347675   21.302407  (    4051   19358)
           8    9.379696   24.278878  (      75   19358)
           9    9.388291   32.462848  (      77   14341)
          10    9.393348   23.996664  (      27   10442)
          11    9.393484   23.984567  (      26   10442)
          12    9.395395   20.618315  (      27   18838)
          13    9.399193   20.629934  (      26   18838)
          14    9.399851   23.406602  (    5841   11297)
          15    9.418265   24.081214  (      27   11471)
          16    9.420072   24.070061  (      26   11471)
          17    9.423395   24.538307  (    4019   11297)
          18    9.427397   32.395342  (     307   14149)
          19    9.431379   23.988788  (    6274   11297)
          20    9.436875   25.048086  (      12   10004)
          21    9.438488   25.080184  (      33   19358)
          22    9.458688   23.930871  (    4638   11297)
          23    9.460742   25.015305  (      27   10042)
          24    9.460965   25.003575  (      26   10042)
          25    9.466886   22.695603  (    4578   13418)
          26    9.469573   23.716028  (     208   18975)
          27    9.471734   24.787696  (    1269   11119)
          28    9.473085   29.845151  (       4   11119)
          29    9.478208   29.855695  (       5   11119)
          30    9.500671   26.469763  (      27   11597)
          31    9.500812   25.424317  (    5253   14485)
          32    9.501928   26.458147  (      26   11597)
          33    9.502449   26.489125  (      27   11647)
          34    9.502639   24.290834  (      26   10064)
          35    9.502659   24.301622  (      27   10064)
          36    9.503698   26.477522  (      26   11647)
          37    9.504999   21.687724  (      25   16317)
          38    9.506525   20.875808  (    2994   16317)
          39    9.512738   26.788327  (      26   12198)
          40    9.513286   26.800756  (      27   12198)
          41    9.528498   23.362974  (    3865   11297)
          42    9.529528   21.685079  (      27   12238)
          43    9.531070   21.693576  (      26   12238)
          44    9.531155   22.552963  (      12   10009)
          45    9.531209   23.187821  (    8032   11297)
          46    9.533503   21.203983  (      60   18975)
          47    9.533859   32.245543  (     307   14341)
          48    9.537431   25.404892  (      12   14485)
          49    9.537654   23.587764  (    4256   13418)
          50    9.545902   28.665823  (      27   10772)
          51    9.545929   28.653229  (      26   10772)
          52    9.547279   26.382788  (    5783   10004)
          53    9.547958   22.906615  (    7351   11297)
          54    9.549893   24.337386  (      27   12299)
          55    9.550078   24.325118  (      26   12299)
          56    9.556503   22.619822  (    9356   11297)
          57    9.559274   21.286896  (    8208   12181)
          58    9.565220   25.018370  (     323   15400)
          59    9.566864   24.577555  (      13   10050)
          60    9.574510   23.642620  (    4575   11297)
          61    9.575175   21.164729  (    3858   12484)
          62    9.575241   24.171248  (      12   10010)
          63    9.575383   25.004519  (     237   18975)
          64    9.577812   23.105306  (      79   11550)
          65    9.580453   28.783111  (    4256   10493)
          66    9.581210   25.003805  (    3466   18656)
          67    9.583250   21.246340  (      60   12354)
          68    9.586481   22.903759  (    6920   11297)
          69    9.588675   25.284790  (    2630   11297)
          70    9.594407   21.350243  (    5094   12181)
          71    9.595444   26.261104  (    6666   10004)
          72    9.597519   25.153828  (     359   15400)
          73    9.600851   25.585879  (     208   15400)
          74    9.600913   23.347956  (      27   10392)
          75    9.602325   23.336942  (      26   10392)
          76    9.605271   22.735880  (    9346   11297)
          77    9.606127   22.491619  (     188   13208)
          78    9.606308   24.582194  (    3562   11297)
          79    9.609208   20.570787  (    1048   16317)
          80    9.609928   22.690822  (      12   10003)
          81    9.611509   25.140086  (     420   13521)
          82    9.616507   23.592163  (    8017   17022)
          83    9.618414   22.360066  (      12   10060)
          84    9.619079   21.660131  (     107   10398)
          85    9.619885   21.009204  (     107   10222)
          86    9.622571   22.275123  (      12   10104)
          87    9.623952   23.027926  (      16   11684)
          88    9.624191   25.153652  (     463   13521)
          89    9.626912   21.761851  (    1317   19358)
          90    9.628468   24.665950  (      75   19674)
          91    9.628601   24.536828  (     843   18975)
          92    9.630839   24.525318  (     849   18975)
          93    9.631710   26.486511  (      27   10629)
          94    9.632640   26.475000  (      26   10629)
          95    9.632819   21.470516  (    4829   16317)
          96    9.634310   24.440689  (      79   10398)
          97    9.636148   22.827387  (    5841   16679)
          98    9.636827   23.770796  (     208   12354)
          99    9.637245   24.324469  (      27   12536)
         100    9.637740   24.312486  (      26   12536)
