     Index              y_true              y_pred        descriptor_1        descriptor_2
         1    0.2067000000E+02    0.2773938817E+02   -0.6256674000E-01    0.1667611000E-01
         2    0.4307000000E+02    0.5374613990E+02    0.9272713800E+00   -0.6749892000E-01
         3    0.3187000000E+02    0.2630373444E+02   -0.2050335000E-01    0.2740140000E-02
         4    0.5015000000E+02    0.3896987465E+02    0.2791967400E+00   -0.3209500000E-02
         5    0.7420000000E+02    0.5869736752E+02    0.6536129600E+00    0.5272800000E-02
         6    0.6524000000E+02    0.5973911181E+02    0.6230008400E+00    0.1540235000E-01
         7    0.2681000000E+02    0.3791522116E+02    0.3034900800E+00   -0.1217748000E-01
         8    0.2551000000E+02    0.2696240843E+02   -0.2590750000E-02    0.1983520000E-02
         9    0.5060000000E+01    0.3718602318E-01    0.2750058300E+00   -0.1611331400E+00
        10    0.4460000000E+02    0.3843195840E+02    0.1296547200E+00    0.2333303000E-01
        11    0.1464000000E+02    0.3538920034E+02    0.2081455200E+00   -0.4154920000E-02
        12    0.2622000000E+02    0.3405180515E+02    0.9534756000E-01    0.1206748000E-01
        13    0.1845000000E+02    0.2154518951E+02   -0.1157039800E+00    0.1633020000E-02
        14    0.3007000000E+02    0.2467397334E+02    0.4610700000E-01   -0.1670409000E-01
        15    0.5301000000E+02    0.4835371047E+02    0.3072450400E+00    0.2965880000E-01
        16    0.2078000000E+02    0.2846111475E+02   -0.8946940000E-02    0.9315150000E-02
        17    0.2796000000E+02    0.2691352480E+02   -0.2496000000E-01    0.6082640000E-02
        18    0.8285000000E+02    0.8105987693E+02    0.1248569360E+01   -0.1788036000E-01
        19    0.1850000000E+02    0.2362860780E+02    0.0000000000E+00   -0.1210625000E-01
        20    0.7737000000E+02    0.8876913666E+02    0.1599904540E+01   -0.5396132000E-01
        21    0.2045000000E+02    0.1076123200E+02   -0.2063422400E+00   -0.2491646000E-01
        22    0.2680000000E+02    0.2566795955E+02    0.5605260000E-01   -0.1456272000E-01
        23    0.6383000000E+02    0.5633008431E+02    0.5883479700E+00    0.8162520000E-02
        24    0.4216000000E+02    0.3294405717E+02    0.1510189800E+00   -0.3146500000E-02
        25    0.8872000000E+02    0.8596751829E+02    0.1092233340E+01    0.3216928000E-01
        26    0.6511000000E+02    0.5328420294E+02    0.5969075200E+00   -0.5900350000E-02
        27    0.4537000000E+02    0.4893941585E+02    0.4684447200E+00    0.1071000000E-02
        28    0.1790000000E+02    0.2340279334E+02   -0.3402130000E-01   -0.6489450000E-02
        29    0.5774000000E+02    0.4744642359E+02    0.4128635200E+00    0.5664400000E-02
        30    0.5646000000E+02    0.5030702374E+02    0.9258813200E+00   -0.8125312000E-01
        31    0.3120000000E+02    0.2867624170E+02   -0.2957130000E-01    0.1415535000E-01
        32    0.1790000000E+02    0.3641329848E+02    0.8492544000E-01    0.2369800000E-01
        33    0.7520000000E+02    0.7829457191E+02    0.8274151600E+00    0.5177340000E-01
        34    0.3682000000E+02    0.3798410792E+02    0.1107630000E+01   -0.1664181400E+00
        35    0.5090000000E+02    0.5578253898E+02    0.7855106800E+00   -0.3195612000E-01
