Model_ID, [(c_i,i=0,n)_j,j=1,ntask]
           1    0.3009116227E+03    0.2929431823E+03   -0.1545360454E+03
           2    0.3006028755E+03    0.2998557948E+03   -0.3760398874E+03
           3    0.2966149017E+03    0.3172599588E+03   -0.3675867925E+03
           4    0.2989630643E+03    0.2919031338E+03   -0.1633097862E+03
           5    0.2934104925E+03    0.2804308498E+03   -0.1890569562E+03
           6    0.3033252530E+03    0.2958971959E+03   -0.2533645052E+03
           7    0.3019631061E+03    0.2858390666E+03   -0.3970807933E+03
           8    0.2960327823E+03    0.2818076187E+03   -0.1725650963E+03
           9    0.2915350722E+03    0.3117847413E+03   -0.1221929752E+04
          10    0.3040261703E+03    0.2894516407E+03   -0.3645609212E+03
          11    0.2795072209E+03    0.2932571152E+03   -0.1453022700E+03
          12    0.2968533049E+03    0.3061597265E+03   -0.1958080608E+03
          13    0.2771679583E+03    0.2914113470E+03   -0.1519638641E+03
          14    0.3046146058E+03    0.2967868677E+03   -0.2843236300E+03
          15    0.3004787733E+03    0.2984980770E+03   -0.4739897878E+03
          16    0.2830117888E+03    0.2974377107E+03   -0.1352706137E+03
          17    0.2739179331E+03    0.2870430082E+03   -0.1602823725E+03
          18    0.3006716798E+03    0.3047425815E+03   -0.3403922598E+03
          19    0.2993427292E+03    0.3216839543E+03   -0.3380754067E+03
          20    0.2903891037E+03    0.2917577891E+03   -0.2242220812E+03
          21    0.3070282889E+03    0.2969733363E+03   -0.1496987796E+03
          22    0.2768112491E+03    0.2893586433E+03   -0.1517845867E+03
          23    0.2994259747E+03    0.3072531121E+03   -0.1813816809E+03
          24    0.3113018884E+03    0.3069519112E+03   -0.3175497397E+03
          25    0.2752436227E+03    0.2742160223E+03   -0.1348261880E+03
          26    0.2826409546E+03    0.2954776236E+03   -0.1360642714E+03
          27    0.2956428731E+03    0.3187218536E+03   -0.1105163357E+04
          28    0.3049379564E+03    0.2865910572E+03   -0.4592746933E+03
          29    0.3095840196E+03    0.2987400492E+03   -0.2856943035E+03
          30    0.3091330985E+03    0.2975310218E+03   -0.2908787903E+03
          31    0.3092615255E+03    0.2940441674E+03   -0.1621316201E+03
          32    0.2978558018E+03    0.2738951600E+03   -0.4320198477E+03
          33    0.2830767811E+03    0.3009226239E+03   -0.8903637306E+02
          34    0.2808205993E+03    0.2939750095E+03   -0.1409568316E+03
          35    0.3032837877E+03    0.3002212261E+03   -0.4195608735E+03
          36    0.3049677361E+03    0.2917851340E+03   -0.8002977773E+02
          37    0.3040401884E+03    0.2953899101E+03   -0.2050705915E+03
          38    0.2879247517E+03    0.3464551405E+03   -0.5732420556E+02
          39    0.3084477813E+03    0.3004111392E+03   -0.1398957025E+03
          40    0.3046277752E+03    0.2919718029E+03   -0.3497106487E+03
          41    0.2990193387E+03    0.3038246625E+03   -0.3578011948E+03
          42    0.2840709211E+03    0.2979581681E+03   -0.1317826436E+03
          43    0.3140561924E+03    0.2901301133E+03   -0.1669360755E+03
          44    0.3035159963E+03    0.3067463467E+03   -0.3365150348E+03
          45    0.3079310290E+03    0.2998096403E+03   -0.1431817654E+03
          46    0.3033132513E+03    0.2986011560E+03   -0.2482250086E+03
          47    0.3020929620E+03    0.2922071183E+03   -0.1581018070E+03
          48    0.2805364692E+03    0.2920983053E+03   -0.1405987634E+03
          49    0.2970355802E+03    0.3056533574E+03   -0.2936596095E+03
          50    0.3040648200E+03    0.3218692165E+03   -0.1805574044E+03
          51    0.2836734461E+03    0.2863662953E+03   -0.1140905076E+03
          52    0.3021442575E+03    0.3055113320E+03   -0.1485725534E+03
          53    0.3111242702E+03    0.3056369284E+03   -0.1263686611E+03
          54    0.2780850456E+03    0.2943939490E+03   -0.9738846667E+02
          55    0.2980520124E+03    0.3090151419E+03   -0.2659164747E+03
          56    0.2998968861E+03    0.3188660921E+03   -0.3301182955E+03
          57    0.2783605900E+03    0.2902872302E+03   -0.1466741677E+03
          58    0.3027648437E+03    0.2907876617E+03   -0.1580026489E+03
          59    0.3121201789E+03    0.3039977123E+03   -0.2108139522E+03
          60    0.3004429962E+03    0.2742880379E+03   -0.1998324152E+03
          61    0.2941380099E+03    0.2790742351E+03   -0.3234109102E+03
          62    0.3049944429E+03    0.3181692526E+03   -0.2458070542E+03
          63    0.3078383637E+03    0.3226295041E+03   -0.2896072331E+03
          64    0.2757519812E+03    0.2887451524E+03   -0.1517881904E+03
          65    0.2990247504E+03    0.3196871407E+03   -0.4031324634E+03
          66    0.3018803509E+03    0.3017041654E+03   -0.2649843195E+03
          67    0.3093426089E+03    0.3030496650E+03   -0.1291887012E+03
          68    0.3100224645E+03    0.2925779238E+03   -0.1861101516E+03
          69    0.3002997034E+03    0.3224929363E+03   -0.3260105315E+03
          70    0.3011531768E+03    0.3069185984E+03   -0.3302585456E+03
          71    0.3098313014E+03    0.3036864373E+03   -0.1288666482E+03
          72    0.3025127361E+03    0.3112324633E+03   -0.8650083339E+02
          73    0.2720656752E+03    0.2839944708E+03   -0.1614336518E+03
          74    0.2887623193E+03    0.3016203615E+03   -0.1184859918E+03
          75    0.2983533709E+03    0.2838992293E+03   -0.2804060552E+03
          76    0.3022033420E+03    0.3188118916E+03   -0.1898931513E+03
          77    0.3063398937E+03    0.2900351441E+03   -0.1618379071E+03
          78    0.3047325243E+03    0.3173238341E+03   -0.2482545864E+03
          79    0.3043074322E+03    0.2990679302E+03   -0.2832663292E+03
          80    0.2939553204E+03    0.3154908542E+03   -0.1401689421E+04
          81    0.3067588617E+03    0.3267813492E+03   -0.3322258954E+03
          82    0.3070332293E+03    0.2920849314E+03   -0.4113763059E+03
          83    0.2986770614E+03    0.2917558813E+03   -0.2880369901E+03
          84    0.3000855790E+03    0.2874633067E+03   -0.1659824149E+03
          85    0.3054665796E+03    0.3157910436E+03   -0.2444892811E+03
          86    0.2998495152E+03    0.2906494161E+03   -0.1707316770E+03
          87    0.3048641433E+03    0.3213025881E+03   -0.1705865382E+03
          88    0.2806067127E+03    0.2938662356E+03   -0.1379755836E+03
          89    0.3116310649E+03    0.3026463914E+03   -0.2130997431E+03
          90    0.3096794586E+03    0.3047913989E+03   -0.1281027112E+03
          91    0.3051747943E+03    0.2961187926E+03   -0.2239058612E+03
          92    0.2991200168E+03    0.3081744468E+03   -0.9432770095E+02
          93    0.2755177144E+03    0.2888693880E+03   -0.1521304163E+03
          94    0.3085775347E+03    0.3198845545E+03   -0.2120117008E+03
          95    0.2972116870E+03    0.3213458867E+03   -0.1297440455E+04
          96    0.2980804650E+03    0.2868663304E+03   -0.1797776778E+03
          97    0.2966153533E+03    0.3203282085E+03   -0.6590056807E+02
          98    0.3043035963E+03    0.3218477345E+03   -0.1732712077E+03
          99    0.3043312709E+03    0.3167968901E+03   -0.2491414445E+03
         100    0.2980971256E+03    0.2823021649E+03   -0.9590705215E+02
