        Rank        RMSE       MaxAE  Feature_ID
           1   10.606524   27.151457  (    2018   10035)
           2   10.639597   27.268706  (    3112   10035)
           3   10.764670   26.822389  (    1084   10546)
           4   10.807615   25.682884  (    2018   10044)
           5   10.821309   33.200023  (    2018   10322)
           6   10.822293   27.604673  (    7471   10035)
           7   10.854512   26.480005  (    1084   16341)
           8   10.862609   25.807101  (    3112   10044)
           9   10.865043   27.403767  (    2430   10035)
          10   10.865162   26.737988  (    1590   10546)
          11   10.871337   26.350595  (     693   10546)
          12   10.880787   24.015418  (    1084   19115)
          13   10.883396   26.550705  (    1084   11944)
          14   10.909723   33.366196  (    3112   10322)
          15   10.927862   26.817728  (    1862   10546)
          16   10.932351   26.291550  (    1862   10035)
          17   10.937220   22.675225  (    1084   19288)
          18   10.937287   26.445373  (    1084   17764)
          19   10.938981   27.003465  (    2720   10546)
          20   10.946935   24.511857  (    1084   16383)
          21   10.947665   26.400143  (    1590   16341)
          22   10.948302   26.446467  (    1084   17592)
          23   10.957090   25.458814  (     611   13451)
          24   10.959507   26.577576  (    1084   14122)
          25   10.969311   26.471151  (    2720   10035)
          26   10.974973   26.513216  (    1163   10546)
          27   10.975435   23.936710  (    1590   19115)
          28   10.977703   26.541239  (    1169   10546)
          29   10.979634   26.548036  (    1177   10546)
          30   10.982931   26.466186  (    1590   11944)
          31   10.983561   25.702187  (    1084   15377)
          32   10.984773   26.576544  (    1216   10546)
          33   10.986606   25.320795  (     611   10546)
          34   10.986693   27.559895  (    3731   10546)
          35   10.990315   26.088582  (     693   11944)
          36   10.992544   26.180350  (    1084   10035)
          37   10.995056   25.998322  (     693   16341)
          38   10.997905   26.566772  (    1252   10546)
          39   10.999433   22.600523  (    1590   19288)
          40   11.000396   26.556079  (    1270   10546)
          41   11.004217   26.377885  (    1590   17764)
          42   11.006661   26.488979  (    1084   14819)
          43   11.008363   26.379497  (    1406   10546)
          44   11.011259   26.335233  (    1121   10546)
          45   11.015173   24.942753  (    3657   10035)
          46   11.016174   26.737249  (    1084   16001)
          47   11.016279   26.535177  (    1324   10546)
          48   11.018851   26.432491  (    1084   14750)
          49   11.019058   26.376853  (    1590   17592)
          50   11.025603   23.607734  (     693   19115)
          51   11.029988   25.940589  (    2430   10044)
          52   11.033483   24.434543  (    1590   16383)
          53   11.036981   25.051768  (    2388   10546)
          54   11.038697   23.888173  (    5042   16945)
          55   11.039893   26.474269  (    1084   17202)
          56   11.040333   26.512321  (    1084   16625)
          57   11.040498   23.889630  (    5546   16945)
          58   11.042033   26.662966  (    2103   10546)
          59   11.042140   26.259156  (    1216   16341)
          60   11.043907   26.218924  (    1637   10546)
          61   11.044205   26.218908  (    1169   16341)
          62   11.044626   24.021887  (    1862   19115)
          63   11.045029   26.226387  (    1177   16341)
          64   11.045333   26.571111  (    1481   10546)
          65   11.045549   24.716099  (     611   10035)
          66   11.045757   26.188348  (    1163   16341)
          67   11.046192   26.544588  (    1862   11944)
          68   11.047672   22.525790  (    1084   17714)
          69   11.048824   26.453270  (    1084   17302)
          70   11.049597   25.423243  (    1084   17895)
          71   11.049739   26.376587  (    1084   17460)
          72   11.050411   26.531342  (    1084   17214)
          73   11.052168   25.876773  (    1262   10546)
          74   11.052426   33.702459  (    7471   10322)
          75   11.054656   26.726940  (    2720   11944)
          76   11.055583   26.249531  (    1252   16341)
          77   11.057271   26.239094  (    1270   16341)
          78   11.058106   22.622927  (    1084   16391)
          79   11.058613   33.387266  (    2430   10322)
          80   11.059198   26.755693  (    1084   13451)
          81   11.061102   26.490870  (    1590   14122)
          82   11.061107   26.148248  (    7471   10044)
          83   11.062904   25.578810  (    1262   16341)
          84   11.064346   22.637787  (     611   19115)
          85   11.065894   26.398234  (    1084   18336)
          86   11.066690   26.043009  (    3719   10035)
          87   11.068577   24.175486  (    2720   19115)
          88   11.069671   24.022788  (    5042   17895)
          89   11.072589   28.157654  (    3112   10411)
          90   11.072669   26.218593  (    1324   16341)
          91   11.075053   26.113504  (     693   14122)
          92   11.075878   25.620871  (    1590   15377)
          93   11.079442   26.401572  (    1366   10546)
          94   11.080300   26.052658  (    1406   16341)
          95   11.081651   24.036666  (    5546   17895)
          96   11.084038   25.735171  (    1161   10546)
          97   11.084349   26.561909  (    3719   10546)
          98   11.090927   26.752428  (    5147   10546)
          99   11.092859   26.247919  (    1163   11944)
         100   11.094145   23.906703  (    7973   16945)
