        Rank        RMSE       MaxAE  Feature_ID
           1   23.778709   64.153461  (      77   10007)
           2   24.616538   75.003616  (      77   10022)
           3   24.665446   73.781660  (      77   10019)
           4   24.896353   73.476879  (      77   10052)
           5   24.935287   66.681881  (    1012   10022)
           6   24.936235   75.328775  (    3497   12042)
           7   24.942262   76.162391  (       6   19070)
           8   24.943065   66.213009  (    1012   10007)
           9   24.985850   73.835409  (      77   10076)
          10   25.027744   74.273866  (      77   10554)
          11   25.036427   65.361762  (    1012   10019)
          12   25.061807   74.203092  (      77   10499)
          13   25.096661   73.967528  (      77   10207)
          14   25.104023   68.252925  (    1012   10062)
          15   25.140248   81.846821  (      16   10022)
          16   25.161146   80.728781  (       6   10235)
          17   25.189098   63.885035  (    1039   10026)
          18   25.214811   80.851587  (       6   10264)
          19   25.229315   51.951688  (    2855   19013)
          20   25.241210   79.938620  (      16   10180)
          21   25.244913   72.522640  (     127   10235)
          22   25.265978   66.621475  (    1012   10041)
          23   25.293778   73.934222  (      77   10257)
          24   25.302945   63.244517  (    1039   13408)
          25   25.312292   73.915682  (      77   10250)
          26   25.313083   73.914915  (      77   10249)
          27   25.314449   80.882804  (      16   10019)
          28   25.316515   72.681552  (     127   10264)
          29   25.333541   73.895745  (      77   10233)
          30   25.354493   73.877394  (      77   10220)
          31   25.354747   73.416353  (      58   10359)
          32   25.355323   73.876692  (      77   10218)
          33   25.370152   73.682941  (      58   10554)
          34   25.373312   67.378022  (     117   10007)
          35   25.375216   73.860435  (      77   10204)
          36   25.380234   77.291891  (       6   12357)
          37   25.381518   52.155521  (    2712   19013)
          38   25.381614   68.331965  (    1012   10224)
          39   25.388981   63.856665  (    1039   10581)
          40   25.391495   62.939771  (    1039   11046)
          41   25.410419   73.623904  (      58   10499)
          42   25.426896   77.360627  (      77   10687)
          43   25.429886   71.607437  (     117   10359)
          44   25.432699   76.924038  (      77   10224)
          45   25.435781   74.074023  (      77   10065)
          46   25.453618   73.415170  (      58   10207)
          47   25.474266   76.600992  (     841   10573)
          48   25.474658   77.183747  (      77   10062)
          49   25.481464   71.891680  (     117   10554)
          50   25.491155   75.629733  (      77   10041)
          51   25.499005   74.132766  (      77   10705)
          52   25.510999   65.292019  (    1012   10052)
          53   25.511049   63.412452  (    1039   10828)
          54   25.511224   67.575480  (    4639   10573)
          55   25.512927   79.928747  (      28   10180)
          56   25.517343   71.828165  (     117   10499)
          57   25.519250   78.981724  (    3497   10372)
          58   25.528757   68.837193  (    1012   10687)
          59   25.534752   71.605913  (     117   10207)
          60   25.537077   62.403650  (    1039   11043)
          61   25.537972   74.239980  (      77   10047)
          62   25.549178   63.275396  (    1039   10590)
          63   25.551765   67.330207  (     117   10030)
          64   25.554255   61.381385  (    1039   10192)
          65   25.562036   73.547886  (      77   10057)
          66   25.564430   69.385264  (      58   10030)
          67   25.565065   80.660041  (      16   10052)
          68   25.575241   80.710859  (      27   10180)
          69   25.591941   66.748667  (    5340   10573)
          70   25.597474   77.126289  (      77   10989)
          71   25.598012   67.737771  (    1012   10147)
          72   25.605892   66.692178  (    5414   10573)
          73   25.611137   76.684858  (      77   10378)
          74   25.611388   73.897365  (      77   10266)
          75   25.617571   76.409217  (      77   10147)
          76   25.618165   66.646582  (    5465   10573)
          77   25.618766   73.363451  (      58   10052)
          78   25.618982   74.313107  (      77   11040)
          79   25.622958   65.850016  (      58   10007)
          80   25.625767   80.965161  (      16   10076)
          81   25.637822   72.530113  (    5004   12042)
          82   25.639012   72.969426  (      58   10652)
          83   25.639227   78.865892  (     519   10573)
          84   25.641425   65.730738  (    1012   10076)
          85   25.645278   83.554258  (       6   10115)
          86   25.649903   72.730557  (      58   10228)
          87   25.651660   76.798232  (      77   10247)
          88   25.664653   68.205472  (    1012   10247)
          89   25.666295   72.919522  (      58   10604)
          90   25.667450   76.785277  (      77   10236)
          91   25.675429   68.183195  (    1012   10236)
          92   25.681607   73.260020  (      58   10204)
          93   25.683497   76.772721  (      77   10230)
          94   25.686522   68.161376  (    1012   10230)
          95   25.686614   66.439343  (    5764   10573)
          96   25.688905   73.308402  (      58   10218)
          97   25.689222   73.310457  (      58   10220)
          98   25.690965   77.525181  (      77   11808)
          99   25.691510   62.669828  (    1039   10115)
         100   25.692628   71.759736  (      58   13098)
