        Rank        RMSE       MaxAE  Feature_ID
           1   25.237590   77.997557  (     498   14806)
           2   25.549963   72.985790  (     498   16819)
           3   25.652155  103.849946  (       1   10001)
           4   25.751122  105.470922  (     293   19882)
           5   25.762182   74.150023  (     498   12998)
           6   25.844012   95.287311  (     519   10575)
           7   25.851102   78.341688  (     498   12648)
           8   25.853062   78.355826  (     498   12659)
           9   25.891154   71.017971  (     498   13387)
          10   25.906083   75.380415  (     498   13008)
          11   25.913585   75.912610  (    2178   16819)
          12   25.962509   95.024103  (     480   10575)
          13   26.007230   57.686203  (     149   10001)
          14   26.007642   97.996178  (    9999   18943)
          15   26.023460   62.214098  (     498   10001)
          16   26.060221   72.467717  (    2701   16819)
          17   26.069846   76.788024  (     498   13832)
          18   26.091185   76.816897  (     498   13950)
          19   26.094424  104.654517  (       1   10009)
          20   26.118545   59.606622  (     498   18351)
          21   26.120101   76.800218  (     498   13827)
          22   26.124598   93.504964  (      29   10062)
          23   26.155124   65.957696  (     149   12998)
          24   26.158949   67.175243  (     149   13008)
          25   26.192526   94.680200  (      29   10130)
          26   26.192878   76.498797  (    2701   13827)
          27   26.207729   76.501338  (    2701   13832)
          28   26.224009   95.256325  (     825   10575)
          29   26.228238   95.287917  (     915   10575)
          30   26.232752   95.138916  (      29   10334)
          31   26.237327   92.142699  (      29   10003)
          32   26.237768   95.503394  (      29   10479)
          33   26.241931   70.254216  (    2701   13387)
          34   26.245624   64.228910  (    3927   10009)
          35   26.248971   76.933366  (     273   10300)
          36   26.284847   93.572689  (      29   10591)
          37   26.296591   94.302201  (      29   10859)
          38   26.310678  105.615862  (       1   10016)
          39   26.326900   93.964458  (      29   10075)
          40   26.331355  105.350275  (       1   10004)
          41   26.340438   93.929180  (      29   10539)
          42   26.343398  105.369581  (       1   10007)
          43   26.365740   74.593929  (     498   13172)
          44   26.379083   95.580333  (      29   10365)
          45   26.381393   77.057087  (     498   16240)
          46   26.383625  105.346870  (       1   10006)
          47   26.387779   77.517974  (     498   17028)
          48   26.392678   64.233701  (    3927   10001)
          49   26.394082   78.615714  (     498   18182)
          50   26.397888   69.998516  (     149   13172)
          51   26.403985  106.685999  (    1907   16188)
          52   26.408790  106.184427  (    1907   15551)
          53   26.418180   73.788531  (    2701   12998)
          54   26.422602   76.885519  (     498   17321)
          55   26.434901   94.773863  (      29   10295)
          56   26.442741   93.747750  (      29   10088)
          57   26.445824   76.898465  (     498   17920)
          58   26.457806   96.079598  (      29   10416)
          59   26.467329   76.963422  (     498   17314)
          60   26.468217   76.779533  (     498   19583)
          61   26.468962   76.926739  (     498   16815)
          62   26.478414   94.809128  (      29   10023)
          63   26.501510   94.654607  (      29   10221)
          64   26.504380   76.853896  (     498   17481)
          65   26.507178   78.119148  (       9   15663)
          66   26.515450   97.200119  (    1907   19015)
          67   26.528541   73.931600  (    2178   13387)
          68   26.531149   78.505165  (    2178   13008)
          69   26.535665  105.226348  (    1907   18182)
          70   26.547181   77.289605  (    2178   12998)
          71   26.548408   76.742373  (     498   17657)
          72   26.557974   76.874928  (     498   18662)
          73   26.566858  100.070192  (    1907   18136)
          74   26.567170   94.417886  (      29   10091)
          75   26.568467   79.942685  (     498   16188)
          76   26.572826   74.183394  (     498   18136)
          77   26.573069   93.797887  (      29   10180)
          78   26.575110   58.258442  (     498   15639)
          79   26.579098   95.213566  (      29   10181)
          80   26.581945   95.446184  (      29   10489)
          81   26.591846   92.917129  (      29   10347)
          82   26.596189   77.236871  (     498   18814)
          83   26.600305   76.930697  (     498   18509)
          84   26.600528   96.711516  (    1907   13387)
          85   26.601815   95.547286  (      29   10491)
          86   26.602612   96.132057  (      29   10608)
          87   26.604220   76.719635  (     498   17261)
          88   26.606456   95.393577  (      29   10492)
          89   26.609767   76.761124  (     498   18449)
          90   26.618897   95.935300  (      29   10359)
          91   26.621333   76.553410  (     498   16716)
          92   26.621412   95.244327  (      29   10596)
          93   26.626982   95.238749  (      29   10499)
          94   26.630179   68.421326  (     149   13832)
          95   26.634089   77.290801  (     498   16846)
          96   26.635515   75.154190  (    2701   13008)
          97   26.636131  105.871542  (    9999   12375)
          98   26.638085   76.807329  (     498   17844)
          99   26.638910  106.336367  (    9999   12635)
         100   26.645985   75.927970  (     132   10012)
