     Index              y_true              y_pred        descriptor_1        descriptor_2
         1    0.3410000000E+03    0.3296808648E+03   -0.1700733600E+00    0.7749000000E+00
         2    0.2606000000E+03    0.2069387017E+03   -0.4175168900E+00   -0.2549000000E+00
         3    0.1721500000E+03    0.1794425064E+03   -0.4362980600E+00   -0.6295000000E+00
         4    0.1338500000E+03    0.1650571015E+03   -0.5663268600E+00   -0.3535000000E+00
         5    0.2362500000E+03    0.2303862643E+03   -0.3463273100E+00   -0.1521000000E+00
         6    0.3590000000E+03    0.3567096325E+03   -0.1548632000E+00    0.1155900000E+01
         7    0.2234200000E+03    0.1985651646E+03   -0.4729947600E+00   -0.1736000000E+00
         8    0.2050000000E+02    0.2753279603E+02   -0.9783000000E+00   -0.9783000000E+00
         9    0.1516000000E+03    0.1783513168E+03   -0.4865438800E+00   -0.4500000000E+00
        10    0.3340000000E+03    0.3479831667E+03   -0.2072479600E+00    0.1219300000E+01
        11    0.4062400000E+03    0.4074981796E+03    0.3129106000E-01    0.1253100000E+01
        12    0.2138000000E+03    0.2373230729E+03   -0.3433451400E+00   -0.5070000000E-01
        13    0.3670000000E+03    0.3699234875E+03   -0.1278895000E-01    0.8135000000E+00
        14    0.2800000000E+03    0.3121303300E+03   -0.1693027200E+00    0.4857000000E+00
        15    0.1832000000E+03    0.1908276519E+03   -0.4715853000E+00   -0.3053000000E+00
        16    0.2195740000E+03    0.1811196952E+03   -0.4856931600E+00   -0.4082000000E+00
        17    0.1744500000E+03    0.1529064406E+03   -0.6717439400E+00   -0.1377000000E+00
        18    0.3092000000E+03    0.3025806979E+03   -0.1712926600E+00    0.3378000000E+00
        19    0.1839000000E+03    0.1962886644E+03   -0.4659707700E+00   -0.2383000000E+00
        20    0.3116500000E+03    0.2964755983E+03   -0.2301351900E+00    0.4693000000E+00
        21    0.3410000000E+03    0.3448070540E+03   -0.1647141100E+00    0.1000500000E+01
        22    0.3200000000E+03    0.3319504845E+03   -0.1080830900E+00    0.5685000000E+00
        23    0.3540000000E+03    0.3414291988E+03   -0.8644647000E-01    0.6381000000E+00
        24    0.4260000000E+03    0.3903516835E+03   -0.5030374000E-01    0.1293900000E+01
        25    0.2287000000E+03    0.2618674317E+03   -0.3086802500E+00    0.2134000000E+00
        26    0.1875850000E+03    0.2009694587E+03   -0.4458452800E+00   -0.2410000000E+00
        27    0.8981300000E+02    0.7990247193E+02   -0.8047569600E+00   -0.8058000000E+00
        28    0.3958500000E+03    0.3665050358E+03   -0.1239655600E+00    0.1194300000E+01
        29    0.3410000000E+03    0.3874430221E+03   -0.6645732000E-01    0.1309900000E+01
        30    0.2256100000E+03    0.1952282252E+03   -0.5127526300E+00   -0.7190000000E-01
        31    0.1591000000E+03    0.1715186507E+03   -0.5001974800E+00   -0.5078000000E+00
        32    0.2375000000E+03    0.2412125263E+03   -0.3145105700E+00   -0.1005000000E+00
        33    0.2677000000E+03    0.2577535548E+03   -0.3109926400E+00    0.1554000000E+00
        34    0.3525250000E+03    0.3614997698E+03   -0.3648782000E-01    0.7692000000E+00
        35    0.4610000000E+03    0.3783224649E+03   -0.7697985000E-01    0.1202500000E+01
        36    0.3124500000E+03    0.3113241161E+03   -0.2233313200E+00    0.6847000000E+00
        37    0.1399000000E+03    0.1326627211E+03   -0.6146934100E+00   -0.6918000000E+00
        38    0.2930000000E+03    0.3036418766E+03   -0.6730736000E-01   -0.5320000000E-01
        39    0.7620000000E+02    0.8929567177E+02   -0.8290625700E+00   -0.5572000000E+00
        40    0.1984000000E+03    0.1940382597E+03   -0.3593107900E+00   -0.6938000000E+00
        41    0.2720000000E+03    0.3498379882E+03   -0.1899696300E+00    0.1181700000E+01
        42    0.3137600000E+03    0.3151940003E+03   -0.1616228600E+00    0.5055000000E+00
