Model_ID, [(c_i,i=0,n)_j,j=1,ntask]
           1    0.6108871816E+02   -0.5257958380E+02    0.1895158939E+03
           2    0.6106428227E+02   -0.5254821966E+02    0.1894600812E+03
           3    0.6116430988E+02   -0.5307697053E+02    0.1863803485E+03
           4    0.5833455548E+02   -0.4904137169E+02    0.4779093927E+03
           5    0.5833625107E+02   -0.4910408269E+02    0.4805768819E+03
           6    0.4546159799E+02   -0.3849704793E+02    0.3350426702E+03
           7    0.4525959104E+02   -0.3838297956E+02    0.3478616592E+03
           8    0.5823898771E+02   -0.4850778283E+02    0.4544413814E+03
           9    0.5199577862E+02   -0.4183948968E+02    0.1734515816E+03
          10    0.4481370401E+02   -0.3903765314E+02    0.3466854991E+03
          11    0.5056453461E+02   -0.4034485859E+02   -0.3439084473E+03
          12    0.5192351714E+02   -0.4182111373E+02    0.1746412824E+03
          13    0.4493738259E+02    0.3912156989E+02    0.3466510403E+03
          14    0.6446076877E+02   -0.6826706547E+02   -0.2952734440E+03
          15    0.5818494651E+02   -0.4828620115E+02    0.4467834040E+03
          16    0.3742143720E+02    0.3471273006E+02    0.2109882852E+03
          17    0.5094237274E+02   -0.3916325466E+02   -0.5682046110E+03
          18    0.4517692987E+02   -0.3895797478E+02    0.3433592850E+03
          19    0.4493332874E+02   -0.3886367321E+02    0.3461737332E+03
          20    0.5077826900E+02   -0.4058061660E+02   -0.4036674443E+03
          21    0.4578708762E+02   -0.3679189015E+02   -0.6253905674E+03
          22    0.5819154450E+02   -0.4891559804E+02   -0.5992802696E+03
          23    0.4499364772E+02   -0.3854346677E+02    0.3457691216E+03
          24    0.5163832798E+02   -0.4122712255E+02    0.1759280143E+03
          25    0.6631121689E+02   -0.5802273226E+02    0.1970978778E+03
          26    0.6603718788E+02    0.5773398746E+02    0.1957621518E+03
          27    0.5818955225E+02   -0.4896799322E+02   -0.6023057579E+03
          28    0.4504136914E+02   -0.3863122851E+02    0.3454976389E+03
          29    0.5173331316E+02   -0.4214429579E+02    0.1763216778E+03
          30    0.4544035422E+02   -0.3835335199E+02   -0.4692641711E+03
          31    0.5099737438E+02   -0.4072791781E+02   -0.3411051517E+03
          32    0.5187249185E+02   -0.4146837014E+02    0.1754206848E+03
          33    0.5162285363E+02    0.3965067217E+02    0.1772177455E+03
          34    0.3848082492E+02   -0.3392797477E+02    0.2054761867E+03
          35    0.5183834776E+02   -0.4154779073E+02    0.1758877687E+03
          36    0.6625960208E+02   -0.3008360780E+02    0.2076494381E+03
          37    0.5167752372E+02    0.4102354271E+02    0.1742553470E+03
          38    0.4492620476E+02    0.3887662634E+02    0.3457819596E+03
          39    0.4508845849E+02   -0.3870252198E+02    0.3452097413E+03
          40    0.3841617943E+02   -0.3389863280E+02    0.2061443985E+03
          41    0.5191379124E+02   -0.4150410424E+02    0.1769777808E+03
          42    0.5135868896E+02   -0.3954960804E+02   -0.5643996249E+03
          43    0.4520127805E+02   -0.3814136454E+02    0.3449058421E+03
          44    0.4478971426E+02    0.3888168783E+02    0.3467862062E+03
          45    0.5141089451E+02   -0.4117946312E+02    0.1765325421E+03
          46    0.5155620562E+02   -0.4052929746E+02    0.1758442733E+03
          47    0.3904332304E+02   -0.3562395213E+02    0.2627930728E+03
          48    0.5152129842E+02   -0.4060605476E+02    0.1762931021E+03
          49    0.5177224103E+02   -0.4170237887E+02    0.1754876233E+03
          50    0.5488073172E+02   -0.4489928334E+02    0.1650779059E+03
          51    0.5341573135E+02   -0.4338678290E+02   -0.3288427390E+03
          52    0.5154914050E+02    0.3963482726E+02    0.1784947706E+03
          53    0.5121240164E+02   -0.4097136457E+02   -0.4005709330E+03
          54    0.5166878928E+02   -0.3947161788E+02    0.7979935371E+03
          55    0.5159723229E+02   -0.4056324176E+02    0.1773870137E+03
          56    0.5024872123E+02    0.3953917910E+02   -0.3454258597E+03
          57    0.5160516308E+02    0.4100723536E+02    0.1754886589E+03
          58    0.5204531480E+02   -0.4190476029E+02    0.1966679697E+03
          59    0.5228732334E+02   -0.4097421664E+02    0.3126447711E+03
          60    0.5197806010E+02   -0.4006227570E+02    0.3139780989E+03
          61    0.6628068987E+02   -0.5794391136E+02    0.1981406545E+03
          62    0.5175642763E+02   -0.4179394805E+02    0.1751316094E+03
          63    0.5175449273E+02   -0.4176044886E+02    0.1750868805E+03
          64    0.5809797976E+02   -0.4824102693E+02   -0.5676728547E+03
          65    0.6180004103E+02    0.2986509252E+02    0.2469608560E+03
          66    0.5145370470E+02   -0.4075526213E+02    0.1758534120E+03
          67    0.5176058346E+02   -0.4175556479E+02    0.1749544194E+03
          68    0.5169939485E+02   -0.4164970422E+02    0.1750889835E+03
          69    0.5175916344E+02   -0.4176062969E+02    0.1749453417E+03
          70    0.5159064288E+02   -0.4071207100E+02    0.1722527365E+03
          71    0.5175775706E+02   -0.4176568528E+02    0.1749344804E+03
          72    0.5085446633E+02   -0.3509685569E+02    0.3015013744E+03
          73    0.4506410413E+02   -0.3848339226E+02    0.3450462575E+03
          74    0.5182027396E+02   -0.4187027062E+02    0.1746025158E+03
          75    0.5063860320E+02   -0.3816091172E+02   -0.5625545251E+03
          76    0.5363876725E+02   -0.4365536412E+02   -0.3866663138E+03
          77    0.5176386921E+02   -0.4176078253E+02    0.1747983768E+03
          78    0.5450654620E+02   -0.4432463909E+02    0.1668704937E+03
          79    0.5176199122E+02   -0.4172732114E+02    0.1747465133E+03
          80    0.5315293011E+02   -0.3953933222E+02    0.1609949196E+03
          81    0.5063541145E+02    0.3837525137E+02   -0.5712366097E+03
          82    0.5318620890E+02   -0.3925499812E+02    0.1609139519E+03
          83    0.5481086094E+02   -0.4487776997E+02    0.1661042531E+03
          84    0.5170977197E+02   -0.4229099305E+02    0.2061104984E+03
          85    0.4476283266E+02   -0.3861109836E+02    0.1918267999E+03
          86    0.6054288363E+02    0.2908314910E+02    0.1954480742E+03
          87    0.5136643665E+02    0.4070620250E+02    0.1770454341E+03
          88    0.5164013290E+02    0.4137381421E+02    0.1765438021E+03
          89    0.5369548968E+02   -0.4215910077E+02   -0.5436979709E+03
          90    0.5184002568E+02   -0.4157056631E+02    0.2058711678E+03
          91    0.5187000631E+02   -0.4150189056E+02    0.2052971432E+03
          92    0.5165603597E+02   -0.4066908688E+02    0.1700521002E+03
          93    0.6950303220E+02    0.7662846839E+02   -0.4708360916E+03
          94    0.5025925537E+02   -0.3925918114E+02   -0.3385436497E+03
          95    0.3816379663E+02    0.3553840846E+02    0.2627478452E+03
          96    0.5158273992E+02    0.3998115852E+02    0.1793787124E+03
          97    0.5142610884E+02   -0.4072158003E+02    0.1767064763E+03
          98    0.4480405451E+02   -0.3875758131E+02    0.1846389337E+03
          99    0.5143704857E+02   -0.4084327976E+02    0.1754678431E+03
         100    0.5143540544E+02   -0.4081117197E+02    0.1754358965E+03
