        Rank        RMSE       MaxAE  Feature_ID
           1   27.915411   66.367322  (       1   10002)
           2   28.094437   74.580223  (       1   10001)
           3   28.112544   71.736037  (       1   10271)
           4   28.142975   73.356289  (       1   10003)
           5   28.163548   74.322564  (       1   10023)
           6   28.173027   74.543730  (       1   10022)
           7   28.201683   73.897020  (       1   10029)
           8   28.214826   74.433306  (       1   10007)
           9   28.302162   73.498516  (       1   10005)
          10   28.305046   77.202673  (       1   10006)
          11   28.392966   74.166137  (       1   10039)
          12   28.420909   73.100528  (       1   10044)
          13   28.456785   75.389566  (       1   10053)
          14   28.569956   75.259364  (       1   10768)
          15   28.599643   75.259976  (       1   10004)
          16   28.626203   74.836145  (       1   10008)
          17   28.639358   73.986441  (       1   10009)
          18   28.640532   71.770670  (       1   10552)
          19   28.653167   72.213218  (       1   10824)
          20   28.655923   71.785676  (       1   10010)
          21   28.680304   72.455890  (       1   10051)
          22   28.692965   75.404879  (       1   10979)
          23   28.730399   73.116550  (       1   10012)
          24   28.758951   74.434899  (       1   10011)
          25   28.795241   63.090869  (       2   16542)
          26   28.796194   69.858865  (       1   11210)
          27   28.801837   72.871206  (       1   10014)
          28   28.824381   73.222922  (       1   10019)
          29   28.832483   74.214095  (       1   10013)
          30   28.851092   72.836649  (       1   10049)
          31   28.855969   73.381069  (       1   10016)
          32   28.856437   73.435988  (       1   10015)
          33   28.856738   73.909855  (       1   10025)
          34   28.860731   72.224704  (       1   10027)
          35   28.871158   73.197032  (       1   10018)
          36   28.911431   72.999972  (       1   10020)
          37   28.921485   72.435134  (       1   11079)
          38   28.929177   72.935590  (       1   10021)
          39   28.936205   63.080125  (       1   10975)
          40   28.940340   67.551287  (       1   11934)
          41   28.956254   73.992059  (       1   10094)
          42   28.985129   74.270624  (       1   11086)
          43   29.000036   71.798371  (       1   10041)
          44   29.000333   72.815607  (       1   10024)
          45   29.014755   73.474645  (       1   10026)
          46   29.027838   65.890718  (       1   10033)
          47   29.038280   74.106988  (       1   10030)
          48   29.039246   73.259673  (       1   10031)
          49   29.039401   77.122269  (       1   10017)
          50   29.039651   72.536260  (       1   11409)
          51   29.044844   72.827882  (       1   10073)
          52   29.052965   73.160791  (       1   11536)
          53   29.059865   72.919274  (       1   10042)
          54   29.071512   67.589531  (       1   12663)
          55   29.075686   66.731122  (       1   10040)
          56   29.109756   74.555488  (       1   10035)
          57   29.116916   72.999616  (       1   12418)
          58   29.122234   78.017114  (       1   10063)
          59   29.125027   72.825752  (       1   12371)
          60   29.138379   70.283223  (       1   13272)
          61   29.151507   65.251588  (       1   10034)
          62   29.160581   73.398265  (       1   12428)
          63   29.162204   73.814256  (       1   10052)
          64   29.168918   77.545278  (       1   10028)
          65   29.169619   69.479555  (       1   10032)
          66   29.169983   76.613071  (       1   10067)
          67   29.170087   65.222466  (       1   10036)
          68   29.170839   69.253982  (       1   10365)
          69   29.184533   73.132508  (       1   12791)
          70   29.195707   67.280480  (       1   10089)
          71   29.200061   72.310972  (       1   10037)
          72   29.215112   72.887848  (       1   13121)
          73   29.224858   72.400021  (       1   12624)
          74   29.234122   71.312455  (       1   10072)
          75   29.262925   65.077203  (       1   10043)
          76   29.268590   70.353322  (       1   14474)
          77   29.275129   73.723558  (       1   10056)
          78   29.275137   72.133770  (       1   12616)
          79   29.286795   72.623254  (       1   13776)
          80   29.291553   76.100489  (       1   10038)
          81   29.305297   71.670721  (       1   11005)
          82   29.311607   74.470016  (       1   10232)
          83   29.319100   72.941362  (       1   14260)
          84   29.327458   72.768870  (       1   14180)
          85   29.328067   69.304913  (       1   10987)
          86   29.339375   72.351035  (       1   14603)
          87   29.349020   74.484670  (       1   10048)
          88   29.350038   76.883397  (       1   10093)
          89   29.358560   73.797064  (       1   10045)
          90   29.362676   76.879023  (       1   10088)
          91   29.363263   73.795765  (       1   10074)
          92   29.375126   74.176052  (       1   10196)
          93   29.379023   73.108703  (       1   10124)
          94   29.384569   71.380942  (       1   11421)
          95   29.385961   73.871716  (       1   10059)
          96   29.388111   62.032866  (       1   13211)
          97   29.395970   73.771199  (       1   13411)
          98   29.399998   75.011197  (       1   10050)
          99   29.402156   69.708029  (       1   10086)
         100   29.402814   74.238176  (       1   10100)
