     Index              y_true              y_pred        descriptor_1        descriptor_2
         1    0.4680000000E+03    0.4843202427E+03    0.2203600000E+01    0.1002188400E+00
         2    0.2561000000E+03    0.2607003480E+03   -0.3580000000E-01    0.9726464000E-01
         3    0.2634000000E+03    0.2583205273E+03    0.2222000000E+00    0.3315266400E+00
         4    0.2516000000E+03    0.2857010110E+03   -0.7150000000E-01   -0.1402168700E+00
         5    0.1588000000E+03    0.2114836124E+03   -0.6896000000E+00   -0.3716868000E-01
         6    0.3450000000E+03    0.3814022999E+03    0.5633000000E+00   -0.4079541800E+00
         7    0.3674300000E+03    0.3541827189E+03    0.4542000000E+00   -0.2724046800E+00
         8    0.3387000000E+03    0.3509913586E+03    0.9156000000E+00    0.1376937100E+00
         9    0.2490000000E+03    0.2602062230E+03   -0.5857000000E+00   -0.3557723400E+00
        10    0.4920000000E+03    0.4311979490E+03    0.1732100000E+01    0.1497982200E+00
        11    0.3281500000E+03    0.3391262998E+03    0.6966000000E+00    0.5425546000E-01
        12    0.2396000000E+03    0.2492345447E+03   -0.4024000000E+00   -0.1121953500E+00
        13    0.3891500000E+03    0.3874158057E+03    0.1468100000E+01    0.2942424600E+00
        14    0.4150000000E+03    0.3873773843E+03    0.6979000000E+00   -0.3457225800E+00
        15    0.2990000000E+03    0.2663162322E+03   -0.2379000000E+00   -0.1174243200E+00
        16    0.2466500000E+03    0.2412450773E+03   -0.2522000000E+00    0.7907700000E-01
        17    0.5132000000E+03    0.4141399580E+03    0.1518300000E+01    0.1138460400E+00
        18    0.3334000000E+03    0.4209601923E+03    0.1618800000E+01    0.1407047400E+00
        19    0.3380000000E+03    0.3684706996E+03    0.1497700000E+01    0.4763196500E+00
        20    0.4010000000E+03    0.3905511483E+03    0.1026300000E+01   -0.9909640000E-01
        21    0.1743000000E+03    0.1775253689E+03    0.3489000000E+00    0.1108417400E+01
        22    0.9034100000E+02    0.1002816361E+03   -0.1233900000E+01    0.4346436400E+00
        23    0.4240000000E+03    0.3577515746E+03    0.7425000000E+00   -0.6239849000E-01
        24    0.3860000000E+03    0.3658309306E+03    0.1194900000E+01    0.2465368000E+00
        25    0.1693000000E+03    0.1599713261E+03   -0.4312000000E+00    0.6058105700E+00
        26    0.4711500000E+03    0.4761694972E+03    0.1937600000E+01   -0.5316460000E-01
        27    0.2561000000E+03    0.2417444015E+03   -0.1435000000E+00    0.1652913900E+00
        28    0.9070000000E+02    0.8029189702E+02   -0.1956600000E+01    0.0000000000E+00
        29    0.3632000000E+03    0.3691268322E+03    0.3046000000E+00   -0.5209846400E+00
        30    0.3091000000E+03    0.3848963044E+03    0.1258500000E+01    0.1409391900E+00
        31    0.4460000000E+03    0.4387942335E+03    0.2035800000E+01    0.3391311400E+00
        32    0.4780000000E+03    0.4491536932E+03    0.1854000000E+01    0.1018898400E+00
        33    0.3602000000E+03    0.3433842915E+03    0.6571000000E+00   -0.1397382000E-01
        34    0.3275000000E+03    0.3541271468E+03    0.4906000000E+00   -0.2416826400E+00
        35    0.3010000000E+03    0.3072667119E+03    0.4667000000E+00    0.1279485600E+00
        36    0.2720000000E+03    0.2578957708E+03   -0.3859000000E+00   -0.1704698800E+00
        37    0.8950000000E+02    0.8347861771E+02   -0.1423900000E+01    0.4163576200E+00
        38    0.2480000000E+03    0.2313840388E+03   -0.5575000000E+00   -0.9276160000E-01
        39    0.3945000000E+03    0.3647827414E+03    0.9847000000E+00    0.8050532000E-01
        40    0.2886400000E+03    0.2874346457E+03    0.1070000000E-01   -0.8629200000E-01
        41    0.4097000000E+03    0.4578732785E+03    0.1933300000E+01    0.9533727000E-01
        42    0.2530000000E+03    0.2629024283E+03    0.3600000000E-02    0.1117152400E+00
