Model_ID, [(c_i,i=0,n)_j,j=1,ntask]
           1    0.2962059349E+03    0.2896133308E+03    0.1475969490E+03
           2    0.2683238964E+03    0.2514862813E+03    0.1457015931E+03
           3    0.2755279495E+03    0.2544009275E+03   -0.2160052408E+03
           4    0.2944717444E+03    0.2905059671E+03    0.1441630688E+03
           5    0.2986882736E+03    0.2920374551E+03   -0.1620135255E+03
           6    0.3313494547E+03    0.2982469361E+03   -0.1921946149E+03
           7    0.2933076219E+03    0.2870453347E+03    0.1480160737E+03
           8    0.2750909334E+03    0.2531495793E+03   -0.2153104244E+03
           9    0.2738609677E+03    0.2515946009E+03    0.1613269876E+03
          10    0.2726653846E+03    0.2480152594E+03    0.1406499764E+03
          11    0.2759980703E+03    0.2484200773E+03   -0.1929692095E+03
          12    0.3039245716E+03    0.2964844539E+03   -0.1887677884E+03
          13    0.2986981745E+03    0.2933405360E+03   -0.1607652820E+03
          14    0.2828577975E+03    0.2661362417E+03   -0.1031797450E+03
          15    0.3256155163E+03    0.2946764821E+03   -0.1611064433E+03
          16    0.2829475113E+03    0.2655563634E+03   -0.1011159617E+03
          17    0.2666430422E+03    0.2561066422E+03    0.1392785377E+03
          18    0.2686565735E+03    0.2493091552E+03    0.1449345449E+03
          19    0.3068481737E+03    0.3029254954E+03   -0.1720411438E+03
          20    0.3347159540E+03    0.3044243211E+03   -0.1729550302E+03
          21    0.2701940353E+03    0.2505718828E+03    0.1380632623E+03
          22    0.2816642602E+03    0.2676900366E+03    0.8176342963E+02
          23    0.2774903364E+03    0.2512480295E+03   -0.1561273406E+03
          24    0.2694077782E+03    0.2508799211E+03   -0.1406279065E+03
          25    0.2935235256E+03    0.2798212560E+03    0.1414601122E+03
          26    0.2689641428E+03    0.2499188749E+03    0.1434982797E+03
          27    0.2826237133E+03    0.2647878368E+03   -0.9319945203E+02
          28    0.2689561465E+03    0.2498975413E+03    0.1434620991E+03
          29    0.2689481818E+03    0.2498761981E+03   -0.1434241887E+03
          30    0.2826708824E+03    0.2562301004E+03    0.1428464710E+03
          31    0.2693738175E+03    0.2485844298E+03    0.1447802426E+03
          32    0.2668180417E+03    0.2542096791E+03    0.1435452363E+03
          33    0.2828479735E+03    0.2635449576E+03   -0.8752360832E+02
          34    0.2671289786E+03    0.2542011506E+03    0.1208899174E+03
          35    0.2666082695E+03    0.2513264889E+03    0.1494695557E+03
          36    0.2679309912E+03    0.2509669698E+03    0.1464009277E+03
          37    0.2676191594E+03    0.2556158104E+03    0.1392114206E+03
          38    0.2981383152E+03    0.2906846121E+03   -0.1557425609E+03
          39    0.2828701128E+03    0.2641059010E+03   -0.9789976195E+02
          40    0.2813639216E+03    0.2682885928E+03    0.8907714387E+02
          41    0.2759942918E+03    0.2488553327E+03   -0.1871895365E+03
          42    0.2733553965E+03    0.2580136990E+03   -0.1525287691E+03
          43    0.2684549386E+03    0.2551618410E+03    0.1354625849E+03
          44    0.2671433131E+03    0.2547613426E+03    0.1420460118E+03
          45    0.2671358529E+03    0.2547390152E+03    0.1420105355E+03
          46    0.2671284461E+03    0.2547166194E+03   -0.1419733452E+03
          47    0.2730178162E+03    0.2516204398E+03   -0.7269199738E+02
          48    0.2746039454E+03    0.2511988961E+03   -0.1825568734E+03
          49    0.2715216815E+03    0.2466534046E+03    0.1484372895E+03
          50    0.3193799145E+03    0.2678206642E+03   -0.2059165804E+03
          51    0.2660405610E+03    0.2559614956E+03    0.1461313069E+03
          52    0.2826225389E+03    0.2633617211E+03    0.8715497850E+02
          53    0.2733912106E+03    0.2507192939E+03    0.1567258468E+03
          54    0.2826172414E+03    0.2642552841E+03   -0.9927744179E+02
          55    0.2673471777E+03    0.2487821150E+03    0.1520752774E+03
          56    0.2981923024E+03    0.2919925889E+03   -0.1569934333E+03
          57    0.2685607459E+03    0.2488561735E+03    0.1423727663E+03
          58    0.2806573912E+03    0.2669849891E+03   -0.8104005494E+02
          59    0.2745632995E+03    0.2501219365E+03   -0.1050080730E+03
          60    0.2675719695E+03    0.2534267444E+03    0.1417664937E+03
          61    0.2823945116E+03    0.2543470326E+03    0.1427818555E+03
          62    0.2826544944E+03    0.2639485956E+03   -0.9775035518E+02
          63    0.2723485483E+03    0.2465306596E+03   -0.2271010405E+03
          64    0.2675940804E+03    0.2295155628E+03    0.1733625056E+03
          65    0.2629726361E+03    0.2445017258E+03    0.7915283523E+02
          66    0.2734285332E+03    0.2532265666E+03   -0.7800194647E+02
          67    0.2733217322E+03    0.2487509507E+03   -0.1297600190E+03
          68    0.2748721415E+03    0.2466432718E+03   -0.2052746858E+03
          69    0.2686770865E+03    0.2510393506E+03   -0.1351385244E+03
          70    0.3153839509E+03    0.2606409214E+03   -0.2219018559E+03
          71    0.2685321068E+03    0.2504699758E+03    0.1460572330E+03
          72    0.2654130184E+03    0.2539459413E+03    0.1510457257E+03
          73    0.2760156991E+03    0.2535672817E+03    0.1895845350E+03
          74    0.3061808108E+03    0.3013345259E+03   -0.1689593327E+03
          75    0.2754718827E+03    0.2491110715E+03   -0.1880577305E+03
          76    0.2667587568E+03    0.2536709098E+03    0.1409223867E+03
          77    0.2803542578E+03    0.2676930747E+03   -0.8903116874E+02
          78    0.2722933447E+03    0.2489442245E+03    0.1319317676E+03
          79    0.2745998914E+03    0.2516582981E+03   -0.2331786031E+03
          80    0.2747857698E+03    0.2516837937E+03   -0.1184730345E+03
          81    0.2669241953E+03    0.2556613120E+03   -0.1351102841E+03
          82    0.2680657701E+03    0.2491266419E+03    0.1245661496E+03
          83    0.2748220742E+03    0.2509651726E+03    0.1876674247E+03
          84    0.2926967308E+03    0.2864020385E+03    0.1213997019E+03
          85    0.2649311607E+03    0.2561088533E+03    0.1434560145E+03
          86    0.2921710375E+03    0.2642956872E+03    0.9528337674E+02
          87    0.2809423275E+03    0.2616058859E+03    0.7356477662E+02
          88    0.2721601361E+03    0.2522909253E+03   -0.1281380658E+03
          89    0.3251666956E+03    0.2924541907E+03   -0.1552588540E+03
          90    0.2805204226E+03    0.2677383917E+03   -0.7616814504E+02
          91    0.2666774513E+03    0.2489689226E+03    0.1868214585E+03
          92    0.2745029340E+03    0.2528195173E+03   -0.1856172983E+03
          93    0.2702349197E+03    0.2497096858E+03   -0.1570948966E+03
          94    0.3030728882E+03    0.2947337904E+03   -0.1807818088E+03
          95    0.2806137634E+03    0.2678642519E+03   -0.7760830043E+02
          96    0.3281464793E+03    0.2928980562E+03   -0.2224696888E+03
          97    0.2807700392E+03    0.2618561670E+03    0.7404952489E+02
          98    0.2800344919E+03    0.2614964831E+03   -0.7120434762E+02
          99    0.2744983761E+03    0.2500464066E+03   -0.1030446141E+03
         100    0.2664459074E+03    0.2533920347E+03    0.1246522915E+03
