     Index              y_true              y_pred        descriptor_1        descriptor_2
         1    0.4010000000E+03    0.4050101883E+03    0.3186981400E+00   -0.1687175032E-01
         2    0.3380000000E+03    0.3822194014E+03    0.4085483400E+00   -0.1181289846E+00
         3    0.3091000000E+03    0.3359282017E+03    0.3354495600E+00   -0.1821389516E+00
         4    0.4240000000E+03    0.3978302098E+03    0.3402652000E+00   -0.4503666685E-01
         5    0.1693000000E+03    0.2240364209E+03   -0.4365662100E+00   -0.6916325988E-02
         6    0.3010000000E+03    0.3081531812E+03    0.7459713000E-01   -0.1002832869E+00
         7    0.4680000000E+03    0.4352836087E+03    0.4208443900E+00   -0.5127757764E-02
         8    0.3891500000E+03    0.3855997081E+03    0.2912209800E+00   -0.4547107286E-01
         9    0.3450000000E+03    0.3874520739E+03    0.2419166800E+00   -0.1396302208E-01
        10    0.2490000000E+03    0.2535732597E+03   -0.3644786600E+00    0.1982369166E-01
        11    0.3860000000E+03    0.4064705869E+03    0.2942056800E+00    0.0000000000E+00
        12    0.8950000000E+02    0.8339785031E+02   -0.7858434000E+00   -0.1308932218E+00
        13    0.2634000000E+03    0.2711231236E+03   -0.2425565400E+00   -0.8121600000E-02
        14    0.4097000000E+03    0.4238727954E+03    0.4943366000E+00   -0.7162370482E-01
        15    0.9034100000E+02    0.1131899579E+03   -0.8648541800E+00   -0.1983484520E-01
        16    0.3334000000E+03    0.4163278463E+03    0.3293999400E+00    0.2751708288E-02
        17    0.4150000000E+03    0.4025955775E+03    0.2928639100E+00   -0.8005912992E-02
        18    0.3281500000E+03    0.2854027523E+03   -0.1416878100E+00   -0.3178265090E-01
        19    0.4780000000E+03    0.4486212518E+03    0.4647374600E+00    0.6613896960E-03
        20    0.1743000000E+03    0.1795172378E+03   -0.4082510100E+00   -0.1231310108E+00
        21    0.4711500000E+03    0.3965158954E+03    0.3289054400E+00   -0.4170848848E-01
        22    0.3602000000E+03    0.3524624342E+03    0.1724256700E+00   -0.5445421312E-01
        23    0.2886400000E+03    0.2998697513E+03   -0.1346454900E+00   -0.3019996055E-02
        24    0.2480000000E+03    0.2432024366E+03   -0.3995160000E+00    0.1582541730E-01
        25    0.2401500000E+03    0.2508059989E+03   -0.3674609900E+00    0.1522824618E-01
        26    0.1588000000E+03    0.1096298694E+03   -0.3712715200E+00   -0.3014275542E+00
        27    0.2680300000E+03    0.3036510859E+03    0.3965807000E+00   -0.2888990507E+00
        28    0.2744000000E+03    0.2456802975E+03   -0.3905092400E+00    0.1642854446E-01
        29    0.2466500000E+03    0.2545440814E+03   -0.3292563700E+00    0.2494793700E-02
        30    0.2516000000E+03    0.2769907837E+03   -0.1946385000E+00   -0.2142997560E-01
        31    0.3275000000E+03    0.3542174898E+03    0.8439353000E-01   -0.1702073241E-02
        32    0.4380000000E+03    0.4498418755E+03    0.4884510200E+00   -0.9725081301E-02
        33    0.3674300000E+03    0.4064547151E+03    0.2424278700E+00    0.2866054932E-01
        34    0.2720000000E+03    0.2495967743E+03   -0.2931893900E+00   -0.2866504842E-01
        35    0.3945000000E+03    0.3696293617E+03    0.1847609000E+00   -0.2252871878E-01
        36    0.3387000000E+03    0.3401941792E+03    0.2492002100E+00   -0.1247053536E+00
        37    0.9070000000E+02    0.9412867554E+02   -0.9783000000E+00    0.0000000000E+00
        38    0.5132000000E+03    0.4401567329E+03    0.4444937300E+00   -0.7231498080E-02
        39    0.2990000000E+03    0.2565965484E+03   -0.2854713600E+00   -0.1713745613E-01
        40    0.4460000000E+03    0.4384282764E+03    0.4501077200E+00   -0.1424564982E-01
        41    0.3632000000E+03    0.3399950593E+03   -0.1321500000E-01    0.2028125432E-01
        42    0.3990000000E+03    0.3999934440E+03    0.2876357600E+00   -0.1098382824E-01
