        Rank        RMSE       MaxAE  Feature_ID
           1    3.611361    8.968030  (    7508   17549)
           2    3.646670   10.446603  (    9191   16920)
           3    3.666687    8.070278  (     823   17549)
           4    3.715807    9.957009  (      14   12789)
           5    3.726981   10.787209  (    8457   17549)
           6    3.748120    9.685033  (     204   13213)
           7    3.752720    9.536470  (    5502   16325)
           8    3.754681    9.804545  (       3   13689)
           9    3.756576    9.824784  (     347   11651)
          10    3.757528    8.975447  (      14   13736)
          11    3.770618   10.303539  (     105   11651)
          12    3.771150    9.882337  (    1994   10170)
          13    3.772420   10.019655  (       2   13689)
          14    3.772511    9.991637  (     446   10956)
          15    3.775928   11.013884  (    5409   17549)
          16    3.778236   11.352563  (    8400   11651)
          17    3.781210   12.325602  (    9612   10830)
          18    3.781403    9.002905  (      14   14049)
          19    3.781904   12.708595  (    9612   11457)
          20    3.783391    9.682870  (    3871   17549)
          21    3.783854    9.250501  (    2530   13213)
          22    3.787040    9.036901  (     447   11651)
          23    3.788596    8.850115  (     932   11473)
          24    3.789373    9.586073  (      14   16845)
          25    3.789490    9.057441  (    1924   11651)
          26    3.790813   11.983848  (    3706   16920)
          27    3.793411    9.724592  (    1924   17549)
          28    3.793638   11.022957  (    3868   17549)
          29    3.799646    9.085749  (      83   11901)
          30    3.800518   12.986413  (      59   10085)
          31    3.801524   12.690647  (    9612   12311)
          32    3.802795    9.236075  (      47   13213)
          33    3.804211   10.611510  (      59   13213)
          34    3.805027    9.097089  (     103   13213)
          35    3.806541    8.955634  (       1   10175)
          36    3.807409   10.303734  (      14   10387)
          37    3.807911    9.239042  (    4216   17016)
          38    3.808037    8.258363  (      64   11651)
          39    3.809224   10.396909  (      59   10704)
          40    3.810191   12.618941  (      24   10659)
          41    3.811191   10.603928  (      14   15117)
          42    3.814039    8.274581  (     225   17549)
          43    3.815328    8.461691  (      42   17549)
          44    3.817165    9.027676  (     177   13213)
          45    3.819945    8.750819  (      14   18839)
          46    3.820385   11.014177  (    8912   17549)
          47    3.820896   10.583976  (    7483   11651)
          48    3.821052   10.018894  (    3866   17549)
          49    3.821211    8.753934  (      14   17645)
          50    3.821538    8.744392  (      14   18382)
          51    3.821635   12.400786  (      24   10085)
          52    3.821979    8.751862  (      14   17793)
          53    3.821980   12.001588  (    6469   11866)
          54    3.822491   12.321967  (    6469   15117)
          55    3.823152    8.735316  (      14   18365)
          56    3.823332    9.872224  (     347   10956)
          57    3.824850    9.336239  (      14   11635)
          58    3.824891    9.920095  (    4611   17465)
          59    3.825027    8.717908  (      14   19161)
          60    3.825094    8.710544  (      14   16945)
          61    3.825420   11.997809  (    6688   11866)
          62    3.825481    8.725356  (      14   18414)
          63    3.825956   12.318418  (    6688   15117)
          64    3.826020    8.715565  (      14   19352)
          65    3.826900    8.719178  (      14   18002)
          66    3.828062   11.179700  (     353   11651)
          67    3.828801    8.403358  (      59   17549)
          68    3.828938    8.683148  (      14   15860)
          69    3.828955    8.509494  (      50   17549)
          70    3.829868    8.604091  (      14   14998)
          71    3.830900   11.063042  (     353   17549)
          72    3.831860    9.609339  (     118   10956)
          73    3.832210    9.759570  (     597   11651)
          74    3.832966    9.337685  (     669   10832)
          75    3.834089   12.023055  (    6476   16920)
          76    3.834541   12.045716  (     924   16920)
          77    3.835086   11.752751  (    9811   17016)
          78    3.836097    8.833043  (      14   18275)
          79    3.836334   10.337736  (    8956   13213)
          80    3.838551   12.084527  (    2588   16920)
          81    3.839111   12.138279  (    3162   16920)
          82    3.839139    8.587346  (      36   17549)
          83    3.839936    9.724355  (     597   10956)
          84    3.840527    8.633800  (      30   17549)
          85    3.841060   11.848096  (     815   16920)
          86    3.842325    8.157468  (     322   17549)
          87    3.842363    9.927782  (      68   10956)
          88    3.843227   10.305936  (     199   18761)
          89    3.844453    8.471285  (      90   17549)
          90    3.846401   12.101330  (    2643   16920)
          91    3.847218    8.760764  (      14   13733)
          92    3.847315   12.148038  (    4169   16920)
          93    3.849200   12.148352  (    4250   16920)
          94    3.849454    9.965828  (    6085   17549)
          95    3.849462    8.846174  (      14   19022)
          96    3.849516    8.480608  (      49   17549)
          97    3.850039    9.973579  (     105   16964)
          98    3.850308   11.950966  (    4822   16920)
          99    3.851352    8.572833  (      14   11306)
         100    3.851660   12.149336  (    4348   16920)
