Model_ID, [(c_i,i=0,n)_j,j=1,ntask]
           1    0.2329282746E+03   -0.1395506514E+03   -0.2256668798E+03
           2    0.2357977052E+03   -0.1458238536E+03   -0.2299349735E+03
           3    0.2320855034E+03   -0.1361551228E+03   -0.2375744020E+03
           4    0.2346890403E+03   -0.1475122215E+03    0.2056234398E+03
           5    0.2316014734E+03   -0.1424476238E+03   -0.2065483206E+03
           6    0.2341354777E+03   -0.1482367974E+03   -0.2093163132E+03
           7    0.2317123288E+03   -0.1415882484E+03   -0.2135912062E+03
           8    0.2343809010E+03   -0.1475593579E+03   -0.2171238630E+03
           9    0.2044215454E+03    0.1349204511E+03    0.1976263267E+03
          10    0.2382187702E+03   -0.1443284681E+03    0.2231018716E+03
          11    0.2328012796E+03   -0.1459763212E+03    0.2224546399E+03
          12    0.2341212075E+03   -0.1429764374E+03   -0.2337690384E+03
          13    0.2329704001E+03   -0.1389416225E+03   -0.2309598223E+03
          14    0.2301433646E+03   -0.1433497656E+03    0.9348796537E+03
          15    0.2345270143E+03   -0.1462730329E+03    0.2297713231E+03
          16    0.2359792580E+03   -0.1431864062E+03   -0.2418086945E+03
          17    0.2321597594E+03   -0.1372804402E+03   -0.2329404217E+03
          18    0.2301420939E+03   -0.1436717988E+03   -0.9251940223E+03
          19    0.2347159163E+03   -0.1459844428E+03    0.2338118032E+03
          20    0.2352524223E+03   -0.1441216199E+03    0.2253016552E+03
          21    0.2358954226E+03   -0.1452482432E+03    0.2323896208E+03
          22    0.2348578871E+03    0.1554478291E+03    0.1257538011E+03
          23    0.2356187805E+03   -0.1455458856E+03    0.2319894301E+03
          24    0.2356080652E+03   -0.1455369399E+03    0.2319294218E+03
          25    0.2355971491E+03   -0.1455280481E+03    0.2318668561E+03
          26    0.2295590127E+03    0.1524471413E+03    0.9848829086E+03
          27    0.2353146106E+03   -0.1458261337E+03    0.2313790770E+03
          28    0.2344075632E+03   -0.1283469008E+03    0.1405324869E+03
          29    0.2346007181E+03   -0.1277771316E+03   -0.1414526251E+03
          30    0.2267265911E+03   -0.1465700096E+03    0.6335094932E+03
          31    0.2363427214E+03   -0.1453898224E+03   -0.2245278091E+03
          32    0.2375271664E+03   -0.1441813926E+03    0.2391558405E+03
          33    0.2543855769E+03    0.2073584539E+03   -0.2446783283E+03
          34    0.2410669955E+03   -0.1438150691E+03   -0.3716733344E+03
          35    0.2315843785E+03   -0.1478798930E+03    0.2144370121E+03
          36    0.2309984494E+03   -0.1368624981E+03   -0.2438682291E+03
          37    0.2294933656E+03   -0.1311013375E+03   -0.1238874155E+03
          38    0.2576715592E+03    0.2182966100E+03   -0.2429677622E+03
          39    0.2365446913E+03    0.1642617910E+03    0.1392363057E+03
          40    0.2296134275E+03   -0.1440313912E+03    0.8737267657E+03
          41    0.2294808566E+03   -0.1443569900E+03   -0.8682200147E+03
          42    0.2298464076E+03   -0.1441009955E+03   -0.8735059917E+03
          43    0.2353646075E+03   -0.1190554270E+03   -0.2311052078E+03
          44    0.2361932141E+03    0.1557980278E+03    0.1302920808E+03
          45    0.2322628802E+03   -0.1486539800E+03   -0.1718927576E+03
          46    0.2279966590E+03   -0.1545224763E+03   -0.2636402835E+03
          47    0.2327460324E+03   -0.1373814361E+03   -0.2676231315E+03
          48    0.2384923816E+03    0.1501167491E+03    0.1284973009E+03
          49    0.2295613597E+03   -0.1461138066E+03    0.1755383340E+03
          50    0.2303439570E+03   -0.1383039929E+03    0.2356510845E+03
          51    0.2338981658E+03   -0.1360763430E+03    0.1265856665E+03
          52    0.2245406163E+03   -0.1447766330E+03   -0.4206900829E+03
          53    0.2275362449E+03   -0.1437319380E+03   -0.6532616947E+03
          54    0.2300080190E+03   -0.1369526570E+03   -0.2283973024E+03
          55    0.2373655993E+03    0.1553349480E+03    0.1325171757E+03
          56    0.2300414209E+03   -0.1439563417E+03   -0.1679944986E+03
          57    0.2339184857E+03   -0.1359824863E+03   -0.1266106675E+03
          58    0.2330577833E+03    0.1668497617E+03   -0.1348696575E+03
          59    0.2234200378E+03   -0.1217351089E+03    0.1244284613E+03
          60    0.2269927937E+03   -0.1459270715E+03    0.6100427451E+03
          61    0.2373741084E+03    0.1636139464E+03   -0.1395314366E+03
          62    0.2245967041E+03   -0.1467128090E+03    0.8708709353E+03
          63    0.2186979345E+03   -0.1451323560E+03   -0.1572982606E+03
          64    0.2317885556E+03   -0.1423663281E+03   -0.8838661254E+03
          65    0.2328094045E+03   -0.1457932259E+03    0.2203124226E+03
          66    0.2318222380E+03   -0.1411374911E+03   -0.2385748312E+03
          67    0.2215724750E+03   -0.1493033443E+03    0.1891493126E+03
          68    0.2233181622E+03   -0.1554401211E+03    0.5081054358E+03
          69    0.2512562695E+03    0.1036903878E+03    0.6638257063E+03
          70    0.2340118295E+03   -0.1364059184E+03   -0.2709437704E+03
          71    0.2339987411E+03    0.1662314346E+03    0.1364045039E+03
          72    0.2356141233E+03   -0.1516913680E+03    0.5374929733E+03
          73    0.2034419006E+03    0.1339808760E+03    0.3017060334E+03
          74    0.2173114148E+03    0.1543861085E+03    0.2533532758E+03
          75    0.2032374203E+03    0.1387312137E+03    0.1973005626E+03
          76    0.2197761101E+03   -0.1571887521E+03    0.1358312296E+03
          77    0.2340358426E+03   -0.1393999391E+03   -0.2636008472E+03
          78    0.2396621764E+03    0.1728762151E+03    0.1382257517E+03
          79    0.2194571684E+03    0.1530595757E+03   -0.2627667809E+03
          80    0.2182627240E+03   -0.1450683769E+03   -0.1542688612E+03
          81    0.2035044520E+03    0.1358052608E+03   -0.2930761620E+03
          82    0.2208653720E+03   -0.1492582216E+03   -0.1855015306E+03
          83    0.2374689020E+03   -0.1249432234E+03   -0.2276522301E+03
          84    0.2362559303E+03   -0.1511829754E+03    0.5424779646E+03
          85    0.2402486416E+03    0.1506573267E+03    0.1361770607E+03
          86    0.2033145704E+03    0.1320659242E+03    0.7746572079E+02
          87    0.2271560509E+03   -0.1460172172E+03    0.1794554358E+03
          88    0.2362521498E+03    0.1648493325E+03   -0.1198410733E+03
          89    0.2329096641E+03   -0.1457117014E+03    0.2062686371E+03
          90    0.2567172548E+03    0.2227551290E+03    0.2282636743E+03
          91    0.2351208250E+03   -0.1471713703E+03   -0.2280114203E+03
          92    0.2323094035E+03    0.1452243101E+03    0.1232937070E+03
          93    0.2212121463E+03   -0.1575345757E+03    0.1426522766E+03
          94    0.2345401157E+03   -0.1460761648E+03   -0.2277725167E+03
          95    0.2369995829E+03   -0.1352288493E+03   -0.1422444792E+03
          96    0.2399403582E+03    0.1471773532E+03    0.7814911856E+02
          97    0.2189659540E+03   -0.1583030370E+03    0.4345347199E+03
          98    0.2351517374E+03   -0.1520199395E+03    0.5390366333E+03
          99    0.2181552582E+03    0.1582251163E+03   -0.1462942131E+03
         100    0.2352337971E+03   -0.1518335327E+03   -0.5404197847E+03
