        Rank        RMSE       MaxAE  Feature_ID
           1   18.795563   45.409504  (       3   10600)
           2   18.985354   44.540467  (       3   10930)
           3   19.003484   44.100246  (       3   10875)
           4   19.111063   43.607247  (       3   11036)
           5   19.137825   44.753226  (       3   11180)
           6   19.153194   44.781558  (       3   11230)
           7   19.170336   44.810681  (       3   11278)
           8   19.315854   43.807579  (       3   11111)
           9   19.344081   45.031716  (       3   11628)
          10   19.427298   45.277886  (       3   10858)
          11   19.466882   46.505364  (       3   11077)
          12   19.524080   47.004852  (       3   11685)
          13   19.545081   44.312738  (       3   10787)
          14   19.681076   43.406362  (       3   13323)
          15   19.810626   46.668918  (       3   15514)
          16   19.814115   45.604140  (       3   10515)
          17   19.831656   44.341976  (       3   13304)
          18   19.848781   48.440354  (       1   10001)
          19   19.921160   45.729236  (       3   13121)
          20   19.926871   46.607553  (       1   10002)
          21   19.931276   46.236935  (       3   13044)
          22   19.982413   49.130036  (       1   10003)
          23   19.983410   47.861026  (       1   10004)
          24   20.073085   49.197420  (       3   13496)
          25   20.078690   48.527725  (       3   14868)
          26   20.081084   56.354316  (       8   10731)
          27   20.101266   42.765063  (       1   10056)
          28   20.203809   50.375942  (      12   12035)
          29   20.208391   50.730754  (      12   10875)
          30   20.219843   45.313296  (       1   10007)
          31   20.228339   48.419093  (       3   11174)
          32   20.232946   49.730351  (      12   11685)
          33   20.251456   47.555806  (       1   10005)
          34   20.285169   51.765232  (       1   10026)
          35   20.298475   56.516041  (       8   10893)
          36   20.312340   49.798001  (      12   10858)
          37   20.318179   48.673532  (       3   10753)
          38   20.332734   48.781540  (      12   11180)
          39   20.361629   45.707448  (       1   10006)
          40   20.362237   50.185891  (      12   10930)
          41   20.363783   47.710707  (       2   15827)
          42   20.385526   49.956885  (      12   11230)
          43   20.400232   50.162687  (       1   10011)
          44   20.407074   51.216316  (      12   10787)
          45   20.407348   50.487330  (      12   12963)
          46   20.434007   49.736498  (      12   11628)
          47   20.439880   51.127956  (      12   11278)
          48   20.462457   56.619869  (       8   11066)
          49   20.480639   48.246809  (       1   10033)
          50   20.488086   50.276823  (       1   10009)
          51   20.490284   50.478215  (       1   10041)
          52   20.503487   51.419780  (      12   11111)
          53   20.504442   59.109882  (       8   18782)
          54   20.508527   52.096463  (       1   10008)
          55   20.515610   50.617050  (      12   13304)
          56   20.530460   50.116061  (      12   13496)
          57   20.565561   48.725942  (       1   10012)
          58   20.570064   45.072152  (       1   10030)
          59   20.572833   49.423412  (       1   10016)
          60   20.585323   50.751060  (       1   10010)
          61   20.587853   49.914368  (       1   10023)
          62   20.591854   59.410381  (       8   19750)
          63   20.593045   46.503656  (       2   11373)
          64   20.594073   51.033244  (      12   15514)
          65   20.598164   54.572883  (       3   15807)
          66   20.608809   49.416568  (      12   10600)
          67   20.623416   52.440475  (       1   10014)
          68   20.623753   63.064009  (       8   11383)
          69   20.629155   48.836176  (      12   13044)
          70   20.630374   56.714990  (       8   11253)
          71   20.631529   53.984981  (       1   10017)
          72   20.649975   50.591564  (       1   10015)
          73   20.651095   51.480524  (       1   10013)
          74   20.653768   45.141259  (       2   12400)
          75   20.659898   58.313576  (       8   17213)
          76   20.660273   49.778952  (       1   10018)
          77   20.671460   50.751052  (       8   10026)
          78   20.674914   54.059887  (       1   10019)
          79   20.692242   43.577903  (      49    3522)
          80   20.693095   53.079456  (       1   10020)
          81   20.707471   45.117009  (       1   10064)
          82   20.717728   48.842643  (      12   14868)
          83   20.718550   53.462546  (       1   10022)
          84   20.731192   48.983868  (       8   10236)
          85   20.731293   48.493258  (       1   10021)
          86   20.737466   47.819796  (       3   12404)
          87   20.750260   53.898976  (       1   10025)
          88   20.753030   48.686785  (      12   11077)
          89   20.765959   53.869157  (       1   10029)
          90   20.768789   53.471413  (       1   10031)
          91   20.770996   47.019047  (       1   10028)
          92   20.773318   49.251027  (       1   10046)
          93   20.778316   49.511198  (       1   10024)
          94   20.778799   52.137236  (       1   10038)
          95   20.780925   58.703302  (       8   17155)
          96   20.781720   58.439961  (       8   17648)
          97   20.800603   48.852715  (       3   17613)
          98   20.800968   43.013682  (       1   10037)
          99   20.802648   50.800197  (       1   10027)
         100   20.805163   50.741888  (       1   10058)
