Model_ID, [(c_i,i=0,n)_j,j=1,ntask]
           1    0.2388886606E+02   -0.1905317769E+02    0.3117789589E+03
           2    0.4317060599E+02   -0.1668385815E+02   -0.2991517361E+03
           3    0.2284764307E+02    0.1893017467E+02    0.3013664420E+03
           4    0.2393554210E+02    0.1852147345E+02    0.3176777794E+03
           5    0.2476366918E+02   -0.1811133638E+02    0.3188340087E+03
           6    0.2419999155E+02   -0.1891633953E+02    0.3061741592E+03
           7    0.2274534815E+02    0.1955734772E+02    0.3173194935E+03
           8    0.4181169613E+02   -0.1765698374E+02   -0.2761976954E+03
           9    0.2226592774E+02    0.2144901895E+02    0.3207575568E+03
          10    0.2020837801E+02    0.2627352521E+02    0.3254395565E+03
          11    0.7673053227E+02   -0.6769892622E+02   -0.5509926235E+03
          12    0.2287371885E+02    0.1914993418E+02    0.3036962156E+03
          13    0.2485638042E+02   -0.2016385316E+02    0.3102049323E+03
          14    0.2257256896E+02    0.2131159240E+02    0.3171494099E+03
          15    0.5639504017E+01    0.8058823013E+02    0.2673455347E+03
          16    0.2219290158E+02    0.2304536370E+02    0.3415340223E+03
          17    0.2507132073E+02   -0.1798072480E+02    0.3137051757E+03
          18    0.2002782999E+02   -0.2111247185E+02    0.2701210164E+03
          19    0.2425442214E+02    0.1838334908E+02    0.3120331771E+03
          20    0.2569798619E+02   -0.1940061088E+02   -0.2866168334E+03
          21    0.2301523084E+02   -0.2197038080E+02   -0.2905869564E+03
          22    0.2333069516E+02    0.1880687925E+02   -0.3002300603E+03
          23    0.2268572374E+02    0.1895161136E+02    0.2951566247E+03
          24    0.2482366138E+02    0.1963131403E+02    0.3162248715E+03
          25    0.5769512947E+01    0.8039958197E+02    0.2656233532E+03
          26    0.2624852066E+02    0.3381905720E+02    0.3337314538E+03
          27    0.2336464515E+02    0.1880137570E+02   -0.2986614832E+03
          28    0.5290468407E+02   -0.2300912141E+02   -0.1380815007E+03
          29    0.2569815730E+02   -0.1914884795E+02    0.3175768208E+03
          30    0.6793270119E+02   -0.1842327796E+02   -0.4494765931E+03
          31    0.2434967680E+02   -0.2282127845E+02   -0.5253171187E+03
          32    0.2211254000E+02    0.2230535854E+02    0.3203739292E+03
          33    0.7765645115E+02   -0.6700225265E+02   -0.5467079802E+03
          34    0.7420468155E+02   -0.6288027007E+02   -0.4545105624E+03
          35    0.2262951648E+02    0.1906066063E+02    0.2983466577E+03
          36    0.2419996970E+02   -0.1949717508E+02    0.3169479513E+03
          37    0.1909296883E+02    0.9352540746E+02    0.6023832129E+03
          38    0.2294095233E+02    0.1896203786E+02    0.3032480769E+03
          39    0.3975371788E+01    0.8700037642E+02    0.2729653363E+03
          40    0.2619521421E+02   -0.2019622136E+02   -0.5428904612E+03
          41    0.2591405209E+02    0.3394121991E+02    0.3340894498E+03
          42    0.2515215950E+02   -0.2002571961E+02    0.3053034025E+03
          43    0.2287608929E+02    0.1892114364E+02    0.3027314454E+03
          44    0.2299218743E+02    0.1890886514E+02   -0.3032288341E+03
          45    0.2273048405E+02    0.1905081357E+02    0.3027152519E+03
          46    0.7669459164E+02   -0.6778805129E+02   -0.5462488312E+03
          47    0.2239604351E+02    0.2218398864E+02    0.3185041611E+03
          48    0.2442559174E+02   -0.2279093970E+02   -0.5275400188E+03
          49    0.2227028102E+02    0.1904896587E+02    0.4258871023E+03
          50    0.4094899123E+01    0.8682251166E+02    0.2717902150E+03
          51    0.2303485704E+02    0.1888913893E+02    0.3023746342E+03
          52    0.2295375453E+02    0.1892491124E+02    0.3023706901E+03
          53    0.5489160300E+02   -0.2451436288E+02   -0.1202862273E+03
          54    0.2277899403E+02    0.1902170514E+02    0.3019420234E+03
          55    0.2303934055E+02   -0.2350619595E+02    0.7684350272E+02
          56    0.2312526698E+02    0.1883425517E+02    0.3014595349E+03
          57    0.2287116760E+02    0.1896400059E+02   -0.3016039366E+03
          58    0.2580019450E+02    0.3440107915E+02    0.4596209524E+03
          59    0.2260999649E+02    0.1913324011E+02    0.2981738521E+03
          60    0.2311271073E+02    0.1990056363E+02    0.5075029037E+03
          61    0.1853014855E+02    0.4782524732E+02    0.3275994611E+03
          62    0.2240269895E+02   -0.2141511737E+02    0.2881138113E+03
          63    0.3322021296E+02   -0.2522245286E+02   -0.1835125709E+03
          64    0.2291506135E+02    0.1894187458E+02    0.3012897737E+03
          65    0.2127356685E+02   -0.1806443057E+02   -0.2871617198E+03
          66    0.7612784478E+02   -0.6462142386E+02   -0.5948079040E+03
          67    0.2729955693E+02    0.3337396145E+02    0.3183308443E+03
          68    0.2381627389E+02    0.1993676619E+02    0.3007488635E+03
          69    0.5244938782E+02   -0.2182113658E+02   -0.1267784363E+03
          70    0.7854556159E+02   -0.6995275866E+02    0.2200169804E+03
          71    0.7731448295E+02   -0.6843728806E+02    0.3293317293E+03
          72    0.2627479064E+02   -0.2015730197E+02   -0.5436003010E+03
          73    0.2731953357E+02    0.3296759727E+02    0.3330424170E+03
          74    0.2296583295E+02    0.1888931934E+02   -0.3012115029E+03
          75    0.7702802232E+02   -0.6663462005E+02   -0.5489739124E+03
          76    0.2512758668E+02    0.1949157820E+02    0.3112286463E+03
          77    0.4158249941E+02   -0.1753865261E+02   -0.2853223959E+03
          78    0.2545073369E+02    0.3453919127E+02    0.4609719847E+03
          79    0.4794558715E+02   -0.1943871176E+02   -0.2497874680E+03
          80    0.2239506581E+02    0.2086026797E+02    0.2948932733E+03
          81    0.2302599344E+02    0.1893811243E+02    0.2998940083E+03
          82    0.7752030194E+02   -0.6675048628E+02    0.1949656402E+03
          83    0.5961118547E+02   -0.1733815320E+02   -0.1326475297E+03
          84    0.2599097002E+02   -0.1901736555E+02    0.3131226377E+03
          85    0.3648776911E+02    0.1446064442E+02    0.2898727411E+03
          86    0.2253717883E+02    0.2000668521E+02   -0.2567363478E+03
          87    0.5215397436E+02   -0.3613320883E+02   -0.1389932465E+03
          88    0.2316690691E+02    0.1881518428E+02    0.2987768919E+03
          89    0.1846654720E+02    0.4777555810E+02    0.3278689300E+03
          90    0.2424820326E+02   -0.1889017065E+02    0.3061252603E+03
          91    0.2214842537E+02    0.1939527456E+02    0.2943649691E+03
          92    0.4263296716E+02   -0.1713581768E+02   -0.2800496777E+03
          93    0.4641538611E+02   -0.2186039197E+02    0.2871483974E+03
          94    0.4948546292E+02    0.3231095501E+02   -0.1409123076E+03
          95    0.7684553737E+02   -0.2114626778E+02   -0.1414478296E+03
          96    0.2201530912E+02   -0.1812285637E+02    0.4084908500E+03
          97    0.7682443779E+02   -0.6298069884E+02    0.4539313888E+03
          98    0.1871893661E+02    0.4811677515E+02    0.3101144199E+03
          99    0.7738848450E+02   -0.6876244681E+02    0.3318624031E+03
         100    0.2339133091E+02   -0.2031067528E+02    0.2969121362E+03
