        Rank        RMSE       MaxAE  Feature_ID
           1   27.514563   73.318870  (    7234   17167)
           2   27.869976   83.051002  (    1594   11469)
           3   27.874668   88.625685  (     328   11469)
           4   27.916034   88.181184  (     342   11469)
           5   28.043822   82.811271  (     843   11601)
           6   28.139294   80.129500  (     843   17167)
           7   28.381502   94.885604  (     681   11761)
           8   28.398043   84.263092  (    7234   11601)
           9   28.585864   80.935899  (     843   10331)
          10   28.586054   80.200300  (     843   10591)
          11   28.624773   79.467801  (      74   17167)
          12   28.739942   80.609899  (    7234   16795)
          13   28.787266   88.927469  (     843   10327)
          14   28.897289   91.008104  (     843   17033)
          15   28.921845   83.303895  (      74   19405)
          16   28.924289  107.376546  (       2   10463)
          17   28.939536   83.095586  (      74   14430)
          18   28.943279   92.833949  (    7234   17033)
          19   28.952189   92.826783  (    7234   12310)
          20   28.957640   88.444296  (      74   10591)
          21   28.986620   81.026344  (    7234   13520)
          22   29.014660   86.281996  (     145   12243)
          23   29.029744   80.349365  (    1720   11221)
          24   29.046694   89.168364  (      74   10331)
          25   29.062182   97.635323  (      10   15860)
          26   29.063273  105.164864  (       2   10215)
          27   29.067204   89.731485  (    5478   11469)
          28   29.073758   90.790215  (     342   11221)
          29   29.075475   86.223468  (     218   10331)
          30   29.091517  104.287310  (     342   17711)
          31   29.098308  107.025199  (       3   10463)
          32   29.134767   97.414345  (     342   19201)
          33   29.139563  104.279440  (    6730   10373)
          34   29.182498   98.012164  (     681   19249)
          35   29.219118  104.821990  (       3   10215)
          36   29.244867   96.937944  (     370   15860)
          37   29.263251   96.805668  (       2   11511)
          38   29.266967  103.833338  (       2   10091)
          39   29.268943   99.206566  (       3   12896)
          40   29.281542   80.329710  (     218   14430)
          41   29.285595   84.506673  (     463   10082)
          42   29.307821   99.337654  (       3   11146)
          43   29.323533   97.037011  (       3   11200)
          44   29.340165   86.071958  (     218   10591)
          45   29.350780   85.914533  (     210   11221)
          46   29.367304  100.790591  (    1638   12728)
          47   29.375572   89.151335  (       2   10666)
          48   29.389169   94.608182  (      10   10091)
          49   29.394830   98.904730  (       3   13114)
          50   29.397549   98.274991  (       6   10463)
          51   29.426477  103.631528  (     342   12179)
          52   29.431227   97.770813  (       8   10463)
          53   29.435730  100.260720  (       2   19852)
          54   29.436092  110.753088  (      11   15687)
          55   29.456846   89.618831  (     869   19201)
          56   29.460251   89.978816  (       2   10007)
          57   29.464311   89.459896  (       3   10666)
          58   29.469336  105.004504  (     328   17711)
          59   29.486964   81.454479  (    1180   17167)
          60   29.512945   92.136773  (       2   10441)
          61   29.526011   94.822145  (     411   11200)
          62   29.526948   91.855351  (    1638   16017)
          63   29.530385   93.864144  (     134   10154)
          64   29.531534   75.455682  (    3353   17167)
          65   29.550535   90.302308  (       3   10007)
          66   29.550926   91.336168  (       2   11227)
          67   29.553292   98.428741  (     843   10626)
          68   29.558514   97.161283  (      50   18371)
          69   29.559322   98.139934  (       2   18998)
          70   29.559406   90.221898  (       2   10386)
          71   29.567103   89.026143  (      74   18691)
          72   29.570519   87.826965  (       2   10052)
          73   29.573875   98.571000  (     342   10140)
          74   29.575403   96.108415  (       2   10200)
          75   29.581515   97.121903  (       2   11200)
          76   29.589942   96.911658  (     607   10140)
          77   29.607993   89.987193  (       2   10107)
          78   29.610106   82.382040  (    3913   11469)
          79   29.612607   90.042316  (       1   10003)
          80   29.614528   88.030133  (       3   10052)
          81   29.616269  102.074802  (    1594   10188)
          82   29.630071   81.335395  (     218   19405)
          83   29.632206   89.958966  (     681   11200)
          84   29.636143  105.588445  (       3   15860)
          85   29.641617   98.028624  (       2   17232)
          86   29.642960   88.642985  (     463   10874)
          87   29.644923   83.622481  (     134   11469)
          88   29.649036  103.146499  (       3   10091)
          89   29.650423   93.998894  (      68   12243)
          90   29.655124  105.588188  (       2   15860)
          91   29.656138   91.696112  (       3   11227)
          92   29.659917   98.480934  (    1164   10140)
          93   29.660090   95.736006  (       2   10119)
          94   29.661712   97.437880  (      11   18371)
          95   29.662123   92.566710  (       3   10441)
          96   29.665661   91.502291  (       2   10314)
          97   29.670432   88.762386  (      10   18531)
          98   29.672534   97.499506  (       2   14364)
          99   29.673128   90.266359  (       3   10107)
         100   29.683235   94.242715  (      74   13247)
