Model_ID, [(c_i,i=0,n)_j,j=1,ntask]
           1    0.2959404207E+03   -0.9461027475E+02    0.3184206543E+03
           2    0.2187522536E+03   -0.1020415588E+03    0.3813628702E+03
           3    0.2913363288E+03    0.9576009603E+02    0.2956986184E+03
           4    0.2011888449E+03   -0.1164108392E+03    0.4923722263E+03
           5    0.2164240112E+03   -0.1034170457E+03   -0.3592409133E+03
           6    0.3275289594E+03   -0.1136548902E+03    0.3104662418E+03
           7    0.2228624321E+03   -0.1002179192E+03    0.3514815188E+03
           8    0.2936909420E+03   -0.9682293366E+02   -0.3322909046E+03
           9    0.3759732569E+03   -0.3041464271E+03    0.2816932605E+03
          10    0.2099441003E+03   -0.1144994501E+03    0.3128779524E+03
          11    0.2655846371E+03    0.8858910988E+02    0.2867391137E+03
          12    0.2605337372E+03   -0.1748889703E+03   -0.2962594530E+03
          13    0.2879375321E+03    0.9725731164E+02   -0.3478937296E+03
          14    0.2533598523E+03   -0.1728762396E+03   -0.2934655568E+03
          15    0.2124728690E+03   -0.1091053322E+03    0.2897480628E+03
          16    0.2125611142E+03   -0.1087513017E+03    0.2938874471E+03
          17    0.2940240172E+03   -0.9107173417E+02   -0.3196517166E+03
          18    0.1934707156E+03   -0.9543319165E+02    0.2819363039E+03
          19    0.2938510228E+03   -0.9120841854E+02   -0.3196347731E+03
          20    0.2932019711E+03   -0.9067466305E+02   -0.3171931273E+03
          21    0.2617586933E+03    0.8999987337E+02   -0.3396252760E+03
          22    0.2976616110E+03   -0.9625813963E+02   -0.2900631298E+03
          23    0.2943281390E+03   -0.9093955310E+02    0.3231598700E+03
          24    0.2932322721E+03   -0.9343080123E+02    0.3110968437E+03
          25    0.1836442065E+03   -0.1024054916E+03   -0.2524675810E+03
          26    0.3741225645E+03    0.3011988188E+03    0.2708293011E+03
          27    0.2637804789E+03   -0.9212773588E+02    0.2844686272E+03
          28    0.1871072399E+03   -0.9977880750E+02   -0.2786994620E+03
          29    0.2937902196E+03   -0.9139738560E+02    0.3165600764E+03
          30    0.2900922301E+03    0.9233798323E+02    0.2924897314E+03
          31    0.2906359606E+03   -0.9971896395E+02    0.2830866959E+03
          32    0.2023268843E+03   -0.1165873516E+03   -0.2879239547E+03
          33    0.2948074055E+03   -0.8908145108E+02   -0.3195259858E+03
          34    0.2186065550E+03   -0.1029943264E+03    0.3537900995E+03
          35    0.2968018374E+03   -0.8930353997E+02   -0.3140636633E+03
          36    0.3769032935E+03   -0.3070113165E+03   -0.2633704701E+03
          37    0.3297326787E+03   -0.1156916635E+03   -0.2838820396E+03
          38    0.2199332412E+03   -0.1064278159E+03    0.3390793563E+03
          39    0.2186367624E+03   -0.1044903591E+03    0.2950796420E+03
          40    0.1929510958E+03   -0.9719754065E+02   -0.2606909809E+03
          41    0.2895285928E+03   -0.9477894758E+02   -0.2953126067E+03
          42    0.2716279278E+03   -0.9381333058E+02   -0.3076293008E+03
          43    0.3226439556E+03   -0.1124478120E+03   -0.2930306852E+03
          44    0.3264810268E+03   -0.1181117273E+03   -0.3225772306E+03
          45    0.2543497128E+03   -0.1708305715E+03    0.3195907739E+03
          46    0.2905124749E+03    0.9744765456E+02    0.2517449459E+03
          47    0.2907545820E+03   -0.9063607154E+02   -0.2756999690E+03
          48    0.2719167322E+03   -0.9882385099E+02    0.2930492051E+03
          49    0.1844052464E+03   -0.1011878353E+03   -0.2709788990E+03
          50    0.3482456692E+03   -0.2379823219E+03    0.3690609397E+03
          51    0.2948945792E+03   -0.9192907110E+02    0.3107462615E+03
          52    0.2997144721E+03   -0.1017848037E+03   -0.3105265781E+03
          53    0.1823159146E+03   -0.9825633937E+02   -0.3114619468E+03
          54    0.2414064727E+03   -0.1126159472E+03   -0.2558810687E+03
          55    0.2933807453E+03   -0.9853610949E+02   -0.3196666214E+03
          56    0.2641072248E+03   -0.8749476520E+02   -0.2943783400E+03
          57    0.3266126768E+03   -0.1074871127E+03   -0.3079703508E+03
          58    0.2934840004E+03   -0.9946642980E+02    0.3075353186E+03
          59    0.2931981131E+03   -0.9869317763E+02   -0.3198588381E+03
          60    0.1819808738E+03   -0.9840278035E+02   -0.3114272761E+03
          61    0.3245845975E+03   -0.1094103169E+03   -0.3093052113E+03
          62    0.2606693565E+03    0.1826214331E+03    0.3149134667E+03
          63    0.1970332020E+03   -0.1022314144E+03    0.2909358237E+03
          64    0.2224449404E+03   -0.1013478285E+03    0.3517644404E+03
          65    0.3474358214E+03    0.2934126774E+03   -0.2311053579E+03
          66    0.1866911234E+03   -0.1101329021E+03   -0.2676034755E+03
          67    0.1845331786E+03   -0.9484700801E+02    0.3057361765E+03
          68    0.2623488500E+03   -0.1787400425E+03    0.3054361572E+03
          69    0.3245469241E+03   -0.1122429011E+03    0.3021840414E+03
          70    0.1848353940E+03   -0.1029468668E+03   -0.3638608045E+03
          71    0.2104467734E+03   -0.1060817478E+03   -0.3000047435E+03
          72    0.1869886668E+03   -0.9646525999E+02   -0.3084053442E+03
          73    0.2124077337E+03   -0.1055162079E+03    0.3148488123E+03
          74    0.3185989400E+03    0.2393944000E+03    0.2639141072E+03
          75    0.2051800082E+03   -0.9244129676E+02    0.2638083708E+03
          76    0.2524207100E+03    0.1690543145E+03    0.2997687736E+03
          77    0.1788504815E+03   -0.9652988076E+02   -0.3653875487E+03
          78    0.3244654539E+03   -0.1095692336E+03   -0.3091713544E+03
          79    0.2556405911E+03   -0.1673610236E+03   -0.3159532741E+03
          80    0.2150385973E+03   -0.9457587789E+02    0.3458390218E+03
          81    0.3248186963E+03   -0.1103504994E+03   -0.2830390164E+03
          82    0.1818127496E+03   -0.9931811482E+02    0.3064294666E+03
          83    0.2921372733E+03   -0.9410561791E+02   -0.3194385258E+03
          84    0.2127658902E+03   -0.9578778341E+02   -0.3271047971E+03
          85    0.1851941609E+03   -0.1014130817E+03    0.2740940942E+03
          86    0.1862964240E+03   -0.1074621010E+03    0.2867148286E+03
          87    0.2762997473E+03   -0.7609178842E+02   -0.1538078736E+03
          88    0.2059695456E+03   -0.1142267291E+03    0.2975985623E+03
          89    0.2923420049E+03   -0.2062234915E+03   -0.7484712208E+03
          90    0.3191294309E+03    0.2424100050E+03   -0.2523149300E+03
          91    0.2925905871E+03   -0.9807832044E+02   -0.3165426197E+03
          92    0.1903385078E+03   -0.1071054899E+03   -0.2942384925E+03
          93    0.1853647793E+03   -0.9620101008E+02   -0.3128880936E+03
          94    0.2936900617E+03   -0.9838807836E+02    0.3230684490E+03
          95    0.1827945670E+03   -0.9810878420E+02    0.3145056448E+03
          96    0.1864986413E+03   -0.1070938221E+03    0.2902521378E+03
          97    0.2550282661E+03   -0.1766165357E+03    0.3018699097E+03
          98    0.2942775625E+03   -0.9161976129E+02   -0.2861485561E+03
          99    0.2859862969E+03   -0.6389959737E+02   -0.1668507581E+03
         100    0.2017024435E+03   -0.9147816097E+02    0.3059998260E+03
