        Rank        RMSE       MaxAE  Feature_ID
           1    2.878263    7.622235  (     713    4185)
           2    2.898748    7.588285  (     713    9083)
           3    2.967918    8.779377  (       1   10004)
           4    2.968994    6.650690  (      10    2346)
           5    2.970912    8.579015  (       1   10002)
           6    2.988002    8.469801  (       1   10003)
           7    3.005074    6.520444  (      10    1695)
           8    3.005936    6.708750  (      10    3116)
           9    3.017416    8.326228  (       1   10001)
          10    3.019199    6.754303  (      10    1875)
          11    3.020003    7.882800  (       1   10005)
          12    3.025262    5.769576  (       1   10007)
          13    3.026205    6.742265  (      36    9547)
          14    3.028739    7.727389  (      10    9547)
          15    3.028799    7.030492  (      10     555)
          16    3.029025    6.759475  (      10    2253)
          17    3.029370    8.128391  (       1   10061)
          18    3.032115    6.955239  (       3       8)
          19    3.032676    7.789376  (       1     600)
          20    3.035135    6.628832  (      21    9547)
          21    3.040547    8.714446  (       1   10010)
          22    3.048091    7.438153  (      10    9761)
          23    3.049447    7.437347  (      10    9940)
          24    3.049647    6.730659  (      40    9547)
          25    3.051025    6.868759  (      10    1918)
          26    3.054705    6.890840  (      40     280)
          27    3.055481    8.514709  (       1   10009)
          28    3.055524    6.766105  (      10    1341)
          29    3.056084    7.069658  (      10     732)
          30    3.057513    6.603817  (      10    3178)
          31    3.057937    7.801655  (      10    5098)
          32    3.058149    6.854182  (      10    2042)
          33    3.058477    8.613102  (       1   10015)
          34    3.058531    8.063459  (      10    2647)
          35    3.059466    8.269475  (       8     588)
          36    3.062753    6.777036  (      66    9547)
          37    3.063333    6.672167  (      30    9547)
          38    3.063400    6.845727  (      10    2456)
          39    3.064522    6.802729  (      10    5117)
          40    3.064598    7.274133  (      10     702)
          41    3.064953    6.746730  (      58     280)
          42    3.065638    8.659218  (       1   10036)
          43    3.065964    7.212367  (      10     306)
          44    3.065968    7.489640  (      10    9314)
          45    3.066017    8.085387  (      10    7250)
          46    3.066460    8.220670  (       3       9)
          47    3.068121    6.647830  (      10    2299)
          48    3.068235    6.077013  (       8    5499)
          49    3.068567    6.743501  (      27    9547)
          50    3.069676    6.969905  (      66     280)
          51    3.070099    6.843633  (      10    2353)
          52    3.070217    6.835331  (      10    2421)
          53    3.071201    6.853547  (      10    2318)
          54    3.071301    7.212031  (      10     380)
          55    3.071668    7.469947  (      10    8357)
          56    3.073700    8.368239  (       7   10002)
          57    3.074405    6.904539  (      36     280)
          58    3.074450    7.674651  (      10    1416)
          59    3.074794    7.634634  (       1   10025)
          60    3.074965    6.766461  (      10    9703)
          61    3.075227    8.593427  (      10     156)
          62    3.075446    8.438831  (       1   10135)
          63    3.076076    6.798350  (      10    1734)
          64    3.076510    7.677084  (      10    1444)
          65    3.077672    8.419530  (       1   10095)
          66    3.078150    7.217474  (       1   10014)
          67    3.080411    7.303839  (       8      32)
          68    3.080704    6.107751  (      10    8022)
          69    3.081147    6.847451  (      10    2407)
          70    3.081427    7.064304  (      10    9410)
          71    3.081641    7.643955  (      10    5271)
          72    3.083445    6.823806  (      10    2928)
          73    3.083908    7.694208  (      10    1616)
          74    3.083949    7.696830  (      10    1690)
          75    3.084087    6.907055  (      25     280)
          76    3.084602    8.307734  (       1   10199)
          77    3.084955    7.789277  (      10    2125)
          78    3.085037    8.598737  (       1   10202)
          79    3.085200    8.684306  (       1   10059)
          80    3.085583    8.675701  (       1   10072)
          81    3.085731    8.568489  (       1   10028)
          82    3.085739    6.940627  (      10    7070)
          83    3.085777    6.391697  (      10    5108)
          84    3.086015    6.765518  (     102     280)
          85    3.086064    6.695068  (      38    9547)
          86    3.086316    6.838978  (      10    2864)
          87    3.086737    6.973213  (      10    1336)
          88    3.087778    8.657076  (       1   10055)
          89    3.087804    8.660077  (       1   10052)
          90    3.087874    8.501179  (       1   11488)
          91    3.088275    8.655083  (       1   10054)
          92    3.088819    8.653046  (       1   10053)
          93    3.088984    8.649859  (       1   10058)
          94    3.088997    7.509201  (      10    9652)
          95    3.089352    8.635053  (       1   10045)
          96    3.089987    6.821869  (      25    9547)
          97    3.091445    7.740868  (      10    1701)
          98    3.091842    8.633873  (       1   10065)
          99    3.092392    8.670292  (       1   10090)
         100    3.093469    7.165636  (       9     106)
