        Rank        RMSE       MaxAE  Feature_ID
           1   28.489015   93.367690  (     886   11634)
           2   28.564815   93.906609  (     886   12526)
           3   28.581755   76.808639  (    8211   19626)
           4   28.761222   92.110232  (     146   11387)
           5   28.766287   86.234926  (    8840   10041)
           6   28.838501   78.470140  (    1150   12967)
           7   28.850551   78.544855  (    1150   13001)
           8   28.948624   91.194213  (     297   10003)
           9   28.950720   89.427678  (    1854   11634)
          10   29.026748   89.975739  (    1854   12526)
          11   29.055169   92.293455  (      58   17267)
          12   29.099081   92.029945  (      58   16749)
          13   29.109010   75.767432  (    1150   11821)
          14   29.157938   72.560642  (       2   10028)
          15   29.170406  101.878395  (     376   11387)
          16   29.193455   93.253354  (     540   12526)
          17   29.247960   92.819354  (     540   11634)
          18   29.249972   82.168483  (       1   10001)
          19   29.263957   87.841954  (     810   19265)
          20   29.264446   94.162664  (       1   10811)
          21   29.276648   81.971766  (       1   10002)
          22   29.295302   91.502160  (     112   17267)
          23   29.315600   87.647402  (       1   10009)
          24   29.334310   91.231598  (     112   16749)
          25   29.335371   71.696899  (    2897   10679)
          26   29.362571   97.736722  (    1905   12526)
          27   29.380862   92.399914  (     340   11387)
          28   29.411971   93.314874  (     540   11387)
          29   29.435780   88.380870  (       1   10006)
          30   29.443615   89.512975  (     959   12526)
          31   29.463732   92.385495  (       1   10003)
          32   29.465567   82.281000  (       1   10004)
          33   29.465799   91.828518  (       1   10016)
          34   29.470767   75.103648  (    8211   19344)
          35   29.475574   90.957033  (       1   10026)
          36   29.480791   73.564632  (       1   10008)
          37   29.484435   94.682765  (       1   11042)
          38   29.487256   82.063839  (       1   10005)
          39   29.487360   97.319700  (    1905   11634)
          40   29.496419   87.982978  (       1   10015)
          41   29.496706   92.971066  (     848   12526)
          42   29.508503   87.048575  (       1   10011)
          43   29.509550   77.129191  (      59   13804)
          44   29.510140   85.658774  (       1   10024)
          45   29.510500   89.083594  (     959   11634)
          46   29.514104   82.362105  (    1796   10041)
          47   29.533634   92.521654  (     848   11634)
          48   29.538393   89.043694  (       1   10022)
          49   29.542729   89.595524  (       1   10012)
          50   29.544142   86.865680  (     401   19265)
          51   29.569729   89.226286  (    2766   10011)
          52   29.590081   90.259689  (    2766   10009)
          53   29.618215   74.825000  (    3971   12751)
          54   29.622709   89.486933  (    7026   12139)
          55   29.627747   72.065361  (    4492   10679)
          56   29.642608   75.826598  (    8211   18602)
          57   29.647295   88.521936  (       1   10036)
          58   29.649429   99.421395  (    1227   11387)
          59   29.656039   88.928519  (    7026   12160)
          60   29.662316   75.457065  (       1   10007)
          61   29.665737   89.122163  (       1   10021)
          62   29.667109   91.088396  (    2766   10006)
          63   29.673221   82.186125  (       1   10088)
          64   29.686432   86.279367  (       1   10046)
          65   29.687184   93.038305  (     848   11387)
          66   29.688348   96.567472  (    1679   11634)
          67   29.691616   87.564930  (    1905   13001)
          68   29.695028   89.122764  (    1150   11634)
          69   29.697790   89.941368  (       1   10020)
          70   29.701446   88.225665  (       1   10030)
          71   29.702541   89.904125  (       1   10010)
          72   29.714965   71.541782  (    4947   10679)
          73   29.717080   92.697055  (     297   10685)
          74   29.721111   79.087840  (    1150   11521)
          75   29.721352   96.556461  (       1   12486)
          76   29.723584   87.543322  (    1905   12967)
          77   29.731934   97.780251  (    1242   11634)
          78   29.734773   70.894660  (    8727   10679)
          79   29.739240   97.525665  (    1289   11634)
          80   29.741413   82.541831  (       1   10050)
          81   29.744234   90.720598  (    2766   10049)
          82   29.746766   79.953835  (    8483   19265)
          83   29.751071   91.480363  (    2766   10041)
          84   29.753351   68.372262  (    1138   15605)
          85   29.756234   88.146985  (    1905   12142)
          86   29.763718   95.079662  (     886   11808)
          87   29.769233   83.529183  (      42   15605)
          88   29.769363   90.647753  (    2766   10015)
          89   29.776243   93.984176  (    5871   18415)
          90   29.783807   89.767907  (     297   10585)
          91   29.789498   89.661883  (    1150   12526)
          92   29.797258   97.432820  (       1   12641)
          93   29.799497   94.655394  (    2575   10025)
          94   29.805640   73.633165  (       1   10019)
          95   29.806246   82.794852  (      80   15605)
          96   29.809209   94.560543  (     886   11309)
          97   29.809241   95.991324  (    1902   10025)
          98   29.812183  101.039410  (     127   11387)
          99   29.828001   87.538905  (       1   10059)
         100   29.833358   96.154332  (    2766   10003)
