Model_ID, [(c_i,i=0,n)_j,j=1,ntask]
           1    0.1508427496E+03    0.1316565677E+03    0.1032263223E+04
           2    0.1533508402E+03    0.1304262768E+03   -0.8862879522E+03
           3    0.1545767394E+03    0.1207159341E+03   -0.1047654518E+04
           4    0.1174259008E+03    0.1017566604E+03   -0.9318689473E+03
           5    0.1530429656E+03    0.1275829372E+03   -0.2225422934E+04
           6    0.1544949379E+03   -0.1235860187E+03   -0.1026373044E+04
           7    0.1523263113E+03    0.1292807434E+03    0.7178594453E+03
           8    0.1523166120E+03    0.1292872170E+03    0.7180430069E+03
           9    0.1530971557E+03   -0.1301529616E+03   -0.2154120695E+04
          10    0.3434391812E+03    0.3089967734E+03   -0.1413936126E+04
          11    0.1181645699E+03    0.9915211889E+02   -0.2311946380E+04
          12    0.3429958080E+03    0.3069642300E+03   -0.1378566494E+04
          13    0.1549476970E+03    0.1246794350E+03   -0.1506512299E+04
          14    0.1518995541E+03    0.1290237143E+03    0.1067097400E+04
          15    0.1516217063E+03    0.1281750737E+03    0.1049078656E+04
          16    0.1537700970E+03    0.1267625348E+03   -0.1010385486E+04
          17    0.1510576083E+03    0.1269355356E+03   -0.1586003648E+04
          18    0.1523249640E+03    0.1278116692E+03   -0.1445011551E+04
          19    0.1150942378E+03    0.1019994989E+03    0.1055762091E+04
          20    0.3445543319E+03    0.3140772681E+03   -0.1433421217E+04
          21    0.3447316737E+03    0.3144729448E+03   -0.1426367224E+04
          22    0.1392419341E+03    0.1090186981E+03   -0.9213521573E+03
          23    0.3445334954E+03    0.3134817893E+03   -0.1437687445E+04
          24    0.3434457090E+03    0.3153457366E+03    0.1437937810E+04
          25    0.1524762651E+03    0.1215344828E+03   -0.8531511542E+03
          26    0.1525628253E+03    0.1217112005E+03   -0.1984158355E+04
          27    0.3445001850E+03    0.3135347861E+03   -0.1434757885E+04
          28    0.3447711348E+03    0.3150322263E+03   -0.1400490784E+04
          29    0.3438685894E+03    0.3112524221E+03   -0.1437615768E+04
          30    0.3438193505E+03    0.3118119637E+03   -0.1436246956E+04
          31    0.3438216231E+03    0.3117270032E+03   -0.1436110783E+04
          32    0.1520000727E+03    0.1284492819E+03   -0.4294015453E+04
          33    0.3437645010E+03    0.3125994426E+03   -0.1434648702E+04
          34    0.1558881576E+03   -0.1254383184E+03    0.5508727474E+03
          35    0.1556378644E+03    0.1234299018E+03    0.1407767204E+04
          36    0.3440002293E+03    0.3128450986E+03   -0.1402744533E+04
          37    0.3436506925E+03    0.3133217326E+03   -0.1427806621E+04
          38    0.3436356019E+03    0.3133925225E+03   -0.1426802768E+04
          39    0.3448883594E+03    0.3155745972E+03   -0.1373757019E+04
          40    0.1556292370E+03   -0.1254809331E+03    0.5138963914E+03
          41    0.2265562413E+03   -0.9770337643E+02   -0.1474415169E+03
          42    0.1368629707E+03    0.1065836203E+03   -0.1687056725E+04
          43    0.1171183726E+03    0.1003086664E+03    0.7398466213E+03
          44    0.3435395549E+03    0.3138060963E+03   -0.1420899066E+04
          45    0.2525043161E+03    0.1055430705E+03   -0.1204863138E+03
          46    0.1171081436E+03    0.1003120290E+03    0.7399858139E+03
          47    0.3443754913E+03    0.3111286425E+03   -0.1482698696E+04
          48    0.1392574659E+03    0.1065395249E+03   -0.2311740519E+04
          49    0.2047618481E+03    0.1630126498E+03   -0.5196357985E+03
          50    0.1530077231E+03    0.1259500596E+03    0.7313378915E+03
          51    0.1529977657E+03    0.1259574360E+03    0.7315896086E+03
          52    0.2076674822E+03    0.8593320400E+02   -0.1786651238E+03
          53    0.1208611212E+03    0.9695270033E+02   -0.1574885255E+04
          54    0.3429680208E+03    0.3158267670E+03    0.1405556137E+04
          55    0.3244098872E+03   -0.6974801830E+02    0.1667720673E+03
          56    0.3428824081E+03    0.3115162992E+03   -0.1420938611E+04
          57    0.2487658596E+03    0.1049563045E+03   -0.1095237292E+03
          58    0.2877491087E+03    0.2555716486E+03   -0.1817895948E+03
          59    0.1279074090E+03    0.1010814181E+03   -0.1262474253E+03
          60    0.1533756811E+03    0.1267139823E+03    0.7420042540E+03
          61    0.1204649673E+03   -0.9833365215E+02    0.6721772803E+03
          62    0.1533657033E+03    0.1267217615E+03    0.7422643991E+03
          63    0.1547820041E+03   -0.1167938660E+03    0.1302985761E+04
          64    0.3233478074E+03    0.1270752666E+03   -0.1957897472E+03
          65    0.3428437881E+03    0.3115634777E+03   -0.1417239411E+04
          66    0.1549383649E+03   -0.1272837099E+03   -0.1459063382E+04
          67    0.2082620918E+03    0.9094071293E+02   -0.1366654862E+03
          68    0.1520839418E+03    0.1282956772E+03    0.6327778547E+03
          69    0.1551351529E+03   -0.1162585540E+03    0.1597192420E+04
          70    0.1520757552E+03    0.1282988318E+03    0.6328536275E+03
          71    0.1534653728E+03    0.1257039132E+03    0.7284428479E+03
          72    0.3230033672E+03    0.1267026324E+03   -0.1965233398E+03
          73    0.1504750969E+03    0.1294121401E+03    0.6012787392E+03
          74    0.1218893101E+03    0.9600576230E+02    0.1476159512E+04
          75    0.1501947783E+03    0.1289950145E+03    0.6812472055E+03
          76    0.1555732737E+03   -0.1261505738E+03    0.1369323030E+04
          77    0.1570218335E+03   -0.1253898443E+03    0.8798965646E+03
          78    0.2303989814E+03    0.1006156669E+03   -0.1620040516E+03
          79    0.1368542779E+03    0.1094922342E+03    0.1051586916E+04
          80    0.1511884622E+03    0.1279509546E+03    0.7053333645E+03
          81    0.1165882437E+03    0.1002972525E+03    0.1108572151E+04
          82    0.2402308052E+03    0.9715755833E+02    0.1818719058E+03
          83    0.1525697139E+03   -0.1241205649E+03   -0.8252976459E+03
          84    0.2089426442E+03   -0.9072110406E+02   -0.1483087094E+03
          85    0.1163238232E+03    0.9859747008E+02   -0.1645888211E+04
          86    0.1515061486E+03    0.1287723967E+03    0.7170618419E+03
          87    0.1537682891E+03   -0.1317601488E+03   -0.8248487026E+03
          88    0.1547945883E+03    0.1248472292E+03   -0.1578249439E+04
          89    0.2361131730E+03    0.1867149078E+03   -0.1091133949E+04
          90    0.1171139937E+03    0.1005466834E+03    0.1098919579E+04
          91    0.1519794046E+03    0.1288457940E+03    0.7136391652E+03
          92    0.1512696769E+03   -0.1292817238E+03   -0.1522388873E+04
          93    0.3428953524E+03    0.3117066622E+03   -0.1410722502E+04
          94    0.1521739815E+03    0.1291167960E+03   -0.1279034222E+04
          95    0.2880949023E+03    0.2562079923E+03   -0.1833617823E+03
          96    0.3415268359E+03    0.3057990635E+03   -0.2917821857E+04
          97    0.1557647254E+03   -0.1248103137E+03    0.6289946240E+03
          98    0.3713177372E+03    0.1126063052E+03    0.6666640932E+03
          99    0.3275825959E+03    0.1867030508E+03   -0.6604789533E+02
         100    0.2079633427E+03    0.9153369016E+02   -0.1390019176E+03
