        Rank        RMSE       MaxAE  Feature_ID
           1    4.035820   12.210921  (     967   18719)
           2    4.047718   12.282733  (     967   14206)
           3    4.048015   12.288462  (     967   14204)
           4    4.097161   12.521344  (     967   16210)
           5    4.099219   12.530622  (     967   15638)
           6    4.105617   12.545421  (     967   15254)
           7    4.128969   12.718839  (     967   12290)
           8    4.142637   12.544659  (     967   15550)
           9    4.148010   14.153321  (       1   11772)
          10    4.171481   12.840035  (      12   17784)
          11    4.174706   14.003979  (       1   13277)
          12    4.177038   12.844809  (       5   11435)
          13    4.178610   12.805571  (       5   17784)
          14    4.178898   12.834734  (       5   11441)
          15    4.179111   12.843310  (       5   11423)
          16    4.181759   12.841375  (       5   11418)
          17    4.183968   12.604892  (       1   10031)
          18    4.184801   12.644901  (       5   11317)
          19    4.186564   12.400106  (       1   11323)
          20    4.192068   12.403507  (       3   17784)
          21    4.200582   12.674988  (       5   12195)
          22    4.204108   14.948992  (     587   15652)
          23    4.205801   11.216217  (       1   10001)
          24    4.211772   12.847577  (       5   10532)
          25    4.212954   13.739728  (       5   11434)
          26    4.214353   12.598683  (       1   10303)
          27    4.214493   13.352899  (     450   11319)
          28    4.218356   13.282007  (       1   10479)
          29    4.219284   14.977929  (     967   10199)
          30    4.222029   13.294424  (    6056   11700)
          31    4.228692   13.889749  (     139   11700)
          32    4.229076   12.379175  (       5   13236)
          33    4.231011   13.030014  (       1   10476)
          34    4.231791   10.288195  (       3   10690)
          35    4.240174   12.353623  (       1   10532)
          36    4.240993   13.011300  (       5   12965)
          37    4.245734   12.396242  (       5   14140)
          38    4.246325   12.520252  (       5   14244)
          39    4.249427   12.347940  (       5   12816)
          40    4.254276   12.780123  (    3495   11319)
          41    4.254736   12.389167  (       5   12071)
          42    4.255647   12.379084  (       5   12069)
          43    4.256559   12.304660  (       1   11435)
          44    4.256881   12.388907  (       5   12064)
          45    4.258785   12.381513  (       5   12686)
          46    4.259037   12.303288  (       1   11423)
          47    4.259293   12.954791  (       1   10681)
          48    4.259617   12.388362  (       5   12072)
          49    4.259637   11.443371  (       1   10016)
          50    4.259893   14.197745  (     139   12699)
          51    4.260081   12.295022  (       1   11441)
          52    4.260936   12.018152  (       1   10035)
          53    4.261400   13.371413  (     450   13207)
          54    4.261486   13.721103  (     115   11235)
          55    4.261918   12.301642  (       1   11418)
          56    4.263115   13.153907  (       5   13032)
          57    4.263303   13.010108  (       5   10031)
          58    4.263686   12.003254  (       1   11842)
          59    4.263746   10.993970  (    3495   18427)
          60    4.263835   12.005260  (       1   11896)
          61    4.266675    9.900993  (       3   10716)
          62    4.267582   12.755235  (    9959   11319)
          63    4.270412   12.131975  (       1   11317)
          64    4.271100   13.737118  (       1   14839)
          65    4.272656   11.762676  (       5   10016)
          66    4.272674   12.445454  (     555   12114)
          67    4.273907   11.716368  (       1   10193)
          68    4.274178   12.486093  (       5   11566)
          69    4.274242   13.512762  (       3   11548)
          70    4.274634   12.225236  (    3495   12114)
          71    4.275376   11.492519  (       1   10002)
          72    4.275614   13.101325  (       1   11378)
          73    4.275856   14.931894  (    1931   11235)
          74    4.275902   11.075469  (    9959   18427)
          75    4.276663   11.437649  (    2951   11235)
          76    4.278296   11.559438  (       1   10004)
          77    4.278438   13.965322  (     450   15168)
          78    4.279061   12.245720  (     555   13540)
          79    4.279386   12.925759  (     888   11319)
          80    4.280324   13.623819  (     139   17450)
          81    4.281844   13.000542  (     967   17426)
          82    4.281990   13.588430  (       1   17147)
          83    4.282111   11.652713  (       1   10007)
          84    4.282153   14.159763  (       3   11772)
          85    4.283470   11.664118  (       1   10003)
          86    4.285035   13.134358  (       1   11558)
          87    4.285870   13.563242  (     117   11319)
          88    4.286099   13.266584  (     450   18427)
          89    4.286502   13.475096  (     450   17450)
          90    4.286708   12.018635  (    3495   13540)
          91    4.286983   12.603182  (       3   10031)
          92    4.288655   13.354260  (     106   11319)
          93    4.289326   13.613430  (     139   11507)
          94    4.289862   11.575253  (     622   16865)
          95    4.292013   11.711372  (       1   10005)
          96    4.292559   13.330919  (     139   10953)
          97    4.292861   12.605564  (       1   13032)
          98    4.292911   12.028132  (       1   10339)
          99    4.293047   12.420176  (       5   10832)
         100    4.293415   11.704428  (       1   10006)
