Model_ID, [(c_i,i=0,n)_j,j=1,ntask]
           1    0.9712781791E+01    0.4238639960E+02   -0.7850056835E+01
           2    0.1416408213E+01    0.3833014093E+02   -0.1040833586E+03
           3    0.6461978239E+01    0.4672915366E+02   -0.1129126657E+02
           4    0.7685301538E+01    0.5367937915E+02   -0.1144263056E+02
           5    0.3413499884E+01    0.4359697866E+02    0.8924472748E+01
           6    0.1700486810E+01    0.3846454495E+02   -0.9951171792E+02
           7    0.8770852798E+01    0.4440710796E+02   -0.7376540269E+01
           8    0.3242121589E+01    0.4394405197E+02   -0.8725094580E+01
           9    0.8715655508E+01    0.4447888181E+02   -0.7344359995E+01
          10    0.9224344185E+01    0.4481443588E+02   -0.7936074344E+01
          11    0.8697101816E+01    0.4448246196E+02   -0.7325333447E+01
          12    0.8241759685E+01    0.4394536188E+02   -0.7126636087E+01
          13    0.7681446986E+01    0.5356811084E+02   -0.1165849317E+02
          14    0.7258923765E+01    0.5354650233E+02   -0.1086605359E+02
          15    0.7766636205E+01    0.5340748177E+02   -0.1173508213E+02
          16    0.9142431602E+01    0.4569009878E+02   -0.7501727997E+01
          17    0.2035315645E+01    0.9678091707E+01    0.3617955871E+03
          18    0.8958302017E+01    0.4623043396E+02   -0.7415420443E+01
          19    0.3979078322E+01    0.4274963041E+02   -0.8999346168E+01
          20    0.7696158890E+01    0.5322663667E+02   -0.1160626440E+02
          21    0.6476678206E+01    0.4591021113E+02   -0.1108823084E+02
          22    0.7508275617E+01    0.5297823002E+02    0.1133309833E+02
          23    0.6073001098E+01    0.5084743072E+02   -0.1263456873E+02
          24    0.1298897499E+01    0.3955705793E+02    0.9293325227E+02
          25    0.1237688203E+01    0.3775663874E+02   -0.1025709385E+03
          26    0.7808587981E+01    0.5340345749E+02   -0.1175936462E+02
          27    0.7684752295E+01    0.5303302042E+02   -0.1154956528E+02
          28    0.6002155230E+01    0.5087233221E+02   -0.1250116454E+02
          29    0.7616020518E+01    0.5303891118E+02   -0.1146259356E+02
          30    0.1564754480E+02    0.4268306872E+02   -0.6845780252E+01
          31    0.1577540891E+02    0.4322817182E+02   -0.6790590293E+01
          32    0.6360192536E+01    0.4431397412E+02    0.1087583949E+02
          33    0.8962172397E+01    0.4498032982E+02   -0.7638173852E+01
          34    0.1530668801E+01    0.3838614794E+02   -0.1055432876E+03
          35   -0.9852140465E+00    0.1480017016E+02   -0.4617942627E+02
          36    0.5685671954E+01    0.4680547936E+02   -0.1096881463E+02
          37    0.7488356059E+01    0.5029695311E+02   -0.1362816820E+02
          38    0.7768699775E+01    0.5238886146E+02   -0.1134599891E+02
          39    0.8882851394E+01    0.4505452375E+02   -0.7581819995E+01
          40    0.3649068242E+01    0.4705295293E+02   -0.9711047277E+01
          41    0.7806545796E+01    0.4442836071E+02   -0.6900296444E+01
          42    0.7830337698E+01    0.5202047488E+02   -0.1124479740E+02
          43    0.4366482487E+01    0.4675310432E+02   -0.8733416783E+01
          44    0.3667542489E+01    0.4770880843E+02    0.1038821821E+02
          45    0.5618350394E+01    0.4685524852E+02   -0.1083092425E+02
          46    0.3076629978E+01    0.4837108261E+02    0.9762257196E+01
          47    0.3267286176E+01    0.1375792166E+02    0.3902289102E+03
          48    0.5457122256E+01    0.4439368863E+02    0.1127731322E+02
          49    0.1034926517E+02    0.4939848300E+02   -0.8876142542E+01
          50    0.5392885890E+01    0.4434324494E+02    0.1092458663E+02
          51    0.5489865518E+01    0.4674031672E+02    0.5696492124E+01
          52    0.6294820228E+01    0.4566216876E+02   -0.9877255858E+01
          53    0.6634588289E+01    0.4907083077E+02   -0.1106527641E+02
          54    0.9181994830E+01    0.4789009075E+02   -0.7345597273E+01
          55    0.3331825782E+01    0.4792740346E+02   -0.1002900739E+02
          56    0.1069325982E+02    0.4440558349E+02   -0.7949126282E+01
          57    0.8548793098E+01    0.4355397469E+02   -0.9079451509E+01
          58    0.9513965383E+01    0.4160651524E+02   -0.6529592810E+01
          59    0.7356930686E+01    0.5489837878E+02    0.1346766908E+02
          60    0.3557744625E+01    0.4384315663E+02    0.9086988853E+01
          61    0.7366398340E+01    0.5490510536E+02    0.1348576649E+02
          62    0.6182087189E+01    0.4507116640E+02    0.1211112810E+02
          63    0.7376954464E+01    0.5491238224E+02    0.1350586813E+02
          64    0.3737141174E+01    0.4825485225E+02    0.1072342418E+02
          65    0.5698527588E+01    0.4816494377E+02    0.1276211760E+02
          66    0.7630711414E+01    0.4449104471E+02    0.6695775612E+01
          67    0.7337616054E+01    0.5168046376E+02   -0.1061692410E+02
          68    0.7145967975E+01    0.5469541889E+02    0.1304623915E+02
          69    0.9225196725E+01    0.4843627320E+02   -0.1175023523E+02
          70    0.7757810347E+01    0.4645311211E+02    0.9903701513E+01
          71    0.7451156112E+01    0.5251568456E+02   -0.1088663367E+02
          72    0.2267802870E+01    0.1368004451E+02   -0.5344508678E+02
          73    0.2268265796E+01    0.1367874062E+02   -0.5343993808E+02
          74    0.8061225094E+01    0.4401317634E+02   -0.8486788531E+01
          75    0.7070921121E+01    0.4926207742E+02    0.7458091273E+01
          76    0.3609779140E+01    0.4693924171E+02   -0.9290492610E+01
          77    0.8045753990E+01    0.4401521842E+02   -0.8467094456E+01
          78    0.7033840884E+01    0.5001269787E+02   -0.1218673415E+02
          79    0.4518682659E+01    0.4623337195E+02   -0.8081116736E+01
          80    0.3603737138E+01    0.4693094920E+02   -0.9250929695E+01
          81    0.1521198985E+01    0.3788379709E+02   -0.9764574881E+02
          82    0.6979641856E+01    0.4919424844E+02   -0.1186119127E+02
          83    0.5878095901E+01    0.4673316019E+02    0.1003832870E+02
          84    0.6171011621E+01    0.4892651864E+02    0.1248967531E+02
          85    0.5573101097E+01    0.4795167831E+02    0.1218105291E+02
          86    0.6217145024E+01    0.4887037783E+02    0.1256363074E+02
          87    0.3591842821E+01    0.4706389815E+02    0.9449545304E+01
          88    0.6932647091E+01    0.4939652883E+02   -0.1189210563E+02
          89    0.1042782538E+02    0.4160995977E+02   -0.7422570367E+01
          90    0.1432885258E+01   -0.3580345705E+02   -0.7480604201E+02
          91    0.1818441875E+01    0.3852342448E+02   -0.1009774648E+03
          92    0.6580704313E+01    0.4568582846E+02   -0.1021249844E+02
          93    0.6899919533E+01    0.4936273317E+02    0.1182964213E+02
          94    0.6512920548E+01    0.4579894150E+02   -0.1050412424E+02
          95    0.8776056578E+01    0.4469691525E+02   -0.6673439828E+01
          96    0.9045877237E+01    0.4664241676E+02   -0.6454182670E+01
          97    0.8497774277E+01    0.4336985772E+02   -0.8987160618E+01
          98    0.6866718058E+01    0.4932894012E+02   -0.1176629826E+02
          99    0.6535946584E+01    0.4556209085E+02   -0.1043118035E+02
         100    0.5817874481E+01    0.4748012919E+02   -0.5822832052E+01
