        Rank        RMSE       MaxAE  Feature_ID
           1    8.428476   16.578291  (      73   13237)
           2    8.445784   17.401880  (       3   10455)
           3    8.492154   22.633173  (       8   10005)
           4    8.525862   21.318200  (       3   10109)
           5    8.589420   22.466237  (       8   10047)
           6    8.595677   19.564375  (       3   11428)
           7    8.600555   21.054630  (       3   10719)
           8    8.606411   18.249326  (       3   10009)
           9    8.621627   18.223030  (       8   10344)
          10    8.637758   19.690271  (       3   10092)
          11    8.640265   22.786949  (       8   10143)
          12    8.652772   23.771110  (       3   10475)
          13    8.662194   21.438322  (       3   11104)
          14    8.672844   21.479846  (       3   11101)
          15    8.682672   22.319688  (       3   13922)
          16    8.691456   26.953970  (       3   14129)
          17    8.695282   22.597364  (       8   10098)
          18    8.696096   21.508594  (       3   11654)
          19    8.701700   23.174658  (       8   10065)
          20    8.705914   22.435436  (       8   10050)
          21    8.723852   17.165641  (       8   12164)
          22    8.735518   22.247863  (       8   10325)
          23    8.736213   15.854629  (       3   12164)
          24    8.739917   21.867552  (       8   10105)
          25    8.741580   21.454492  (       3   11926)
          26    8.741681   21.931754  (       3   10855)
          27    8.752470   22.531657  (       8   10039)
          28    8.771826   22.780578  (       8   10023)
          29    8.775867   22.837985  (       8   10024)
          30    8.776951   23.646286  (       3   11029)
          31    8.777161   22.340701  (       8   10236)
          32    8.786522   22.592522  (       8   10967)
          33    8.787282   21.629668  (       8   10174)
          34    8.788678   16.319361  (       3   10025)
          35    8.790971   19.522472  (       3   10728)
          36    8.793807   21.548046  (       8   10320)
          37    8.802044   17.778900  (       3   10344)
          38    8.803458   23.343132  (       3   14362)
          39    8.808642   27.997487  (      36   12170)
          40    8.815378   22.120654  (       3   11402)
          41    8.818862   23.182754  (       8   10291)
          42    8.818968   21.768631  (       8   11418)
          43    8.820697   23.927487  (       3   15000)
          44    8.822081   21.404350  (       3   12772)
          45    8.822311   22.461945  (       8   10043)
          46    8.824801   22.669274  (       8   10699)
          47    8.827445   21.297810  (     932   13922)
          48    8.829267   21.597915  (       8   10244)
          49    8.829831   21.470754  (       3   13586)
          50    8.830971   22.972099  (       8   10001)
          51    8.832950   22.227914  (       3   10428)
          52    8.838624   21.747733  (       8   10127)
          53    8.839906   16.752322  (       3   10020)
          54    8.842917   19.808490  (       3   10358)
          55    8.844722   22.592728  (       8   10058)
          56    8.848099   22.406899  (       8   10028)
          57    8.851985   21.321489  (       8   11710)
          58    8.851986   23.096505  (       8   10015)
          59    8.857129   22.794365  (       8   10202)
          60    8.867393   19.787173  (       3   13078)
          61    8.869275   23.504743  (       8   10278)
          62    8.872623   19.697226  (       3   11302)
          63    8.875987   22.079617  (       8   11041)
          64    8.876897   23.781390  (       3   15451)
          65    8.879043   23.808535  (       3   16402)
          66    8.882991   22.080762  (       8   10062)
          67    8.884751   23.798396  (       8   10051)
          68    8.886756   22.031906  (       8   11424)
          69    8.889463   20.691421  (       8   10476)
          70    8.890789   22.256543  (       8   10045)
          71    8.891207   22.011942  (       8   10086)
          72    8.896864   21.069297  (      73   16820)
          73    8.898558   22.246645  (       8   10048)
          74    8.900861   24.665079  (      20   12170)
          75    8.901417   22.801802  (       8   10008)
          76    8.903775   22.128621  (       8   10554)
          77    8.905760   22.674468  (       8   10046)
          78    8.906048   20.890364  (      73   13108)
          79    8.909298   21.615339  (       8   10508)
          80    8.909560   22.374493  (       3   12345)
          81    8.911248   23.306288  (       8   11099)
          82    8.911723   18.337647  (       3   14393)
          83    8.912842   23.866702  (       3   18554)
          84    8.914096   22.235664  (       8   10053)
          85    8.916254   21.426131  (      73   15563)
          86    8.917842   19.416711  (       8   10296)
          87    8.918627   21.424888  (       3   10483)
          88    8.920917   21.371801  (       3   12529)
          89    8.922897   18.136913  (    1866   10344)
          90    8.923436   23.036383  (       1   10001)
          91    8.926026   16.488813  (      73   16225)
          92    8.927058   23.649519  (       8   10189)
          93    8.928906   22.181859  (       8   10079)
          94    8.930339   22.066262  (       3   12361)
          95    8.930493   22.226212  (       8   10063)
          96    8.933568   21.889972  (       8   12029)
          97    8.934749   21.388165  (       3   14351)
          98    8.935790   22.391454  (       8   13482)
          99    8.936028   18.788041  (       8   10025)
         100    8.939329   22.218128  (       8   10066)
