        Rank        RMSE       MaxAE  Feature_ID
           1   25.492283   77.918304  (    7915   19787)
           2   25.718592   76.669353  (    4842   19787)
           3   25.862371   88.663268  (    3766   19112)
           4   25.869109   94.284403  (    1121   19112)
           5   25.934312   69.275380  (    7034   10007)
           6   25.967025   69.702376  (    7034   10002)
           7   26.136109   83.487063  (    2518   19787)
           8   26.162942   70.713831  (    7034   10008)
           9   26.216227   84.446554  (    7082   19787)
          10   26.328290   83.092840  (    8000   19787)
          11   26.334923   91.051907  (    1942   19112)
          12   26.399224   72.650184  (     129   10094)
          13   26.415399   95.261198  (    3525   19112)
          14   26.415499   84.389671  (    2818   19787)
          15   26.418194   69.371529  (     129   10636)
          16   26.430786   72.330638  (     129   10083)
          17   26.462220   84.472330  (    2694   19787)
          18   26.489086   73.452987  (     129   10239)
          19   26.514875   75.626223  (    1864   14363)
          20   26.516292   72.849557  (     140   10083)
          21   26.517868   70.385706  (     129   11250)
          22   26.522673   78.771739  (    1864   19787)
          23   26.542665   96.929624  (     507   19112)
          24   26.547178   78.782284  (      14   10083)
          25   26.551265   78.237236  (    4656   19787)
          26   26.570202   98.303396  (    2362   19112)
          27   26.588647   74.424203  (    4842   14363)
          28   26.592478   76.890586  (      11   10083)
          29   26.597349   78.566038  (      13   10083)
          30   26.622105   78.960194  (      13   10630)
          31   26.623157   75.898144  (     113   10630)
          32   26.635160   83.291010  (    6481   19787)
          33   26.641923   78.724929  (      14   10144)
          34   26.649088   91.160696  (    5245   19112)
          35   26.655063   97.456932  (    1526   19112)
          36   26.679642   75.834984  (     113   10094)
          37   26.706396   76.917471  (    8827   19787)
          38   26.707734   84.188699  (    5448   19787)
          39   26.710910   73.532809  (     140   10094)
          40   26.717991   84.663418  (    3080   19787)
          41   26.725666   74.333426  (     129   10253)
          42   26.734370   73.130284  (     129   10286)
          43   26.742725   76.918748  (      11   10144)
          44   26.763869   79.896393  (    6543   19115)
          45   26.771680   79.823475  (      13   11124)
          46   26.781977   74.413223  (     129   10359)
          47   26.801421   79.529969  (    1273   13194)
          48   26.806470   76.263413  (     231   19112)
          49   26.807701   87.153864  (     844   19787)
          50   26.808305   73.905934  (     129   10590)
          51   26.809667   79.158933  (      13   10094)
          52   26.825849   75.783661  (     113   10083)
          53   26.828727   79.883543  (    5467   19115)
          54   26.830468   70.962309  (     760   10083)
          55   26.837059   71.609726  (    7034   10014)
          56   26.853404   84.159037  (    6738   19787)
          57   26.863666   75.152932  (     129   10702)
          58   26.864880   70.665734  (     760   10144)
          59   26.878825   77.910575  (    3843   10083)
          60   26.882659   95.995963  (    3833   19112)
          61   26.886220   76.965432  (     113   11124)
          62   26.899987   79.541288  (    1273   13380)
          63   26.906266   77.932624  (    8553   19787)
          64   26.909205   72.911962  (    7034   10037)
          65   26.910262   77.784621  (    3843   10144)
          66   26.911461   79.638864  (      14   10094)
          67   26.913329   94.996485  (    8469   10002)
          68   26.920247   80.174551  (      13   10699)
          69   26.922507   80.017766  (    1273   12919)
          70   26.922898   77.130408  (     113   10699)
          71   26.928218   73.246337  (     140   10144)
          72   26.930238   79.798374  (      14   10630)
          73   26.932615   84.182553  (    7228   19787)
          74   26.939959   79.821351  (    1273   12914)
          75   26.940218   84.225931  (    6181   19787)
          76   26.942125   82.737438  (    2588   19115)
          77   26.947885   74.581852  (     140   10239)
          78   26.954848   74.658471  (     129   10473)
          79   26.955482   73.568665  (    1884   10699)
          80   26.958769   78.242342  (      13   10621)
          81   26.959469   76.964846  (     113   10239)
          82   26.959840   73.454177  (    1884   11124)
          83   26.965575   80.062697  (      13   10239)
          84   26.968848   79.014116  (      13   10144)
          85   26.969082   90.903991  (     770   19787)
          86   26.971305   86.396494  (     231   13170)
          87   26.980893   83.105040  (    5445   19115)
          88   26.983340   72.824335  (    7034   10106)
          89   26.992742   67.893548  (    1641   10144)
          90   26.996356   79.471887  (    4240   19787)
          91   27.000163   79.637885  (    1884   19787)
          92   27.003899   85.244930  (    9627   19787)
          93   27.005614   85.631814  (      13   10351)
          94   27.006782   77.478349  (     113   10253)
          95   27.024067   76.344713  (     113   10286)
          96   27.028444   75.383938  (     129   10897)
          97   27.028723   92.038539  (    1127   19112)
          98   27.037713   80.323775  (    4127   19787)
          99   27.049473   84.132147  (    1273   19787)
         100   27.052789   67.077018  (     244   14363)
