     Index              y_true              y_pred        descriptor_1        descriptor_2
         1    0.6029000000E+02    0.5861959641E+02   -0.9671285025E+00    0.6784654632E-01
         2    0.4460000000E+02    0.3660973543E+02   -0.1911375146E+00   -0.7896153920E-03
         3    0.5301000000E+02    0.5204180006E+02   -0.1564870114E+00   -0.5007357765E-01
         4    0.1845000000E+02    0.1965694825E+02    0.7103241142E-01    0.2817621996E-02
         5    0.2045000000E+02    0.2333709223E+02    0.2122882008E-01    0.8380614690E-03
         6    0.5100000000E+02    0.4936740026E+02   -0.3548720358E+00   -0.9152619230E-02
         7    0.4216000000E+02    0.3775501038E+02   -0.2152812644E+00    0.4934596800E-04
         8    0.2817000000E+02    0.2922883662E+02   -0.4519990677E-01   -0.4570452432E-02
         9    0.2720000000E+02    0.1831974845E+02    0.3555751462E-01    0.1255362688E-01
        10    0.2551000000E+02    0.2405980449E+02    0.4603793925E-02    0.1601331172E-02
        11    0.2622000000E+02    0.2513039255E+02   -0.5087626830E-01    0.7924881888E-02
        12    0.3007000000E+02    0.2594468097E+02   -0.5212582740E-01    0.5842417882E-02
        13    0.6942000000E+02    0.7027707662E+02   -0.9898090650E+00    0.3884016607E-01
        14    0.6660000000E+02    0.5290225009E+02   -0.6480096337E+00    0.3023308900E-01
        15    0.1850000000E+02    0.2475092639E+02    0.0000000000E+00    0.4302252000E-03
        16    0.5090000000E+02    0.4903903984E+02   -0.4916258516E+00    0.1478932346E-01
        17    0.3120000000E+02    0.2814248654E+02   -0.2167649022E-01   -0.5470917872E-02
        18    0.2067000000E+02    0.3458677214E+02   -0.4199109260E-01   -0.2019680000E-01
        19    0.2548000000E+02    0.3225736450E+02   -0.1297293684E+00    0.1129532952E-02
        20    0.2796000000E+02    0.2473205650E+02    0.6315678720E-02   -0.5796510720E-03
        21    0.4537000000E+02    0.4473036674E+02   -0.3092997367E+00   -0.3766578669E-02
        22    0.4307000000E+02    0.5290560219E+02   -0.5329167335E+00    0.1085207155E-01
        23    0.7520000000E+02    0.6498437474E+02   -0.6706095144E+00    0.1746360000E-04
        24    0.5646000000E+02    0.7372601324E+02   -0.8215740055E+00    0.8129724990E-03
        25    0.2681000000E+02    0.2449914067E+02    0.6778177032E-02   -0.1677500000E-05
        26    0.5060000000E+01    0.1326046490E+02   -0.2314638008E+00    0.7174201791E-01
        27    0.1790000000E+02    0.3213048308E+02   -0.1098607225E+00   -0.1857351184E-02
        28    0.6383000000E+02    0.5297411255E+02   -0.4694430625E+00   -0.2424725100E-04
        29    0.6524000000E+02    0.6703117929E+02   -0.5112734088E+00   -0.3256396080E-01
        30    0.1790000000E+02    0.2043781421E+02    0.3746696682E-01    0.6268434102E-02
        31    0.5774000000E+02    0.5598755717E+02   -0.5001875910E+00   -0.3334471140E-02
        32    0.7420000000E+02    0.6256565536E+02   -0.6169080262E+00   -0.2210816376E-02
        33    0.6900000000E+02    0.7680297824E+02   -0.1010835293E+01    0.2400425439E-01
        34    0.4263000000E+02    0.4582034478E+02   -0.3173179852E+00   -0.5486042720E-02
        35    0.3187000000E+02    0.2552489416E+02   -0.5000743010E-02   -0.9073372000E-03
