Model_ID, [(c_i,i=0,n)_j,j=1,ntask]
           1    0.1277260093E+02   -0.1069027032E+03   -0.2790392422E+03
           2    0.1160080230E+02    0.5216236262E+02    0.1893817311E+03
           3    0.1382550955E+02    0.6428908134E+02    0.1747419722E+03
           4    0.9758587703E+01   -0.4771329182E+02   -0.1906021343E+03
           5    0.1412121183E+02    0.1033305465E+03   -0.2747247023E+03
           6    0.2312240624E+02   -0.1809856246E+03   -0.5332333684E+03
           7    0.1589620826E+02    0.6072030309E+02    0.1729941059E+03
           8    0.3790012460E+00    0.1077318062E+03   -0.1592747944E+03
           9    0.1603954253E+02    0.5949385956E+02   -0.2388804085E+03
          10    0.1323046951E+02    0.6469882451E+02    0.1792867161E+03
          11    0.1411876652E+02    0.6277576761E+02   -0.2390386669E+03
          12    0.5634250829E+01    0.9873104385E+02   -0.2213474993E+03
          13    0.1597776209E+02    0.6034361861E+02    0.1742097681E+03
          14    0.1385498830E+02   -0.6249526586E+02    0.1846518069E+03
          15    0.1395025240E+02    0.5949225881E+02   -0.2429771474E+03
          16    0.1580184740E+02    0.5633414681E+02   -0.2421560953E+03
          17    0.1681083874E+01    0.1081509757E+03   -0.2307620259E+03
          18    0.1613457451E+02    0.5908461777E+02   -0.2404016448E+03
          19    0.1400367597E+02    0.6222433623E+02    0.1842647085E+03
          20    0.1750069462E+02    0.5418851872E+02   -0.2061012683E+03
          21    0.2020117602E+02    0.7885823309E+02    0.4720603251E+03
          22    0.8910326225E+01    0.5562722239E+02   -0.1790529896E+03
          23    0.1570373856E+02    0.6099737459E+02   -0.2278230173E+03
          24    0.1083651284E+02   -0.7681288787E+02   -0.2198745507E+03
          25   -0.3843747632E+01    0.1311142866E+03   -0.3546256837E+03
          26    0.1628643837E+02   -0.9698730347E+02    0.9660941040E+02
          27    0.8580097069E+01    0.5649840204E+02   -0.2420701874E+03
          28    0.3276326876E+01    0.1030101584E+03   -0.1476796164E+03
          29    0.1175973743E+02   -0.4621548715E+02    0.1781842165E+03
          30    0.1372537911E+02    0.6438127834E+02   -0.2281175007E+03
          31    0.1406961999E+02   -0.6159887384E+02    0.1871565871E+03
          32    0.6425351773E+01    0.8186726063E+02   -0.1604612869E+03
          33    0.1075022000E+02   -0.5998822793E+02   -0.1124751889E+03
          34    0.1670416220E+02    0.9733917651E+02   -0.1557322567E+03
          35    0.6739269228E+01    0.5957557627E+02   -0.2039424391E+03
          36    0.8250843646E+00   -0.1047619183E+03   -0.1638379325E+03
          37    0.1172086427E+02   -0.5847070724E+02   -0.1054801600E+03
          38    0.1149395104E+02    0.1181883506E+03   -0.2574802170E+03
          39    0.1589272172E+02    0.5590611059E+02   -0.2440066435E+03
          40    0.1225259766E+02    0.4856608059E+02   -0.2679349749E+03
          41    0.1299033764E+02    0.7164746684E+02    0.1894390931E+03
          42    0.1509630464E+02    0.6250419018E+02    0.1715855355E+03
          43    0.1966004206E+02    0.8328280981E+02    0.4482079877E+03
          44    0.6726822274E+01    0.9950481463E+02   -0.2173013152E+03
          45    0.1402865049E+02   -0.6994740422E+02   -0.2219387372E+03
          46    0.1276409225E+01    0.6815657479E+02   -0.3809661053E+03
          47    0.4346143508E+01    0.1037653269E+03   -0.2165778606E+03
          48    0.1360141540E+02    0.5598378135E+02   -0.1840572647E+03
          49    0.1317553807E+02    0.4718841495E+02   -0.2433105190E+03
          50    0.1536583292E+02    0.5732713636E+02   -0.3334294210E+03
          51    0.1677545572E+02    0.9742646157E+02   -0.1551238421E+03
          52    0.1494602595E+02   -0.1031022566E+03   -0.4026432683E+03
          53    0.1583080972E+02    0.5702102062E+02   -0.2052321284E+03
          54    0.1717172814E+02    0.5561599868E+02   -0.1986661267E+03
          55    0.1522090415E+02   -0.9521741759E+02   -0.1655386518E+03
          56    0.9827218208E+01   -0.7938873025E+02   -0.2059971249E+03
          57    0.1761130933E+02    0.5373060575E+02   -0.2077232189E+03
          58   -0.3928599846E+01    0.1312082449E+03    0.3020519664E+03
          59    0.1159401149E+02    0.1182651090E+03   -0.2561657073E+03
          60    0.1078354692E+02   -0.8105448693E+02   -0.1394994456E+03
          61    0.8662401886E+01   -0.5663117391E+02    0.1752149137E+03
          62    0.1135750464E+02   -0.7505909573E+02   -0.2178208925E+03
          63    0.1305600261E+02    0.4500558573E+02   -0.2579561301E+03
          64    0.1420098200E+02    0.6024151913E+02   -0.1774546964E+03
          65    0.1348901247E+02    0.5956840390E+02   -0.2483968817E+03
          66    0.1600760471E+02    0.7592040132E+02   -0.1165722033E+03
          67    0.5381528159E+01    0.1019174135E+03   -0.2198260201E+03
          68    0.4360115902E+01    0.1010003301E+03   -0.1489343873E+03
          69    0.1811508049E+02    0.5548383797E+02   -0.2201468744E+03
          70    0.1304982742E+02    0.9922569784E+02   -0.1728824815E+03
          71    0.8456789398E+01    0.5741273724E+02    0.1729296971E+03
          72    0.1365990783E+02    0.6290470319E+02   -0.2434710612E+03
          73    0.1048651158E+02   -0.5923170114E+02   -0.1152734488E+03
          74    0.1529058682E+02    0.6117459886E+02   -0.2365149879E+03
          75    0.1579664703E+02    0.6059561783E+02   -0.2292140600E+03
          76    0.5910330177E+01    0.1009574408E+03   -0.2118602932E+03
          77    0.1453322613E+02    0.9624600758E+02   -0.1655225923E+03
          78    0.1404050361E+02   -0.5742915845E+02   -0.2563420547E+03
          79    0.1536245553E+02   -0.9443950676E+02   -0.1631000718E+03
          80    0.1357381509E+02    0.5041655280E+02    0.1926888395E+03
          81    0.1325055744E+02   -0.4343749763E+02    0.1868520227E+03
          82    0.8028042254E+01    0.5797893963E+02   -0.2311589148E+03
          83    0.6110959354E+01   -0.1005888989E+03   -0.2121497111E+03
          84    0.1702985608E+02    0.2115996660E+03   -0.1187120550E+03
          85    0.1209556951E+02   -0.4511258676E+02   -0.2445075052E+03
          86    0.1356876938E+02    0.6039404276E+02   -0.3323747707E+03
          87    0.5998152730E+01    0.1006079789E+03   -0.2227756263E+03
          88    0.4955103562E+01    0.9969578654E+02   -0.1509575765E+03
          89    0.2587425938E+02    0.6299731554E+02   -0.6088559022E+03
          90    0.9227423828E+01    0.9145382835E+02   -0.2132459405E+03
          91    0.1740421535E+02    0.9673766139E+02   -0.1183262325E+03
          92    0.2595982693E+02    0.3724604738E+02   -0.6690715514E+03
          93    0.1624734176E+02    0.5789991381E+02    0.1846407233E+03
          94    0.4204549369E+01    0.1026495180E+03   -0.2201319324E+03
          95    0.1461848203E+02    0.5196614165E+02    0.3386201183E+03
          96    0.1658812893E+02    0.5977941452E+02    0.1709455303E+03
          97    0.1260547597E+02    0.7370402417E+02   -0.1743868390E+03
          98    0.7934509654E+01    0.5487978402E+02   -0.1624583116E+03
          99    0.1459173909E+02    0.5403554629E+02   -0.2476399688E+03
         100    0.6066891829E+01    0.1006356971E+03   -0.2115013290E+03
