        Rank        RMSE       MaxAE  Feature_ID
           1   24.172291   55.536925  (    2320   12593)
           2   24.346143   68.761870  (    1252   15749)
           3   24.744434   69.436745  (     130   10184)
           4   24.917333   55.152390  (    1252   13069)
           5   24.988088   64.793623  (    2320   14231)
           6   25.038524   57.810015  (    3178   19028)
           7   25.091585   58.933962  (    2320   14815)
           8   25.101105   56.771510  (    1252   12862)
           9   25.145808   55.116758  (    2320   12665)
          10   25.196581   61.778807  (    9632   14231)
          11   25.212787   69.099076  (    2320   13531)
          12   25.246052   59.243073  (    2320   15198)
          13   25.264450   63.516350  (    2320   10656)
          14   25.285742   58.758510  (    2320   19028)
          15   25.328881   75.450389  (    3244   10042)
          16   25.350218   79.245657  (     416   10066)
          17   25.468568   67.258965  (     130   10830)
          18   25.471658   73.609714  (     289   11506)
          19   25.483030   73.858497  (     667   11213)
          20   25.491495   84.938722  (      94   10066)
          21   25.554361   64.763059  (    2320   19673)
          22   25.564432   69.417592  (    7650   15490)
          23   25.588915   75.976232  (     408   11213)
          24   25.589502   63.654133  (     130   12773)
          25   25.659355   84.429158  (     289   10115)
          26   25.662918   79.369249  (     475   10066)
          27   25.664909   61.933487  (    3178   12773)
          28   25.668370   75.003209  (     583   11213)
          29   25.675264   58.967657  (    2320   17280)
          30   25.689450   72.185287  (    3178   15964)
          31   25.725419   80.737905  (     408   10102)
          32   25.725578   58.430579  (    2320   13324)
          33   25.728916   59.840179  (    2320   15115)
          34   25.740642   80.231632  (     289   10026)
          35   25.751982   62.688044  (    2043   17046)
          36   25.752447   78.375486  (     289   10081)
          37   25.770209   85.917197  (      94   10320)
          38   25.782707   78.805895  (     416   10027)
          39   25.808362   60.463254  (    1164   11655)
          40   25.829616   78.971866  (     667   10102)
          41   25.832411   59.954926  (    2320   17337)
          42   25.837357   73.424115  (     441   11213)
          43   25.861998   60.169090  (    9632   10656)
          44   25.866493   85.092126  (     115   10066)
          45   25.880578   59.705747  (    2320   16876)
          46   25.900330   71.633906  (    1134   11213)
          47   25.901238   80.502930  (     416   10320)
          48   25.902899   78.544839  (     416   10072)
          49   25.906147   61.326945  (    1643   11655)
          50   25.909615   59.822348  (    1028   11655)
          51   25.910212   78.174747  (     441   10102)
          52   25.915323   86.810772  (     568   10281)
          53   25.916724   59.633953  (    2320   16923)
          54   25.916765   62.994317  (    3178   12862)
          55   25.922352   61.656515  (     299   11655)
          56   25.938243   79.964406  (     583   10102)
          57   25.939343   80.953519  (     801   10102)
          58   25.939510   73.123535  (      94   10393)
          59   25.943360   84.567898  (      94   10027)
          60   25.945222   80.893375  (    1060   18493)
          61   25.951849   63.220661  (    2320   12339)
          62   25.957309   64.059726  (    2320   15287)
          63   25.958198   85.286338  (      94   11483)
          64   25.963315   75.657494  (    1228   10023)
          65   25.966708   64.816592  (    3178   13069)
          66   25.967716   59.729389  (    2320   17887)
          67   25.973299   74.419279  (     114   12250)
          68   25.973507   63.316831  (      94   10039)
          69   25.976523   75.395609  (    1228   10028)
          70   25.980444   64.097903  (    2320   15624)
          71   25.980924   73.141295  (     289   12886)
          72   25.981600   80.286234  (     820   10026)
          73   25.982290   70.119760  (    2320   19774)
          74   25.985565   76.674043  (     289   10552)
          75   25.985783   84.248764  (      94   10072)
          76   25.990148   59.470362  (    2320   19126)
          77   25.991328   70.245292  (     254   10129)
          78   25.991459   72.817601  (    3178   16624)
          79   25.992721   68.522416  (     443   10393)
          80   25.994887   82.517328  (     114   10102)
          81   25.995766   67.238461  (     443   12250)
          82   26.002557   59.682552  (    2320   18046)
          83   26.015628   70.168142  (     133   10129)
          84   26.018381   67.552458  (    2043   11506)
          85   26.020192   55.237959  (    7952   19028)
          86   26.021135   62.660915  (    2320   14267)
          87   26.030159   57.775045  (     443   11655)
          88   26.039010   59.637150  (    2320   18207)
          89   26.053954   78.905275  (     475   10027)
          90   26.057648   57.055401  (     571   11655)
          91   26.059752   80.985341  (     289   10102)
          92   26.060277   71.394072  (     254   10117)
          93   26.065891   73.435521  (     133   12250)
          94   26.077036   89.588562  (    1022   11711)
          95   26.080374   64.208549  (    1870   17046)
          96   26.080482   63.430579  (     130   16527)
          97   26.080661   66.713095  (     571   12250)
          98   26.085629   73.075257  (     115   10393)
          99   26.087346   76.711782  (     416   10184)
         100   26.089280   70.391913  (     667   12250)
