        Rank        RMSE       MaxAE  Feature_ID
           1   10.394670   26.070898  (     297   13027)
           2   10.410917   26.168747  (     317   13027)
           3   10.434566   27.370329  (    9039   10815)
           4   10.451093   27.290260  (    8896   12652)
           5   10.471374   27.907459  (    9039   12652)
           6   10.471690   26.186440  (     187   12529)
           7   10.475245   26.719544  (    8896   10815)
           8   10.485810   25.315292  (     187   11305)
           9   10.515204   27.638596  (    1060   12890)
          10   10.519188   23.707786  (     102   13027)
          11   10.522661   22.160713  (     102   17059)
          12   10.524180   26.273521  (     297   11266)
          13   10.540098   26.370442  (     317   11266)
          14   10.542281   25.758859  (    8108   19717)
          15   10.545316   23.921256  (     102   11305)
          16   10.550804   25.944752  (     187   12380)
          17   10.552352   27.670246  (     721   16489)
          18   10.553144   25.947741  (    7797   19717)
          19   10.553153   23.810117  (     102   13337)
          20   10.560837   25.239943  (     187   10870)
          21   10.561511   23.776204  (     102   10870)
          22   10.571795   23.821443  (     102   11266)
          23   10.572068   23.765824  (     102   11769)
          24   10.575948   29.150737  (    9918   10756)
          25   10.577604   24.985187  (     187   11769)
          26   10.578473   22.187190  (      47   16489)
          27   10.579801   21.952329  (     102   12890)
          28   10.583467   22.101017  (      47   13629)
          29   10.585452   27.312037  (    9039   10143)
          30   10.586122   26.024675  (    8896   13034)
          31   10.590637   23.396734  (     102   15118)
          32   10.592003   26.071876  (    8108   15867)
          33   10.592109   26.618536  (    8896   15082)
          34   10.594664   27.431356  (    1060   17059)
          35   10.595027   21.875545  (      47   17584)
          36   10.595850   26.352046  (     297   10870)
          37   10.597284   26.656986  (    9039   13034)
          38   10.604255   26.259394  (    7797   15867)
          39   10.606382   26.540894  (    8896   14912)
          40   10.611006   26.448193  (     317   10870)
          41   10.612592   26.115054  (     297   11769)
          42   10.614625   23.817815  (       2   16489)
          43   10.615822   23.507821  (     102   12667)
          44   10.617189   23.295097  (     102   14269)
          45   10.623235   26.551582  (    8896   18612)
          46   10.625519   24.918295  (     187   15118)
          47   10.626533   22.768134  (     102   12482)
          48   10.626814   27.252692  (    9039   15082)
          49   10.628690   24.521330  (     187   17944)
          50   10.629739   26.215781  (     317   11769)
          51   10.635229   25.520810  (     102   11234)
          52   10.636443   27.173860  (    9039   14912)
          53   10.638496   26.752643  (    8896   14978)
          54   10.638659   26.574329  (    8896   16017)
          55   10.639165   24.700288  (     102   11011)
          56   10.639392   26.576496  (    8896   16012)
          57   10.639533   27.248434  (     838   12815)
          58   10.640131   26.578659  (    8896   16005)
          59   10.640612   26.554950  (    8896   15277)
          60   10.641752   26.595891  (    8896   16892)
          61   10.642110   23.300459  (      12   16489)
          62   10.642761   29.640688  (    7883   13027)
          63   10.646485   27.580623  (    1060   12482)
          64   10.648561   23.769277  (       2   13629)
          65   10.649639   34.829900  (    1740   10280)
          66   10.651528   24.896561  (     102   10930)
          67   10.651544   27.185932  (    9039   18612)
          68   10.652061   23.297673  (      18   16489)
          69   10.654063   26.279700  (    8896   13614)
          70   10.658212   23.943384  (     102   12286)
          71   10.658950   23.557511  (       2   17584)
          72   10.661511   32.448447  (    1283   19717)
          73   10.662478   27.187666  (    9039   15277)
          74   10.663662   23.963406  (     102   12180)
          75   10.665125   31.999851  (    3173   16768)
          76   10.665874   24.025827  (     102   11883)
          77   10.667855   32.120176  (    1283   15867)
          78   10.668732   24.962076  (     187   13393)
          79   10.668761   26.462199  (    8896   14102)
          80   10.669560   27.207190  (    9039   16017)
          81   10.670332   27.209255  (    9039   16012)
          82   10.671112   27.211315  (    9039   16005)
          83   10.671853   25.303700  (     187   11768)
          84   10.673770   23.230746  (      18   13629)
          85   10.674553   23.969984  (     102   12279)
          86   10.674918   31.882114  (    3388   13333)
          87   10.677218   23.254248  (      12   13629)
          88   10.681441   32.354234  (    1256   19717)
          89   10.681766   27.228625  (    9039   16892)
          90   10.684695   25.693176  (     187   11011)
          91   10.685349   25.055399  (     102   13393)
          92   10.685519   23.035179  (      12   17584)
          93   10.685587   23.014446  (      18   17584)
          94   10.685643   23.977032  (     102   12392)
          95   10.686709   26.072208  (     297   15118)
          96   10.686865   23.921554  (     102   12781)
          97   10.688613   26.919845  (    9039   13614)
          98   10.690351   27.878590  (    1060   12815)
          99   10.690358   31.709503  (    4827   16768)
         100   10.690397   32.026933  (    1256   15867)
