Model_ID, [(c_i,i=0,n)_j,j=1,ntask]
           1    0.3268379968E+01    0.3604089218E+02    0.6686312183E+02
           2    0.5004430587E+01    0.4648273272E+02    0.6388855237E+02
           3    0.3168383391E+01    0.1906760661E+02    0.6766924571E+02
           4    0.2601020974E+01    0.1739174178E+02    0.9526193670E+02
           5    0.2712110754E+01   -0.1923092541E+02    0.6758659482E+02
           6    0.3585282158E+01    0.1607561687E+02    0.6624302693E+02
           7    0.2276637432E+01    0.3511686501E+02    0.4657186959E+02
           8    0.7862956675E+01   -0.2428800374E+02   -0.1005729403E+02
           9    0.2866844954E+01    0.3604831671E+02    0.6152692274E+02
          10    0.2937821812E+01    0.1728588926E+02    0.7442338145E+02
          11    0.3343208798E+01    0.1870302839E+02    0.6601309568E+02
          12    0.3344653053E+01    0.3530577874E+02    0.6018075782E+02
          13    0.2834780751E+01    0.1726212124E+02   -0.9173901954E+02
          14    0.3644958617E+01    0.4578681773E+02    0.4556890018E+02
          15    0.2191285387E+01    0.3455195923E+02   -0.4910038117E+02
          16    0.3058606281E+01    0.1710589771E+02    0.7433505428E+02
          17    0.3143441504E+01    0.3563428973E+02    0.5938268184E+02
          18    0.3078536755E+01    0.1715110558E+02    0.1140106920E+03
          19    0.3012201236E+01    0.1906078069E+02    0.6995122182E+02
          20    0.1638602405E+01    0.1815162108E+02   -0.5514521400E+02
          21    0.2443201545E+01    0.1796151967E+02   -0.5676916899E+02
          22    0.3325420247E+01    0.3533280527E+02    0.6018954672E+02
          23    0.2316138171E+01    0.3479297970E+02    0.4633660656E+02
          24    0.2896063170E+01    0.1904549496E+02    0.6622019013E+02
          25    0.2648214791E+01    0.1732311337E+02    0.8998395018E+02
          26    0.2795292752E+01    0.1913388177E+02    0.6720269713E+02
          27    0.3455706650E+01   -0.3506716994E+02    0.5909194698E+02
          28    0.3187474531E+01    0.1874683440E+02    0.6671949148E+02
          29    0.3468080823E+01   -0.3504004053E+02    0.5899176981E+02
          30    0.3864331970E+01    0.9270714287E+01    0.6524436642E+02
          31    0.6988664726E+01   -0.2497806489E+02   -0.6317171174E+01
          32    0.2270100448E+01    0.3380453354E+02   -0.5156879787E+02
          33    0.3000236314E+01    0.1894853156E+02    0.6659367823E+02
          34    0.6369791205E+01   -0.2598853307E+02   -0.7781271900E+01
          35    0.3076290852E+01   -0.1886829400E+02    0.6593178438E+02
          36    0.3233986457E+01    0.1700532158E+02   -0.7235336067E+02
          37    0.3999697163E+01    0.4483039826E+02    0.6939746028E+02
          38    0.3540311846E+01    0.4506512557E+02   -0.4805230021E+02
          39    0.4736996548E+01    0.4573562136E+02    0.6977566759E+02
          40    0.2932052035E+01    0.1901295517E+02    0.6721617943E+02
          41    0.3217558611E+01    0.3551154574E+02    0.6118639944E+02
          42    0.3662249017E+01    0.4539892640E+02    0.4546459058E+02
          43    0.1612091862E+01    0.1851130381E+02   -0.5169877121E+02
          44    0.2459558026E+01    0.1790050772E+02   -0.5403792892E+02
          45    0.3209265588E+01    0.3552286270E+02    0.6126823753E+02
          46    0.2902488465E+01    0.1710050348E+02    0.8905345939E+02
          47    0.1921996534E+01    0.1750217249E+02    0.9033886789E+02
          48    0.3225976642E+01   -0.1872861832E+02    0.6658629449E+02
          49    0.2856710899E+01    0.1387424777E+02    0.6373720503E+02
          50    0.4655440517E+01    0.4520502293E+02    0.7534847937E+02
          51    0.2278429409E+01    0.1517353177E+02   -0.5633268513E+02
          52    0.3559676565E+01    0.9397796590E+01    0.6580534643E+02
          53    0.6265917458E+01   -0.2620730301E+02   -0.7627234297E+01
          54    0.2247950713E+01    0.1753066439E+02    0.9289075124E+02
          55    0.3321234277E+01    0.3530342362E+02    0.6012668366E+02
          56    0.5976082343E+01   -0.2615471244E+02   -0.5665664351E+01
          57    0.3789061754E+01    0.3518153717E+02    0.6138726300E+02
          58    0.4789108993E+01    0.4589044933E+02    0.6662738999E+02
          59    0.2068744731E+01    0.8958851735E+01   -0.5661286862E+02
          60    0.2011542710E+01    0.9160621676E+01   -0.5357600931E+02
          61    0.2794649640E+01    0.1736024288E+02   -0.7426438880E+02
          62    0.2058134871E+01    0.1560948928E+02   -0.5051461172E+02
          63    0.2971990670E+01    0.1721962900E+02    0.7019113748E+02
          64    0.2692537163E+01    0.1730165238E+02    0.8829835697E+02
          65    0.2264662837E+01    0.1520368275E+02   -0.5418971242E+02
          66    0.2966130740E+01    0.1820067055E+02    0.7649150752E+02
          67    0.4813442534E+01    0.4616532279E+02    0.6494127999E+02
          68    0.2757622916E+01    0.1762467570E+02   -0.5330125082E+02
          69    0.2866946016E+01    0.1720454899E+02   -0.8670320857E+02
          70    0.3268845964E+01   -0.1768768935E+02   -0.1570768682E+02
          71    0.2736016054E+01    0.3423131220E+02    0.6947848963E+02
          72    0.3623580307E+01   -0.3473325712E+02    0.6014972945E+02
          73    0.2895066916E+01    0.1717889918E+02    0.8802299655E+02
          74    0.2031147697E+01    0.1814233840E+02   -0.5594520541E+02
          75    0.7926206301E+01   -0.2467118596E+02    0.7989865825E+01
          76    0.2122054032E+01    0.1527646076E+02   -0.5330248709E+02
          77    0.2811794546E+01    0.1717379010E+02   -0.8899257851E+02
          78    0.2827618959E+01    0.1716275942E+02    0.8887800895E+02
          79    0.2560437556E+01    0.1551350270E+02    0.7270298011E+02
          80    0.4817343180E+01    0.4390326657E+02    0.1083446823E+03
          81    0.1772995907E+01    0.1874603238E+02    0.4810841896E+02
          82    0.2253778215E+01    0.1548984158E+02   -0.5296451701E+02
          83    0.3126061779E+01   -0.1880817223E+02    0.6684178606E+02
          84    0.6251409315E+01   -0.2408998608E+02   -0.6432779615E+01
          85    0.4152408684E+01    0.1872763820E+02    0.6730406922E+02
          86    0.2465449437E+01    0.1829366890E+02   -0.5284272088E+02
          87    0.4336817042E+01    0.1839289215E+02    0.6391215336E+02
          88    0.2227128451E+01    0.1552039472E+02   -0.5107014796E+02
          89    0.2224926710E+01    0.3496532759E+02    0.4590428144E+02
          90    0.3087784804E+01    0.1704859753E+02    0.7010538746E+02
          91    0.2970658665E+01    0.1703243070E+02    0.8796053935E+02
          92    0.2738087017E+01    0.1765245480E+02   -0.5326414983E+02
          93    0.3775695600E+01    0.9368039586E+01    0.6252037059E+02
          94    0.2990641487E+01    0.1721773917E+02    0.6925902583E+02
          95    0.3102245282E+01    0.3386865843E+02    0.5400586971E+02
          96    0.3112156932E+01    0.1698928614E+02   -0.8592960136E+02
          97    0.7681618933E+01   -0.2419367327E+02   -0.8202890489E+01
          98    0.2213028583E+01    0.1581038709E+02    0.4708119502E+02
          99    0.7662579892E+01   -0.2528020547E+02    0.8324617712E+01
         100    0.4072466339E+01    0.1864757739E+02    0.6418756851E+02
