Model_ID, [(c_i,i=0,n)_j,j=1,ntask]
           1    0.4101995460E+03   -0.3217966440E+03    0.4739118857E+03
           2    0.2071542997E+03    0.1279762938E+03   -0.5810435432E+03
           3    0.4056033214E+03   -0.3248329106E+03    0.4670758180E+03
           4    0.4169671160E+03   -0.3309073312E+03    0.4154771579E+03
           5    0.3954743195E+03    0.3256545317E+03    0.4149382704E+03
           6    0.2118184862E+03   -0.1268220173E+03   -0.4510789135E+03
           7    0.2000224087E+03   -0.1190598091E+03    0.5292639762E+03
           8    0.3828501138E+03   -0.2834965744E+03    0.1467273428E+04
           9    0.4044148997E+03    0.3215028507E+03    0.4437407955E+03
          10    0.2117374930E+03    0.1279903880E+03   -0.4509319032E+03
          11    0.4002140975E+03    0.3246908620E+03    0.4389244352E+03
          12    0.2111316585E+03    0.1276635162E+03   -0.7989976801E+03
          13    0.2910454010E+03    0.1924473550E+03    0.5811024891E+03
          14    0.2278762958E+03    0.1190913303E+03   -0.4768917401E+03
          15    0.4015966481E+03   -0.3144500023E+03   -0.5042665740E+03
          16    0.3832249952E+03    0.3097907489E+03    0.2966507876E+03
          17    0.4162588151E+03   -0.3294184501E+03   -0.2852149833E+03
          18    0.4105117913E+03   -0.3054794383E+03   -0.3455374341E+03
          19    0.1989349859E+03   -0.1034991112E+03   -0.7771670716E+03
          20    0.2951124581E+03    0.2051532809E+03   -0.4691780295E+03
          21    0.2003080898E+03   -0.1191662732E+03    0.5040324178E+03
          22    0.2036641351E+03    0.1011327616E+03   -0.5852091771E+03
          23    0.2144831046E+03   -0.1252958126E+03   -0.7682091008E+03
          24    0.3683017049E+03    0.2701459707E+03    0.7786738271E+03
          25    0.3686485270E+03    0.2665147178E+03    0.1210951024E+04
          26    0.4125420158E+03   -0.3327360918E+03    0.4035630101E+03
          27    0.1994446871E+03   -0.1022853945E+03   -0.8022701950E+03
          28    0.4018410734E+03   -0.3143263274E+03   -0.5072873460E+03
          29    0.3844959451E+03    0.3078280526E+03   -0.3408514506E+03
          30    0.4106518576E+03   -0.3172325911E+03    0.4783998851E+03
          31    0.2113856840E+03    0.1278054533E+03   -0.4585324482E+03
          32    0.3109717867E+03    0.2050244594E+03    0.7956904080E+03
          33    0.1969144106E+03    0.1040843468E+03   -0.8180402294E+03
          34    0.2916804355E+03    0.1916908444E+03    0.5756015224E+03
          35    0.2108214311E+03    0.1275989858E+03   -0.7925286198E+03
          36    0.4060832749E+03   -0.3204053864E+03    0.4723277797E+03
          37    0.2957681683E+03    0.2043766580E+03   -0.4656214969E+03
          38    0.1979978368E+03   -0.1201008301E+03   -0.4303833435E+03
          39    0.3915164884E+03   -0.3085551104E+03   -0.9515768216E+03
          40    0.2102609080E+03    0.1259299545E+03   -0.5344423194E+03
          41    0.2086417190E+03    0.1233674419E+03    0.4193417758E+03
          42    0.4008965842E+03    0.3314426449E+03    0.4441549290E+03
          43    0.4010887422E+03   -0.3028411286E+03    0.2022700216E+03
          44    0.3701049938E+03    0.2660958437E+03    0.1053869130E+04
          45    0.1982207051E+03   -0.1196240626E+03   -0.4235115581E+03
          46    0.4009157827E+03    0.3300867582E+03    0.4433317646E+03
          47    0.2143787664E+03   -0.1259810352E+03   -0.7299798578E+03
          48    0.3566175364E+03    0.2965908943E+03    0.1066711739E+04
          49    0.3829899795E+03    0.2926581635E+03    0.3841476939E+03
          50    0.3232221110E+03    0.2396803751E+03    0.3723530471E+03
          51    0.1779930228E+03   -0.9585476158E+02   -0.7704159160E+03
          52    0.4373033098E+03    0.1842173792E+03   -0.3793825289E+03
          53    0.3828471801E+03   -0.2853409429E+03    0.1448519179E+04
          54    0.2953390376E+03    0.1860846242E+03   -0.3575830287E+03
          55    0.3398051170E+03    0.2102488303E+03    0.1491728518E+03
          56    0.3797127499E+03    0.3037779847E+03   -0.2226470817E+03
          57    0.2149893437E+03   -0.1236012554E+03   -0.7838524736E+03
          58    0.3762892015E+03    0.2787006268E+03    0.1309416325E+04
          59    0.2874243223E+03    0.2067313942E+03   -0.3896042518E+03
          60    0.3833019713E+03   -0.2843900917E+03    0.1428583419E+04
          61    0.4023455346E+03    0.3317982438E+03    0.4507869226E+03
          62    0.4026722222E+03    0.3295621231E+03    0.4457335653E+03
          63    0.4129146681E+03   -0.1709589631E+03    0.4013690806E+03
          64    0.4028433477E+03   -0.3297292786E+03    0.4482285974E+03
          65    0.3662455252E+03    0.2570035625E+03    0.1337817909E+04
          66    0.3781664262E+03    0.2923045587E+03    0.1342420969E+04
          67    0.3864074155E+03    0.3131622195E+03    0.3860830902E+03
          68    0.1988904383E+03   -0.1039250039E+03   -0.7328772858E+03
          69    0.3830502571E+03    0.2451983280E+03   -0.3747989416E+03
          70    0.3843892414E+03    0.3119296362E+03    0.3128525860E+03
          71    0.4135521477E+03   -0.3216713918E+03   -0.2578429495E+03
          72    0.1899406762E+03   -0.1184451106E+03   -0.3292773838E+03
          73    0.4026589799E+03    0.3293803901E+03    0.4479991331E+03
          74    0.4036080945E+03   -0.1629429989E+03    0.4102793826E+03
          75    0.4132990806E+03   -0.1704078752E+03    0.3902700307E+03
          76    0.3815962967E+03   -0.2859162333E+03    0.1443351610E+04
          77    0.3555715917E+03    0.2575273625E+03    0.1409941425E+04
          78    0.4022523714E+03    0.3315028851E+03    0.4469370329E+03
          79    0.3608575559E+03    0.1300653774E+03   -0.1533462893E+03
          80    0.3279261971E+03    0.2654672855E+03    0.1383019800E+03
          81    0.4024688794E+03    0.3290093300E+03    0.4477331629E+03
          82    0.3453274864E+03    0.2409815387E+03    0.1289964728E+04
          83    0.3760619219E+03    0.2968628147E+03    0.1944709838E+03
          84    0.3665773424E+03    0.2559511912E+03    0.1346402980E+04
          85    0.2008560219E+03   -0.1191159950E+03    0.5388736072E+03
          86    0.4067413880E+03    0.3259416183E+03    0.4486600516E+03
          87    0.2198456219E+03    0.1101210426E+03   -0.5209911103E+03
          88    0.4069228027E+03   -0.3260664310E+03    0.4510303708E+03
          89    0.2042444018E+03    0.1252139642E+03   -0.4871568755E+03
          90    0.4071124699E+03    0.3242890213E+03    0.4443728754E+03
          91    0.3773035410E+03    0.2796382766E+03    0.1673012049E+04
          92    0.3745306865E+03    0.2582728941E+03    0.1201161232E+03
          93    0.1682170399E+03    0.9880483341E+02   -0.3784949334E+03
          94    0.3282093117E+03    0.2454696952E+03   -0.8554596878E+03
          95    0.2070025053E+03   -0.1145276471E+03    0.8518009519E+03
          96    0.3606543833E+03   -0.3021349815E+03   -0.2243646177E+03
          97    0.4067265547E+03    0.3257002493E+03    0.4506704748E+03
          98    0.2078744586E+03    0.1236497863E+03    0.4170074032E+03
          99    0.2104685601E+03   -0.1195998833E+03    0.8143120251E+03
         100    0.3942421256E+03   -0.3138324928E+03    0.4150239438E+03
