     Index              y_true              y_pred        descriptor_1        descriptor_2
         1    0.2234200000E+03    0.1978185889E+03   -0.1481000000E+00    0.2673492104E-02
         2    0.3958500000E+03    0.3621969948E+03   -0.1861500000E+01    0.1792760308E-01
         3    0.3124500000E+03    0.3113640464E+03   -0.1293700000E+01    0.1175639432E-01
         4    0.2800000000E+03    0.2983179881E+03   -0.9077000000E+00    0.9650054882E-03
         5    0.2677000000E+03    0.2538609988E+03   -0.6113000000E+00    0.3238934028E-02
         6    0.1839000000E+03    0.1954822559E+03   -0.1154000000E+00    0.2136812128E-02
         7    0.2287000000E+03    0.2858282458E+03   -0.7770000000E+00   -0.2136871913E-03
         8    0.1114000000E+03    0.1287859053E+03    0.4420000000E+00    0.1228458112E-02
         9    0.4610000000E+03    0.3726025116E+03   -0.1842900000E+01    0.1402411238E-01
        10    0.3525250000E+03    0.3287198408E+03   -0.1214400000E+01    0.3395617018E-02
        11    0.1832000000E+03    0.1918493641E+03   -0.8430000000E-01    0.2059019282E-02
        12    0.1721500000E+03    0.1827094328E+03   -0.2600000000E-02    0.1730863885E-02
        13    0.1744500000E+03    0.1547237121E+03    0.2545000000E+00    0.4600833569E-03
        14    0.1516000000E+03    0.1760908584E+03    0.7570000000E-01    0.7598555605E-03
        15    0.8981300000E+02    0.7345604829E+02    0.9168000000E+00    0.0000000000E+00
        16    0.3535000000E+03    0.3489638465E+03   -0.1362700000E+01    0.2871004211E-02
        17    0.1338500000E+03    0.1330143141E+03   -0.1334000000E+00    0.2198161902E-01
        18    0.4062400000E+03    0.3885905829E+03   -0.1770900000E+01    0.6362472083E-02
        19    0.2482000000E+03    0.2166383670E+03   -0.2587000000E+00    0.1140909604E-02
        20    0.3116500000E+03    0.2838268600E+03   -0.1000400000E+01    0.8960865618E-02
        21    0.2720000000E+03    0.3070938897E+03   -0.1905000000E+01    0.3649125124E-01
        22    0.2930000000E+03    0.3191263266E+03   -0.1032300000E+01   -0.6408545339E-03
        23    0.3520000000E+03    0.3371207345E+03   -0.1183700000E+01   -0.3568613117E-03
        24    0.2195740000E+03    0.1710640196E+03    0.9150000000E-01    0.1695806862E-02
        25    0.3410000000E+03    0.3643289782E+03   -0.1980900000E+01    0.2184935211E-01
        26    0.3474000000E+03    0.3917986630E+03   -0.1638000000E+01    0.2859276856E-03
        27    0.1591000000E+03    0.1844459647E+03    0.1540000000E-01    0.5086042818E-03
        28    0.2138000000E+03    0.2194603290E+03   -0.3384000000E+00    0.3329751901E-02
        29    0.2362500000E+03    0.2206307626E+03   -0.2678000000E+00    0.2654088175E-03
        30    0.2256100000E+03    0.2198341976E+03   -0.2545000000E+00    0.0000000000E+00
        31    0.2443500000E+03    0.2580833129E+03   -0.5628000000E+00    0.8565718359E-04
        32    0.3340000000E+03    0.3650214509E+03   -0.2000000000E+01    0.2236893983E-01
        33    0.1984000000E+03    0.2187741838E+03   -0.2843000000E+00    0.1466998211E-02
        34    0.3410000000E+03    0.3828162438E+03   -0.1715700000E+01    0.6017798292E-02
        35    0.1399000000E+03    0.1414775856E+03    0.3725000000E+00    0.0000000000E+00
        36    0.3410000000E+03    0.3189868474E+03   -0.1393100000E+01    0.1322803629E-01
        37    0.2375000000E+03    0.2228710995E+03   -0.2971000000E+00    0.7012343202E-03
        38    0.7620000000E+02    0.1023749814E+03    0.6810000000E+00    0.1683906361E-03
        39    0.3670000000E+03    0.3729346887E+03   -0.1430400000E+01   -0.1885048906E-02
        40    0.4260000000E+03    0.4109252367E+03   -0.1863800000E+01    0.3073818764E-02
        41    0.3200000000E+03    0.3314425353E+03   -0.1185600000E+01    0.1457098734E-02
        42    0.3092000000E+03    0.2904292059E+03   -0.8110000000E+00   -0.3216105754E-03
