     Index              y_true              y_pred        descriptor_1        descriptor_2
         1    0.4660000000E+01    0.4028690641E+01   -0.6046096264E-01    0.0000000000E+00
         2    0.7530000000E+01    0.1126477769E+02   -0.4536007887E+00   -0.1972653696E-01
         3    0.1002000000E+02    0.2651541879E+02   -0.1043137245E+01    0.1427938285E-01
         4    0.1925000000E+02    0.1956929758E+02   -0.3217226466E+00    0.1419937141E+00
         5    0.7980000000E+01    0.4253972227E+01   -0.4506098065E-01    0.8125213632E-02
         6    0.2218000000E+02    0.2515316327E+02   -0.9695644417E+00    0.1785421989E-01
         7    0.1799000000E+02    0.2006412501E+02   -0.8435703452E+00   -0.1585751850E-01
         8    0.6070000000E+01    0.5428527046E+01    0.0000000000E+00    0.3934837440E-01
         9    0.2977000000E+02    0.3271312413E+02   -0.1013301852E+01    0.1132858742E+00
        10    0.3600000000E+01    0.6400347923E+01   -0.1525099129E+00    0.5171662272E-02
        11    0.6970000000E+01    0.5616240347E+01   -0.5025201318E-01    0.2617215720E-01
        12    0.2613000000E+02    0.1928650347E+02   -0.6413909270E+00    0.3683085228E-01
        13    0.2347000000E+02    0.2526394778E+02   -0.7613780000E+00    0.8528171088E-01
        14    0.4660000000E+01    0.5988049679E+01   -0.1632816657E+00   -0.4193027696E-02
        15    0.2638000000E+02    0.2498645088E+02   -0.1000000000E+01    0.5821390930E-02
        16    0.1040000000E+01    0.9078645484E+01   -0.2570938893E+00    0.1081162500E-01
        17    0.2455000000E+02    0.2193577746E+02   -0.9124848581E+00   -0.1059735132E-01
        18    0.1576000000E+02    0.1403337091E+02   -0.4086336740E+00    0.3450491730E-01
        19    0.9540000000E+01    0.6584451045E+01   -0.2073528663E+00   -0.9508338476E-02
        20    0.1000000000E+00    0.2705942897E+01    0.0000000000E+00    0.0000000000E+00
        21    0.2600000000E+01    0.2705942897E+01    0.0000000000E+00    0.0000000000E+00
        22    0.1316000000E+02    0.1012189485E+02   -0.3389728660E+00    0.0000000000E+00
        23    0.4060000000E+01    0.4957042552E+01   -0.4506098065E-01    0.1828639613E-01
        24    0.1128000000E+02    0.8436079918E+01   -0.3042484399E+00   -0.1338488158E-01
        25    0.5650000000E+01    0.7669143869E+01   -0.3460644820E-01    0.6078888000E-01
        26    0.4390000000E+01    0.5968325308E+01   -0.7551236358E-01    0.2327363667E-01
        27    0.2309000000E+02    0.2002889403E+02   -0.5079423726E+00    0.8975534652E-01
        28    0.4810000000E+01    0.6857355511E+01   -0.1846987504E+00    0.1598829840E-02
        29    0.3850000000E+02    0.3270911766E+02   -0.6893860650E+00    0.2156467438E+00
        30    0.1546000000E+02    0.9703738347E+01   -0.3489199350E+00   -0.9188600520E-02
        31    0.6140000000E+01    0.5571247533E+01   -0.3535268133E-01    0.3023290721E-01
        32    0.4360000000E+01    0.7566400357E+01   -0.2423911104E+00   -0.6395359347E-02
        33    0.1337000000E+02    0.1649213083E+02   -0.4471175805E+00    0.5787214260E-01
        34    0.2141000000E+02    0.2306992269E+02   -0.7016554014E+00    0.7245603939E-01
        35    0.4200000000E+00   -0.5318840682E+00    0.0000000000E+00   -0.4679496417E-01
        36    0.1560000000E+01    0.2905458078E+01   -0.9119561868E-02    0.0000000000E+00
        37    0.4090000000E+02    0.2455185893E+02   -0.9985464874E+00    0.0000000000E+00
        38    0.7350000000E+01    0.8300955869E+01   -0.2562427315E+00   -0.1588718250E-03
        39    0.3140000000E+01    0.3180788022E+01   -0.5877539265E-01   -0.1172142375E-01
        40    0.6650000000E+01    0.4513756237E+01   -0.8263263748E-01    0.0000000000E+00
        41    0.2305000000E+02    0.2044220535E+02   -0.1013301852E+01   -0.6406060254E-01
        42    0.3366000000E+02    0.3656880097E+02   -0.1195058000E+01    0.1115409781E+00
