Model_ID, [(c_i,i=0,n)_j,j=1,ntask]
           1    0.3794977985E+02    0.3279841852E+02   -0.3880451335E+03
           2    0.2188279363E+02   -0.8580596784E+02   -0.6585397666E+03
           3    0.3541884846E+02    0.3051315585E+02   -0.5915285837E+03
           4    0.4485648320E+02    0.1235288852E+03   -0.4057554421E+02
           5    0.4499242881E+02    0.1232851827E+03   -0.3999322310E+02
           6    0.1997334201E+02   -0.1554465460E+03   -0.3538137161E+03
           7    0.1143932403E+02    0.5863760028E+02   -0.2304988226E+04
           8    0.1974707800E+02   -0.1642785309E+03   -0.2291772927E+04
           9    0.3709927485E+02    0.3746849101E+02    0.6599521315E+03
          10    0.2377327343E+02   -0.9047613368E+02   -0.5937530843E+03
          11    0.1296139981E+02    0.2860762044E+02   -0.2134108342E+04
          12    0.4542074230E+02   -0.3793111689E+02    0.1218875178E+03
          13    0.4501707444E+02    0.1239678785E+03   -0.3780684334E+02
          14    0.4501792653E+02    0.1239612732E+03   -0.3781370337E+02
          15    0.3616098995E+02    0.8044375539E+02   -0.3504449872E+02
          16    0.2054610395E+02    0.1452755144E+03    0.7003977410E+03
          17    0.1631283764E+02   -0.6406701766E+02   -0.2014694869E+04
          18    0.3688300919E+02    0.7840128987E+02   -0.3832112922E+02
          19    0.3537858094E+02    0.3205516719E+02   -0.3943848955E+03
          20    0.1432725652E+02    0.4856979183E+02   -0.2089678469E+04
          21    0.1851711712E+02   -0.1549762944E+03   -0.3634887367E+03
          22    0.2027046692E+02    0.1472481266E+03   -0.4943115509E+03
          23    0.3868529659E+02    0.3315589230E+02   -0.3369814546E+03
          24    0.4523186184E+02    0.1228147913E+03   -0.3646286728E+02
          25    0.3820382775E+02    0.3013599057E+02   -0.3779585575E+03
          26    0.3295647164E+02    0.2979500815E+02   -0.6047601248E+03
          27    0.4192087954E+02    0.1075579261E+03    0.3422405646E+02
          28    0.5422970882E+02    0.7483200067E+02   -0.5997110456E+02
          29    0.1304328305E+02    0.5540765881E+02   -0.1113834148E+04
          30    0.3596993408E+02    0.7526982692E+02    0.3562130979E+02
          31    0.3596065011E+02    0.7522622377E+02    0.3562410818E+02
          32    0.3532055344E+02    0.7734139955E+02   -0.3252512974E+02
          33    0.3783094597E+02    0.3119017741E+02   -0.4112433589E+03
          34    0.3456613750E+02    0.3205822022E+02   -0.3206372688E+03
          35    0.5401449374E+02    0.7503484126E+02   -0.5507003500E+02
          36    0.2254923413E+02    0.6153660952E+02    0.6771766557E+03
          37    0.5539606281E+02    0.7563511883E+02   -0.5850601144E+02
          38    0.3406488389E+02    0.3693139072E+02    0.6822827605E+03
          39    0.1834922173E+02   -0.1633974660E+03   -0.2324970809E+04
          40    0.2221404726E+02    0.1430355385E+03    0.6663837466E+03
          41    0.1442099748E+02    0.2712546236E+02   -0.1029938447E+04
          42    0.1310676032E+02    0.5550166044E+02   -0.1102807443E+04
          43    0.1451055334E+02   -0.6121740408E+02   -0.3866683538E+03
          44    0.4523430092E+01   -0.4070610687E+02   -0.5131278015E+02
          45    0.4662188379E+02    0.1224370850E+03    0.3840523090E+02
          46    0.2187054871E+02    0.6242023957E+02    0.7379747938E+03
          47    0.3539875345E+02    0.8004234343E+02   -0.3062812874E+02
          48    0.2345792540E+02   -0.3936904876E+02   -0.8114698571E+03
          49    0.4415381005E+02    0.1073425100E+03   -0.3888649883E+02
          50    0.5729710212E+02   -0.6054111206E+02    0.6673779753E+03
          51    0.3614579096E+02    0.7409282395E+02    0.3496368778E+02
          52    0.3456462231E+02    0.7747675490E+02    0.3073823204E+02
          53    0.1519652810E+02    0.1179166586E+03   -0.3827920471E+03
          54    0.4595557404E+01   -0.4065015631E+02   -0.5112699974E+02
          55    0.1605445664E+02   -0.6557776518E+02   -0.1008604859E+04
          56    0.2218817570E+02   -0.1457727641E+03   -0.5784946853E+03
          57    0.2144974615E+02   -0.7347879728E+02   -0.1709848328E+04
          58    0.3774668242E+02   -0.3641847893E+02   -0.3492859922E+03
          59    0.1305205683E+02    0.2750709234E+02   -0.2199240615E+04
          60    0.5368466391E+01    0.3946284352E+02   -0.5386303506E+02
          61    0.2197876768E+02    0.1448585503E+03   -0.4695488489E+03
          62    0.3561157455E+02    0.7900592777E+02   -0.3043186796E+02
          63    0.5500516018E+02    0.7257359562E+02   -0.5834873668E+02
          64    0.8088789184E+01    0.5106791200E+02   -0.6345150142E+03
          65    0.5410536551E+02   -0.6277936143E+02    0.6681993892E+03
          66    0.9107770634E+01   -0.3966871708E+02    0.7116152150E+03
          67    0.1269538053E+02    0.2925257689E+02   -0.1063885388E+04
          68    0.2247452393E+02   -0.1608633158E+03   -0.2762694707E+04
          69    0.1735966883E+02    0.1158409644E+03    0.7739415783E+03
          70    0.1418295611E+02   -0.1202020421E+03   -0.3957550621E+03
          71    0.5471396253E+02    0.7297170990E+02   -0.5807110107E+02
          72    0.1447592709E+02    0.2717614547E+02   -0.1019470807E+04
          73    0.2298684888E+02    0.6083062431E+02    0.6820485559E+03
          74    0.2197934726E+02   -0.1697457289E+03    0.6115770475E+03
          75    0.5471823722E+02    0.7303565647E+02   -0.5816250825E+02
          76    0.5509457518E+02    0.7234718102E+02   -0.5854577362E+02
          77    0.3832564906E+02   -0.3715538362E+02   -0.3163570193E+03
          78    0.3465436946E+02    0.8067964965E+02   -0.3017015035E+02
          79    0.2058146662E+02   -0.7148115852E+02   -0.2617098258E+04
          80    0.5471052121E+02    0.7311627422E+02   -0.5829293910E+02
          81    0.3708223907E+02    0.7784582716E+02   -0.3812898583E+02
          82    0.5448852426E+01    0.3940156513E+02   -0.5365382592E+02
          83    0.5499279569E+02    0.7235153826E+02   -0.5833385117E+02
          84    0.4170125593E+01   -0.4052135636E+02   -0.5456582822E+02
          85    0.1432125824E+02   -0.1197575839E+03   -0.3963556288E+03
          86    0.5470360765E+02    0.7317874093E+02   -0.5841985642E+02
          87    0.5806510850E+01    0.4013955457E+02   -0.5234832513E+02
          88    0.3441495962E+02    0.3172594388E+02   -0.5513538421E+03
          89    0.4427779626E+02    0.1070281167E+03   -0.3826831990E+02
          90    0.4252345628E+02    0.1209595256E+03    0.3484677402E+02
          91    0.5488048609E+02    0.7235195007E+02   -0.5808940505E+02
          92    0.1411792392E+02   -0.1202825163E+03   -0.3947471269E+03
          93    0.1421196717E+02   -0.1199397062E+03   -0.3957217467E+03
          94    0.4314911308E+02    0.7845483565E+02   -0.4250701701E+02
          95    0.2324971934E+02    0.6045989824E+02    0.6763808808E+03
          96    0.5908667876E+01    0.4010856204E+02   -0.5218260586E+02
          97    0.5470992771E+02    0.7319727155E+02   -0.5850228505E+02
          98    0.3574824125E+02    0.7480789194E+02    0.3494139517E+02
          99    0.3554191948E+02    0.7571494922E+02   -0.3064040367E+02
         100    0.3659190600E+02    0.7841855624E+02   -0.3394929310E+02
