        Rank        RMSE       MaxAE  Feature_ID
           1   27.615809   90.720071  (      14   11189)
           2   27.705270   61.354571  (    4204   10262)
           3   27.804524   89.449875  (      14   13417)
           4   28.285480   64.796592  (    8066   18082)
           5   28.412065   75.930822  (    1025   11449)
           6   28.460818   94.184269  (      14   17709)
           7   28.621985   72.633092  (    6362   12791)
           8   28.649782   79.390264  (    6362   11830)
           9   28.653657   78.904523  (      16   15664)
          10   28.723451   74.949705  (    6362   16282)
          11   28.769184   78.066944  (    6362   11077)
          12   28.779282   65.376209  (    8366   18082)
          13   28.822612   76.851169  (    6362   11889)
          14   28.943967   78.084351  (    6362   11387)
          15   28.978326   77.651478  (    6362   16690)
          16   28.979756   77.312785  (    8865   18082)
          17   29.010970   72.832313  (      16   16109)
          18   29.030607   70.327813  (     246   14676)
          19   29.067148   78.202106  (    9536   18082)
          20   29.133724   81.781459  (    6362   18305)
          21   29.150768   79.912790  (    9202   18082)
          22   29.191426   77.647919  (    9115   18082)
          23   29.209118   82.467112  (    2535   18082)
          24   29.214700   78.881616  (    6362   14930)
          25   29.231864   75.371168  (    6362   11806)
          26   29.240445   75.962185  (    6362   11426)
          27   29.273751   74.007328  (    6362   11023)
          28   29.331082   72.889031  (    3234   11308)
          29   29.334960   76.339505  (    6362   12117)
          30   29.340726   74.314407  (    3234   16924)
          31   29.372798   75.297359  (    6362   11839)
          32   29.378894   74.815363  (      16   18580)
          33   29.381463   68.587540  (    8990   15111)
          34   29.390179   77.127096  (    8923   18082)
          35   29.395437   74.981962  (    6362   11194)
          36   29.417466   75.980277  (    6362   11858)
          37   29.423280   69.866905  (    6362   11641)
          38   29.431212   68.543529  (    8990   14956)
          39   29.435934   70.240948  (      14   16109)
          40   29.437057   68.556803  (    8990   14954)
          41   29.441625   74.031613  (    6362   11290)
          42   29.451145   78.005193  (    9516   18082)
          43   29.470126   74.624381  (    6362   11049)
          44   29.485804   97.895417  (      14   17527)
          45   29.499311   74.352423  (    6362   11698)
          46   29.517191   71.495898  (    6362   11973)
          47   29.518876   75.614048  (    6362   11634)
          48   29.520034   77.772054  (    7574   11754)
          49   29.543008   70.956492  (    3234   11403)
          50   29.549427   65.065950  (      93   17709)
          51   29.555653   75.008486  (    6362   11543)
          52   29.564274   74.260542  (    6362   10932)
          53   29.585809   75.298828  (    6362   12352)
          54   29.595363   78.582993  (    6362   18422)
          55   29.597514   77.846839  (    6362   12342)
          56   29.600211   70.933507  (    3234   12081)
          57   29.621645   68.931494  (      22   15664)
          58   29.630478   77.474746  (    8684   18082)
          59   29.637046   74.648033  (    6362   11331)
          60   29.638399   76.568768  (    4541   18082)
          61   29.644746   71.136459  (    3245   14597)
          62   29.649657   91.604100  (      14   15855)
          63   29.653146   75.567221  (      14   15664)
          64   29.656828   76.559446  (    6362   11974)
          65   29.666166   67.187565  (    4204   11889)
          66   29.690721   69.097575  (    3234   14754)
          67   29.716417   77.025356  (    6362   13165)
          68   29.717482   76.281068  (    3234   12502)
          69   29.721199   75.213707  (    6362   11100)
          70   29.722707   60.694059  (    1646   16043)
          71   29.724191   78.539252  (    6362   18091)
          72   29.725833   72.490144  (    6362   14587)
          73   29.735680   89.016213  (    2772   16282)
          74   29.737668   74.281498  (    6362   11181)
          75   29.743222   70.524832  (    8990   17801)
          76   29.745518   82.111383  (     159   11397)
          77   29.759442   65.020170  (    8066   14758)
          78   29.762159   76.508942  (    6362   11446)
          79   29.765160   78.647764  (    6362   19679)
          80   29.766527   69.182786  (    3234   16549)
          81   29.786632   68.701500  (    1646   14460)
          82   29.786777   65.647956  (      22   18580)
          83   29.787944   77.457341  (     136   11449)
          84   29.792303   72.235428  (      14   18580)
          85   29.795963   61.817462  (    1646   15455)
          86   29.805726   74.408626  (    6362   11099)
          87   29.809064   68.054731  (    6362   12855)
          88   29.815451   73.311538  (    3234   11182)
          89   29.823667   77.506820  (    6362   16456)
          90   29.846535   86.795815  (      16   11449)
          91   29.851813   66.632399  (    1777   16911)
          92   29.863623   90.824180  (    2772   12791)
          93   29.863901   77.527503  (    3234   10834)
          94   29.886813   75.236466  (    6362   11430)
          95   29.890451   65.059497  (    8990   14586)
          96   29.893887   74.627399  (      93   11189)
          97   29.896655   79.120114  (    6099   18082)
          98   29.926094   69.825188  (      89   18580)
          99   29.935888   69.459617  (    3234   10042)
         100   29.936003   70.065966  (    3234   10011)
