Model_ID, [(c_i,i=0,n)_j,j=1,ntask]
           1    0.2047164450E+03   -0.1220254812E+03    0.3794636766E+03
           2    0.3707041229E+03    0.2693971288E+03    0.3747589094E+03
           3    0.2062166209E+03   -0.1217723160E+03   -0.4046548509E+03
           4    0.2854641894E+03    0.1742802723E+03    0.1686172528E+04
           5    0.2472183322E+03   -0.1312243058E+03   -0.1899985582E+04
           6    0.1922371749E+03   -0.1294550693E+03   -0.5222089612E+03
           7    0.3670961718E+03    0.2592244503E+03    0.5422860989E+03
           8    0.3607683876E+03    0.2577094526E+03    0.3715230760E+03
           9    0.2004966699E+03   -0.1077312644E+03    0.1372184640E+04
          10    0.3643955937E+03    0.2605791823E+03    0.3828656978E+03
          11    0.3613608986E+03    0.2602879457E+03    0.3747444747E+03
          12    0.2505863735E+03    0.1224760450E+03    0.1670433416E+04
          13    0.3607698121E+03    0.2666630356E+03    0.3918442785E+03
          14    0.3617133405E+03    0.2589830173E+03    0.3744477797E+03
          15    0.3620276154E+03    0.2594014642E+03    0.4069519449E+03
          16    0.2491774713E+03    0.1233083873E+03    0.1667813115E+04
          17    0.1973339836E+03   -0.1083369471E+03    0.1185925474E+04
          18    0.2631706139E+03    0.1390563645E+03   -0.6934656500E+03
          19    0.2500115774E+03    0.1227996012E+03    0.1671155533E+04
          20    0.3595818385E+03    0.2534591418E+03    0.5188846223E+03
          21    0.2516831355E+03   -0.1219457188E+03    0.1664500729E+04
          22    0.2495155225E+03    0.1230163655E+03    0.1661803826E+04
          23    0.2544094137E+03    0.1169591169E+03    0.1533905061E+04
          24    0.3602652753E+03    0.2612792175E+03    0.3268405462E+03
          25    0.3632226558E+03    0.2632305850E+03    0.3809927973E+03
          26    0.3625027420E+03    0.2636853699E+03    0.3803414267E+03
          27    0.3638339325E+03    0.2658858315E+03    0.3858125630E+03
          28    0.3653764853E+03    0.2525678381E+03    0.1080452684E+04
          29    0.3627891150E+03    0.2613436804E+03    0.3807148396E+03
          30    0.3612160218E+03    0.2469986836E+03    0.5798753651E+03
          31    0.3621285689E+03    0.2673512354E+03    0.3728798021E+03
          32    0.2021804471E+03   -0.1059203833E+03    0.1307952506E+04
          33    0.3625406701E+03    0.2778196920E+03    0.5931582219E+03
          34    0.2490515927E+03    0.1231722658E+03    0.1651622539E+04
          35    0.3633986709E+03    0.2639827806E+03    0.3852253094E+03
          36    0.3628602843E+03    0.2623600283E+03    0.3799870177E+03
          37    0.3694059504E+03    0.2608347789E+03    0.6052079534E+03
          38    0.3625480453E+03    0.2779437060E+03    0.5912404388E+03
          39    0.1982802048E+03   -0.1170346620E+03    0.1163978180E+04
          40    0.3625373777E+03    0.2779348822E+03    0.5914700714E+03
          41    0.3641929934E+03    0.2645332843E+03    0.3856470195E+03
          42    0.2498747364E+03    0.1226839771E+03    0.1655280013E+04
          43    0.3634674659E+03    0.2650016965E+03    0.3846279865E+03
          44    0.2128914193E+03   -0.1126846472E+03   -0.8665025309E+03
          45    0.3640002504E+03    0.2640814306E+03    0.3848604857E+03
          46    0.3661763424E+03    0.2664821792E+03    0.3571175160E+03
          47    0.3629363239E+03    0.2633838947E+03    0.3789277690E+03
          48    0.3688547952E+03   -0.1439438769E+03    0.1372495761E+03
          49    0.3667313210E+03    0.2517644415E+03    0.1534603266E+04
          50    0.2069767756E+03   -0.1133795074E+03   -0.5433816784E+03
          51    0.3637558534E+03    0.2626289615E+03    0.3851770018E+03
          52    0.3635407759E+03    0.2660267578E+03    0.3836853733E+03
          53    0.3624909850E+03    0.2660673499E+03    0.3718553556E+03
          54    0.3636768907E+03    0.2502957448E+03    0.4357058124E+03
          55    0.3622077998E+03    0.2580764406E+03    0.3661910874E+03
          56    0.3667122737E+03    0.2517059886E+03    0.1557296122E+04
          57    0.2026688763E+03   -0.1125265037E+03    0.1324390013E+04
          58    0.2494115423E+03    0.1226531375E+03    0.1639310061E+04
          59    0.3638257520E+03    0.2636541148E+03    0.3844502022E+03
          60    0.2486925381E+03    0.1213294809E+03    0.1572269625E+04
          61    0.3576445173E+03   -0.2334208930E+03   -0.3117933056E+03
          62    0.2052998314E+03   -0.1197715367E+03    0.3531628939E+03
          63    0.2014597900E+03   -0.1161184288E+03    0.1315451697E+04
          64    0.3625158296E+03    0.2615318944E+03    0.3780183824E+03
          65    0.3528723955E+03    0.2398346594E+03    0.3764106913E+03
          66    0.3661558384E+03    0.2419904084E+03    0.1482536265E+04
          67    0.3620744502E+03    0.2614453442E+03    0.3669903352E+03
          68    0.3643290654E+03    0.2558284340E+03    0.5139335366E+03
          69    0.3631181204E+03    0.2641549801E+03    0.3824433116E+03
          70    0.9704773609E+02    0.1357927390E+03    0.2158789655E+04
          71    0.3633424086E+03    0.2516302150E+03   -0.4317142254E+03
          72    0.3654415699E+03    0.2655666861E+03    0.3612508169E+03
          73    0.2299982252E+03   -0.1017858917E+03    0.3588984644E+03
          74    0.3638998243E+03    0.2646860011E+03    0.3833765990E+03
          75    0.3612895786E+03    0.2754968455E+03    0.6371353308E+03
          76    0.3252141046E+03   -0.1730518230E+03    0.1837812685E+03
          77    0.2899386358E+03    0.1681222034E+03   -0.5769455612E+03
          78    0.3628158019E+03    0.2606517034E+03    0.3685914262E+03
          79    0.3637106966E+03    0.2499479374E+03   -0.4344031889E+03
          80    0.3661302043E+03    0.2418054466E+03    0.1502298952E+04
          81    0.1001582875E+03    0.1379857532E+03   -0.4634814035E+03
          82    0.2042251311E+03   -0.1109047017E+03    0.1291147538E+04
          83    0.2028483428E+03   -0.9879067627E+02   -0.1605581723E+04
          84    0.2030209373E+03   -0.1144663581E+03    0.1283892328E+04
          85    0.9765713617E+02    0.1360519375E+03    0.1892560335E+04
          86    0.3632370096E+03    0.2665760494E+03    0.3760889191E+03
          87    0.3697453111E+03    0.2660312595E+03    0.4453308091E+03
          88    0.3661538524E+03    0.2542364712E+03    0.1044240449E+04
          89    0.3638520855E+03    0.2534746381E+03    0.3958534026E+03
          90    0.1902945217E+03   -0.1114816166E+03   -0.1439155812E+04
          91    0.3155624309E+03   -0.1045023399E+03    0.5600850465E+03
          92    0.2332374988E+03   -0.1012190231E+03    0.5059742599E+03
          93    0.3666630198E+03    0.2608075867E+03    0.4939574035E+03
          94    0.3634748164E+03    0.2628161610E+03    0.3822470586E+03
          95    0.3647570030E+03    0.2822599372E+03    0.5021480306E+03
          96    0.2190074081E+03   -0.1058720316E+03    0.3760350687E+03
          97    0.2497730706E+03    0.1051435249E+03    0.1592096348E+04
          98    0.1894741952E+03   -0.1199765231E+03    0.1380693982E+04
          99    0.3649499854E+03    0.2472055216E+03    0.3540158853E+03
         100    0.3659043254E+03    0.2485052581E+03    0.3603959764E+03
