Model_ID, [(c_i,i=0,n)_j,j=1,ntask]
           1    0.4290391979E+01    0.1629191667E+02    0.9435909531E+02
           2    0.1913964046E+02   -0.9837256286E+01    0.5475099028E+02
           3    0.4149347215E+01   -0.9575829545E+01    0.9529373192E+02
           4    0.1793592802E+02   -0.9206843640E+01    0.5576907101E+02
           5    0.4339488783E+01    0.1764769122E+02    0.3328754163E+03
           6    0.4334396633E+01    0.1571467392E+02    0.1404101390E+03
           7    0.4551427944E+01    0.1737754487E+02    0.3168343825E+03
           8    0.3943048769E+01   -0.9646006366E+01    0.9524817614E+02
           9    0.4750285242E+01    0.1665035751E+02    0.2999208694E+03
          10    0.4224280364E+01    0.1758041129E+02    0.4101898987E+03
          11    0.3844392755E+01   -0.9696281462E+01    0.9557237689E+02
          12    0.3640036003E+01   -0.9559095949E+01    0.1749559416E+03
          13    0.4433755528E+01    0.1733046650E+02    0.3915170126E+03
          14    0.4756057827E+01    0.1660607363E+02    0.3005171477E+03
          15    0.4176989013E+01    0.1632502758E+02    0.9560482550E+02
          16    0.4380325886E+01   -0.1025201712E+02    0.3229364402E+03
          17    0.3638077533E+01   -0.1666490852E+02    0.9522247285E+02
          18    0.4260506502E+01   -0.1022426468E+02    0.3991313843E+03
          19    0.3757710406E+01    0.1656893958E+02    0.9499834752E+02
          20    0.4195857315E+01   -0.9235864571E+01    0.1419975326E+03
          21    0.3588864602E+01    0.1669279154E+02    0.9532391313E+02
          22    0.4669034122E+01    0.2138450455E+02    0.3303628379E+03
          23    0.1558642880E+02   -0.1597334731E+02   -0.9703904594E+02
          24    0.3878335557E+01   -0.1646486403E+02    0.9464090520E+02
          25    0.3866895206E+01   -0.9685616987E+01    0.9597781275E+02
          26    0.3832770725E+01    0.1649813093E+02    0.9460340995E+02
          27    0.4402909856E+01   -0.1011240416E+02   -0.3055408286E+03
          28    0.3987104812E+01   -0.9312450246E+01    0.1424267037E+03
          29    0.1530621161E+02   -0.1187412033E+02    0.5569331071E+02
          30    0.3977530924E+01    0.1554353375E+02    0.1698541433E+03
          31    0.4076995947E+01    0.6496350345E+01    0.9345944602E+02
          32    0.3792109823E+01    0.1652319453E+02    0.9453284221E+02
          33    0.1556591323E+02   -0.1031633931E+02    0.1513801700E+03
          34    0.4388375957E+01    0.1712159322E+02    0.2468464207E+03
          35    0.4777629327E+01    0.1647057428E+02   -0.2994824555E+03
          36    0.3892908973E+01   -0.9359056575E+01    0.1428735528E+03
          37    0.3942257405E+01    0.9646875298E+01    0.9580164280E+02
          38    0.4553260792E+01    0.2130413145E+02    0.4071390043E+03
          39    0.3962236371E+01    0.9632141662E+01    0.9568799344E+02
          40    0.3355451249E+01   -0.9665163369E+01    0.1742819538E+03
          41    0.4255432291E+01   -0.1900319478E+02    0.1533387474E+03
          42    0.4012689648E+01   -0.9610826868E+01    0.9558537960E+02
          43    0.6896752406E+01   -0.1355814467E+02    0.1376527299E+03
          44    0.3406005769E+01   -0.1686830580E+02    0.9598478098E+02
          45    0.3914613387E+01    0.1641569499E+02    0.9416350549E+02
          46    0.4177053300E+01   -0.1030236269E+02    0.3203688160E+03
          47    0.4624311016E+01   -0.9770896263E+01    0.3011755561E+03
          48    0.4138868334E+01   -0.1010407976E+02    0.1480009134E+03
          49    0.3987521741E+01    0.9620937577E+01    0.9555625871E+02
          50    0.4365800028E+01   -0.1827482827E+02    0.9682176322E+02
          51    0.4068121882E+01   -0.1025935456E+02   -0.3075888781E+03
          52    0.4172636986E+01   -0.1712941670E+02    0.2472912105E+03
          53    0.4205875863E+01   -0.1011192549E+02    0.2526761623E+03
          54    0.3543626699E+01   -0.9819488951E+01    0.9634094027E+02
          55    0.3689157369E+01   -0.1609401665E+02    0.1425878960E+03
          56    0.4286072971E+01    0.1704791151E+02    0.2474930754E+03
          57    0.4122344368E+01    0.1620685509E+02    0.9349718868E+02
          58    0.3964005719E+01    0.9629413246E+01    0.9551568595E+02
          59    0.4519411720E+01    0.1704718472E+02    0.3243854452E+03
          60    0.3619257378E+01    0.1667284519E+02    0.9695095367E+02
          61    0.4219824657E+01    0.1574787614E+02    0.1426552661E+03
          62    0.4377705303E+01   -0.1324072944E+02    0.8664796961E+02
          63    0.4072709040E+01   -0.1035807837E+02    0.3214717842E+03
          64    0.1545191856E+02   -0.1620387389E+02    0.1009338990E+03
          65    0.4035042574E+01    0.9592702689E+01    0.9529542835E+02
          66    0.4018746995E+01    0.9603914891E+01    0.9538460993E+02
          67    0.4093371169E+01   -0.1025912242E+02   -0.3082518103E+03
          68    0.4379609662E+01    0.1711648247E+02    0.7111334792E+03
          69    0.3635622369E+01   -0.1648159266E+02    0.9259011310E+02
          70    0.3796577883E+01   -0.1025756047E+02    0.1493134218E+03
          71    0.4632583904E+01   -0.9742088549E+01    0.3015181039E+03
          72    0.3641507164E+01    0.1612057326E+02    0.1427654227E+03
          73    0.4175310450E+01    0.1734371795E+02    0.7439727810E+03
          74    0.3389855590E+01   -0.9654017669E+01    0.1740595394E+03
          75    0.4109657039E+01    0.9603086583E+01    0.9647052757E+02
          76    0.3775259717E+01    0.1796003543E+02    0.3331414983E+03
          77    0.3807331296E+01    0.1599841602E+02    0.1421503581E+03
          78    0.3623750400E+01    0.9777369585E+01    0.9614513663E+02
          79    0.3697802425E+01    0.1642817503E+02    0.9255210789E+02
          80    0.4570259540E+01    0.1680869754E+02    0.2428902377E+03
          81    0.4362142658E+01    0.1697022820E+02    0.2462742340E+03
          82    0.3827504848E+01   -0.9140993767E+01    0.1722804455E+03
          83    0.4634170542E+01    0.1670276361E+02    0.3046729265E+03
          84    0.4635311667E+01    0.2142412227E+02    0.3294951958E+03
          85    0.4063928672E+01   -0.1026804196E+02    0.3951938501E+03
          86    0.3917437579E+01   -0.1590945258E+02    0.1419294758E+03
          87    0.3698293879E+01   -0.1659035637E+02    0.9637346369E+02
          88    0.4366045709E+01    0.1698018904E+02    0.2437442927E+03
          89    0.4125370627E+01    0.1715234627E+02    0.2472582098E+03
          90    0.4413065430E+01   -0.1692753751E+02    0.2459847380E+03
          91    0.4316073638E+01    0.1700416024E+02    0.2464572173E+03
          92    0.4312739082E+01   -0.1831956284E+02    0.9662155252E+02
          93    0.4399187744E+01    0.1694240043E+02   -0.2431998053E+03
          94    0.4412119519E+01   -0.9844129274E+01    0.3011545166E+03
          95    0.4299609385E+01   -0.9485929804E+01    0.1533513716E+03
          96    0.3698657729E+01   -0.9738121505E+01    0.9590947438E+02
          97    0.4308665259E+01   -0.9901726287E+01    0.3027567303E+03
          98    0.3876866042E+01    0.1593650433E+02    0.1417172503E+03
          99    0.3913444380E+01    0.9592144622E+01    0.9432192471E+02
         100    0.1879893384E+02   -0.9138361385E+01    0.5466688679E+02
