        Rank        RMSE       MaxAE  Feature_ID
           1   20.110298   57.588172  (       1   10001)
           2   20.158656   53.646664  (       1   10015)
           3   20.168498   52.326654  (       1   10135)
           4   20.237078   54.057286  (       1   10002)
           5   20.256780   54.249590  (       1   10014)
           6   20.271298   47.454382  (       1   11757)
           7   20.319236   46.201698  (       1   10139)
           8   20.352762   54.746925  (       1   10018)
           9   20.489443   54.117990  (       1   10036)
          10   20.502156   46.943876  (       1   10129)
          11   20.508175   43.731807  (       1   11428)
          12   20.509704   47.603686  (       1   10136)
          13   20.571229   59.530718  (       1   10665)
          14   20.603327   54.165527  (       1   10053)
          15   20.619383   53.931606  (       1   10065)
          16   20.641473   53.082212  (       1   11326)
          17   20.650169   54.171494  (       1   10103)
          18   20.671255   43.669850  (       1   11386)
          19   20.691722   53.703306  (       1   10080)
          20   20.711093   61.577549  (       1   10259)
          21   20.711387   58.642347  (       1   10003)
          22   20.732610   54.619683  (       1   10061)
          23   20.734111   61.318645  (       1   10597)
          24   20.761679   53.749471  (       1   10096)
          25   20.769429   53.705762  (       1   18588)
          26   20.778579   55.124425  (       1   10022)
          27   20.799562   54.244900  (       1   10063)
          28   20.863774   51.938871  (       1   10077)
          29   20.873964   55.293226  (       1   10056)
          30   20.876312   49.074214  (       1   10040)
          31   20.890743   55.220972  (       1   10093)
          32   20.921188   60.840816  (       1   11017)
          33   20.923811   52.035569  (       1   10179)
          34   20.936061   58.846978  (       1   10653)
          35   20.937876   48.586434  (       1   10242)
          36   20.945271   61.137912  (       1   10919)
          37   20.946183   59.073975  (       1   10216)
          38   20.977526   53.937452  (       1   10172)
          39   20.982074   62.545185  (       1   10642)
          40   20.989918   60.494887  (       1   11330)
          41   21.035260   51.759063  (       1   10004)
          42   21.049999   59.940407  (       1   13208)
          43   21.050581   53.151368  (       1   10490)
          44   21.094643   53.956479  (       1   10368)
          45   21.108613   61.549387  (       1   10615)
          46   21.113469   57.564261  (       1   10005)
          47   21.116807   57.278759  (       1   10254)
          48   21.137162   54.356165  (       1   10185)
          49   21.148723   55.291019  (       1   10007)
          50   21.151006   49.456948  (       1   10075)
          51   21.157181   59.714472  (       1   11363)
          52   21.158787   54.407177  (       1   10223)
          53   21.159592   51.165963  (       1   10182)
          54   21.161432   60.344171  (       1   11923)
          55   21.168344   59.935599  (       1   10512)
          56   21.175567   51.392796  (       1   10438)
          57   21.176010   49.029665  (       1   11596)
          58   21.192764   54.458615  (       1   10263)
          59   21.202426   51.381678  (       1   11837)
          60   21.210679   63.659160  (       1   10244)
          61   21.224177   59.929513  (       1   10756)
          62   21.241613   57.368899  (       1   10006)
          63   21.244690   53.038200  (       1   10021)
          64   21.245543   61.547974  (       1   11287)
          65   21.255357   55.082586  (       1   10201)
          66   21.258023   55.088012  (       1   10203)
          67   21.270294   56.259135  (       1   10011)
          68   21.278967   52.116395  (       1   10010)
          69   21.283417   53.679606  (       1   10012)
          70   21.289777   48.507555  (       1   10116)
          71   21.294919   53.844247  (       1   10095)
          72   21.306574   50.322685  (       1   10834)
          73   21.316149   60.409865  (       1   11045)
          74   21.320970   54.220165  (       1   10325)
          75   21.322924   55.715833  (       1   10255)
          76   21.333627   46.980474  (       1   10164)
          77   21.333852   52.167578  (       1   10956)
          78   21.336491   50.660347  (       1   10132)
          79   21.338302   47.863891  (       1   19815)
          80   21.340256   60.453468  (       1   11177)
          81   21.347759   48.200035  (       1   10291)
          82   21.351773   47.216915  (       1   10428)
          83   21.357955   46.933433  (       1   11079)
          84   21.358056   45.809167  (       1   17442)
          85   21.361855   47.518375  (       1   10173)
          86   21.361962   59.727211  (       1   13414)
          87   21.369300   60.898763  (       1   10008)
          88   21.371311   60.493337  (       1   11333)
          89   21.374762   52.394687  (       1   10273)
          90   21.380100   57.639492  (       1   11036)
          91   21.382562   49.146188  (       1   10154)
          92   21.382863   53.172497  (       1   10062)
          93   21.390754   67.658696  (       1   15002)
          94   21.391110   64.049583  (       1   10857)
          95   21.395947   62.043894  (       1   10779)
          96   21.396092   55.288506  (       1   10197)
          97   21.397600   59.750101  (       1   10509)
          98   21.400775   62.928687  (       1   10251)
          99   21.407963   52.212866  (       1   12440)
         100   21.412179   47.270731  (       1   10169)
