        Rank        RMSE       MaxAE  Feature_ID
           1    3.504031    9.374506  (      73   10001)
           2    3.587367   12.991808  (    2071   10001)
           3    3.593401    9.034074  (    2576   10001)
           4    3.606546    9.276280  (    6618   10001)
           5    3.639743   12.773786  (    3309   10001)
           6    3.647947   12.786031  (    6382   10001)
           7    3.648669   13.652988  (    1588   11706)
           8    3.655776   12.710789  (    3555   10001)
           9    3.659803    7.982867  (      50   10001)
          10    3.664055   12.726544  (    2518   10001)
          11    3.664716   13.746324  (    1749   11706)
          12    3.667236   13.471453  (    2703   10001)
          13    3.669044   11.469703  (    1829   10001)
          14    3.685075   13.205647  (     206   10001)
          15    3.687127   13.486364  (    2099   10001)
          16    3.687447   11.515638  (    4579   10001)
          17    3.689598    8.407844  (    8093   10001)
          18    3.700388   13.834812  (     423   11706)
          19    3.702767    9.168255  (     673   10001)
          20    3.705283   10.434848  (    3606   10001)
          21    3.718414    9.475027  (    7023   10002)
          22    3.723730   11.172820  (    7647   10001)
          23    3.728328   13.706063  (    1588   13685)
          24    3.731323   12.690689  (    1625   10001)
          25    3.731426   11.011135  (     574   10001)
          26    3.738244   11.610159  (    8560   10001)
          27    3.738697    9.122460  (     125   10001)
          28    3.739103   11.644006  (    9107   10001)
          29    3.739338   13.791383  (    1749   13685)
          30    3.740168   12.320985  (     327   10001)
          31    3.740577   13.558469  (    4235   10001)
          32    3.740873   13.833049  (     423   13685)
          33    3.741351   13.073412  (    1749   11835)
          34    3.741762   13.014145  (    1588   11835)
          35    3.741799   13.611940  (    9076   10001)
          36    3.742512   11.563378  (    8449   10001)
          37    3.742782   12.183839  (    3107   10001)
          38    3.743203   12.946613  (    2902   10001)
          39    3.744993   12.280099  (    5080   10001)
          40    3.746186   12.713333  (     494   10001)
          41    3.748121   11.531412  (    8646   10001)
          42    3.751249   14.009520  (    9314   10001)
          43    3.753291   13.539596  (    8958   10001)
          44    3.753679   13.561200  (    8147   10001)
          45    3.754885   13.311422  (    6471   10001)
          46    3.755454   12.231489  (     209   10001)
          47    3.755826   12.660112  (    4792   10001)
          48    3.756212   13.587414  (    6599   10001)
          49    3.757242   11.981878  (    1654   10001)
          50    3.761874   13.896321  (    1588   18857)
          51    3.763920   11.364637  (    8136   10001)
          52    3.764089   11.435701  (    7082   10001)
          53    3.764619   11.644948  (     401   10001)
          54    3.765367   13.968602  (    1749   18857)
          55    3.766266   13.971430  (    1588   18295)
          56    3.767452   11.935460  (    2358   10001)
          57    3.767637   11.335241  (    8060   10001)
          58    3.767874   11.559963  (    5569   10001)
          59    3.768198   13.552980  (    6330   10001)
          60    3.768363   14.005487  (     423   18857)
          61    3.769080   14.042541  (    1749   18295)
          62    3.771010   12.233972  (    3161   10001)
          63    3.771849   11.366286  (    9120   10001)
          64    3.772849   12.046538  (    7386   10001)
          65    3.773404   11.309153  (      85   10001)
          66    3.774178   14.079362  (     423   18295)
          67    3.775754    9.201316  (    5056   10001)
          68    3.776306   11.319192  (    8790   10001)
          69    3.776850   12.719919  (     360   10001)
          70    3.778795   13.604466  (    7857   10001)
          71    3.779989    9.157011  (     853   10001)
          72    3.780146   10.735859  (     497   10001)
          73    3.780249   13.186341  (    6894   10001)
          74    3.780427    8.362731  (    7023   10001)
          75    3.782171   12.350114  (     921   10001)
          76    3.783495   11.065079  (    7176   10001)
          77    3.783949   13.094626  (    6375   10001)
          78    3.784419   11.306018  (    9550   10001)
          79    3.784738   12.825482  (     703   10001)
          80    3.785328   11.494058  (    5380   10001)
          81    3.786241   11.494725  (    5396   10001)
          82    3.786929   11.455219  (    7819   10001)
          83    3.786984   10.195725  (     548   10001)
          84    3.787169   12.408977  (    3723   10001)
          85    3.787236   11.495313  (    5427   10001)
          86    3.787453   13.118082  (    2917   11835)
          87    3.790762   13.767432  (    7050   10001)
          88    3.791668   12.201319  (    3265   10001)
          89    3.792384   11.454005  (    8224   10001)
          90    3.792887   13.987798  (    9990   10001)
          91    3.793102   13.577124  (    6875   10001)
          92    3.793518   13.588079  (    5570   10001)
          93    3.795914   10.801262  (    3592   10001)
          94    3.796279   11.372943  (    6949   10001)
          95    3.797694   12.225621  (    4205   10001)
          96    3.798531   12.849861  (    3849   10001)
          97    3.799023   13.546233  (    8887   10001)
          98    3.799081   12.261259  (       2   10001)
          99    3.799814   11.986247  (    2502   10001)
         100    3.800946   12.013405  (    3946   10001)
