        Rank        RMSE       MaxAE  Feature_ID
           1   34.751816  123.256316  (    2052   10205)
           2   34.758656  106.069346  (      67   12807)
           3   35.328581  112.600489  (      67   13711)
           4   35.335565  117.539523  (    2052   11423)
           5   35.343082  108.544626  (     204   13711)
           6   35.358951  102.077981  (      73   12320)
           7   35.359520  112.456970  (     105   12320)
           8   35.366959  117.087425  (     789   12320)
           9   35.397520  107.197838  (    1188   12320)
          10   35.411293   99.010282  (      12   14228)
          11   35.412740  107.591229  (     399   12320)
          12   35.414705  117.275374  (     105   17604)
          13   35.440566  112.912506  (     309   12320)
          14   35.460329  122.748189  (     562   10205)
          15   35.501310  117.554115  (    2212   10205)
          16   35.551697  109.888773  (     247   18589)
          17   35.553271  110.189793  (    1536   15817)
          18   35.559768  120.363951  (    1104   10205)
          19   35.574021  121.036136  (    3285   10205)
          20   35.592314  115.727880  (     666   12320)
          21   35.594947  104.390753  (      13   10053)
          22   35.606465  102.682943  (      46   12320)
          23   35.608282  107.488809  (     983   12320)
          24   35.614488   90.470227  (    2441   10975)
          25   35.619047  104.467094  (     132   12320)
          26   35.642251  107.189933  (    1111   12928)
          27   35.644877  112.356765  (      67   15886)
          28   35.651778  122.189362  (    2052   18504)
          29   35.656184   97.923429  (      67   12755)
          30   35.658917   99.924150  (    1536   14190)
          31   35.669662  116.086364  (    2212   18504)
          32   35.672395  107.555967  (      46   17604)
          33   35.677833  105.562011  (     323   12320)
          34   35.677889  103.715411  (    1536   15049)
          35   35.690723  109.630095  (      67   11601)
          36   35.713325   97.903519  (     142   18602)
          37   35.733054  125.432279  (    2052   17504)
          38   35.758202  100.640394  (     247   17016)
          39   35.760879  101.899998  (      13   12320)
          40   35.764926   92.654410  (     142   12426)
          41   35.768475  121.418852  (     204   10205)
          42   35.792165  119.679387  (     562   11423)
          43   35.822056   99.626433  (      59   14190)
          44   35.828800  119.772297  (     110   11293)
          45   35.874757  115.561743  (      61   12376)
          46   35.876221  103.395343  (      39   18602)
          47   35.882181  106.728553  (      73   17604)
          48   35.883268  104.862128  (    3566   12928)
          49   35.902753  114.087284  (      35   11213)
          50   35.912341   97.796467  (    3317   12872)
          51   35.914968  117.688631  (    6809   10205)
          52   35.916146  112.701276  (     868   16949)
          53   35.917589  113.783619  (      14   12376)
          54   35.939404  120.172540  (    2052   18985)
          55   35.973789  119.508627  (    2212   17504)
          56   35.976176  105.094150  (     616   10974)
          57   36.016839  120.760979  (    1293   10205)
          58   36.018043  105.672541  (      43   17604)
          59   36.022367  123.578795  (     562   15587)
          60   36.031931  118.819160  (    1530   10205)
          61   36.035709  120.073145  (    1111   18827)
          62   36.041092  112.675048  (      58   12320)
          63   36.053351  111.085962  (    1732   12928)
          64   36.058251  104.119368  (     148   18589)
          65   36.059161  115.285951  (    3285   11423)
          66   36.063653  119.177317  (     110   12568)
          67   36.067355  111.699969  (     350   12320)
          68   36.078781  116.982469  (    1536   11733)
          69   36.084009  118.842258  (      58   11293)
          70   36.084035  109.631929  (     565   18589)
          71   36.093634  114.854089  (      61   14723)
          72   36.095862  103.911305  (    1536   17008)
          73   36.099513  111.325524  (     179   12303)
          74   36.110991  120.546895  (     110   11789)
          75   36.111165  112.594784  (     983   17604)
          76   36.114179  103.982789  (      73   10053)
          77   36.114857  120.375258  (     110   12279)
          78   36.118602  109.271589  (      20   12928)
          79   36.120297   96.213569  (       7   10004)
          80   36.122939  117.621482  (    1536   11707)
          81   36.125358   99.896957  (      71   10053)
          82   36.126132  123.921268  (    1536   18827)
          83   36.131389  100.562544  (     204   12807)
          84   36.135511  113.861048  (     868   19316)
          85   36.143796  119.683932  (     110   12311)
          86   36.144582  119.584024  (     110   12229)
          87   36.157476  104.922741  (       4   18602)
          88   36.162029  104.605883  (    1536   19283)
          89   36.162057  116.452722  (    2052   19674)
          90   36.162383   97.232837  (    1070   10844)
          91   36.162600  117.398962  (     309   17604)
          92   36.166210   95.990305  (      59   15724)
          93   36.166431  106.730453  (      59   12505)
          94   36.168650  100.661770  (      43   12320)
          95   36.174199  100.466363  (      59   16632)
          96   36.181289  113.028924  (      14   14723)
          97   36.188878  101.062985  (     164   15049)
          98   36.188953  116.208571  (      61   14188)
          99   36.190524   96.156071  (    1070   13589)
         100   36.190851  107.369361  (      12   18314)
