Model_ID, [(c_i,i=0,n)_j,j=1,ntask]
           1    0.3164693139E+03   -0.3036032287E+03   -0.1266259144E+03
           2    0.3165631704E+03   -0.3037591557E+03   -0.1262825705E+03
           3    0.3195283713E+03   -0.3110729637E+03   -0.1118310731E+03
           4    0.3169939039E+03    0.3041355154E+03   -0.1218052345E+03
           5    0.3169087650E+03    0.3039156260E+03   -0.1218433019E+03
           6    0.3019321658E+03    0.2673548314E+03   -0.1441667046E+03
           7    0.3185302413E+03   -0.3091806411E+03   -0.1139066839E+03
           8    0.3018398700E+03    0.2671288700E+03   -0.1442725662E+03
           9    0.3026575494E+03    0.2762494095E+03   -0.1401995379E+03
          10    0.3174684006E+03   -0.2992837665E+03   -0.1163252632E+03
          11    0.3204712618E+03   -0.3087773527E+03   -0.1111427239E+03
          12    0.3147655079E+03    0.3004574361E+03   -0.1315745572E+03
          13    0.3178149509E+03    0.3080214557E+03   -0.1166594992E+03
          14    0.3145681043E+03    0.3001568539E+03   -0.1317278526E+03
          15    0.3181074955E+03    0.3084176845E+03   -0.1165439875E+03
          16    0.3150557976E+03    0.3008165900E+03   -0.1313140823E+03
          17    0.3176157367E+03    0.3076931568E+03   -0.1167124151E+03
          18    0.3146726150E+03    0.3002342820E+03   -0.1316850988E+03
          19    0.3178639105E+03    0.2998213830E+03   -0.1122452410E+03
          20    0.3067397041E+03    0.2897649168E+03   -0.8412207257E+02
          21    0.3144751753E+03    0.2999344078E+03   -0.1318417739E+03
          22    0.3027560534E+03    0.2907811355E+03   -0.7800314673E+02
          23    0.2999831668E+03    0.2870000442E+03   -0.8324891361E+02
          24    0.2989038465E+03    0.2827241207E+03   -0.8392954540E+02
          25    0.3025352885E+03    0.2904363836E+03   -0.7781723808E+02
          26    0.3149629715E+03    0.3005924813E+03   -0.1314197176E+03
          27    0.3028861322E+03    0.2909349293E+03   -0.7812246576E+02
          28    0.3194790167E+03   -0.3034801543E+03   -0.1038986230E+03
          29    0.3011830660E+03   -0.2878004445E+03   -0.8025766878E+02
          30    0.3183778390E+03    0.3086721225E+03   -0.1163880585E+03
          31    0.3143885579E+03   -0.3036984280E+03   -0.1692835326E+03
          32    0.2659484143E+03    0.2506428623E+03   -0.7480080812E+02
          33    0.3131883948E+03   -0.3067608545E+03   -0.1655866042E+03
          34    0.3142951393E+03    0.3079267998E+03   -0.1574118839E+03
          35    0.3153890883E+03    0.2979679499E+03   -0.1311457739E+03
          36    0.3154470644E+03    0.3050044693E+03   -0.1607732291E+03
          37    0.3017496060E+03    0.2866547649E+03   -0.7848415504E+02
          38    0.3153245947E+03    0.3010415056E+03   -0.1310273618E+03
          39    0.3015310856E+03    0.2863292564E+03   -0.7831657614E+02
          40    0.3022928536E+03    0.2899647456E+03   -0.7763152010E+02
          41    0.3194996161E+03   -0.3068427628E+03   -0.1130859560E+03
          42    0.3162511970E+03   -0.3088417362E+03   -0.2677434518E+03
          43    0.3002091494E+03   -0.2869342068E+03   -0.8162590251E+02
          44    0.2988622790E+03   -0.2823579894E+03   -0.8302508784E+02
          45    0.3180998344E+03   -0.3137689847E+03   -0.1033180382E+03
          46    0.3204849387E+03   -0.3048234207E+03   -0.1057211003E+03
          47    0.3018776433E+03    0.2867969726E+03   -0.7859469717E+02
          48    0.3149693858E+03   -0.3045120012E+03   -0.1660352966E+03
          49    0.3136602495E+03    0.2992895948E+03   -0.1754514325E+03
          50    0.3152960692E+03    0.2977471501E+03   -0.1312550988E+03
          51    0.3038795817E+03    0.2773729270E+03   -0.1321504831E+03
          52    0.3137788876E+03   -0.3075001301E+03   -0.1624852860E+03
          53    0.3152318487E+03    0.3008166252E+03   -0.1311285365E+03
          54    0.3028812671E+03    0.2876755598E+03   -0.7766742631E+02
          55    0.3154372238E+03   -0.3075484073E+03    0.2733386086E+03
          56    0.3185394261E+03    0.3087601165E+03   -0.1162666453E+03
          57    0.3012897562E+03    0.2858782642E+03   -0.7815480409E+02
          58    0.3017318236E+03    0.2744633612E+03   -0.1427591849E+03
          59    0.3122534756E+03   -0.3038417047E+03    0.1672388807E+03
          60    0.3018534424E+03    0.2836403457E+03   -0.7827196642E+02
          61    0.3007880511E+03    0.2733532872E+03   -0.1481206737E+03
          62    0.3203405659E+03   -0.3014394236E+03   -0.1040305214E+03
          63    0.3188272143E+03   -0.3073285347E+03   -0.2415424101E+03
          64    0.3021260465E+03    0.2895959002E+03   -0.7751252328E+02
          65    0.3168746323E+03    0.3125189614E+03   -0.1158138495E+03
          66    0.3133475550E+03    0.3019295279E+03   -0.1745517118E+03
          67    0.3163457387E+03    0.3058899155E+03   -0.1212122329E+03
          68    0.3148681899E+03   -0.3038124680E+03   -0.1295765851E+03
          69    0.3136063387E+03    0.3022906141E+03   -0.1748616549E+03
          70    0.3154855714E+03    0.3011145786E+03   -0.1308295865E+03
          71    0.3104463665E+03    0.2981498375E+03   -0.9091259507E+02
          72    0.3184412277E+03    0.3052764909E+03   -0.1157608349E+03
          73    0.3021049058E+03    0.2772916028E+03   -0.1425993064E+03
          74    0.3120803313E+03    0.3050337285E+03   -0.1708493676E+03
          75    0.3012429144E+03    0.2685288463E+03   -0.1424896085E+03
          76    0.3001838124E+03    0.2780562406E+03   -0.1367506099E+03
          77    0.3111095411E+03   -0.3070590509E+03    0.1684419159E+03
          78    0.3188072663E+03    0.3056207742E+03   -0.1158777771E+03
          79    0.3190972117E+03    0.3060289545E+03   -0.1158017868E+03
          80    0.3169972604E+03   -0.3079724643E+03    0.2379470886E+03
          81    0.2664156407E+03    0.2509759755E+03   -0.7433942169E+02
          82    0.3155890599E+03    0.3047559101E+03   -0.1246117927E+03
          83    0.3196463442E+03   -0.3143192854E+03   -0.1107699310E+03
          84    0.3051912614E+03    0.2787808710E+03   -0.1242290087E+03
          85    0.3180460609E+03   -0.3068576078E+03    0.1116720512E+03
          86    0.3123424374E+03    0.3053830637E+03   -0.1710585143E+03
          87    0.3007500677E+03   -0.2818102701E+03    0.7831892257E+02
          88    0.3006923885E+03    0.2731255817E+03   -0.1482318768E+03
          89    0.3137612354E+03    0.3024507634E+03   -0.1750404754E+03
          90    0.3011230606E+03    0.2855233822E+03   -0.7805410270E+02
          91    0.3153928839E+03    0.3008893003E+03   -0.1309281370E+03
          92    0.3019572210E+03    0.2748379591E+03   -0.1420095887E+03
          93    0.3073152400E+03    0.3054239421E+03   -0.1974712176E+03
          94    0.3130679398E+03    0.3014338450E+03   -0.1742041930E+03
          95    0.3124108325E+03    0.3022273897E+03   -0.1710225651E+03
          96    0.3154548246E+03    0.3045178006E+03   -0.1251809208E+03
          97    0.2981914919E+03    0.2815929691E+03   -0.8571022212E+02
          98    0.3186096026E+03    0.3052861655E+03   -0.1159080458E+03
          99    0.3133657655E+03   -0.3067913817E+03   -0.1683126056E+03
         100    0.3117979622E+03    0.3045466809E+03   -0.1705925975E+03
