     Index              y_true              y_pred        descriptor_1        descriptor_2
         1    0.2218000000E+02    0.2425707049E+02    0.9752371200E+00    0.4143493728E-02
         2    0.1546000000E+02    0.1089770194E+02    0.3165001000E+00    0.4000522680E-02
         3    0.1337000000E+02    0.1487466781E+02    0.4993281600E+00    0.4691294976E-02
         4    0.2213000000E+02    0.1931070434E+02    0.4992641400E+00    0.1542499455E-01
         5    0.5650000000E+01    0.3536112170E+01   -0.4730964000E-01    0.3961649412E-02
         6    0.2613000000E+02    0.2523094537E+02    0.5948089200E+00    0.2507938070E-01
         7    0.2305000000E+02    0.2765849254E+02    0.1006670940E+01    0.1083615173E-01
         8    0.7980000000E+01    0.2825323745E+01   -0.2146221000E-01    0.9798947400E-03
         9    0.2455000000E+02    0.2428413664E+02    0.7246942700E+00    0.1644548763E-01
        10    0.4360000000E+01    0.7596972379E+01    0.2130030000E+00    0.1071008568E-02
        11    0.4090000000E+02    0.2935561171E+02    0.1107290420E+01    0.1002714750E-01
        12    0.1316000000E+02    0.1035464649E+02    0.4660797000E+00   -0.4618577250E-02
        13    0.2492000000E+02    0.3087743261E+02    0.1217455850E+01    0.8327880120E-02
        14    0.2141000000E+02    0.2103968403E+02    0.6248639000E+00    0.1347302170E-01
        15    0.1040000000E+01    0.7871041055E+01    0.5852088000E+00   -0.1644457676E-01
        16    0.4060000000E+01    0.2617665654E+01   -0.2750616000E-01    0.7727659000E-03
        17    0.1560000000E+01    0.2371756165E+01   -0.4206510000E-01    0.8889810800E-03
        18    0.4200000000E+00    0.1003979104E+01   -0.9308112000E-01    0.7201420800E-04
        19    0.3850000000E+02    0.2856797240E+02    0.1277178630E+01   -0.1754630670E-03
        20    0.6140000000E+01    0.4530156933E+01    0.3199630000E-02    0.3899324352E-02
        21    0.4390000000E+01    0.4174052322E+01    0.4432230000E-01    0.1029490583E-02
        22    0.3366000000E+02    0.3381793416E+02    0.1547088000E+01   -0.6584253800E-03
        23    0.3140000000E+01    0.6046368899E+01    0.3847006000E-01    0.5844363784E-02
        24    0.6650000000E+01    0.4295676696E+01    0.2183643000E-01    0.2421905200E-02
        25    0.5980000000E+01    0.4240495327E+01    0.1858508000E-01    0.2447220006E-02
        26    0.2638000000E+02    0.2768954562E+02    0.1230079200E+01    0.0000000000E+00
        27    0.2309000000E+02    0.2471905677E+02    0.4335623600E+00    0.3171643320E-01
        28    0.1925000000E+02    0.1798825733E+02    0.1152145680E+01   -0.1966070400E-01
        29    0.2600000000E+01   -0.7643888191E+00   -0.1791905600E+00    0.0000000000E+00
        30    0.1470000000E+02    0.1738292503E+02    0.5485736900E+00    0.8353502850E-02
        31    0.1000000000E+00    0.2780881522E+01   -0.3600000000E-02    0.0000000000E+00
        32    0.2347000000E+02    0.2185437665E+02    0.9771532800E+00   -0.1762099920E-02
        33    0.1576000000E+02    0.1835653783E+02    0.3784672000E+00    0.1901663574E-01
        34    0.1128000000E+02    0.1201460645E+02    0.2456596100E+00    0.1016211663E-01
        35    0.1799000000E+02    0.1802067028E+02    0.6025231800E+00    0.7261284828E-02
        36    0.7530000000E+01    0.1583448616E+02    0.3897641200E+00    0.1236416419E-01
        37    0.1262000000E+02    0.1570557788E+02    0.7853775600E+00   -0.7269434280E-02
        38    0.9540000000E+01    0.9529327151E+01   -0.5809920000E-02    0.1643211900E-01
        39    0.6070000000E+01    0.4685531850E+01   -0.1856778000E+00    0.1349995000E-01
        40    0.1012000000E+02    0.1270757085E+02    0.4402170100E+00    0.2336175688E-02
        41    0.6970000000E+01    0.5522571930E+01    0.4677810000E-01    0.4171557495E-02
        42    0.7350000000E+01    0.9945864548E+01    0.4970124600E+00   -0.7118159529E-02
