Model_ID, [(c_i,i=0,n)_j,j=1,ntask]
           1    0.3178138597E+03    0.1839611176E+03   -0.1960954501E+04
           2    0.3798864183E+03   -0.2602402842E+03   -0.2584250013E+03
           3    0.3315289311E+03    0.1162913440E+03   -0.1965058404E+04
           4    0.3806729077E+03   -0.2582399628E+03   -0.2567492353E+03
           5    0.2804395906E+03    0.1777246739E+03   -0.1957129021E+04
           6    0.3824210480E+03   -0.2556531786E+03   -0.2676710801E+03
           7    0.3175682207E+03    0.2371689670E+03   -0.1945993155E+04
           8    0.2348342090E+03    0.1248596927E+03   -0.1802402635E+04
           9    0.3199834027E+03    0.1814049807E+03   -0.1888461159E+04
          10    0.2414039019E+03    0.1238006523E+03   -0.1967732144E+04
          11    0.2804656451E+03    0.1661141961E+03   -0.1883417313E+04
          12    0.2954409250E+03    0.1840241194E+03    0.1405619585E+03
          13    0.2920098543E+03    0.1435423292E+03   -0.1714366428E+04
          14    0.2877389464E+03    0.1873778496E+03   -0.1153440268E+04
          15    0.2811294111E+03    0.1660686483E+03   -0.1966591242E+04
          16    0.3223031046E+03    0.1131408131E+03   -0.1924936831E+04
          17    0.2326492719E+03    0.1353402294E+03   -0.1741881939E+04
          18    0.2837992662E+03    0.1665658640E+03   -0.1806350947E+04
          19    0.2811675200E+03    0.1706782257E+03   -0.1883743173E+04
          20    0.3221495791E+03   -0.1748330356E+03   -0.1967070743E+04
          21    0.2898590452E+03    0.1869280497E+03   -0.1448842358E+03
          22    0.3193464271E+03    0.1819656711E+03   -0.1889020531E+04
          23    0.3197267554E+03    0.1835961894E+03   -0.1843525841E+04
          24    0.3832739819E+03   -0.2539069714E+03   -0.2674221655E+03
          25    0.2956974936E+03    0.2077878095E+03   -0.2144881354E+03
          26    0.2854198830E+03    0.1622809697E+03   -0.1780532512E+04
          27    0.3395223458E+03    0.1282587696E+03   -0.1925732951E+04
          28    0.3291887521E+03    0.2222036005E+03   -0.1886303852E+04
          29    0.2885275884E+03    0.1868852937E+03   -0.1142261603E+04
          30    0.3792063879E+03   -0.2568262045E+03   -0.2533473782E+03
          31    0.3187005991E+03    0.1887915972E+03   -0.1856504236E+04
          32    0.2853214188E+03    0.2010393933E+03   -0.1105791465E+04
          33    0.3293959816E+03    0.2098472747E+03   -0.1900739645E+04
          34    0.3278320266E+03    0.2169436092E+03   -0.1784578389E+04
          35    0.3791303255E+03   -0.2568695592E+03    0.2518541810E+03
          36    0.2933062303E+03    0.1683888549E+03    0.5621646305E+03
          37    0.3276226661E+03    0.1085122480E+03   -0.1952072525E+04
          38    0.3810094003E+03   -0.2529305776E+03    0.2637358651E+03
          39    0.2881046429E+03    0.1981162712E+03    0.1177871559E+04
          40    0.3213824915E+03   -0.1689669114E+03   -0.1819362636E+04
          41    0.2908344373E+03    0.1461201316E+03   -0.1740159075E+04
          42    0.3803665477E+03   -0.2545861041E+03    0.2621481987E+03
          43    0.3112216860E+03    0.2315559024E+03   -0.1868810792E+04
          44    0.3469170809E+03    0.6235096735E+02   -0.1863993138E+04
          45    0.3798013028E+03   -0.2582577281E+03   -0.2434542544E+03
          46    0.3807772784E+03   -0.2525246095E+03   -0.2623706712E+03
          47    0.3816253124E+03   -0.2545056281E+03    0.2540605350E+03
          48    0.2942893394E+03    0.2043421558E+03    0.1493882388E+03
          49    0.3804970158E+03   -0.1857510238E+03   -0.1221986572E+03
          50    0.2800866658E+03    0.1636033643E+03   -0.1880694924E+04
          51    0.3186581710E+03    0.1124123354E+03   -0.1849025109E+04
          52    0.2845530055E+03    0.1775697535E+03   -0.1874528209E+04
          53    0.3810004430E+03   -0.2560899707E+03   -0.2525393302E+03
          54    0.3210036935E+03    0.2330546855E+03   -0.2056903259E+03
          55    0.3805399609E+03   -0.2521189617E+03   -0.2608129913E+03
          56    0.3199434797E+03    0.1829021832E+03   -0.1881648574E+04
          57    0.3789919423E+03   -0.2655452822E+03    0.2657442118E+03
          58    0.3813956724E+03   -0.2541047039E+03   -0.2527227252E+03
          59    0.2956440941E+03    0.2053762167E+03   -0.2269989681E+03
          60    0.2849344739E+03    0.1931204591E+03   -0.9171358369E+03
          61    0.3297898678E+03    0.2166489652E+03   -0.1884106277E+04
          62    0.2800458372E+03    0.1834652698E+03   -0.9317728564E+03
          63    0.3813234911E+03   -0.2510772969E+03    0.3116021112E+03
          64    0.3204456837E+03    0.1829690916E+03   -0.1857026817E+04
          65    0.2961035461E+03    0.1726668468E+03   -0.1346920516E+03
          66    0.3213368644E+03    0.1977348709E+03   -0.1705426265E+04
          67    0.3404435328E+03   -0.1172609869E+03   -0.1900302567E+04
          68    0.3818483348E+03   -0.2511900694E+03    0.2634143085E+03
          69    0.2888151188E+03    0.1995569093E+03    0.1457495186E+03
          70    0.3269110470E+03   -0.1698348046E+03   -0.1747558478E+04
          71    0.3878943993E+03   -0.3167077973E+03   -0.2448388482E+03
          72    0.3799990830E+03   -0.2549047025E+03   -0.2519296705E+03
          73    0.2887489168E+03    0.1488250274E+03   -0.1808849567E+04
          74    0.2628876439E+03    0.1459614295E+03   -0.1534545260E+04
          75    0.3824937375E+03   -0.2416690372E+03    0.3464357824E+03
          76    0.3112687504E+03    0.2214005134E+03   -0.1673953754E+03
          77    0.3834828138E+03   -0.2402472142E+03    0.3497011274E+03
          78    0.3811608445E+03   -0.2537031713E+03   -0.2512119157E+03
          79    0.3529114039E+03    0.6713610010E+02   -0.1828287937E+04
          80    0.2808344690E+03    0.1830824423E+03   -0.9254884078E+03
          81    0.2851757977E+03    0.1645728936E+03   -0.1849432676E+04
          82    0.3799224489E+03   -0.2549450158E+03    0.2504213572E+03
          83    0.3811841946E+03   -0.2527742077E+03    0.2613522289E+03
          84    0.3816142724E+03   -0.2507852427E+03   -0.2620398320E+03
          85    0.3779765181E+03   -0.2648110356E+03    0.2460273221E+03
          86    0.3188904710E+03    0.1768497999E+03   -0.1907804947E+04
          87    0.2864841653E+03    0.1622961365E+03   -0.1926712826E+04
          88    0.3806555344E+03   -0.2531931112E+03   -0.2558444842E+03
          89    0.3824767703E+03   -0.2527707775E+03    0.2538545528E+03
          90    0.3194152337E+03    0.1823239639E+03   -0.1908228427E+04
          91    0.3822328004E+03   -0.2494926751E+03    0.3126661541E+03
          92    0.2864146360E+03    0.1635986892E+03    0.1727790327E+04
          93    0.3186535037E+03    0.1814396919E+03   -0.1893902735E+04
          94    0.2609286662E+03    0.1314552374E+03   -0.1663526499E+04
          95    0.3818163667E+03   -0.2497646746E+03    0.3264885866E+03
          96    0.3806027142E+03   -0.2563392460E+03   -0.2421837308E+03
          97    0.2894241391E+03    0.1768419774E+03   -0.1833763648E+04
          98    0.2823456065E+03    0.1694536583E+03   -0.1841530773E+04
          99    0.3403686060E+03   -0.1171083315E+03   -0.1918133306E+04
         100    0.3813750517E+03   -0.2503808069E+03   -0.2604732583E+03
