     Index              y_true              y_pred        descriptor_1        descriptor_2
         1    0.3850000000E+02    0.3117842184E+02   -0.6301199500E+00    0.1856446541E-02
         2    0.7980000000E+01    0.7636097049E+01    0.5757905300E+00    0.5257421614E-03
         3    0.1000000000E+00   -0.6121020047E+00    0.1000000000E+01    0.0000000000E+00
         4    0.1262000000E+02    0.1151223692E+02   -0.3829666800E+00    0.2718644588E-01
         5    0.2280000000E+01    0.2949716171E+01    0.7342994500E+00    0.3097042786E-02
         6    0.1799000000E+02    0.1407305053E+02    0.2049754400E+00    0.2318932579E-02
         7    0.4660000000E+01    0.6948064231E+01    0.5422720400E+00    0.2878520270E-02
         8    0.6650000000E+01    0.6327088350E+01    0.7247251200E+00   -0.2396307802E-02
         9    0.4360000000E+01    0.1076952103E+02    0.4215183600E+00    0.4861125242E-03
        10    0.2141000000E+02    0.2360674550E+02   -0.2888980000E-01   -0.5993511890E-02
        11    0.2347000000E+02    0.2325100463E+02   -0.2743298800E+00    0.3157082074E-02
        12    0.1316000000E+02    0.1586992683E+02    0.7567400000E-02    0.6085357414E-02
        13    0.2309000000E+02    0.2386307930E+02    0.1075996300E+00   -0.1118309448E-01
        14    0.9540000000E+01    0.8889068067E+01    0.4635306700E+00    0.2268842944E-02
        15    0.2305000000E+02    0.2649987847E+02   -0.4611232200E+00    0.4049439431E-02
        16    0.3140000000E+01    0.2329488314E+01    0.6321505600E+00    0.7719952529E-02
        17    0.1128000000E+02    0.1089122324E+02    0.3832507200E+00    0.1607187252E-02
        18    0.1470000000E+02    0.1631569147E+02    0.1952466400E+00   -0.1211500107E-02
        19    0.6970000000E+01    0.2207151477E+01    0.7485159500E+00    0.3883575963E-02
        20    0.1040000000E+01    0.8010546513E+01    0.5933530800E+00   -0.7310880611E-03
        21    0.2218000000E+02    0.2544981572E+02   -0.3001446000E+00    0.2617616390E-03
        22    0.1925000000E+02    0.2698019455E+02   -0.6024440400E+00    0.8136259610E-02
        23    0.4200000000E+00    0.8973890291E+01    0.4251275200E+00    0.3458253315E-02
        24    0.1560000000E+01   -0.5222079439E+00    0.9212856300E+00    0.2582766067E-02
        25    0.4060000000E+01    0.3212961479E+01    0.7391273700E+00    0.2474988852E-02
        26    0.1546000000E+02    0.1366197099E+02    0.2813346300E+00    0.3721672194E-03
        27    0.2213000000E+02    0.1754826392E+02    0.1755629000E-01    0.2842594482E-02
        28    0.2638000000E+02    0.2153935419E+02   -0.5331779800E+00    0.1511313770E-01
        29    0.6070000000E+01    0.2299783790E+01    0.4697033400E+00    0.1342143698E-01
        30    0.1576000000E+02    0.1613156196E+02    0.2692834000E+00   -0.3469002262E-02
        31    0.7350000000E+01    0.3294235933E+01    0.7964732400E+00    0.3401762825E-03
        32    0.1002000000E+02    0.1575748936E+02   -0.6738545000E+00    0.2998054786E-01
        33    0.7530000000E+01    0.1427010405E+02    0.2418331200E+00    0.6970078869E-03
        34    0.2977000000E+02    0.2566404684E+02   -0.5151651900E+00    0.7371035783E-02
        35    0.5980000000E+01    0.3332449316E+01    0.7127037300E+00    0.3187925533E-02
        36    0.2492000000E+02    0.2955170514E+02   -0.4946851700E+00   -0.4796917969E-04
        37    0.1012000000E+02    0.1074908226E+02    0.5501301100E+00   -0.3952003233E-02
        38    0.2600000000E+01    0.4873467297E+01    0.7279267700E+00    0.0000000000E+00
        39    0.2455000000E+02    0.2139490319E+02   -0.5289471000E-01   -0.1342884259E-02
        40    0.5650000000E+01    0.3120751746E+01    0.7276506500E+00    0.3033244885E-02
        41    0.3600000000E+01    0.3018557765E+01    0.8032207800E+00    0.5810606123E-03
        42    0.4090000000E+02    0.2943172025E+02   -0.5174095600E+00    0.9494188369E-03
