        Rank        RMSE       MaxAE  Feature_ID
           1   23.621651   69.059583  (       4   11470)
           2   23.623873   68.579331  (       4   13930)
           3   23.686046   70.384867  (       4   11313)
           4   23.823895   58.786510  (       1   10004)
           5   23.829651   58.454271  (       1   10003)
           6   23.829840   70.187391  (       4   11936)
           7   23.857786   54.092583  (       1   10001)
           8   23.871618   70.840846  (       4   11739)
           9   23.889749   57.600442  (       1   10002)
          10   23.946451   70.668763  (       4   11821)
          11   23.955664   71.140819  (       4   11340)
          12   23.978142   68.084720  (       4   11207)
          13   23.995654   70.556292  (       4   11985)
          14   24.053840   67.834029  (       4   15668)
          15   24.065551   59.392146  (       1   10016)
          16   24.093882   59.332211  (       1   10011)
          17   24.113413   59.785767  (       1   10012)
          18   24.141447   70.257724  (       4   12329)
          19   24.153793   58.338940  (       1   10007)
          20   24.154942   59.964245  (       4   17273)
          21   24.155833   59.536188  (       1   10017)
          22   24.169716   61.658347  (       1   10005)
          23   24.175309   58.801532  (       1   10008)
          24   24.179781   69.874136  (       4   13566)
          25   24.198777   59.459225  (       1   10018)
          26   24.219030   58.544429  (       1   10013)
          27   24.224564   59.742369  (       1   10029)
          28   24.226809   60.523902  (       1   10051)
          29   24.227163   60.510145  (       1   10049)
          30   24.228028   60.489714  (       1   10048)
          31   24.229011   60.617017  (       1   10053)
          32   24.229067   60.472647  (       1   10047)
          33   24.230114   60.458935  (       1   10046)
          34   24.230253   60.634162  (       1   10055)
          35   24.230791   59.700326  (       1   10024)
          36   24.231434   60.647950  (       1   10056)
          37   24.232620   60.433036  (       1   10043)
          38   24.235740   60.137115  (       1   10023)
          39   24.235780   60.688179  (       1   10058)
          40   24.242323   60.366766  (       1   10041)
          41   24.242830   58.748001  (       1   10009)
          42   24.242935   60.363467  (       1   10042)
          43   24.243213   60.739503  (       1   10064)
          44   24.253788   60.313458  (       1   10044)
          45   24.255739   60.805492  (       1   10070)
          46   24.261696   60.832094  (       1   10072)
          47   24.264472   58.462678  (       1   10015)
          48   24.264948   60.845740  (       1   10074)
          49   24.269168   60.862682  (       1   10077)
          50   24.272412   60.875186  (       1   10079)
          51   24.279413   60.900877  (       1   10082)
          52   24.282538   59.896737  (       1   10034)
          53   24.284957   59.578193  (       1   10032)
          54   24.290612   58.752583  (       1   10022)
          55   24.293473   60.332243  (       1   10035)
          56   24.304378   60.502659  (       1   10025)
          57   24.304659   60.081217  (       1   10027)
          58   24.310972   71.283377  (       4   11438)
          59   24.320756   60.132999  (       1   10057)
          60   24.326800   59.824167  (       1   10038)
          61   24.333915   60.108145  (       1   10059)
          62   24.335061   59.351098  (       1   10054)
          63   24.339251   60.265566  (       1   10040)
          64   24.341047   60.095464  (       1   10062)
          65   24.350016   57.992502  (       1   10020)
          66   24.350420   60.619498  (       1   10028)
          67   24.357343   60.068268  (       1   10065)
          68   24.357625   60.528970  (       1   10063)
          69   24.361493   57.450197  (       1   10014)
          70   24.363379   60.276819  (       1   10037)
          71   24.368304   60.609432  (       1   10045)
          72   24.374607   60.028541  (       1   10184)
          73   24.386180   60.025106  (       1   10071)
          74   24.392878   58.363819  (       1   10036)
          75   24.401188   61.219793  (       1   10113)
          76   24.403176   60.002069  (       1   10075)
          77   24.406145   60.296032  (       1   10087)
          78   24.406676   60.208555  (       1   10050)
          79   24.408084   63.222536  (       4   10317)
          80   24.408460   60.572727  (       1   10006)
          81   24.412549   59.990008  (       1   10078)
          82   24.428454   60.474015  (       1   10067)
          83   24.431567   59.966779  (       1   10081)
          84   24.433415   61.285060  (       1   10124)
          85   24.438795   61.901316  (       1   10080)
          86   24.441786   58.492552  (       1   10069)
          87   24.448352   59.917273  (       1   10033)
          88   24.452239   60.227963  (       1   10092)
          89   24.453172   61.322942  (       1   10129)
          90   24.453920   59.941358  (       1   10085)
          91   24.459157   61.334138  (       1   10131)
          92   24.462684   59.715273  (       1   10093)
          93   24.464698   59.929746  (       1   10086)
          94   24.465925   61.346656  (       1   10136)
          95   24.477620   60.497957  (       1   10103)
          96   24.483075   57.565252  (       4   11771)
          97   24.485422   63.503582  (       1   10010)
          98   24.485856   59.908038  (       1   10090)
          99   24.486101   58.101460  (       1   10030)
         100   24.492140   60.374434  (       1   10149)
