        Rank        RMSE       MaxAE  Feature_ID
           1    7.555937   14.124953  (       1   10002)
           2    7.573635   18.207485  (    9793   10002)
           3    7.596102   16.656249  (    9793   10112)
           4    7.602937   25.877572  (       1   10001)
           5    7.842790   26.316634  (       1   10003)
           6    7.859067   25.219626  (       1   10006)
           7    7.861117   25.593968  (       1   10004)
           8    7.863147   25.956977  (       1   10005)
           9    7.872420   26.854103  (       1   10007)
          10    7.912908   26.666811  (       1   10008)
          11    7.928530   26.140001  (       1   10009)
          12    7.932357   25.393347  (       1   10010)
          13    7.934246   25.394801  (       1   10011)
          14    7.949387   25.932077  (       1   10016)
          15    7.952105   16.735485  (       1   10267)
          16    7.957822   22.067673  (       1   10019)
          17    7.958590   16.081425  (     974   10002)
          18    7.960870   26.008375  (       1   10012)
          19    7.975949   26.189778  (       1   10013)
          20    7.979205   25.992349  (       1   10018)
          21    7.990220   16.111867  (    1207   10002)
          22    8.000510   21.715805  (       1   10014)
          23    8.011173   23.289612  (       1   10083)
          24    8.014939   26.825010  (       1   10015)
          25    8.019651   16.326770  (    3056   10002)
          26    8.023874   16.508098  (    4087   10002)
          27    8.027280   27.503823  (       1   10017)
          28    8.030342   21.723274  (       1   10071)
          29    8.031880   16.142945  (    1580   10002)
          30    8.034206   21.910582  (       1   10021)
          31    8.053847   25.187292  (       1   10023)
          32    8.055763   20.951347  (       1   10024)
          33    8.059841   28.220417  (       1   10020)
          34    8.066569   26.246573  (       1   10022)
          35    8.066857   21.865279  (       1   10134)
          36    8.071772   24.388497  (       1   10124)
          37    8.083061   25.199492  (       1   10037)
          38    8.084216   15.907435  (     760   10002)
          39    8.085301   21.159252  (       1   10036)
          40    8.087926   20.135041  (       1   10047)
          41    8.088595   25.575865  (       1   10025)
          42    8.099001   25.991917  (       1   10026)
          43    8.100322   26.031704  (       1   10028)
          44    8.101552   22.780267  (       1   10042)
          45    8.101553   25.286496  (       1   10031)
          46    8.102538   21.945021  (       1   10182)
          47    8.104272   15.724310  (     597   10002)
          48    8.106594   26.418234  (       1   10027)
          49    8.108701   21.708143  (       1   10160)
          50    8.109550   25.342305  (       1   10032)
          51    8.110061   27.173950  (       1   10029)
          52    8.110953   20.847606  (       1   10063)
          53    8.111735   26.631271  (       1   10030)
          54    8.114121   24.087392  (       1   12060)
          55    8.115677   23.359688  (       1   10118)
          56    8.126886   21.161235  (       1   10108)
          57    8.127968   21.080339  (       1   10033)
          58    8.129955   21.542545  (       1   10116)
          59    8.130107   22.569875  (       1   10070)
          60    8.133349   18.459552  (       1   10112)
          61    8.135009   19.148197  (       1   10034)
          62    8.136244   26.239896  (       1   10035)
          63    8.139024   24.664299  (       1   10040)
          64    8.139619   25.297388  (       1   10072)
          65    8.141262   19.576248  (       1   15755)
          66    8.145081   25.907461  (       1   10064)
          67    8.148140   25.952696  (       1   10132)
          68    8.148393   21.650502  (       1   10195)
          69    8.152545   26.622528  (       1   10038)
          70    8.153620   25.282895  (       1   10078)
          71    8.157370   21.498204  (       1   10079)
          72    8.161497   25.974408  (       1   10043)
          73    8.162158   26.968763  (       1   10039)
          74    8.163155   22.140185  (       1   10041)
          75    8.163944   23.874964  (       1   10106)
          76    8.166130   20.997212  (       1   10208)
          77    8.167862   25.664875  (       1   10057)
          78    8.173230   25.231961  (       1   10069)
          79    8.173606   23.292954  (       1   10193)
          80    8.174353   25.340652  (       1   10054)
          81    8.174941   25.369843  (       1   10055)
          82    8.176091   26.428363  (       1   10044)
          83    8.177534   26.972910  (       1   10052)
          84    8.178767   25.517524  (       1   10053)
          85    8.179205   25.692202  (       1   10161)
          86    8.179222   21.741552  (       1   10287)
          87    8.180121   25.147329  (       1   10142)
          88    8.181319   25.877980  (       1   10046)
          89    8.184680   26.081519  (       1   10050)
          90    8.184695   24.861659  (       1   10149)
          91    8.184741   27.314817  (       1   10045)
          92    8.185317   26.934397  (       1   10051)
          93    8.185895   27.019157  (       1   10061)
          94    8.186178   28.079858  (       1   10065)
          95    8.186585   16.895176  (       1   11596)
          96    8.187862   26.204530  (       1   10062)
          97    8.188097   22.586883  (       1   10555)
          98    8.188126   25.346779  (       1   10097)
          99    8.188257   23.269611  (     760   10110)
         100    8.189344   25.585079  (       1   10058)
