Model_ID, [(c_i,i=0,n)_j,j=1,ntask]
           1    0.3356139555E+03   -0.9376604726E+02    0.8087643671E+03
           2    0.3359318807E+03   -0.9361575507E+02    0.9319478847E+03
           3    0.2794733698E+03    0.7586955590E+02   -0.3842518023E+03
           4    0.2788272553E+03    0.7529588509E+02   -0.2550263254E+03
           5    0.3223317089E+03   -0.8514535915E+02    0.7592327650E+03
           6    0.2783893142E+03    0.7483815703E+02   -0.3830391047E+03
           7    0.3373300841E+03   -0.9519690356E+02    0.7805957868E+03
           8    0.3338861179E+03   -0.9298707679E+02    0.5323355608E+03
           9    0.3225367460E+03   -0.8491983833E+02    0.8654491675E+03
          10    0.3339187578E+03   -0.9271897390E+02    0.5905646641E+03
          11    0.2755940080E+03    0.7250452286E+02   -0.3516085164E+03
          12    0.3323593239E+03   -0.9382955766E+02    0.8693032075E+03
          13    0.3352874993E+03   -0.8970152273E+02   -0.2438919820E+03
          14    0.2683996080E+03    0.7355632469E+02   -0.2780058368E+03
          15    0.2704275832E+03    0.7248953388E+02   -0.2270150239E+03
          16    0.3348097573E+03   -0.8934498122E+02    0.2459534860E+03
          17    0.2147361097E+03    0.8162849604E+02    0.1039884258E+03
          18    0.2260122206E+03   -0.9401430037E+02    0.7179347710E+03
          19    0.2750919703E+03    0.7201526735E+02    0.3516835230E+03
          20    0.2708383108E+03    0.7288100116E+02   -0.3372481935E+03
          21    0.2724622266E+03    0.6939611531E+02   -0.2459987236E+03
          22    0.3365418952E+03   -0.9229373154E+02   -0.3553091376E+03
          23    0.2771074589E+03    0.7373830770E+02    0.3149502165E+03
          24    0.1829291073E+03    0.7943626517E+02   -0.1699244974E+03
          25    0.2769131547E+03    0.7460669731E+02   -0.3652687034E+03
          26    0.3228631928E+03   -0.8209122216E+02   -0.2305980365E+03
          27    0.2775037767E+03    0.7286838853E+02    0.2494897753E+03
          28    0.3564364879E+03    0.1685180093E+03    0.8155404703E+03
          29    0.1400895302E+03   -0.1136469042E+03    0.2370033497E+03
          30    0.3209411675E+03   -0.8461949969E+02    0.5062553617E+03
          31    0.2729657914E+03    0.6983841874E+02   -0.3675366130E+03
          32    0.2136160414E+03    0.8954102929E+02    0.1439795955E+03
          33    0.3375586438E+03   -0.1289829149E+03   -0.3706791116E+03
          34    0.2142959931E+03    0.8182693671E+02   -0.2054080352E+03
          35    0.3365122413E+03   -0.9285962453E+02    0.3548288032E+03
          36    0.3358090380E+03   -0.9028508391E+02   -0.2467724299E+03
          37    0.3366830713E+03   -0.9230506174E+02    0.3596120350E+03
          38    0.2778640474E+03    0.7286672700E+02   -0.3401239898E+03
          39    0.3229823618E+03   -0.8918351153E+02    0.7658199338E+03
          40    0.3224436457E+03   -0.8177271930E+02    0.2323108286E+03
          41    0.3233631756E+03   -0.8441260836E+02    0.3376619200E+03
          42    0.1404958273E+03    0.1108683205E+03    0.2318059743E+03
          43    0.2763423502E+03    0.7483567444E+02    0.3586543570E+03
          44    0.3129661019E+03   -0.2527747854E+03    0.8433088569E+03
          45    0.3234373560E+03   -0.8074598523E+02   -0.2429056799E+03
          46    0.3361412059E+03   -0.9255296499E+02    0.3481611836E+03
          47    0.3367775500E+03   -0.9168719463E+02   -0.3589620343E+03
          48    0.3369879538E+03   -0.9183142417E+02    0.3594328762E+03
          49    0.3772317577E+03    0.1267974291E+03   -0.9109808583E+03
          50    0.2770504978E+03    0.7610785012E+02   -0.2304455701E+03
          51    0.2768409458E+03    0.7585231533E+02    0.2331721079E+03
          52    0.3370527364E+03   -0.9207698406E+02    0.3603122411E+03
          53    0.3324795392E+03   -0.9345428943E+02    0.9863611004E+03
          54    0.3340795175E+03   -0.1365889990E+03   -0.3942390931E+03
          55    0.1390394457E+03    0.1148224555E+03    0.2292048782E+03
          56    0.2705313604E+03    0.7143465342E+02   -0.7327894468E+03
          57    0.3236487979E+03   -0.8408605940E+02   -0.3405397417E+03
          58    0.2153161746E+03    0.8147912509E+02    0.2045874124E+03
          59    0.3226232101E+03   -0.8923157776E+02    0.6577580716E+03
          60    0.2767071006E+03    0.7338085294E+02   -0.3134895331E+03
          61    0.3367173595E+03   -0.9176982091E+02    0.3575281161E+03
          62    0.3232323699E+03   -0.8233947998E+02   -0.2371245680E+03
          63    0.3357403105E+03   -0.9154363799E+02    0.3472374331E+03
          64    0.3359960314E+03   -0.9013062384E+02   -0.3280790614E+03
          65    0.3367662385E+03   -0.9181947264E+02    0.3571271575E+03
          66    0.2712705199E+03   -0.1176405138E+03    0.4922721213E+03
          67    0.3240994987E+03   -0.8513828250E+02    0.2124637528E+03
          68    0.3356195068E+03   -0.9011392169E+02    0.2400935752E+03
          69    0.1833563397E+03    0.7943814864E+02   -0.1606943259E+03
          70    0.3366870091E+03   -0.9180820601E+02    0.3567488752E+03
          71    0.3209338730E+03   -0.8431924973E+02    0.5568172104E+03
          72    0.3355790698E+03    0.9114848356E+02   -0.3586723463E+03
          73    0.2182044374E+03    0.8104661292E+02    0.1324891986E+03
          74    0.2150736514E+03    0.8213787478E+02    0.1996708881E+03
          75    0.3366012781E+03   -0.9179661603E+02    0.3560463649E+03
          76    0.3366553242E+03   -0.9184633847E+02    0.3559021100E+03
          77    0.2775072072E+03    0.7405136610E+02   -0.3666547291E+03
          78    0.3380651187E+03   -0.9254956220E+02    0.3549452231E+03
          79    0.2678070092E+03    0.7010172561E+02   -0.3137239205E+03
          80    0.3354229168E+03   -0.8797570373E+02   -0.2527560322E+03
          81    0.2178168045E+03    0.8395726473E+02   -0.2313015899E+03
          82    0.2767249198E+03    0.7341257333E+02    0.2477365290E+03
          83    0.2178055523E+03    0.8438020471E+02   -0.2264092759E+03
          84    0.2656918753E+03   -0.1131853190E+03    0.7630390163E+03
          85    0.3632296589E+03    0.7167752727E+02   -0.3831721231E+03
          86    0.2773842767E+03    0.7284495882E+02   -0.2501117811E+03
          87    0.3431341201E+03    0.1284518564E+03   -0.4018358189E+03
          88    0.2781314414E+03    0.7427301114E+02   -0.3161030226E+03
          89    0.2776019693E+03    0.7414699453E+02    0.3660300565E+03
          90    0.2773927997E+03    0.7412020606E+02    0.3652758046E+03
          91    0.2767184391E+03    0.7345927770E+02    0.2471964146E+03
          92    0.3365833792E+03   -0.9192673984E+02    0.3538733904E+03
          93    0.3363697519E+03   -0.9178425147E+02    0.3530678489E+03
          94    0.2772725636E+03    0.7415717071E+02    0.3645154058E+03
          95    0.2122669930E+03    0.7943188382E+02    0.1425645805E+04
          96    0.2780748022E+03    0.7422657993E+02   -0.3157288647E+03
          97    0.2175564519E+03    0.8409630450E+02    0.2307307147E+03
          98    0.3236728317E+03   -0.8631665596E+02    0.7250337920E+03
          99    0.3363373772E+03   -0.1278784057E+03   -0.2433722502E+03
         100    0.3362820664E+03   -0.9154384535E+02    0.3509257149E+03
