Model_ID, [(c_i,i=0,n)_j,j=1,ntask]
           1    0.1494138897E+02    0.1553724107E+02   -0.3066523464E+03
           2    0.1504312831E+02    0.1523980757E+02   -0.3602180048E+03
           3    0.1590636056E+01    0.2734545349E+02   -0.2792853579E+03
           4    0.6314928224E+01    0.1097926291E+02   -0.1316330328E+03
           5    0.1385959218E+02    0.1428316720E+02   -0.9849919436E+02
           6    0.7045088869E+01    0.8778664815E+01   -0.1249336122E+03
           7    0.1509609109E+02    0.1490409089E+02   -0.1986708936E+03
           8    0.1634376637E+02   -0.1472357783E+02    0.2055630900E+03
           9    0.1508022503E+02    0.1482612848E+02   -0.2014340090E+03
          10    0.6966915741E+00   -0.2657795423E+02   -0.2314625500E+03
          11    0.1356651803E+01    0.2764857589E+02   -0.1549672392E+03
          12    0.6223832314E+00    0.2668733108E+02   -0.2288601372E+03
          13    0.6387568710E+00    0.2667057180E+02   -0.2294517788E+03
          14    0.5302277474E+00    0.2708501470E+02   -0.2312008237E+03
          15    0.5376935404E+00   -0.2652142345E+02   -0.2348733401E+03
          16    0.5537078245E+00    0.2672628165E+02   -0.2312361096E+03
          17    0.5586698392E+00    0.2671842399E+02   -0.2312374053E+03
          18    0.5637069713E+00    0.2671039674E+02   -0.2312390538E+03
          19    0.4863293281E+01    0.1476591993E+02   -0.4413146337E+02
          20    0.6703776037E+00    0.2654168929E+02   -0.2312472452E+03
          21    0.6722458372E+01    0.3919134830E+02   -0.1292962394E+03
          22    0.5935655104E+00    0.2549015149E+02   -0.2485312724E+03
          23    0.4607109048E+00    0.2686358587E+02   -0.2312958370E+03
          24    0.8919327325E+00    0.2858353172E+02    0.1505652162E+03
          25    0.1493769465E+02    0.1464058922E+02   -0.2064963604E+03
          26    0.1396012322E+02    0.1417203888E+02   -0.1139419566E+03
          27    0.6721551852E+00    0.2664565268E+02   -0.2310329500E+03
          28    0.6859060036E+01   -0.9031649625E+01   -0.1288121536E+03
          29    0.8824009800E+01    0.8870288290E+01   -0.1213837585E+03
          30    0.1522501007E+02    0.1412466960E+02   -0.1164920647E+03
          31    0.1506556624E+02    0.1477837054E+02   -0.2024046485E+03
          32    0.1504959628E+02    0.1472473719E+02   -0.2032905429E+03
          33    0.1491752181E+02    0.1463467078E+02   -0.2050851761E+03
          34    0.1553795671E+01    0.2698240439E+02   -0.2306127697E+03
          35    0.1452602553E+02    0.1307146599E+02   -0.1040162433E+03
          36    0.1405449099E+02    0.1360911782E+02    0.2033177137E+03
          37    0.9223771264E+00   -0.2537854343E+02   -0.2473342828E+03
          38    0.1083327502E+01    0.2802729499E+02   -0.1516754754E+03
          39    0.1733168024E+01    0.2732685149E+02   -0.1954519529E+03
          40    0.1247195500E+01    0.2784663340E+02   -0.1504437653E+03
          41    0.5052111067E+00    0.2670665591E+02   -0.2331465143E+03
          42    0.6274889190E+00    0.2847672652E+02   -0.1814635567E+03
          43    0.5233002601E+00    0.2668624868E+02   -0.2337429093E+03
          44    0.6274342276E+01    0.1147592884E+02   -0.1246185556E+03
          45    0.1507388682E+02    0.1439075285E+02   -0.2053617013E+03
          46    0.9263768644E+00    0.2835416304E+02    0.1509963717E+03
          47    0.7167917121E+01    0.1195997413E+02   -0.2909742969E+03
          48    0.9520175049E+00    0.2637350592E+02   -0.2923770097E+03
          49    0.1259305067E+01    0.2781895265E+02   -0.8202355509E+02
          50    0.6869148080E+01    0.8776606809E+01   -0.1298560368E+03
          51    0.4758356842E+01    0.1476154289E+02   -0.4730982515E+02
          52    0.1622986291E+02   -0.1532380189E+02   -0.9629889812E+02
          53    0.1058414782E+02    0.1033282032E+02   -0.9379213886E+02
          54    0.9314188982E+00    0.2832685042E+02    0.1508487858E+03
          55    0.4466466736E+00   -0.2679945924E+02   -0.2311333173E+03
          56    0.1510068043E+02    0.1433331177E+02   -0.2046459405E+03
          57    0.1495780752E+02    0.1476822753E+02   -0.1039895618E+03
          58    0.1501768743E+02    0.1449040561E+02   -0.2036448105E+03
          59    0.1501457017E+02    0.1449591100E+02   -0.2036553197E+03
          60    0.1510720764E+02    0.1486738925E+02   -0.3978462236E+03
          61    0.2578590331E+01    0.2569877713E+02   -0.1038040239E+03
          62    0.6748178605E+00   -0.2667901617E+02   -0.2732188484E+03
          63    0.4433334264E+01    0.1343318593E+02   -0.4547029196E+02
          64    0.1498180125E+02    0.1454765421E+02   -0.2033578181E+03
          65    0.8526890533E+00    0.2836886390E+02   -0.1506499344E+03
          66    0.4444874416E+01    0.1539735809E+02    0.7646926566E+02
          67    0.1350690310E+01    0.2773202366E+02   -0.1474380325E+03
          68    0.8659110498E+00    0.2610085458E+02   -0.2461986421E+03
          69    0.1013650110E+01    0.2787663866E+02   -0.1523157495E+03
          70    0.1213802755E+02    0.9933357838E+01   -0.2912597434E+03
          71    0.1229387069E+02    0.9780469523E+01   -0.3463386433E+03
          72    0.1503378262E+02    0.1445619530E+02   -0.2031103316E+03
          73    0.9480359859E+00    0.2824373710E+02   -0.1501302175E+03
          74    0.9961361228E+00    0.2818103046E+02   -0.1498192766E+03
          75    0.1001172174E+01    0.2817457328E+02   -0.1497716797E+03
          76    0.1492016701E+02    0.1463330513E+02   -0.2021162206E+03
          77    0.9010693673E+00    0.2830687083E+02   -0.1501689474E+03
          78    0.8962800925E+00    0.2831342087E+02   -0.1501572978E+03
          79    0.7161281589E+01    0.8673310959E+01   -0.1240539613E+03
          80    0.1504737076E+02    0.1435773002E+02   -0.2029824365E+03
          81    0.6560201098E+00   -0.2674700656E+02   -0.2279155665E+03
          82    0.7404240837E+01    0.1175356962E+02   -0.3434836033E+03
          83    0.1494445039E+02    0.1459647048E+02   -0.2023423951E+03
          84    0.6894701134E+01    0.3396923211E+02   -0.1191718310E+03
          85    0.1494033686E+02    0.1460133960E+02   -0.2021968138E+03
          86    0.1039648670E+01    0.2775905259E+02   -0.1519730784E+03
          87    0.1516316627E+02    0.1458799588E+02   -0.2235191954E+03
          88    0.1516297829E+02    0.1458713671E+02   -0.2235457956E+03
          89    0.6083780872E+01    0.5399665679E+01   -0.1247255157E+03
          90    0.5428280703E+01    0.4721723690E+02   -0.2058526350E+03
          91    0.1138440272E+01    0.2810694207E+02   -0.1432996021E+03
          92    0.6869707106E+01    0.8750313692E+01   -0.1282305857E+03
          93    0.1045552935E+01    0.2812080407E+02   -0.1488982211E+03
          94    0.8337727252E+00    0.2831415211E+02   -0.2362698042E+03
          95    0.4654896234E+01    0.9599825671E+01   -0.1261790658E+03
          96    0.6830391855E+01    0.8769066331E+01   -0.1285046527E+03
          97    0.6827622326E+01    0.8770067464E+01   -0.1285726639E+03
          98    0.6437032927E+01    0.1209564294E+02    0.1153793410E+03
          99    0.6844746190E+01    0.8764150782E+01   -0.1285377211E+03
         100    0.8612707931E+01    0.1126825899E+02   -0.2860685215E+03
