Model_ID, [(c_i,i=0,n)_j,j=1,ntask]
           1    0.1504318878E+02   -0.1550791226E+02   -0.1275693876E+03
           2    0.1507585764E+02   -0.1545197341E+02   -0.1274206544E+03
           3    0.1508978463E+02   -0.1546374325E+02   -0.1301668705E+03
           4    0.1449051346E+02   -0.1548582036E+02   -0.1363419424E+03
           5    0.1908387362E+02   -0.9469867094E+01    0.3496628872E+02
           6    0.1512242798E+02   -0.1540867846E+02   -0.1300468129E+03
           7    0.1443701885E+02   -0.1550815840E+02   -0.1325620313E+03
           8    0.1512013578E+02    0.1528871304E+02   -0.1268562891E+03
           9    0.1449850042E+02   -0.1602541852E+02    0.1308343254E+03
          10    0.1454153452E+02    0.1532191055E+02   -0.1357544058E+03
          11    0.1516661182E+02    0.1524729485E+02   -0.1295323518E+03
          12    0.1510154878E+02    0.1527970162E+02   -0.1267716458E+03
          13    0.1370104653E+02   -0.1422124507E+02    0.3161463090E+02
          14    0.1448819919E+02    0.1534280671E+02   -0.1319369013E+03
          15    0.1514800445E+02    0.1523810372E+02   -0.1294365115E+03
          16    0.1391517844E+02   -0.1378484387E+02   -0.1337519435E+03
          17    0.1469290893E+02   -0.1625894368E+02    0.1190144902E+03
          18    0.1513318249E+02    0.1524383390E+02   -0.1267405090E+03
          19    0.1362981766E+02   -0.1424843730E+02    0.4062695970E+02
          20    0.1423161175E+02   -0.1486933362E+02    0.4141965207E+02
          21    0.1420381808E+02   -0.1480937881E+02    0.4237395580E+02
          22    0.1436834268E+02   -0.1518910895E+02    0.1244505892E+03
          23    0.1517964549E+02    0.1520285379E+02   -0.1294323335E+03
          24    0.1440040686E+02   -0.1523856954E+02    0.1228657222E+03
          25    0.1360094781E+02   -0.1417540796E+02    0.4159037290E+02
          26    0.1514667330E+02    0.1518330101E+02   -0.1265237670E+03
          27    0.1478526189E+02   -0.1550180592E+02    0.1037586967E+03
          28    0.1497545495E+02   -0.1541778146E+02   -0.1262913498E+03
          29    0.1386083951E+02   -0.1379334433E+02   -0.1294790839E+03
          30    0.1411913947E+02   -0.1607358809E+02    0.3625950878E+02
          31    0.1490701097E+02   -0.1571619828E+02    0.1007555788E+03
          32    0.1519310069E+02    0.1514295355E+02   -0.1292320609E+03
          33    0.1502235375E+02   -0.1537746898E+02   -0.1290224219E+03
          34    0.1399396778E+02   -0.1393369097E+02    0.3243387127E+02
          35    0.1478844915E+02   -0.1544947085E+02    0.1058771094E+03
          36    0.1270276149E+02   -0.1306527414E+02    0.3688776250E+02
          37    0.1631938688E+02   -0.9623803816E+01    0.4031224203E+02
          38    0.1526952265E+02   -0.1578427375E+02    0.1118804383E+03
          39    0.1426456646E+02   -0.1494852578E+02    0.4001141093E+02
          40    0.1528959986E+02   -0.1582742798E+02    0.1109971911E+03
          41    0.1491304561E+02   -0.1566744232E+02    0.1028087212E+03
          42    0.2094493975E+02   -0.1074974002E+02    0.1241754263E+03
          43    0.1370544201E+02   -0.1457649958E+02    0.3713482232E+02
          44    0.1475890079E+02   -0.1575081789E+02    0.9434328752E+02
          45    0.1502150424E+02   -0.1531554324E+02   -0.1260268437E+03
          46    0.1378125299E+02   -0.1461806346E+02    0.2796885645E+02
          47    0.1526858921E+02   -0.1568163618E+02    0.1110129025E+03
          48    0.2099918166E+02   -0.1078396336E+02    0.1223717514E+03
          49    0.1535302105E+02   -0.1552124525E+02    0.1208255221E+03
          50    0.1486833419E+02   -0.1595204299E+02    0.9163069761E+02
          51    0.1370889644E+02   -0.1478024929E+02    0.1478107930E+03
          52    0.1528854200E+02   -0.1572423928E+02    0.1101265188E+03
          53    0.1370706770E+02   -0.1478189726E+02    0.1478505979E+03
          54    0.1537496682E+02   -0.1556636092E+02    0.1198683990E+03
          55    0.2128372883E+02   -0.1085019343E+02    0.2046689142E+03
          56    0.1506836447E+02   -0.1527650270E+02   -0.1288015160E+03
          57    0.1364431378E+02   -0.1486345893E+02    0.1484051212E+03
          58    0.1476292638E+02   -0.1564823847E+02    0.9350403126E+02
          59    0.1371794979E+02   -0.1498483926E+02    0.3807320419E+02
          60    0.1567325167E+02   -0.1733759174E+02    0.1602924760E+03
          61    0.1487172082E+02   -0.1584652670E+02    0.9077467117E+02
          62    0.1373134889E+02   -0.1499310518E+02    0.1374764379E+03
          63    0.1372362124E+02   -0.1449037625E+02    0.3670965547E+02
          64    0.7346897784E+01    0.9936894335E+01    0.1745206305E+03
          65    0.1488917661E+02   -0.1674912086E+02    0.1389162022E+03
          66    0.1375635600E+02   -0.1480820821E+02    0.1489052192E+03
          67    0.1475647002E+02   -0.1440326537E+02    0.9584140111E+02
          68    0.1477219916E+02   -0.1443771754E+02    0.9514070468E+02
          69    0.1445717986E+02   -0.1443836833E+02    0.8294227972E+02
          70    0.1421994990E+02   -0.1548145328E+02    0.1197836894E+03
          71    0.1321491894E+02   -0.7773210638E+01    0.4251448359E+02
          72    0.1506597343E+02   -0.1515525677E+02   -0.1254825142E+03
          73    0.1376646522E+02   -0.1504446783E+02    0.1354375881E+03
          74    0.1444884925E+02   -0.1537304224E+02    0.1589571943E+03
          75    0.1366215760E+02   -0.1484075437E+02    0.1476985777E+03
          76    0.1492799812E+02   -0.1680807443E+02    0.1369852513E+03
          77    0.1572166126E+02   -0.1740383908E+02    0.1579755057E+03
          78    0.1398734257E+02   -0.8868369736E+01    0.9086156920E+02
          79    0.2106266699E+02   -0.1081616878E+02    0.8337790543E+02
          80    0.2098074296E+02   -0.1076146450E+02    0.8461314351E+02
          81    0.1377999688E+02   -0.1425538080E+02    0.2629427978E+02
          82    0.1536769548E+02   -0.1546723145E+02    0.1232583274E+03
          83    0.4991424788E+01   -0.3925556966E+02    0.1977201679E+03
          84    0.1429964163E+02   -0.1500243099E+02    0.1261940456E+03
          85    0.1494307818E+02   -0.1653562062E+02    0.1558927682E+03
          86    0.1429826874E+02   -0.1500381097E+02    0.1262108250E+03
          87    0.1442953975E+02   -0.8851560983E+01    0.1061070192E+03
          88    0.1511274222E+02   -0.1511796344E+02   -0.1283047851E+03
          89    0.1405683204E+02    0.1413770690E+02    0.1305911507E+03
          90    0.1337354387E+02   -0.7593405569E+01    0.4226939051E+02
          91    0.1247990803E+02   -0.1471194531E+02    0.5449994795E+02
          92    0.1539014291E+02   -0.1551300973E+02    0.1222815919E+03
          93    0.1433555084E+02   -0.1505713276E+02    0.1242148647E+03
          94    0.1433421680E+02   -0.1505850899E+02    0.1242293681E+03
          95    0.1350343829E+02   -0.1473980063E+02    0.1176289975E+03
          96    0.1986666356E+02   -0.1021401350E+02    0.8175707082E+02
          97    0.1378541202E+02   -0.1467258465E+02    0.1463590328E+03
          98    0.1373971366E+02   -0.1473073983E+02    0.1469760143E+03
          99    0.1298404181E+02   -0.7997371449E+01    0.4275292676E+02
         100    0.1370872118E+02   -0.1434500541E+02    0.2878297974E+02
