Model_ID, [(c_i,i=0,n)_j,j=1,ntask]
           1    0.1503935988E+03    0.1108463074E+03   -0.2095411252E+03
           2    0.2130601309E+03    0.9709168318E+02   -0.1436520197E+03
           3    0.2131495814E+03    0.9670686948E+02   -0.1507563314E+03
           4    0.1293132940E+03    0.1170396223E+03   -0.3177799776E+03
           5    0.2129199150E+03    0.9754553388E+02   -0.1308748071E+03
           6    0.2168237513E+03    0.8879651818E+02   -0.1456411971E+03
           7    0.2167493092E+03    0.8908160092E+02   -0.1380851158E+03
           8    0.2587908918E+03    0.9046266169E+02   -0.1079649523E+03
           9    0.2169906745E+03    0.8597468948E+02   -0.1927556464E+03
          10    0.2134421554E+03    0.9345133796E+02   -0.1977444566E+03
          11    0.2170869769E+03    0.8545582036E+02   -0.2037384134E+03
          12    0.1460341744E+03    0.1182848797E+03   -0.1202253239E+03
          13    0.1806104573E+03    0.1377452664E+03    0.3261973277E+03
          14    0.2170982324E+03    0.8534114184E+02   -0.2051084954E+03
          15    0.2128086031E+03    0.9778946962E+02   -0.1203288512E+03
          16    0.2606445559E+03    0.8322436713E+02   -0.1042005482E+03
          17    0.2166276492E+03    0.8945108488E+02   -0.1253996691E+03
          18    0.2135616200E+03    0.9279489634E+02   -0.2072528905E+03
          19    0.1449447218E+03    0.1186410912E+03   -0.1132703660E+03
          20    0.1812495416E+03    0.1377870721E+03   -0.3055610612E+03
          21    0.1380618502E+03    0.1207743924E+03   -0.1835888006E+03
          22    0.2135776026E+03    0.9264041571E+02   -0.2080241928E+03
          23    0.1816475066E+03    0.1377456123E+03   -0.2921238885E+03
          24    0.1275822205E+03    0.1138784183E+03   -0.2353221504E+03
          25    0.1325850788E+03    0.1147174383E+03   -0.2095367246E+03
          26    0.1342346101E+03    0.1238724817E+03   -0.1626386862E+03
          27    0.2165266955E+03    0.8967065950E+02   -0.1152683628E+03
          28    0.2291104646E+03    0.8998912136E+02   -0.1074805125E+03
          29    0.2298015038E+03    0.8963895344E+02   -0.1132284632E+03
          30    0.1297972605E+03    0.1164484130E+03   -0.2609662079E+03
          31    0.1268887246E+03    0.1124470684E+03   -0.2776841729E+03
          32    0.1317544692E+03    0.1157155893E+03   -0.2327476879E+03
          33    0.1319886801E+03    0.1157158799E+03    0.2510354115E+03
          34    0.2173820404E+03    0.9019766713E+02   -0.1286832824E+03
          35    0.1270389155E+03    0.1126608628E+03    0.2702165092E+03
          36    0.1302209046E+03    0.1162882341E+03   -0.2342523297E+03
          37    0.1298457730E+03    0.1125720288E+03    0.2421000755E+03
          38    0.2169987677E+03    0.8429755714E+02   -0.2111881421E+03
          39    0.2174607341E+03    0.8994881198E+02   -0.1344137885E+03
          40    0.2094111793E+03    0.9520193729E+02   -0.7178130623E+03
          41    0.1315052884E+03    0.1157340640E+03   -0.2508513424E+03
          42    0.1743482171E+03    0.7659004442E+02   -0.4668689190E+03
          43    0.2168493243E+03    0.8484818682E+02   -0.1970568671E+03
          44    0.1312368937E+03    0.1157378975E+03   -0.2322364912E+03
          45    0.1314213541E+03    0.1157584242E+03    0.2507444329E+03
          46    0.2093104795E+03    0.9409582185E+02   -0.2444257804E+03
          47    0.1370674062E+03    0.1033320915E+03    0.2726538470E+03
          48    0.2172339098E+03    0.9049060456E+02   -0.1182828691E+03
          49    0.1354166619E+03    0.1047324245E+03    0.2452251747E+03
          50    0.1311422673E+03    0.1156883414E+03   -0.2315754665E+03
          51    0.2127923604E+03    0.9500967372E+02   -0.1485503738E+03
          52    0.1381649305E+03    0.1102140024E+03   -0.6821898908E+03
          53    0.2255854411E+03    0.9777871517E+02   -0.1091970708E+03
          54    0.2087465174E+03    0.8931386505E+02   -0.5578191331E+03
          55    0.2100453948E+03    0.9536314559E+02    0.6844285372E+03
          56    0.1375671685E+03    0.1033229355E+03    0.2768690407E+03
          57    0.2095929643E+03    0.9403571702E+02   -0.2326274025E+03
          58    0.2100676079E+03    0.9536614063E+02   -0.6832179981E+03
          59    0.2133497204E+03    0.9215995830E+02   -0.2014954024E+03
          60    0.2262807766E+03    0.9737133436E+02   -0.1148497251E+03
          61    0.1322804547E+03    0.1154371533E+03   -0.2318761811E+03
          62    0.1309629294E+03    0.1157751942E+03   -0.2311623116E+03
          63    0.1317508379E+03    0.1173833142E+03   -0.1829424404E+03
          64    0.3533452333E+03    0.2232967617E+03   -0.1214274346E+03
          65    0.1273862937E+03    0.1169261040E+03   -0.2018560359E+03
          66    0.2745189943E+03    0.9534764421E+02   -0.9605979715E+02
          67    0.1434880381E+03    0.1065522147E+03   -0.1976506066E+03
          68    0.2073378314E+03    0.9001752001E+02    0.3548646084E+03
          69    0.1388294569E+03    0.1090709594E+03   -0.7531568746E+03
          70    0.2349726702E+03    0.1281133197E+03   -0.9886374918E+02
          71    0.2736425829E+03    0.1066742030E+03   -0.2435878031E+03
          72    0.1275313170E+03    0.1120897971E+03   -0.2463896709E+03
          73    0.2097021342E+03    0.9408781264E+02    0.7520444170E+03
          74    0.1921448258E+03    0.1383290874E+03   -0.1298378480E+03
          75    0.1300277899E+03    0.1116066012E+03    0.2537410503E+03
          76    0.1323482710E+03    0.1132117821E+03   -0.2202334061E+03
          77    0.1327615113E+03    0.1131578947E+03   -0.2177789928E+03
          78    0.2171024589E+03    0.9064252857E+02   -0.1095698801E+03
          79    0.2780700788E+03    0.9430355320E+02   -0.9631942519E+02
          80    0.2735742015E+03    0.1065129144E+03   -0.2455061090E+03
          81    0.2429743073E+03   -0.9194781246E+02    0.6201185995E+02
          82    0.2092823998E+03    0.9370388860E+02    0.2417773024E+03
          83    0.2366721815E+03    0.1310114696E+03   -0.1044301853E+03
          84    0.2091342382E+03    0.9296000517E+02   -0.4557908842E+03
          85    0.2135225595E+03    0.9145802495E+02   -0.2134037176E+03
          86    0.2461710001E+03   -0.9138870432E+02    0.6347633187E+02
          87    0.2086577230E+03    0.9082011754E+02   -0.3256049396E+03
          88    0.1437256678E+03    0.1024361855E+03   -0.2365241572E+03
          89    0.1919446427E+03    0.1359201382E+03   -0.1347846579E+03
          90    0.1920145940E+03    0.1385671520E+03   -0.1233610563E+03
          91    0.1302906251E+03    0.1129787051E+03    0.2002419291E+03
          92    0.1297444713E+03    0.1106652761E+03    0.2837235838E+03
          93    0.2106787393E+03    0.9174877718E+02    0.3833106413E+03
          94    0.2472689019E+03   -0.9098456771E+02    0.6468907006E+02
          95    0.3533032387E+03   -0.2226350880E+03   -0.1209186476E+03
          96    0.1429875738E+03    0.1058886388E+03   -0.2396097743E+03
          97    0.2136536374E+03    0.9787878774E+02   -0.1294821907E+03
          98    0.2096906341E+03    0.9142773119E+02   -0.3023466387E+03
          99    0.2272462984E+03    0.9268874589E+02   -0.1141077997E+03
         100    0.1399532781E+03    0.1070278973E+03   -0.8490730697E+03
