Model_ID, [(c_i,i=0,n)_j,j=1,ntask]
           1    0.3916444776E+03    0.2662108331E+03    0.1999685799E+03
           2    0.3861792184E+03    0.2567430216E+03    0.2096088025E+03
           3    0.3905119153E+03    0.2640161007E+03   -0.2010684390E+03
           4    0.4069738097E+03    0.2950524456E+03   -0.3272541060E+03
           5    0.3849604531E+03    0.2543901609E+03   -0.2108772638E+03
           6    0.4063968210E+03    0.2952069162E+03    0.3425366703E+03
           7    0.3875526820E+03    0.2619670879E+03    0.1788758768E+03
           8    0.4059779695E+03    0.2943558876E+03   -0.3413530027E+03
           9    0.3825071484E+03    0.2533918261E+03    0.1872245064E+03
          10    0.3889633770E+03    0.2620273249E+03   -0.1942486613E+03
          11    0.3893112552E+03    0.2604217407E+03   -0.1953407967E+03
          12    0.3835339099E+03    0.2526811565E+03   -0.2041455604E+03
          13    0.3883664182E+03    0.2640935332E+03   -0.1722629411E+03
          14    0.4001031482E+03    0.2625188830E+03    0.1956052008E+03
          15    0.3838697763E+03    0.2508848737E+03   -0.2037338034E+03
          16    0.4318468635E+03    0.2402325962E+03   -0.1454861613E+03
          17    0.3890112446E+03    0.2609605241E+03    0.1929882357E+03
          18    0.3951007992E+03    0.2572598319E+03    0.1620534831E+03
          19    0.3890088342E+03    0.2608243769E+03    0.1931977375E+03
          20    0.3890217113E+03    0.2607917001E+03   -0.1932169976E+03
          21    0.3890343789E+03    0.2607582971E+03    0.1932278677E+03
          22    0.3855193784E+03    0.2541508867E+03    0.1391016085E+03
          23    0.3888978418E+03    0.2610604322E+03   -0.1927389133E+03
          24    0.3891284706E+03    0.2604636573E+03   -0.1930098158E+03
          25    0.3966606529E+03    0.2769599711E+03   -0.1660533410E+03
          26    0.3888240317E+03    0.2584882350E+03   -0.1898484031E+03
          27    0.3890311212E+03    0.2606188328E+03    0.1934034178E+03
          28    0.4286302599E+03    0.2758297107E+03    0.2279723211E+03
          29    0.4141333871E+03    0.2504841451E+03    0.1463468981E+03
          30    0.3924471842E+03    0.2698636179E+03   -0.1745170672E+03
          31    0.4280586540E+03    0.2735575911E+03   -0.2350289471E+03
          32    0.3891680740E+03    0.2629596089E+03   -0.1944407587E+03
          33    0.4110718087E+03    0.2013923409E+03   -0.1048005263E+03
          34    0.3868611229E+03    0.2608517192E+03    0.2347452395E+03
          35    0.4312798159E+03    0.2392197594E+03    0.1453633925E+03
          36    0.4262864295E+03    0.2376798178E+03    0.1388016157E+03
          37    0.3835646941E+03    0.2557023762E+03   -0.1762779238E+03
          38    0.4276872997E+03    0.2433121869E+03   -0.1290839617E+03
          39    0.3855658490E+03    0.2466692510E+03    0.1873807865E+03
          40    0.3898632709E+03    0.2659700326E+03    0.2055183211E+03
          41    0.3836248772E+03    0.2515728720E+03    0.2013568415E+03
          42    0.3916897956E+03    0.2492522457E+03   -0.1863227563E+03
          43    0.3438979342E+03   -0.1941730190E+03    0.9385306224E+02
          44    0.3835189132E+03    0.2491712453E+03   -0.1986115015E+03
          45    0.3836159882E+03    0.2514238557E+03    0.2016873927E+03
          46    0.3836288961E+03    0.2513884045E+03   -0.2016982923E+03
          47    0.3836418302E+03    0.2513526032E+03    0.2016994415E+03
          48    0.4009241642E+03    0.2904658019E+03   -0.1429372132E+03
          49    0.3835133121E+03    0.2516957590E+03   -0.2012463239E+03
          50    0.3821562285E+03    0.2618824280E+03    0.1413832374E+03
          51    0.3866583912E+03    0.2557382033E+03    0.1832367683E+03
          52    0.3852607649E+03    0.2580114105E+03    0.1345542833E+03
          53    0.3837466118E+03    0.2510524656E+03   -0.2013540398E+03
          54    0.3836330548E+03    0.2512016119E+03    0.2019919667E+03
          55    0.3949389825E+03    0.2529137519E+03    0.2006845487E+03
          56    0.3975189980E+03    0.2850206849E+03   -0.1492810872E+03
          57    0.4303493574E+03    0.2375787406E+03   -0.1450642028E+03
          58    0.3871275556E+03    0.2670329023E+03    0.1315599302E+03
          59    0.3812554318E+03    0.2326085795E+03    0.2334156225E+03
          60    0.4134856087E+03    0.2486706689E+03    0.1478292604E+03
          61    0.3841504175E+03    0.2563081851E+03    0.2173959669E+03
          62    0.4269499960E+03    0.2454591999E+03   -0.1238114994E+03
          63    0.4000674971E+03    0.2635997381E+03    0.1784708310E+03
          64    0.3894510145E+03    0.2588520416E+03   -0.1900728344E+03
          65    0.3929792372E+03    0.2739704599E+03   -0.1689460637E+03
          66    0.3837476428E+03    0.2535533808E+03   -0.2022429935E+03
          67    0.3886986922E+03    0.2610068278E+03   -0.1894838566E+03
          68    0.4195108097E+03    0.2711762560E+03   -0.1963544905E+03
          69    0.3930978267E+03    0.2778702663E+03   -0.1311794544E+03
          70    0.4277834713E+03    0.2648591962E+03   -0.1473250287E+03
          71    0.4225746921E+03    0.2403242353E+03    0.1237348821E+03
          72    0.3993492104E+03    0.2627590304E+03   -0.1796920324E+03
          73    0.3838947242E+03    0.2654355989E+03    0.1363945473E+03
          74    0.4267016940E+03    0.2417620297E+03    0.1285633878E+03
          75    0.3872699241E+03    0.2626548361E+03    0.2573365806E+03
          76    0.4219920327E+03    0.2636629026E+03    0.1450948423E+03
          77    0.3872828225E+03    0.2625925174E+03    0.2572886395E+03
          78    0.3876815604E+03    0.2422760579E+03    0.1847983343E+03
          79    0.3869999452E+03    0.2558577463E+03   -0.1679418083E+03
          80    0.3872960175E+03    0.2625312303E+03    0.2572274681E+03
          81    0.4181977896E+03    0.2594711056E+03   -0.1330037510E+03
          82    0.3802448371E+03    0.2370510226E+03    0.1929326731E+03
          83    0.3912516737E+03    0.2631799404E+03   -0.1586345911E+03
          84    0.3824833043E+03    0.2551170299E+03    0.1333375269E+03
          85    0.3882227949E+03    0.2613032326E+03   -0.1806973041E+03
          86    0.4264336687E+03    0.2412895599E+03   -0.1284926614E+03
          87    0.3841682849E+03    0.2495312461E+03   -0.1985189878E+03
          88    0.4710394073E+03    0.2624862290E+03   -0.9158865321E+02
          89    0.3777181705E+03    0.2646483949E+03    0.5401134804E+03
          90    0.3814907681E+03    0.2466008274E+03    0.1884948525E+03
          91    0.3801033800E+03    0.2565616447E+03    0.1442155874E+03
          92    0.3834000802E+03    0.2518081420E+03   -0.1977858888E+03
          93    0.4129528536E+03    0.2486366760E+03   -0.1088587270E+03
          94    0.3842241693E+03    0.2629066527E+03    0.2795747985E+03
          95    0.3978056541E+03    0.2577533933E+03   -0.1990661655E+03
          96    0.3884080477E+03    0.2661278445E+03   -0.1740567514E+03
          97    0.3889632689E+03    0.2592065333E+03   -0.1876643992E+03
          98    0.4029431144E+03    0.2813569064E+03   -0.2977166461E+03
          99    0.4129742831E+03    0.2476796954E+03   -0.1112349358E+03
         100    0.3930944062E+03    0.2735165968E+03    0.2196486554E+03
