     Index              y_true              y_pred        descriptor_1        descriptor_2
         1    0.2309000000E+02    0.1886370881E+02    0.2383085740E+00   -0.8520562908E-01
         2    0.9540000000E+01    0.8380451869E+01    0.8900424780E-02   -0.9637827760E-01
         3    0.3366000000E+02    0.3192745952E+02    0.5931436997E+00    0.0000000000E+00
         4    0.4660000000E+01    0.6681299936E+01   -0.9797503212E-02   -0.7908067232E-01
         5    0.2305000000E+02    0.2567969447E+02    0.3894700573E+00   -0.7586849556E-01
         6    0.1000000000E+00    0.3482454989E+01    0.0000000000E+00    0.0000000000E+00
         7    0.4200000000E+00    0.3441690533E+01   -0.8500325760E-03    0.0000000000E+00
         8    0.5980000000E+01    0.5927589253E+01    0.7720189464E-02   -0.4472559112E-01
         9    0.7350000000E+01    0.5718540906E+01   -0.3117718296E-01   -0.8042858824E-01
        10    0.1040000000E+01    0.3110149786E+01   -0.2426654481E-01   -0.1705967525E-01
        11    0.1012000000E+02    0.5391710125E+01    0.2702386669E-01   -0.1321976700E-01
        12    0.7980000000E+01    0.3785457424E+01   -0.4984025354E-02   -0.1168348038E-01
        13    0.2218000000E+02    0.2438355941E+02    0.4250240178E+00   -0.1117665549E-01
        14    0.4060000000E+01    0.5128515468E+01    0.1551867317E-01   -0.1943966310E-01
        15    0.1576000000E+02    0.1220104513E+02    0.1261026870E+00   -0.5757836733E-01
        16    0.1470000000E+02    0.2138851377E+02    0.3780628267E+00    0.4838200000E-02
        17    0.2141000000E+02    0.1930640156E+02    0.5775160753E+00    0.2558987917E+00
        18    0.3600000000E+01    0.4900834852E+01   -0.4862779416E-02   -0.3560068362E-01
        19    0.1925000000E+02    0.1816929545E+02    0.5132841327E+00    0.2140116102E+00
        20    0.2455000000E+02    0.2032899230E+02    0.2467141036E+00   -0.1081015769E+00
        21    0.6140000000E+01    0.4948817693E+01    0.6663289500E-02   -0.2472020600E-01
        22    0.6650000000E+01    0.4435513160E+01    0.2133422526E-01    0.1510035552E-02
        23    0.7530000000E+01    0.1298133225E+02    0.8155295828E-01   -0.1204499785E+00
        24    0.1002000000E+02    0.1938812817E+02    0.3283717186E+00   -0.3409337250E-02
        25    0.2347000000E+02    0.2120513291E+02    0.3701387576E+00    0.5997700000E-03
        26    0.2600000000E+01    0.4364072456E+00   -0.6351709406E-01    0.0000000000E+00
        27    0.4090000000E+02    0.3899703105E+02    0.7405605092E+00    0.0000000000E+00
        28    0.1560000000E+01    0.6998002366E+01    0.7951025036E-01    0.6412199760E-02
        29    0.6970000000E+01    0.6422200288E+01    0.1459591392E-01   -0.4827958758E-01
        30    0.4660000000E+01    0.7687611970E+01    0.9232541573E-01    0.4794650000E-02
        31    0.6070000000E+01    0.7716863450E+00   -0.5652575450E-01    0.0000000000E+00
        32    0.2977000000E+02    0.2657427122E+02    0.4926124755E+00    0.1146921930E-01
        33    0.2213000000E+02    0.1700388691E+02    0.6437350784E-01   -0.2249170352E+00
        34    0.1546000000E+02    0.1274531603E+02    0.1944881719E+00    0.1381300000E-02
        35    0.1316000000E+02    0.1053311064E+02    0.9632838282E-01   -0.5240358481E-01
        36    0.1128000000E+02    0.1038151398E+02    0.1867521398E-01   -0.1294077747E+00
        37    0.5650000000E+01    0.9480592526E+01   -0.1563959861E-01   -0.1454599872E+00
        38    0.2613000000E+02    0.2734973860E+02    0.3643640010E+00   -0.1378198915E+00
        39    0.1799000000E+02    0.2258534060E+02    0.3356220917E+00   -0.6483202308E-01
        40    0.1262000000E+02    0.1364998527E+02    0.2669330118E+00    0.5676864653E-01
        41    0.2638000000E+02    0.2301137355E+02    0.4000594000E+00   -0.7405000000E-02
        42    0.4810000000E+01    0.8665641677E+01    0.1097810755E+00    0.1757045435E-02
