     Index              y_true              y_pred        descriptor_1        descriptor_2
         1    0.1516000000E+03    0.1639767373E+03    0.1079206920E+01    0.1154140000E-02
         2    0.2482000000E+03    0.2709015990E+03    0.3766952000E+00    0.2250864000E-01
         3    0.3116500000E+03    0.3172527779E+03    0.2117535000E+00    0.1315841600E+00
         4    0.2234200000E+03    0.2189600711E+03    0.9226177400E+00    0.1584812400E+00
         5    0.2287000000E+03    0.2668445654E+03    0.3527720000E+00   -0.1446888000E-01
         6    0.4260000000E+03    0.3944965963E+03   -0.3352536000E-01    0.3345200700E+00
         7    0.3200000000E+03    0.3404809185E+03   -0.1788894800E+00   -0.3398598000E-01
         8    0.3137600000E+03    0.3314501347E+03   -0.4349920000E-02    0.4659104000E-01
         9    0.2720000000E+03    0.3523349777E+03   -0.1113746400E+00    0.7235130000E-01
        10    0.3540000000E+03    0.3407278886E+03   -0.6839525000E-01    0.4623498000E-01
        11    0.4610000000E+03    0.3807433635E+03   -0.1073392000E+00    0.2143767000E+00
        12    0.2930000000E+03    0.3240656036E+03   -0.4697650000E-01   -0.2005830000E-01
        13    0.7620000000E+02    0.8481557653E+02    0.1443241960E+01   -0.1262533800E+00
        14    0.1839000000E+03    0.1744349240E+03    0.1017620010E+01    0.8337600000E-02
        15    0.2443500000E+03    0.2524515625E+03    0.5199495600E+00    0.3458048000E-01
        16    0.2800000000E+03    0.2567163759E+03   -0.4073755000E-01   -0.3454628400E+00
        17    0.2138000000E+03    0.2377485884E+03    0.4440037000E+00   -0.9173912000E-01
        18    0.2256100000E+03    0.2257288063E+03    0.9962072000E+00    0.2442552000E+00
        19    0.1399000000E+03    0.1219090490E+03    0.1439888960E+01    0.5302693000E-01
        20    0.3958500000E+03    0.3898937814E+03   -0.1839358500E+00    0.2044218700E+00
        21    0.1591000000E+03    0.1806764089E+03    0.9605523600E+00   -0.1900080000E-02
        22    0.2050000000E+02    0.2802787346E+02    0.1978000000E+01   -0.2200000000E-01
        23    0.3525250000E+03    0.3453531718E+03    0.1325366000E-01    0.1272737400E+00
        24    0.2606000000E+03    0.2295671725E+03    0.5933384600E+00   -0.2502528000E-01
        25    0.3124500000E+03    0.3247333495E+03    0.3022790400E+00    0.2329551000E+00
        26    0.3520000000E+03    0.3492377985E+03    0.5603994000E-01    0.1768953000E+00
        27    0.1338500000E+03    0.1227040810E+03    0.1265140660E+01   -0.6803676000E-01
        28    0.3410000000E+03    0.2896889130E+03    0.3202740000E+00    0.7418070000E-01
        29    0.2677000000E+03    0.2762714247E+03    0.3330674100E+00    0.1761218000E-01
        30    0.3410000000E+03    0.2771940415E+03    0.4246000000E-02   -0.2130000000E+00
        31    0.3340000000E+03    0.3444834153E+03    0.2605580700E+00    0.2998542900E+00
        32    0.3410000000E+03    0.3333447233E+03    0.3072012800E+00    0.2786520000E+00
        33    0.3092000000E+03    0.3304345934E+03    0.8096829000E-01    0.1026257500E+00
        34    0.1721500000E+03    0.1906017613E+03    0.8814169500E+00   -0.9874800000E-02
        35    0.3535000000E+03    0.3582287972E+03   -0.1063559200E+00    0.1048070400E+00
        36    0.2362500000E+03    0.2198900456E+03    0.6927816000E+00   -0.1313300000E-02
        37    0.2195740000E+03    0.1836421623E+03    0.1037911680E+01    0.6794320000E-01
        38    0.2375000000E+03    0.2312026391E+03    0.5730824800E+00   -0.3149951000E-01
        39    0.1875850000E+03    0.2055275581E+03    0.9332495200E+00    0.1002934100E+00
        40    0.8981300000E+02    0.9295058467E+02    0.1609012800E+01    0.3212870000E-01
        41    0.3590000000E+03    0.3822730316E+03   -0.1312849000E+00    0.2047458700E+00
        42    0.2300000000E+03    0.2312695558E+03    0.1188334400E+00   -0.3559925700E+00
