        Rank        RMSE       MaxAE  Feature_ID
           1   31.504836   98.013815  (    1659   11761)
           2   31.511782   75.592271  (    7483   15405)
           3   31.560378  108.071468  (    4349   10724)
           4   31.605149   95.151856  (    6349   10458)
           5   31.609448   82.497086  (     429   10048)
           6   31.638072  106.360657  (     468   10724)
           7   31.725655   93.021887  (    4448   10329)
           8   32.086650   84.836084  (      10   10329)
           9   32.114054   88.617410  (    3445   10329)
          10   32.252576  104.974626  (     337   11219)
          11   32.359873   86.285628  (      90   10329)
          12   32.380349   98.893429  (     460   16649)
          13   32.386865   88.396162  (    2578   10329)
          14   32.406026   82.885243  (    1659   10458)
          15   32.455649   76.678394  (    9959   15405)
          16   32.476404   90.429606  (      24   10329)
          17   32.519653   83.932914  (     429   19069)
          18   32.534941   92.493104  (    1659   10724)
          19   32.570503  100.133929  (     460   11004)
          20   32.580033   81.779270  (    1659   13179)
          21   32.599964   86.453447  (    4068   10329)
          22   32.661142  101.480611  (    6349   11761)
          23   32.695863   90.130237  (    6176   10329)
          24   32.715021  104.146109  (     337   11796)
          25   32.719743   96.269978  (     684   10906)
          26   32.727457  124.210254  (    4843   11418)
          27   32.740628   90.476571  (    1659   12997)
          28   32.757248   86.621664  (    1140   11674)
          29   32.776722   88.333729  (    1659   11707)
          30   32.782868   82.270958  (     429   10473)
          31   32.785739  100.202586  (    1659   12124)
          32   32.796211  100.378766  (     460   12436)
          33   32.799052   90.071810  (    1659   10733)
          34   32.805599  105.404962  (     337   18955)
          35   32.806110  102.234046  (    6349   10724)
          36   32.807663   91.163586  (    3247   10329)
          37   32.808220   92.408303  (       1   10002)
          38   32.813595  100.349629  (    6254   10329)
          39   32.865661   98.806490  (     337   10220)
          40   32.879603  118.833783  (      31   12354)
          41   32.879989   77.646537  (    7483   11923)
          42   32.888733   96.674524  (     337   11054)
          43   32.902948   91.749083  (    1659   11011)
          44   32.918717   82.047477  (    1140   10048)
          45   32.934595   97.361059  (     337   10733)
          46   32.941545   86.089911  (    1224   10329)
          47   32.952625  118.808372  (     230   10002)
          48   32.961920   93.930935  (    5453   10048)
          49   32.966226   91.234065  (    1659   10220)
          50   33.001713  111.342291  (      24   12354)
          51   33.020413   88.293885  (    1140   11687)
          52   33.020924   82.174787  (     124   10664)
          53   33.053289   75.126310  (     867   11674)
          54   33.083446   88.611005  (      47   10329)
          55   33.092365   73.429280  (     867   10152)
          56   33.092975   88.850816  (     255   10303)
          57   33.093711   89.491328  (       1   10001)
          58   33.095569  102.973483  (     337   11128)
          59   33.103149   88.297450  (     255   10664)
          60   33.106205   95.048600  (     337   11107)
          61   33.107396  104.167812  (     337   16982)
          62   33.109903   94.470993  (    5453   10473)
          63   33.109992   73.543499  (    2601   11587)
          64   33.116522  114.591627  (    1988   10002)
          65   33.118552   90.311596  (    3474   10329)
          66   33.118596   77.260982  (     429   10017)
          67   33.122307   91.226017  (    1140   10507)
          68   33.137203   89.799622  (       1   10004)
          69   33.141445   89.723865  (       1   10003)
          70   33.143421  100.958595  (    1008   11004)
          71   33.144463   98.007604  (     337   10413)
          72   33.159893   86.270417  (     429   10889)
          73   33.166408   98.566054  (    1525   11295)
          74   33.168820   90.329313  (    2122   11573)
          75   33.174066   90.652923  (    1659   18326)
          76   33.174100   91.301485  (    2122   10843)
          77   33.180489   78.183201  (    9959   11923)
          78   33.187844   87.795107  (    2169   10329)
          79   33.190683  107.231147  (    1999   11004)
          80   33.203823   89.978298  (       1   10005)
          81   33.204215  110.073111  (     431   11004)
          82   33.227530  107.926396  (     337   14945)
          83   33.237167   87.108672  (    1659   15797)
          84   33.247563   89.285852  (      55   11004)
          85   33.253321   81.923622  (     135   10664)
          86   33.260155   90.968246  (      50   10329)
          87   33.263167   95.341606  (     140   11004)
          88   33.265063   86.272867  (    1659   18635)
          89   33.266940   98.485344  (    1525   10156)
          90   33.267509   97.212230  (     468   13110)
          91   33.277123   97.871596  (     337   10264)
          92   33.283140   86.539971  (      10   14560)
          93   33.286141   92.922277  (    5453   19069)
          94   33.306390   99.487195  (    1574   10048)
          95   33.307484  105.649873  (    9434   10002)
          96   33.311967  108.820441  (     165   11219)
          97   33.314925   88.113093  (    1817   15876)
          98   33.346899   76.669339  (     867   11687)
          99   33.349406  105.729234  (     887   11004)
         100   33.349797   89.806334  (    1140   10377)
