        Rank        RMSE       MaxAE  Feature_ID
           1   10.148803   28.128977  (    1452   17865)
           2   10.187239   30.899675  (     491   10258)
           3   10.193363   28.478042  (    1220   10826)
           4   10.194191   31.197919  (     468   17068)
           5   10.198803   28.349088  (     616   10826)
           6   10.211880   29.898643  (    2548   14109)
           7   10.212090   27.546790  (     513   10058)
           8   10.218297   31.445797  (     468   16523)
           9   10.221622   28.108619  (     513   10357)
          10   10.222631   28.412673  (    1452   12068)
          11   10.227760   29.817422  (    2784   14945)
          12   10.234605   30.274373  (    9775   10709)
          13   10.236162   28.554143  (    3805   10132)
          14   10.239847   28.593476  (    3805   10180)
          15   10.240786   27.715425  (     513   10214)
          16   10.241515   28.596306  (    3805   10181)
          17   10.242348   29.574445  (    2784   17403)
          18   10.242828   27.785791  (     513   10242)
          19   10.243222   28.599116  (    3805   10182)
          20   10.244143   27.334876  (     475   10058)
          21   10.248749   28.458970  (    3805   10058)
          22   10.249111   27.669297  (     513   10180)
          23   10.250575   27.672119  (     513   10181)
          24   10.251889   28.721080  (    3805   17039)
          25   10.252074   27.674923  (     513   10182)
          26   10.253016   28.635587  (    3805   10214)
          27   10.253907   27.790027  (     513   10261)
          28   10.253930   30.258243  (    9775   17026)
          29   10.258181   31.113853  (     468   19187)
          30   10.259006   28.163193  (     294   10826)
          31   10.265870   27.626422  (     513   10132)
          32   10.266212   29.748566  (    7558   10508)
          33   10.266870   29.049579  (    3805   10357)
          34   10.267942   31.414143  (     160   10258)
          35   10.268820   27.217767  (    1694   11221)
          36   10.270397   28.917188  (    2784   10209)
          37   10.272774   31.059740  (     491   14086)
          38   10.275313   28.635695  (    5238   10826)
          39   10.279828   30.190862  (    7471   14267)
          40   10.279892   29.404915  (      33   13637)
          41   10.282114   28.876442  (    6349   10372)
          42   10.282953   27.125735  (     513   10347)
          43   10.284747   28.721551  (    3805   10242)
          44   10.285427   27.463708  (     716   10058)
          45   10.288333   28.034531  (    2053   10132)
          46   10.292592   28.073886  (    2053   10180)
          47   10.294264   28.076716  (    2053   10181)
          48   10.295510   30.102573  (    7558   10357)
          49   10.295972   28.079527  (    2053   10182)
          50   10.297722   29.545731  (    2548   14086)
          51   10.297750   28.573369  (    6349   11221)
          52   10.298125   27.941087  (    2053   10058)
          53   10.299132   28.023707  (     716   10357)
          54   10.301653   28.726027  (    3805   10261)
          55   10.303688   29.713972  (    7558   17039)
          56   10.304593   27.294719  (     513   10036)
          57   10.305988   28.116165  (    2053   10214)
          58   10.307436   28.965174  (    6349   10413)
          59   10.309074   25.588335  (    4042   10058)
          60   10.310496   28.025649  (    3805   10347)
          61   10.310534   31.710584  (     515   10258)
          62   10.310859   28.283234  (    1852   10826)
          63   10.311760   31.118412  (     705   17068)
          64   10.312491   30.326230  (    9775   10258)
          65   10.315451   28.692743  (    3805   10508)
          66   10.315544   27.632450  (     716   10214)
          67   10.316343   29.302416  (    1834   10372)
          68   10.316714   27.701235  (     716   10242)
          69   10.317677   26.843820  (    5552   11221)
          70   10.321748   29.725484  (    8136   14267)
          71   10.323025   28.204049  (    3805   10036)
          72   10.323361   27.586312  (     716   10180)
          73   10.324843   27.589138  (     716   10181)
          74   10.325910   29.671482  (    8136   12332)
          75   10.326359   27.591945  (     716   10182)
          76   10.327635   27.705374  (     716   10261)
          77   10.327782   29.579538  (    7558   10132)
          78   10.328264   28.074215  (    2701   11221)
          79   10.329368   27.727997  (    1714   10132)
          80   10.330326   31.088031  (     468   19441)
          81   10.332160   31.365258  (     705   16523)
          82   10.332824   31.092305  (     468   19427)
          83   10.333485   31.083924  (     468   19044)
          84   10.333750   28.904753  (    3805   11221)
          85   10.334695   26.041793  (    1914   14109)
          86   10.335028   28.351983  (    3582   10372)
          87   10.335435   31.096529  (     468   19424)
          88   10.335638   27.767217  (    1714   10180)
          89   10.336568   30.151724  (    1329   10372)
          90   10.336674   27.770186  (    1714   10181)
          91   10.336749   27.635271  (    1714   10058)
          92   10.337438   25.731342  (    4042   10180)
          93   10.337455   26.319720  (     744   11785)
          94   10.337746   27.773137  (    1714   10182)
          95   10.338160   31.100702  (     468   19420)
          96   10.339030   25.734681  (    4042   10181)
          97   10.339589   27.543447  (     716   10132)
          98   10.339865   25.685008  (    4042   10132)
          99   10.340125   29.486247  (     245   13637)
         100   10.340633   31.002284  (     468   17558)
