Model_ID, [(c_i,i=0,n)_j,j=1,ntask]
           1    0.3607788499E+03   -0.2676987149E+03   -0.7110397401E+04
           2    0.4164682107E+03    0.1550077827E+03    0.4238722617E+03
           3    0.3576383926E+03    0.2549892337E+03   -0.6878044020E+04
           4    0.3568028638E+03    0.2551073224E+03    0.1459954526E+03
           5    0.4122219720E+03    0.1513399607E+03    0.4468229217E+03
           6    0.3636400335E+03    0.2697014364E+03    0.1251706765E+03
           7    0.2853303707E+03    0.1609995929E+03    0.1417217129E+04
           8    0.3564205751E+03    0.2446544630E+03   -0.6443993692E+04
           9    0.2729922482E+03    0.1612612433E+03    0.4649868189E+03
          10    0.3594154182E+03   -0.2559803104E+03   -0.6572791175E+04
          11    0.3563399396E+03    0.2517698407E+03    0.2385877295E+03
          12    0.3566000684E+03    0.2584856760E+03   -0.6759753086E+04
          13    0.3601202049E+03    0.2505283124E+03   -0.5289640521E+04
          14    0.3664623396E+03    0.2768206214E+03    0.3608803807E+03
          15    0.3591124262E+03    0.2587444548E+03    0.1204259603E+03
          16    0.3563416006E+03    0.2531574005E+03    0.2351351803E+03
          17    0.3607932518E+03   -0.2694753264E+03   -0.1256149893E+05
          18    0.3565309747E+03    0.2537929956E+03    0.1663101648E+03
          19    0.3588903565E+03    0.2559796916E+03    0.1566282860E+03
          20    0.3566014154E+03    0.2509215588E+03    0.2379826273E+03
          21    0.3586848311E+03    0.2684775474E+03    0.1676283054E+03
          22    0.3564757575E+03    0.2511701028E+03    0.2379644454E+03
          23    0.2701243836E+03    0.1412386800E+03    0.1140754581E+04
          24    0.2721452550E+03    0.1578158633E+03    0.1178814205E+04
          25    0.3572997696E+03    0.2481729863E+03    0.2359783812E+03
          26    0.3564762171E+03    0.2546739668E+03    0.1655865690E+03
          27    0.4067462898E+03    0.1474720262E+03    0.4005149267E+03
          28    0.2776518556E+03    0.1554208698E+03    0.9576252228E+03
          29    0.2724253997E+03    0.1538271506E+03    0.5569128133E+03
          30    0.3594139021E+03   -0.2699664831E+03   -0.6979684548E+04
          31    0.3597814387E+03    0.2584784942E+03    0.3379225630E+03
          32    0.2733298317E+03    0.1653221901E+03    0.1135637573E+04
          33    0.3565371117E+03    0.2506651777E+03    0.2069823634E+03
          34    0.3632556025E+03   -0.2619153219E+03   -0.5358611454E+04
          35    0.3638542697E+03    0.2773305932E+03    0.3501738676E+03
          36    0.2884282406E+03    0.1948617155E+03    0.9801195337E+03
          37    0.3577161068E+03    0.2545826891E+03    0.1601334599E+03
          38    0.3295622740E+03    0.2620688708E+03   -0.8424212424E+03
          39    0.2682722165E+03    0.1510907554E+03    0.5136945028E+03
          40    0.4203491885E+03    0.1592328845E+03   -0.5298787244E+03
          41    0.3554225717E+03    0.2483065616E+03   -0.6364681974E+04
          42    0.2787547359E+03    0.1589522699E+03    0.1104155282E+04
          43    0.2881954375E+03    0.1898489317E+03    0.8781333524E+03
          44    0.2727269408E+03    0.1563686899E+03    0.5824753464E+03
          45    0.3583241175E+03    0.2461758129E+03    0.2305646486E+03
          46    0.3602437810E+03    0.2608752465E+03    0.3645866194E+03
          47    0.3577468934E+03    0.2570328574E+03    0.1568406544E+03
          48    0.2726658286E+03    0.1651119314E+03    0.1144825098E+04
          49    0.2712247987E+03    0.1488324318E+03   -0.8923875126E+03
          50    0.3576126276E+03    0.2572850166E+03    0.1568705751E+03
          51    0.4201528662E+03    0.1596849461E+03   -0.5266335252E+03
          52    0.2698584057E+03    0.1423305186E+03    0.2454006294E+04
          53    0.3576355090E+03    0.2524719959E+03    0.1180472368E+03
          54    0.3579262818E+03    0.2568164375E+03    0.1563963143E+03
          55    0.3580342468E+03    0.2554025703E+03    0.1578721401E+03
          56    0.2723928140E+03    0.1607016529E+03    0.1223881521E+04
          57    0.2736233877E+03    0.1612393546E+03    0.5358146484E+03
          58    0.3513283150E+03    0.2506685191E+03    0.1005981123E+05
          59    0.4102961190E+03    0.1502448221E+03    0.3762520139E+03
          60    0.3579741806E+03    0.2554792658E+03    0.1579518046E+03
          61    0.4146776670E+03    0.1527699634E+03   -0.5228461385E+03
          62    0.3499595040E+03    0.2490891755E+03    0.1036991682E+05
          63    0.3579204195E+03    0.2555615281E+03    0.1579725819E+03
          64    0.2848163079E+03    0.1637615219E+03    0.3907287681E+04
          65    0.3578440780E+03    0.2557372147E+03    0.1579353972E+03
          66    0.2811148705E+03    0.1652004140E+03    0.1145808965E+04
          67    0.3581497356E+03    0.2552617786E+03    0.1575428457E+03
          68    0.2735657804E+03    0.1682858959E+03    0.1179258202E+04
          69    0.2704795815E+03    0.1536175923E+03    0.1892305107E+04
          70    0.2808871502E+03    0.1658149711E+03    0.4029770028E+04
          71    0.2780235640E+03    0.1589991277E+03    0.6865614619E+03
          72    0.3582691852E+03    0.2523004972E+03    0.2356779710E+03
          73    0.3665095593E+03    0.2760771131E+03    0.1383030663E+03
          74    0.3677355474E+03    0.2834218422E+03    0.3604879193E+03
          75    0.2749630090E+03    0.1595885225E+03    0.4562091080E+03
          76    0.2925609529E+03    0.1662274540E+03   -0.4698029495E+04
          77    0.3577606132E+03    0.2560336529E+03   -0.1574925257E+03
          78    0.2731053774E+03    0.1445193356E+03    0.8549493878E+03
          79    0.2785279443E+03    0.1567861053E+03    0.7431880331E+03
          80    0.2786722163E+03    0.1547916118E+03    0.7519515500E+03
          81    0.3575237065E+03    0.2560634602E+03    0.1590756090E+03
          82    0.3583688387E+03    0.2550860581E+03    0.1567164371E+03
          83    0.3589378927E+03    0.2537420265E+03    0.2352984541E+03
          84    0.2739158871E+03    0.1638412528E+03    0.5603793996E+03
          85    0.2680960282E+03    0.1441113578E+03    0.6935374245E+03
          86    0.2729785963E+03    0.1609901676E+03    0.5400732590E+03
          87    0.2775802106E+03    0.1565499759E+03    0.2046335098E+04
          88    0.3607158501E+03    0.2550931985E+03   -0.2094968537E+03
          89    0.4100852446E+03    0.1536374203E+03   -0.5168839118E+03
          90    0.2721308629E+03    0.1556256679E+03    0.4394907587E+03
          91    0.2720625162E+03    0.1597337450E+03    0.4729806226E+03
          92    0.2872789834E+03    0.1646184804E+03    0.1991247850E+04
          93    0.2863667093E+03    0.1768581606E+03    0.3914776512E+04
          94    0.2734715122E+03    0.1647393639E+03    0.1134664777E+04
          95    0.2894862190E+03    0.1684508650E+03   -0.4787831196E+04
          96    0.2787447640E+03    0.1564525758E+03    0.7430772470E+03
          97    0.2728939247E+03    0.1680949455E+03    0.1188847893E+04
          98    0.2753429147E+03    0.1643947154E+03    0.5005756145E+03
          99    0.3590021732E+03    0.2521650476E+03    0.1535590143E+03
         100    0.2713707476E+03    0.1448377171E+03    0.1315507314E+04
