        Rank        RMSE       MaxAE  Feature_ID
           1    9.738008   22.371714  (     278   10006)
           2    9.858465   24.882867  (    4699   10006)
           3   10.024501   31.742582  (    1451   13098)
           4   10.033944   32.075177  (    1646   13098)
           5   10.036099   31.029353  (     200   10693)
           6   10.071023   31.573259  (    6127   10342)
           7   10.073140   31.042715  (     200   10723)
           8   10.082185   31.604992  (    1257   13098)
           9   10.097465   21.274102  (    5957   10006)
          10   10.097497   29.094620  (    3487   13098)
          11   10.098481   31.403607  (    1451   17586)
          12   10.099578   22.371669  (     675   10006)
          13   10.103331   31.871712  (    2101   13098)
          14   10.105422   31.355659  (    9607   10342)
          15   10.109615   27.996657  (     809   13098)
          16   10.110355   29.187653  (    4601   13224)
          17   10.113839   29.148350  (    4601   13371)
          18   10.114034   31.846909  (    2028   13098)
          19   10.114739   28.688625  (    3521   13098)
          20   10.115080   29.046203  (    3524   13098)
          21   10.120222   31.621340  (     278   10001)
          22   10.120688   29.015107  (    3217   13098)
          23   10.120927   29.009373  (    3211   13098)
          24   10.121003   29.007965  (    3210   13098)
          25   10.122008   29.054376  (    3296   13098)
          26   10.122891   34.507227  (     133   10693)
          27   10.125661   28.548102  (    3294   13098)
          28   10.126419   31.822018  (    1973   13098)
          29   10.127265   31.783621  (    3398   10693)
          30   10.127719   22.531560  (    7432   12724)
          31   10.128497   31.737615  (    1646   17586)
          32   10.129183   29.062566  (    3085   13098)
          33   10.129775   31.644643  (    1451   12883)
          34   10.131027   21.830640  (    6008   10006)
          35   10.132910   28.640541  (    3552   13098)
          36   10.133636   28.633407  (    2762   13098)
          37   10.136105   28.633626  (    3301   13098)
          38   10.137076   29.125322  (    3584   13098)
          39   10.139272   33.978636  (    8812   11189)
          40   10.139406   31.508373  (    1257   12883)
          41   10.140246   28.649003  (    3335   13098)
          42   10.141433   29.063078  (    4601   13857)
          43   10.144010   34.491099  (     161   10693)
          44   10.147840   28.657489  (    3118   13098)
          45   10.150907   28.710161  (    7908   13098)
          46   10.151695   31.520885  (    1257   14898)
          47   10.152144   31.268419  (    1257   17586)
          48   10.152868   28.685885  (    3451   13098)
          49   10.153285   29.014998  (    3201   13098)
          50   10.153347   31.612003  (    1451   13371)
          51   10.154748   31.646420  (    1451   13224)
          52   10.155600   31.983198  (    1646   12883)
          53   10.157711   34.513154  (     133   10723)
          54   10.161969   29.781066  (     200   10034)
          55   10.163235   28.868447  (    3540   13098)
          56   10.164806   28.889677  (    4601   14109)
          57   10.166217   31.944324  (    9607   10664)
          58   10.167924   29.021287  (    7157   13098)
          59   10.168798   31.537010  (    1451   13857)
          60   10.170277   32.126766  (    6127   10664)
          61   10.170411   29.203533  (    4601   14898)
          62   10.172216   32.351539  (    4846   10142)
          63   10.172820   28.610473  (    3249   13098)
          64   10.174977   31.787687  (    3398   10723)
          65   10.175544   28.911154  (    4601   14341)
          66   10.177485   28.565888  (    3218   13098)
          67   10.177739   29.039044  (    1268   13098)
          68   10.179531   28.856750  (    4481   13098)
          69   10.179545   34.496431  (     161   10723)
          70   10.181629   28.828699  (    4625   13098)
          71   10.184370   28.157443  (    2624   14898)
          72   10.185694   29.515047  (    7992   10571)
          73   10.185947   31.533436  (    2101   17586)
          74   10.187071   28.854475  (    7157   12883)
          75   10.188057   31.245232  (     405   13957)
          76   10.188061   28.200699  (    2590   14898)
          77   10.188785   28.837034  (    4305   13098)
          78   10.189639   29.079638  (    9055   13098)
          79   10.190158   28.330136  (    2590   13098)
          80   10.190581   34.466664  (     133   18476)
          81   10.190841   35.313991  (     854   10693)
          82   10.191557   31.392330  (    1451   14109)
          83   10.192138   28.912982  (    9055   12883)
          84   10.192269   27.631505  (     809   17586)
          85   10.192409   28.765289  (    3819   13098)
          86   10.194187   28.518361  (    3248   13098)
          87   10.194625   28.933968  (    3487   12883)
          88   10.194792   31.358694  (    1451   16062)
          89   10.195513   27.494295  (     303   10693)
          90   10.195641   28.518256  (    3521   12883)
          91   10.196182   31.509210  (    2028   17586)
          92   10.196192   28.845390  (    4037   13098)
          93   10.196593   31.374155  (    1451   15846)
          94   10.197506   34.460100  (     161   18476)
          95   10.197730   31.408782  (    1451   14341)
          96   10.197858   31.777616  (    2101   12883)
          97   10.198378   28.590399  (    3075   13098)
          98   10.199482   28.888122  (    4601   15846)
          99   10.200474   31.425747  (    1837   10571)
         100   10.200682   28.872587  (    4601   16062)
