        Rank        RMSE       MaxAE  Feature_ID
           1    8.827276   20.469964  (    8166   10001)
           2    8.938843   20.103581  (    4144   10025)
           3    8.976045   22.144467  (    8126   10001)
           4    9.034806   20.517922  (    4144   10001)
           5    9.081208   24.308743  (    4161   12135)
           6    9.112003   23.744020  (    3592   10001)
           7    9.169202   23.634262  (    7523   10067)
           8    9.189827   28.699911  (     109   10023)
           9    9.193372   30.092331  (    8775   10001)
          10    9.240244   22.040787  (     401   10493)
          11    9.247498   22.600220  (    1693   10025)
          12    9.253083   25.531052  (     109   10001)
          13    9.254692   23.297223  (    1956   10025)
          14    9.260063   28.806450  (     109   10011)
          15    9.263069   19.504971  (     302   10002)
          16    9.273951   28.115175  (    1419   10023)
          17    9.274596   23.234467  (    2640   10025)
          18    9.311139   28.469339  (     126   10011)
          19    9.329293   23.110454  (    8449   10067)
          20    9.332903   24.182089  (    2161   10493)
          21    9.333864   26.909364  (    7523   10002)
          22    9.339380   22.019003  (     326   10025)
          23    9.344508   28.229793  (    1419   10011)
          24    9.344891   20.289466  (     538   10025)
          25    9.352417   22.987960  (    1693   10001)
          26    9.353032   23.772057  (    5379   10001)
          27    9.355243   19.584911  (       2   10002)
          28    9.356417   21.360610  (     326   10001)
          29    9.362339   28.298287  (     126   10023)
          30    9.364684   23.915279  (    8775   10067)
          31    9.367621   25.413094  (    7819   10493)
          32    9.370823   27.620569  (    7218   10183)
          33    9.374059   25.874558  (    4844   11568)
          34    9.380663   25.403515  (    8087   10493)
          35    9.390571   30.124397  (    7523   10001)
          36    9.391619   26.783256  (    4844   12234)
          37    9.397687   26.225552  (       2   10025)
          38    9.402742   25.561809  (     302   10025)
          39    9.409001   23.099512  (    3161   10011)
          40    9.413861   21.609275  (     302   10001)
          41    9.415453   22.964217  (    3161   10023)
          42    9.415600   22.908180  (    8166   10002)
          43    9.416038   23.904004  (     561   10006)
          44    9.419378   27.520452  (    1620   13105)
          45    9.421764   27.982030  (     126   10031)
          46    9.424071   21.480809  (       2   10001)
          47    9.425537   23.100750  (    4701   10067)
          48    9.428140   23.810214  (      24   10001)
          49    9.430556   24.668504  (    5173   15921)
          50    9.434399   23.224153  (    5881   10067)
          51    9.441251   24.806145  (    7402   10493)
          52    9.441520   25.509126  (    1653   10025)
          53    9.447891   27.136699  (      55   10001)
          54    9.450820   29.801747  (     490   10006)
          55    9.450964   23.014581  (    1226   13815)
          56    9.454319   21.634250  (    2014   10477)
          57    9.457936   31.924910  (    5562   12912)
          58    9.459962   24.643118  (    5173   13105)
          59    9.460304   23.237627  (    4910   10155)
          60    9.462934   23.184793  (    6056   10067)
          61    9.464581   24.688919  (     500   10493)
          62    9.466982   21.767158  (     538   10001)
          63    9.468104   25.340907  (     230   10001)
          64    9.468716   27.508262  (     126   10034)
          65    9.472175   28.267473  (     109   10031)
          66    9.472308   29.027799  (     327   10023)
          67    9.477766   27.819833  (     109   10034)
          68    9.478280   23.968049  (      29   10001)
          69    9.478312   20.981062  (    3592   10002)
          70    9.479757   27.670440  (    1995   15629)
          71    9.479996   26.724884  (    2177   10155)
          72    9.482278   22.668331  (    2402   10493)
          73    9.490816   27.253189  (    5967   12135)
          74    9.494033   25.308003  (    6531   10067)
          75    9.495640   22.805110  (    1360   10025)
          76    9.498685   22.752262  (    2557   10493)
          77    9.500239   25.804852  (    6639   10001)
          78    9.502261   27.962746  (     109   10015)
          79    9.502560   26.829496  (    6803   10001)
          80    9.502746   23.261307  (    6551   10067)
          81    9.504719   26.553679  (    7893   10001)
          82    9.505495   21.652125  (    3213   10025)
          83    9.505693   25.319238  (    4910   10066)
          84    9.506096   24.673405  (    8414   10493)
          85    9.506883   19.727294  (    7084   10025)
          86    9.511070   29.296312  (    9919   10023)
          87    9.512626   21.720125  (    3207   10006)
          88    9.512853   32.019472  (    5562   13229)
          89    9.513378   27.737138  (    2177   10066)
          90    9.515215   25.883704  (      42   10025)
          91    9.515228   23.975264  (    2177   10137)
          92    9.515824   22.023777  (    4144   10002)
          93    9.515884   25.416866  (    4999   10001)
          94    9.516630   24.367245  (    1420   10006)
          95    9.521267   24.025930  (    4754   10025)
          96    9.521825   26.955788  (    4844   10769)
          97    9.522225   25.276909  (    5207   10493)
          98    9.522288   27.644299  (     126   10015)
          99    9.522289   25.722333  (    1238   10183)
         100    9.522904   26.397952  (    6528   10155)
