     Index              y_true              y_pred        descriptor_1        descriptor_2
         1    0.3275000000E+03    0.3594954218E+03    0.6050000000E+00    0.1329860000E-01
         2    0.2490000000E+03    0.2567091619E+03   -0.4027000000E+00    0.7740720000E-02
         3    0.3260000000E+03    0.3219400148E+03    0.2457000000E+00    0.8515290000E-02
         4    0.3010000000E+03    0.3316733389E+03    0.5235000000E+00   -0.4744530000E-01
         5    0.4150000000E+03    0.3872525187E+03    0.1015600000E+01   -0.2808969000E-01
         6    0.4460000000E+03    0.4526611172E+03    0.1832600000E+01   -0.7898585000E-01
         7    0.2561000000E+03    0.3007564762E+03    0.1544000000E+00   -0.2867625000E-01
         8    0.4680000000E+03    0.4727729790E+03    0.1853000000E+01   -0.2314674000E-01
         9    0.2466500000E+03    0.2541520984E+03   -0.4723000000E+00    0.2139492000E-01
        10    0.9034100000E+02    0.6776134428E+02   -0.1449300000E+01   -0.2520589500E+00
        11    0.3891500000E+03    0.4134142799E+03    0.1225600000E+01   -0.1227716000E-01
        12    0.3334000000E+03    0.3919744711E+03    0.1904300000E+01   -0.2887509600E+00
        13    0.2566500000E+03    0.2256674945E+03   -0.7283000000E+00    0.1265090000E-01
        14    0.1693000000E+03    0.1585119681E+03   -0.1927000000E+00   -0.3607895000E+00
        15    0.2990000000E+03    0.2754584509E+03   -0.1994000000E+00    0.2719500000E-02
        16    0.9070000000E+02    0.9630379566E+02   -0.1978300000E+01    0.0000000000E+00
        17    0.2720000000E+03    0.2658761894E+03   -0.3052000000E+00    0.5873820000E-02
        18    0.3860000000E+03    0.3717156839E+03    0.1781400000E+01   -0.3132970800E+00
        19    0.3990000000E+03    0.3984709998E+03    0.1374400000E+01   -0.1045482000E+00
        20    0.4010000000E+03    0.4171711545E+03    0.1057900000E+01    0.5127512000E-01
        21    0.2530000000E+03    0.2645825857E+03   -0.4220000000E+00    0.3805200000E-01
        22    0.2396000000E+03    0.2532286459E+03   -0.4003000000E+00   -0.3759480000E-02
        23    0.3091000000E+03    0.3169654684E+03    0.2402000000E+00   -0.5155500000E-02
        24    0.2680300000E+03    0.2933507068E+03    0.1624000000E+00   -0.5404228000E-01
        25    0.2744000000E+03    0.2645453340E+03   -0.5083000000E+00    0.6466636000E-01
        26    0.5132000000E+03    0.4126883886E+03    0.1550400000E+01   -0.1151201100E+00
        27    0.3632000000E+03    0.3582413741E+03    0.6014000000E+00    0.1053787000E-01
        28    0.3387000000E+03    0.3564848989E+03    0.6149000000E+00    0.9280000000E-03
        29    0.2480000000E+03    0.2405683215E+03   -0.5520000000E+00    0.4098300000E-02
        30    0.4240000000E+03    0.3599485077E+03    0.6773000000E+00   -0.7694400000E-02
        31    0.3674300000E+03    0.3705377527E+03    0.7985000000E+00   -0.1250635000E-01
        32    0.2634000000E+03    0.2608703583E+03    0.8527000000E+00   -0.3682307200E+00
        33    0.4920000000E+03    0.4469791876E+03    0.1601800000E+01   -0.2506125000E-01
        34    0.3602000000E+03    0.3383351840E+03    0.4246000000E+00    0.3775800000E-02
        35    0.3281500000E+03    0.3214701401E+03   -0.1470000000E-01    0.8771616000E-01
        36    0.3945000000E+03    0.3735681863E+03    0.8559000000E+00   -0.2091888000E-01
        37    0.2561000000E+03    0.2545490629E+03   -0.3499000000E+00   -0.1528888000E-01
        38    0.3380000000E+03    0.4030679834E+03    0.1533200000E+01   -0.1395255400E+00
        39    0.2516000000E+03    0.2956258659E+03   -0.3400000000E-02    0.4342140000E-02
        40    0.4097000000E+03    0.4128595541E+03    0.1645500000E+01   -0.1440462000E+00
        41    0.3450000000E+03    0.3715438448E+03    0.7742000000E+00   -0.1870550000E-02
        42    0.4780000000E+03    0.4473506895E+03    0.1733100000E+01   -0.6458032000E-01
