Model_ID, [(c_i,i=0,n)_j,j=1,ntask]
           1    0.5154241067E+02   -0.3994353707E+03    0.1046751345E+03
           2    0.5152322637E+02   -0.1368953723E+03    0.1008575949E+03
           3    0.5214641676E+02   -0.4083227729E+03    0.8845275325E+02
           4    0.5107049193E+02   -0.1044671203E+03    0.1071062756E+03
           5    0.5225465032E+02   -0.1027430373E+03    0.1080633310E+03
           6    0.4920208058E+02   -0.3944656594E+03    0.8662767552E+02
           7    0.5172489223E+02   -0.4066311755E+03    0.8523194382E+02
           8    0.5276799219E+02   -0.2308333766E+03    0.9081204912E+02
           9    0.5227482342E+02   -0.4040688911E+03    0.8556024458E+02
          10    0.4918575849E+02   -0.9744279496E+02    0.1063041881E+03
          11    0.5172852383E+02   -0.1072503885E+03    0.9135103264E+02
          12    0.5050544165E+02    0.2461429540E+03    0.3937414623E+02
          13    0.5208103022E+02   -0.1396927587E+03    0.8469115398E+02
          14    0.5419132984E+02    0.2329351237E+03   -0.7949501826E+02
          15    0.5015896898E+02   -0.1007060817E+03    0.9134969058E+02
          16    0.4986890448E+02   -0.1007617555E+03    0.9207970711E+02
          17    0.6485099309E+02    0.2423136699E+03   -0.3616827727E+03
          18    0.5093328807E+02   -0.3968685713E+03    0.8051664770E+02
          19    0.4955777197E+02   -0.3653962698E+03    0.7811023308E+02
          20    0.5356735709E+02   -0.2364201810E+03    0.9009290701E+02
          21    0.5171897445E+02   -0.1395872579E+03    0.8226071000E+02
          22    0.5214107768E+02   -0.3922292264E+03    0.8380317090E+02
          23    0.4763585212E+02    0.2929243895E+03    0.1364478967E+03
          24    0.5197581749E+02   -0.3977528697E+03    0.8458699134E+02
          25    0.4935706424E+02   -0.3887242883E+03    0.8268505917E+02
          26    0.4942180032E+02   -0.3824274220E+03    0.7679257516E+02
          27    0.4590206664E+02   -0.2798053226E+03    0.1353618165E+03
          28    0.5355000223E+02    0.2278381194E+03   -0.7875526009E+02
          29    0.4509779074E+02   -0.3835866811E+03   -0.8020161970E+02
          30    0.5061614099E+02   -0.3609907753E+03    0.7441841069E+02
          31    0.5204878611E+02   -0.4151793956E+03    0.7456838450E+02
          32    0.5189919387E+02   -0.2229541784E+03    0.7194670425E+02
          33    0.5192044216E+02   -0.1064685011E+03    0.8921130463E+02
          34    0.5118273828E+02    0.2424820822E+03   -0.3989925432E+02
          35    0.6290381246E+02    0.2332348841E+03    0.7167324641E+02
          36    0.5410055889E+02    0.1321040040E+03    0.1027502351E+03
          37    0.5226217621E+02   -0.1388541756E+03    0.8277277938E+02
          38    0.4948405677E+02   -0.1007092652E+03    0.8960375905E+02
          39    0.5215066167E+02   -0.3906191369E+03    0.8282527978E+02
          40    0.5041342056E+02   -0.3790104865E+03    0.7390058419E+02
          41    0.6480725271E+02    0.2447409245E+03   -0.3657095301E+03
          42    0.5285353641E+02   -0.2205635225E+03    0.6865677157E+02
          43    0.5259994291E+02   -0.4109569849E+02   -0.5079406309E+03
          44    0.5129494219E+02   -0.1067646101E+03    0.8805072991E+02
          45    0.4568715551E+02   -0.2484521403E+03    0.3131833334E+03
          46    0.5158168196E+02    0.1180668390E+03    0.1046009558E+03
          47    0.4536479107E+02   -0.2517716212E+03    0.3225405693E+03
          48    0.5162553353E+02    0.1181858052E+03    0.1046532161E+03
          49    0.5355800899E+02   -0.2305641425E+03    0.6930941293E+02
          50    0.4962060490E+02   -0.3743523149E+03    0.7779933800E+02
          51    0.4981909693E+02   -0.1120102761E+03    0.3480024347E+03
          52    0.6439495929E+02    0.2407138067E+03   -0.8771891325E+03
          53    0.6441895538E+02    0.2419086047E+03   -0.7693717887E+03
          54    0.5168293082E+02   -0.3856544707E+03    0.8169253756E+02
          55    0.5396371321E+02    0.2420750328E+03   -0.5510564078E+02
          56    0.5442088439E+02    0.2336866335E+03    0.8478819385E+02
          57    0.5124150077E+02   -0.3778303102E+03    0.7497883201E+02
          58    0.5201185470E+02   -0.2280761180E+03    0.7144159698E+02
          59    0.4397454931E+02   -0.3076440040E+03    0.1526465936E+03
          60    0.5103940132E+02   -0.2158265882E+03    0.7035936076E+02
          61    0.4962531880E+02   -0.1258914528E+03    0.7589546338E+02
          62    0.4621475856E+02   -0.3656448542E+03    0.7689785395E+02
          63    0.6419696319E+02    0.2387201206E+03   -0.8065113439E+03
          64    0.5367513846E+02    0.2416704860E+03    0.5436624990E+02
          65    0.5139439400E+02   -0.4048042009E+03    0.7962238239E+02
          66    0.6097169819E+02    0.2264787234E+03    0.1478582850E+03
          67    0.5440148126E+02    0.2477804903E+03    0.5186341005E+02
          68    0.5327437127E+02    0.2156200714E+03    0.3709955835E+02
          69    0.5244127875E+02    0.1051743309E+03    0.1023837588E+03
          70    0.4966929545E+02   -0.9604009060E+02    0.8772151250E+02
          71    0.5473757440E+02    0.2389136971E+03    0.5564621413E+02
          72    0.5213910270E+02   -0.1349634190E+03    0.8124390036E+02
          73    0.5169883777E+02   -0.4135823627E+03    0.7236323484E+02
          74    0.4972216326E+02   -0.4056245388E+03    0.8182864967E+02
          75    0.5062538228E+02    0.1290799108E+03    0.3537650848E+03
          76    0.5066037504E+02   -0.1244848466E+03    0.7245782661E+02
          77    0.5349355876E+02    0.2401158070E+03    0.9398176293E+02
          78    0.6284415853E+02    0.2390930548E+03   -0.7374010466E+02
          79    0.5056718385E+02    0.1287927214E+03    0.3526712344E+03
          80    0.5190087453E+02    0.2117812280E+03    0.4188515320E+02
          81    0.5108736461E+02   -0.4266679166E+03    0.7248977463E+02
          82    0.6210500828E+02    0.2167875421E+03    0.1253627189E+03
          83    0.5261696691E+02   -0.4161913671E+03    0.7368106347E+02
          84    0.5004097848E+02   -0.9717148595E+02    0.8864315040E+02
          85    0.5215814008E+02   -0.1345133271E+03    0.8044384263E+02
          86    0.5372632957E+02    0.2272115681E+03   -0.7576328481E+02
          87    0.4561478400E+02   -0.2800278759E+03    0.1369315266E+03
          88    0.4921823597E+02   -0.1343798411E+03    0.8178967679E+02
          89    0.6330346424E+02    0.2451485792E+03    0.7120325172E+02
          90    0.5193114687E+02    0.2386760425E+03    0.3561128315E+02
          91    0.5283058415E+02    0.2143788516E+03    0.3860156210E+02
          92    0.4400822562E+02   -0.3620762587E+03    0.1066898253E+03
          93    0.5498222343E+02    0.2406178369E+03    0.4759778328E+02
          94    0.4985528955E+02   -0.4157035329E+03    0.7724955151E+02
          95    0.5755835351E+02   -0.1730794172E+03    0.9686480658E+02
          96    0.5326307543E+02   -0.2350121354E+03    0.7537481811E+02
          97    0.5130506877E+02   -0.1305166223E+03    0.7338174100E+02
          98    0.5263292565E+02    0.1005164521E+03    0.1014948668E+03
          99    0.5290865360E+02    0.2043552590E+03    0.9233177022E+02
         100    0.4983061995E+02   -0.9859463126E+02    0.8946292212E+02
