Model_ID, [(c_i,i=0,n)_j,j=1,ntask]
           1    0.1495898862E+03    0.1196597254E+03   -0.9858484017E+03
           2    0.1487471504E+03    0.1199458515E+03   -0.9434202841E+03
           3    0.1512010192E+03    0.1193265159E+03    0.6282010242E+03
           4    0.1524105396E+03    0.1225255833E+03    0.8944301613E+03
           5    0.1521196412E+03    0.1194570301E+03   -0.1391534757E+04
           6    0.1522441631E+03    0.1178583678E+03   -0.9647514415E+03
           7    0.1512747720E+03    0.1185528367E+03   -0.9717384319E+03
           8    0.1523010719E+03    0.1180182226E+03   -0.9640502167E+03
           9    0.1524671523E+03    0.1179233055E+03   -0.9607131250E+03
          10    0.1516584708E+03    0.1189436911E+03   -0.9774078260E+03
          11    0.1519988430E+03    0.1181477724E+03   -0.9631318822E+03
          12    0.1516176618E+03    0.1182985722E+03   -0.9646624189E+03
          13    0.1515929180E+03    0.1183224941E+03   -0.9643490047E+03
          14    0.2324408294E+03    0.1020836080E+03   -0.4792248467E+03
          15    0.1515627187E+03    0.1183372913E+03   -0.9642176609E+03
          16    0.1515535569E+03    0.1183413496E+03   -0.9641614810E+03
          17    0.1515446808E+03    0.1183450574E+03   -0.9640727584E+03
          18    0.1515155232E+03    0.1183585875E+03   -0.9638245182E+03
          19    0.1499447329E+03    0.1187565732E+03   -0.9366077799E+03
          20    0.1514903848E+03    0.1183830201E+03   -0.9635626733E+03
          21    0.1515951766E+03    0.1194221760E+03   -0.5748183601E+03
          22    0.1526260815E+03    0.1222842884E+03   -0.8502027219E+03
          23    0.1520636939E+03    0.1195253799E+03    0.7896131487E+03
          24    0.1495357294E+03    0.1188277399E+03   -0.9238356353E+03
          25    0.1511433137E+03    0.1184924825E+03   -0.9612745887E+03
          26    0.1518399167E+03    0.1181183142E+03   -0.9553053836E+03
          27    0.1509053297E+03    0.1194674029E+03    0.7186326454E+03
          28    0.1516135661E+03    0.1175691387E+03   -0.9331726082E+03
          29    0.1504713352E+03    0.1183591582E+03   -0.9321883721E+03
          30    0.1534386118E+03    0.1174256229E+03   -0.9333292557E+03
          31    0.1509588149E+03    0.1187106212E+03   -0.9535213050E+03
          32    0.1534662021E+03    0.1160133661E+03   -0.6540517960E+03
          33    0.1501705566E+03    0.1186339497E+03   -0.9368117834E+03
          34    0.1515071190E+03    0.1190887908E+03    0.7173615983E+03
          35    0.1577943704E+03    0.1321914463E+03    0.2314039989E+03
          36    0.1496082078E+03    0.1181467933E+03   -0.6590924536E+03
          37    0.2272166108E+03    0.9977468001E+02    0.4557540780E+03
          38    0.1564890343E+03    0.1142790676E+03   -0.8358036263E+03
          39    0.1513756702E+03    0.1188607935E+03   -0.9677018482E+03
          40    0.1525233915E+03    0.1195806245E+03    0.6202510732E+03
          41    0.1525700636E+03    0.1195581713E+03   -0.1059720512E+04
          42    0.1510884550E+03    0.1183351706E+03   -0.9345489842E+03
          43    0.2260296841E+03    0.9935370416E+02    0.4828580592E+03
          44    0.2334736184E+03    0.1017460857E+03    0.4337936403E+03
          45    0.1517742913E+03    0.1183230834E+03   -0.2450756579E+04
          46    0.1543366932E+03    0.1161442318E+03    0.5793157582E+03
          47    0.1510356839E+03    0.1182979264E+03   -0.9259549556E+03
          48    0.2257721111E+03    0.9912025414E+02    0.4869518498E+03
          49    0.2343542116E+03    0.9998608256E+02   -0.4519607160E+03
          50    0.2342095813E+03    0.9992389877E+02   -0.4573891761E+03
          51    0.1536689642E+03    0.1172963990E+03   -0.9328569346E+03
          52    0.1545564870E+03    0.1170790967E+03    0.6823679878E+03
          53    0.1473726057E+03    0.1167122882E+03   -0.6293102432E+03
          54    0.2250137878E+03    0.9741229782E+02    0.5338308457E+03
          55    0.1533853084E+03    0.1173640366E+03   -0.9059090801E+03
          56    0.2192314738E+03    0.9591354527E+02    0.4976199565E+03
          57    0.1527847603E+03    0.1190514620E+03    0.4149796957E+03
          58    0.2179397966E+03    0.9550764550E+02    0.5281315016E+03
          59    0.2331190507E+03    0.9860529609E+02    0.4923067797E+03
          60    0.1528352101E+03    0.1190314167E+03   -0.6720661961E+03
          61    0.2340565058E+03    0.1013855693E+03    0.4051569079E+03
          62    0.1486432396E+03    0.1172209913E+03    0.5146032924E+03
          63    0.2176713478E+03    0.9526627426E+02    0.5327897798E+03
          64    0.1511857853E+03    0.1168412317E+03   -0.7990673159E+03
          65    0.2267887846E+03    0.9846403726E+02   -0.4895362969E+03
          66    0.2242730978E+03    0.9988488436E+02    0.2929226694E+03
          67    0.1452060796E+03    0.1259379170E+03    0.3558557210E+03
          68    0.2355003415E+03    0.9989484733E+02   -0.3963412218E+03
          69    0.1763643017E+03    0.1054431995E+03   -0.5842065362E+02
          70    0.1625918903E+03    0.1269808840E+03    0.1737854586E+03
          71    0.2368061715E+03    0.1687130797E+03    0.6933315820E+03
          72    0.2368115336E+03    0.1687149845E+03    0.6932060308E+03
          73    0.2074024332E+03    0.1590100652E+03    0.2013647276E+03
          74    0.1520554335E+03    0.1156499763E+03   -0.6141540635E+03
          75    0.1525731481E+03    0.1154537475E+03   -0.8279274658E+03
          76    0.2269604149E+03    0.9688061503E+02    0.4751086017E+03
          77    0.2214720242E+03    0.9831010967E+02    0.4259867694E+03
          78    0.2270394031E+03    0.9681680379E+02    0.4735585166E+03
          79    0.1687184919E+03    0.1416378248E+03    0.1679024634E+03
          80    0.1853945129E+03   -0.8577530187E+02    0.5645931157E+02
          81    0.1626930949E+03   -0.6066772066E+02    0.8771061278E+02
          82    0.1578453508E+03    0.1137269128E+03    0.5835448066E+03
          83    0.1706282320E+03    0.1707905910E+03    0.2324980590E+03
          84    0.1540193343E+03    0.1303087727E+03   -0.4174276349E+03
          85    0.2364847394E+03    0.1649545132E+03    0.7011707207E+03
          86    0.1480402904E+03    0.1183038246E+03    0.1987536940E+03
          87    0.2047541689E+03   -0.9298539207E+02    0.7025213005E+02
          88    0.2525787556E+03    0.1024782479E+03    0.1762663888E+03
          89    0.2346247432E+03    0.9671922406E+02   -0.4524946952E+03
          90    0.2558531206E+03    0.1017321064E+03    0.1624223644E+03
          91    0.1475975922E+03    0.1104693312E+03   -0.1962508850E+03
          92    0.1623541663E+03   -0.4860026748E+02    0.9003964335E+02
          93    0.1506606265E+03    0.1226479786E+03    0.1304145318E+04
          94    0.1507385590E+03    0.8323980094E+02   -0.5746033513E+02
          95    0.1748204003E+03    0.1438972479E+03    0.1463403853E+03
          96    0.2250649859E+03    0.1008223030E+03   -0.2798734451E+03
          97    0.2238601132E+03    0.1150037149E+03   -0.6914826071E+02
          98    0.1641120909E+03    0.1170757908E+03    0.2339922280E+03
          99    0.1554177982E+03    0.1300123605E+03   -0.4191390724E+03
         100    0.1746425890E+03    0.1284854729E+03    0.3904792140E+03
