Model_ID, [(c_i,i=0,n)_j,j=1,ntask]
           1    0.3271778378E+03    0.2691281603E+03   -0.1444629266E+04
           2    0.3116051924E+03    0.2549294031E+03    0.5302441534E+03
           3    0.3073999419E+03    0.2500511838E+03    0.5232090952E+03
           4    0.3272011901E+03    0.2681812543E+03    0.1441372811E+04
           5    0.3120462312E+03   -0.2568730769E+03    0.5246385589E+03
           6    0.2726637778E+03    0.2399075070E+03    0.4849854043E+03
           7    0.3274692753E+03    0.2709734720E+03    0.1333979601E+04
           8    0.3104782439E+03    0.2561242893E+03    0.5282757535E+03
           9    0.3015703627E+03    0.2480110694E+03    0.4681096994E+03
          10    0.3110009434E+03    0.2549043724E+03    0.5326387065E+03
          11    0.3112513974E+03    0.2552222966E+03    0.5336976887E+03
          12    0.2675173868E+03    0.2350040742E+03   -0.4247075844E+03
          13    0.3263948615E+03    0.2670258350E+03   -0.1440783603E+04
          14    0.2672862163E+03    0.2383529259E+03    0.4295206153E+03
          15    0.2833477005E+03    0.2525969422E+03    0.6336344103E+03
          16    0.3265632302E+03    0.2674007022E+03   -0.1433412849E+04
          17    0.3106150856E+03    0.2542671326E+03    0.5310265070E+03
          18    0.3106188966E+03    0.2532758121E+03    0.5329038811E+03
          19    0.2729733283E+03    0.2357011070E+03   -0.4726201372E+03
          20    0.3120058506E+03   -0.2561712943E+03    0.5232739356E+03
          21    0.3136304014E+03   -0.2587352827E+03    0.5147039135E+03
          22    0.3145480299E+03    0.2548131704E+03   -0.4979090613E+03
          23    0.2873900573E+03    0.2686742617E+03   -0.1480266481E+03
          24    0.3264239377E+03    0.2660906817E+03   -0.1437966700E+04
          25    0.3073903895E+03    0.2379289487E+03   -0.4958431712E+03
          26    0.3105599984E+03    0.2550212944E+03    0.5289429249E+03
          27    0.3121909195E+03    0.2563404212E+03    0.5220101299E+03
          28    0.2736522808E+03    0.2409596466E+03   -0.4666381415E+03
          29    0.3256444607E+03    0.2650078750E+03   -0.1437983453E+04
          30    0.2657948748E+03    0.2391202853E+03    0.7485481971E+03
          31    0.3255468823E+03    0.2651836528E+03   -0.1432618312E+04
          32    0.2727119828E+03    0.2410471126E+03    0.4824085260E+03
          33    0.3101830432E+03    0.2534029509E+03    0.5292410652E+03
          34    0.2872839972E+03    0.2724009615E+03   -0.1470645769E+03
          35    0.3254163856E+03    0.2652634418E+03   -0.1428820420E+04
          36    0.2650411086E+03    0.2381545146E+03    0.1303337124E+04
          37    0.3054831373E+03    0.2520536651E+03    0.4735886744E+03
          38    0.3243189129E+03    0.2672332443E+03   -0.1350881721E+04
          39    0.3256796076E+03    0.2640832767E+03   -0.1435693840E+04
          40    0.3436017073E+03    0.3185208197E+03    0.3803415796E+03
          41    0.3200024365E+03   -0.2769982961E+03    0.2101911103E+03
          42    0.3255751814E+03    0.2643519966E+03   -0.1430638064E+04
          43    0.3255543097E+03    0.2645536725E+03   -0.1430174951E+04
          44    0.3255798151E+03    0.2642598658E+03   -0.1430096954E+04
          45    0.3103345296E+03    0.2496557565E+03   -0.4879017144E+03
          46    0.3255538791E+03    0.2644814271E+03   -0.1429663689E+04
          47    0.3203819505E+03   -0.2776102315E+03    0.2125732184E+03
          48    0.3255529950E+03    0.2644087497E+03    0.1429102270E+04
          49    0.3255304820E+03    0.2646083812E+03   -0.1428453910E+04
          50    0.2554128817E+03    0.1042469386E+03    0.6538393497E+03
          51    0.3254475647E+03    0.2643399330E+03   -0.1426100092E+04
          52    0.3318307144E+03    0.2756752097E+03    0.1268186354E+04
          53    0.3379090478E+03   -0.3143446035E+03    0.1233800836E+04
          54    0.1340759216E+03    0.8690435037E+02   -0.5555969558E+03
          55    0.3119698094E+03    0.2505766220E+03    0.5161339659E+03
          56    0.2757995699E+03    0.2417623318E+03   -0.6214396800E+03
          57    0.3134095758E+03    0.2526336274E+03    0.5051032939E+03
          58    0.1624094090E+03    0.1147426049E+03   -0.1020819676E+04
          59    0.2711904397E+03    0.2401541761E+03    0.8322728128E+03
          60    0.3243289538E+03    0.2663277077E+03   -0.1345967854E+04
          61    0.3049393530E+03    0.2340026342E+03    0.5141939093E+03
          62    0.3078432504E+03    0.2458048585E+03    0.5087214245E+03
          63    0.3454699768E+03    0.1636481391E+03    0.4048654394E+03
          64    0.1328656764E+03    0.8959423469E+02   -0.8764058405E+03
          65    0.2681658229E+03    0.2393048486E+03   -0.4121758091E+03
          66    0.3452295346E+03    0.1634212902E+03    0.4054212719E+03
          67    0.3098411839E+03    0.2526359128E+03    0.5278392099E+03
          68    0.3475301621E+03    0.1656487333E+03   -0.4009863702E+03
          69    0.3365449905E+03    0.2962306964E+03    0.9103004782E+03
          70    0.2678172890E+03    0.2357074922E+03    0.6251280478E+03
          71    0.3063235405E+03    0.2358607458E+03    0.5024808299E+03
          72    0.3208613663E+03    0.2758458550E+03    0.1272095921E+04
          73    0.3606907905E+03    0.3411723517E+03    0.4266742110E+03
          74    0.3313864297E+03    0.2729948582E+03    0.1201179618E+04
          75    0.3235094133E+03   -0.2543044759E+03   -0.4912283716E+03
          76    0.3092444361E+03    0.2476629290E+03    0.4961839722E+03
          77    0.3311099391E+03    0.2738134370E+03    0.1263394576E+04
          78    0.3080497821E+03    0.2565507381E+03    0.4253753902E+03
          79    0.3134203098E+03    0.2558814904E+03   -0.4946265204E+03
          80    0.3299562139E+03    0.2761317602E+03    0.1194037488E+04
          81    0.3310204244E+03    0.2740791652E+03    0.1259129573E+04
          82    0.3317807662E+03    0.2734422406E+03    0.1359585656E+04
          83    0.2666376629E+03    0.2361336005E+03    0.4296689617E+03
          84    0.2675382172E+03    0.2359813500E+03   -0.4216753803E+03
          85    0.3310049928E+03    0.2742068706E+03    0.1258373684E+04
          86    0.3310210731E+03    0.2739894775E+03    0.1258635880E+04
          87    0.3138340600E+03   -0.2545663780E+03    0.4994373583E+03
          88    0.3046626658E+03    0.2367865561E+03    0.5123980351E+03
          89    0.3043590038E+03    0.2533206061E+03    0.4714354208E+03
          90    0.3139597042E+03    0.2547249087E+03   -0.4995252414E+03
          91    0.2730254472E+03    0.2368061322E+03   -0.4698159980E+03
          92    0.3142142152E+03    0.2550582376E+03   -0.5007174443E+03
          93    0.3222291866E+03   -0.2521544838E+03   -0.4883994685E+03
          94    0.3124099805E+03   -0.2524853911E+03    0.5100317085E+03
          95    0.2719414485E+03    0.2370316076E+03    0.4813743623E+03
          96    0.3599216303E+03    0.3512423060E+03    0.7934695055E+03
          97    0.2673037905E+03    0.2393513628E+03    0.4266527366E+03
          98    0.2646759834E+03    0.1087297907E+03   -0.4865478043E+03
          99    0.3071599868E+03    0.2550421477E+03    0.4269912549E+03
         100    0.3308870082E+03    0.2740497679E+03    0.1253911926E+04
