Model_ID, [(c_i,i=0,n)_j,j=1,ntask]
           1    0.1719985322E+02    0.7257787985E+02    0.3758472829E+03
           2    0.6090419122E+02   -0.4856959515E+02   -0.1871238133E+04
           3    0.1699452469E+02    0.7303249210E+02    0.3839567019E+03
           4    0.1723424227E+02    0.7257205976E+02    0.3778330590E+03
           5    0.1528438216E+02    0.7470370630E+02    0.3594536049E+03
           6    0.1532088812E+02    0.7468315966E+02    0.3609636172E+03
           7    0.5181512462E+02   -0.3939120244E+02   -0.1704371831E+04
           8    0.5183576537E+02   -0.3970623507E+02   -0.1715777072E+04
           9    0.1490960094E+02    0.7478105784E+02    0.2060083169E+03
          10    0.6036988287E+02   -0.4774702097E+02   -0.1835512058E+04
          11    0.1515166049E+02    0.7439782842E+02   -0.2025250298E+03
          12    0.1916978885E+02   -0.7410495751E+02    0.2148701323E+03
          13    0.1517386192E+02    0.7482795956E+02    0.3614974031E+03
          14    0.1674261522E+02   -0.7406126743E+02    0.1590496123E+03
          15    0.1656073668E+02   -0.7419028611E+02    0.1601303242E+03
          16    0.5180056342E+02   -0.3977840062E+02   -0.1717084660E+04
          17    0.5146760452E+02   -0.3879002079E+02   -0.1672869404E+04
          18    0.1669730742E+02    0.7360000533E+02    0.2806442652E+03
          19    0.1667948102E+02    0.7363690704E+02    0.2810619096E+03
          20    0.1907415286E+02   -0.7395171833E+02    0.2133780107E+03
          21    0.2067257130E+02   -0.6916184201E+02    0.3224408268E+03
          22    0.1399271146E+02    0.7503236852E+02    0.2084826591E+03
          23    0.1475464756E+02    0.7577308953E+02    0.2685770913E+03
          24    0.1480010377E+02   -0.7466623241E+02    0.3470756552E+03
          25    0.6758390956E+02   -0.3064569563E+02    0.3001783235E+03
          26    0.1474508263E+02    0.7578175984E+02    0.2686195465E+03
          27    0.1433448420E+02   -0.7505890757E+02    0.2019159020E+03
          28    0.1425488248E+02    0.7460553424E+02   -0.2046072957E+03
          29    0.5178444163E+02   -0.3807830109E+02   -0.1851047822E+04
          30    0.2068779562E+02   -0.6920382376E+02    0.3246114879E+03
          31    0.7058938345E+02   -0.3089460701E+02    0.2732184446E+03
          32    0.1573003320E+02    0.7448453186E+02    0.1605793806E+03
          33    0.1479851374E+02   -0.7476575969E+02    0.3504810413E+03
          34    0.2055559546E+02   -0.6913440188E+02    0.3222451188E+03
          35    0.1457876864E+02   -0.7466916164E+02   -0.1984080945E+03
          36    0.1452575142E+02    0.7446535479E+02    0.3555761060E+03
          37    0.1592810208E+02    0.7431736599E+02    0.1594177806E+03
          38    0.4900609830E+02   -0.4288334967E+02    0.2803652870E+03
          39    0.4894660488E+02   -0.4273787714E+02    0.2707706399E+03
          40    0.1452057260E+02    0.7457797703E+02    0.3592935716E+03
          41    0.1681687705E+02    0.7261289466E+02    0.1563014939E+03
          42    0.1699833282E+02    0.7247889974E+02    0.1552290578E+03
          43    0.5056359257E+02   -0.2197960497E+02   -0.1667664794E+04
          44    0.2056815846E+02   -0.6918729871E+02    0.3246279024E+03
          45    0.5092280382E+02   -0.3948058254E+02   -0.1679455261E+04
          46    0.4749459767E+02   -0.4033770804E+02    0.1197946935E+03
          47    0.5927627164E+02   -0.4580022630E+02   -0.1757332479E+04
          48    0.6010769230E+02   -0.4722820663E+02   -0.1816319563E+04
          49    0.1676305166E+02    0.7291164417E+02    0.1574434753E+03
          50    0.5089663122E+02   -0.3687796157E+02   -0.1777114251E+04
          51    0.4753229162E+02   -0.4017489770E+02    0.5457175484E+03
          52    0.1694498504E+02    0.7277753363E+02    0.1563665388E+03
          53    0.6666051719E+02   -0.2929008114E+02    0.2684108561E+03
          54    0.5088042076E+02   -0.3730585191E+02   -0.1792981961E+04
          55    0.5999334456E+02    0.4704787127E+02   -0.1808611832E+04
          56    0.1975585573E+02    0.7243561920E+02    0.2102806121E+03
          57    0.1703636203E+02   -0.7268285020E+02    0.1558315240E+03
          58    0.1642864077E+02    0.7440617801E+02    0.1686921102E+03
          59    0.4887401178E+02   -0.4257376185E+02    0.2627862411E+03
          60    0.5173079781E+02   -0.3812397816E+02   -0.1851746745E+04
          61    0.4934223933E+02   -0.4147897848E+02    0.2664816651E+03
          62    0.4934174246E+02   -0.4145220534E+02    0.2659390518E+03
          63    0.1673768029E+02    0.7266985814E+02    0.1550117299E+03
          64    0.1668113893E+02    0.7316558403E+02    0.3303280625E+03
          65    0.4728457884E+02   -0.3996518778E+02    0.3619312990E+03
          66    0.1941801380E+02    0.7231442342E+02    0.2074824815E+03
          67    0.4740595418E+02   -0.4028893007E+02   -0.1273270098E+03
          68    0.5987190188E+02    0.4684459727E+02   -0.1800256372E+04
          69    0.1695861330E+02    0.7246407179E+02    0.3168748666E+03
          70    0.4687753610E+02   -0.4071999105E+02    0.3619860768E+03
          71    0.1672581064E+02    0.7316717080E+02    0.1585006705E+03
          72    0.1944170958E+02   -0.7261413962E+02    0.2093342975E+03
          73    0.1467965220E+02   -0.7482250013E+02    0.3493893715E+03
          74    0.1690804651E+02    0.7303320521E+02    0.1574202424E+03
          75    0.2058871683E+02   -0.6921184627E+02    0.3223690572E+03
          76    0.5084805657E+02   -0.3738336534E+02   -0.1794843241E+04
          77    0.5092716815E+02   -0.3673832334E+02   -0.1773623643E+04
          78    0.4999082586E+02   -0.3670579133E+02   -0.1587959269E+04
          79    0.2006535930E+02    0.7204127188E+02    0.2097893669E+03
          80    0.6943853979E+02   -0.3147480495E+02    0.2942246463E+03
          81    0.4727581964E+02   -0.3962162645E+02    0.3511979903E+03
          82    0.3859055492E+02   -0.2924967153E+02    0.3391012640E+03
          83    0.1938676770E+02    0.7259436532E+02    0.2088325520E+03
          84    0.4732744816E+02   -0.3971355383E+02    0.3558853127E+03
          85    0.4883798826E+02   -0.4214030545E+02    0.3649780541E+03
          86    0.5106409682E+02   -0.3832039565E+02   -0.1646193281E+04
          87    0.1631035759E+02    0.7433636854E+02    0.1690801069E+03
          88    0.4926173476E+02   -0.4069804852E+02    0.3504545725E+03
          89    0.4993627960E+02   -0.3738671196E+02    0.3229151731E+03
          90    0.4686968774E+02   -0.4035834167E+02    0.3508950468E+03
          91    0.4692024152E+02   -0.4045156485E+02    0.3555654138E+03
          92    0.2084517013E+02    0.6771305501E+02    0.3140740150E+03
          93    0.5084360002E+02   -0.3692051646E+02   -0.1777694852E+04
          94    0.4875512662E+02   -0.4225256586E+02    0.3578007033E+03
          95    0.4924260092E+02   -0.4037990953E+02    0.3407802912E+03
          96    0.4982126694E+02   -0.3808271606E+02   -0.1628252027E+04
          97    0.2088168705E+02   -0.6794658550E+02    0.3165885340E+03
          98    0.4929698820E+02   -0.4047054138E+02    0.3452883504E+03
          99    0.2013435711E+02    0.7199192980E+02    0.2111174598E+03
         100    0.5158943370E+02    0.3629450013E+02   -0.1832295020E+04
