     Index              y_true              y_pred        descriptor_1        descriptor_2
         1    0.4390000000E+01    0.3659879228E+01   -0.1970863000E-01   -0.4195100000E-02
         2    0.9540000000E+01    0.9464336136E+01    0.9720308000E-01   -0.7058700000E-01
         3    0.6070000000E+01    0.7112614800E+01   -0.2416995600E+00   -0.2768303000E+00
         4    0.3140000000E+01   -0.1881441823E+00   -0.2775432600E+00   -0.1043912800E+00
         5    0.4660000000E+01    0.4897144654E+01    0.1890600000E-01   -0.7395880000E-02
         6    0.2213000000E+02    0.1917715537E+02    0.3854265800E+00   -0.1076377000E+00
         7    0.5650000000E+01    0.3002952263E+01    0.4695600000E-02    0.3341655000E-01
         8    0.2309000000E+02    0.2004746242E+02    0.3331728000E+00   -0.1733985000E+00
         9    0.6650000000E+01    0.4370986267E+01    0.3406012000E-01    0.1921630000E-01
        10    0.2455000000E+02    0.2382483560E+02    0.3048606000E+00   -0.3000898100E+00
        11    0.3600000000E+01    0.5940554036E+01   -0.2630061000E-01   -0.7228921000E-01
        12    0.1546000000E+02    0.1120687133E+02    0.2331542200E+00   -0.9865040000E-02
        13    0.2305000000E+02    0.2325835727E+02    0.8084548500E+00    0.1182419400E+00
        14    0.7530000000E+01    0.1659924779E+02    0.1954897000E+00   -0.1885216300E+00
        15    0.1040000000E+01    0.1465238065E+01   -0.2181166800E+00   -0.1024107700E+00
        16    0.4060000000E+01    0.5858516567E+01   -0.2740650000E-02   -0.5118838000E-01
        17    0.6970000000E+01    0.5133334091E+01    0.1317570000E-01   -0.1848441000E-01
        18    0.2638000000E+02    0.2033663751E+02    0.5599608800E+00    0.0000000000E+00
        19    0.1560000000E+01    0.5237523157E+00   -0.2106264600E+00   -0.7048704000E-01
        20    0.1925000000E+02    0.1924569900E+02    0.7773662000E+00    0.2039110400E+00
        21    0.1470000000E+02    0.1631930002E+02    0.3779682000E+00   -0.3488100000E-01
        22    0.4200000000E+00    0.2554450413E+01   -0.5027482000E-01    0.1810560000E-02
        23    0.3366000000E+02    0.3662866662E+02    0.1108977360E+01   -0.9720760000E-02
        24    0.1128000000E+02    0.1111096276E+02    0.1392076800E+00   -0.8235288000E-01
        25    0.4360000000E+01    0.6071772667E+01    0.1114189000E+00    0.3423154000E-01
        26    0.5980000000E+01    0.3826205808E+01    0.8879780000E-02    0.1408569000E-01
        27    0.2492000000E+02    0.3517998415E+02    0.9342945000E+00   -0.1095110800E+00
        28    0.1337000000E+02    0.1584323090E+02    0.3706439800E+00   -0.2762464000E-01
        29    0.2280000000E+01    0.7486190990E+01    0.1019320500E+00   -0.1231610000E-01
        30    0.1316000000E+02    0.1318631235E+02    0.8296780000E-01   -0.1844949600E+00
        31    0.1002000000E+02    0.2104134432E+02    0.5538822800E+00   -0.2427264000E-01
        32    0.1262000000E+02    0.1681406169E+02    0.3362175600E+00   -0.8189776000E-01
        33    0.2613000000E+02    0.2194138592E+02    0.3818632500E+00   -0.1866295900E+00
        34    0.3850000000E+02    0.3031636672E+02    0.8831809200E+00   -0.1641591000E-01
        35    0.4660000000E+01    0.6657368144E+01    0.6041618000E-01   -0.2268624000E-01
        36    0.4090000000E+02    0.2886513084E+02    0.6875407500E+00   -0.1328956000E+00
        37    0.2977000000E+02    0.2730049655E+02    0.6603948000E+00   -0.1115056800E+00
        38    0.7980000000E+01    0.8113015918E+01   -0.2377228000E-01   -0.1301089600E+00
        39    0.6140000000E+01    0.2958484075E+01   -0.4410000000E-02    0.2735964000E-01
        40    0.2141000000E+02    0.2190874147E+02    0.4712392600E+00   -0.1142557700E+00
        41    0.1000000000E+00    0.3449768673E+01   -0.2170000000E-01    0.0000000000E+00
        42    0.7350000000E+01    0.5969328445E+01   -0.9127552000E-01   -0.1250427000E+00
