        Rank        RMSE       MaxAE  Feature_ID
           1   24.341801   59.570371  (      51   12553)
           2   24.658927   56.863239  (      51   16791)
           3   24.716123   56.411304  (      55   10001)
           4   25.040008   69.805413  (       1   10005)
           5   25.064871   61.038802  (      11   13272)
           6   25.075511   61.155041  (      11   11008)
           7   25.092136   67.538830  (      55   10708)
           8   25.100102   66.231710  (       1   10207)
           9   25.114575   66.568261  (      55   10349)
          10   25.219122   58.161674  (      11   10574)
          11   25.243444   59.368285  (      11   10207)
          12   25.323639   70.983806  (      51   10708)
          13   25.325727   60.313235  (      11   10378)
          14   25.354894   56.429915  (      11   10001)
          15   25.465208   66.224211  (       1   10574)
          16   25.481531   68.734703  (      51   10349)
          17   25.506246   60.961400  (      11   12181)
          18   25.507207   61.342956  (      11   11953)
          19   25.563324   60.981044  (      11   12963)
          20   25.589050   62.396300  (      11   11871)
          21   25.594567   59.370515  (      11   19761)
          22   25.599501   68.066561  (      55   11231)
          23   25.619295   62.407654  (      51   12398)
          24   25.629157   62.135399  (       7   10001)
          25   25.644377   61.016098  (      11   11603)
          26   25.664089   62.783843  (      11   11678)
          27   25.673407   61.726834  (      11   11109)
          28   25.704269   60.408624  (      11   11741)
          29   25.710730   63.594044  (       5   10349)
          30   25.718660   62.359369  (      11   11541)
          31   25.719402   61.792847  (      11   10048)
          32   25.722654   63.121768  (      11   16192)
          33   25.723780   60.532366  (      11   12767)
          34   25.724703   57.451248  (      11   19452)
          35   25.785013   56.553433  (       5   11034)
          36   25.787189   60.789200  (      11   11710)
          37   25.816561   59.947493  (       5   13270)
          38   25.817184   61.690095  (      51   10276)
          39   25.824054   65.036436  (      51   18103)
          40   25.851130   68.664395  (       1   10202)
          41   25.860512   69.669302  (      55   12398)
          42   25.861877   66.413622  (      55   12620)
          43   25.862753   61.016378  (      11   11817)
          44   25.862869   61.295879  (      11   11735)
          45   25.870324   68.460020  (       1   10130)
          46   25.888581   59.909354  (       1   10025)
          47   25.891919   60.946640  (      11   11894)
          48   25.895565   59.479096  (       5   10168)
          49   25.901178   60.922853  (      11   11926)
          50   25.902743   60.919013  (      11   11929)
          51   25.903253   60.952748  (      51   10001)
          52   25.904322   60.915174  (      11   11930)
          53   25.914733   60.891417  (      11   11961)
          54   25.919399   59.660476  (       5   10158)
          55   25.923262   60.221141  (       5   11863)
          56   25.927316   64.030385  (      11   10005)
          57   25.931166   62.300253  (      11   11992)
          58   25.932514   59.390898  (       5   10205)
          59   25.933648   62.418170  (       5   10163)
          60   25.945669   60.821819  (      11   12087)
          61   25.965218   57.558741  (     272   12553)
          62   25.970739   67.660906  (       1   10225)
          63   25.978201   83.776990  (     991   10005)
          64   25.979779   62.274115  (      11   13197)
          65   25.988211   65.925435  (       1   10135)
          66   25.996966   72.697898  (    9564   12542)
          67   26.002446   59.736078  (      55   10062)
          68   26.011797   56.960054  (       5   13447)
          69   26.016680   63.165502  (       1   10001)
          70   26.023741   74.376671  (      11   18180)
          71   26.024272   67.395584  (     707   16072)
          72   26.028366   68.735372  (      51   12620)
          73   26.034665   62.081776  (      11   11819)
          74   26.035938   72.564713  (    9564   12881)
          75   26.036582   66.002524  (     707   11037)
          76   26.043163   60.544124  (      11   12359)
          77   26.044651   57.156438  (       5   10276)
          78   26.046244   62.178917  (       5   11231)
          79   26.059349   53.012012  (     707   17302)
          80   26.059829   68.059934  (       1   10100)
          81   26.070059   61.106542  (      11   12252)
          82   26.074829   70.682304  (       1   12377)
          83   26.083199   83.855047  (      11   13080)
          84   26.094381   89.828455  (     781   13976)
          85   26.119492   60.307690  (       5   10340)
          86   26.121849   60.954976  (      11   12883)
          87   26.123100   62.228334  (       1   10012)
          88   26.126748   62.110356  (      11   11780)
          89   26.139745   58.710853  (      55   10276)
          90   26.151916   62.224402  (     154   10349)
          91   26.157931   62.331850  (       5   13436)
          92   26.158417   62.994174  (      11   14767)
          93   26.168136   68.946931  (       1   10530)
          94   26.173961   69.263732  (      55   18103)
          95   26.175229   67.703729  (    2933   12398)
          96   26.179176   69.818865  (       1   10137)
          97   26.184362   68.312629  (       1   10212)
          98   26.197907   65.394160  (       1   12366)
          99   26.199897   59.772244  (      11   12896)
         100   26.206477   59.314878  (       5   10420)
