Model_ID, [(c_i,i=0,n)_j,j=1,ntask]
           1    0.5070584722E+02    0.3176713008E+03   -0.4712028969E+02
           2    0.5108406808E+02    0.3172008989E+03   -0.4686552874E+02
           3    0.4014265145E+02    0.3080030785E+03   -0.3513717047E+02
           4    0.4420925547E+02    0.3139064151E+03   -0.3560169709E+02
           5    0.4053965282E+02    0.3057284594E+03   -0.3574533307E+02
           6    0.4581727297E+02    0.3144644029E+03   -0.3716111614E+02
           7    0.5264302023E+02    0.3038594771E+03   -0.5341969357E+02
           8    0.4072679346E+02    0.3026438827E+03   -0.3610166874E+02
           9    0.3839171619E+02    0.3180802805E+03   -0.3266203452E+02
          10    0.5000251157E+02   -0.2217807546E+03   -0.4545617252E+02
          11    0.4218663366E+02    0.3242176290E+03   -0.3289139327E+02
          12    0.5179922252E+02   -0.2061060667E+03   -0.4760277617E+02
          13    0.5180081916E+02    0.3079703793E+03   -0.5156583980E+02
          14    0.4245313908E+02    0.3318028728E+03   -0.3243237482E+02
          15    0.4244684326E+02    0.3318704133E+03   -0.3241792885E+02
          16    0.4239815122E+02    0.3323783371E+03   -0.3230592146E+02
          17    0.4233697199E+02    0.3262196606E+03   -0.3417635045E+02
          18    0.5012594561E+02   -0.2989331079E+03   -0.4699856040E+02
          19    0.4961022260E+02   -0.3029224155E+03   -0.4582924583E+02
          20    0.5247455247E+02   -0.2031243331E+03   -0.4906793013E+02
          21    0.3908315045E+02    0.3122572570E+03   -0.3474610864E+02
          22    0.3826806556E+02    0.3170681389E+03    0.3258642783E+02
          23    0.4343840461E+02    0.3333812014E+03   -0.3528519179E+02
          24    0.5266015824E+02   -0.2113554643E+03   -0.5146699615E+02
          25    0.5347055200E+02   -0.3237205433E+03   -0.4575415094E+02
          26    0.3804272769E+02    0.3207699005E+03    0.3184646640E+02
          27    0.4005649191E+02    0.2994171617E+03   -0.3464232083E+02
          28    0.3999268834E+02    0.2997596562E+03   -0.3451519142E+02
          29    0.3769532095E+02    0.2962939652E+03    0.3184602656E+02
          30    0.3820511109E+02    0.3092589232E+03    0.3282030461E+02
          31    0.2510724631E+02   -0.3128281059E+03    0.3444545712E+03
          32    0.5219823053E+02    0.2457035300E+03   -0.5113247653E+02
          33    0.2155975504E+02   -0.3431510063E+03   -0.3741926661E+03
          34    0.2296878072E+02   -0.3126053542E+03    0.2693100875E+03
          35    0.3626276196E+02    0.3111196631E+03   -0.2649195713E+02
          36    0.3508658769E+02    0.3175065132E+03    0.2721342584E+02
          37    0.4158582804E+02    0.3387310015E+03   -0.3039587902E+02
          38    0.3681174256E+02    0.3122352437E+03    0.3120638102E+02
          39    0.3765520183E+02    0.3010316051E+03    0.2823863063E+02
          40    0.2644937750E+02   -0.2919474632E+03   -0.4668018490E+03
          41    0.3885244943E+02    0.3045894499E+03    0.3381036316E+02
          42    0.4067149754E+02    0.2948228352E+03   -0.3581932704E+02
          43    0.2375565233E+02   -0.3307340180E+03    0.3822905574E+03
          44    0.3660773696E+02    0.3158793879E+03    0.3044089010E+02
          45    0.4117236741E+02    0.2905745971E+03    0.3608779633E+02
          46    0.4067673539E+02    0.2938590330E+03   -0.3581181641E+02
          47    0.3641191867E+02    0.3144421933E+03   -0.3027036196E+02
          48    0.3834578799E+02    0.2962996326E+03   -0.3007941752E+02
          49    0.3857547334E+02    0.2929238706E+03   -0.2897338972E+02
          50    0.4336888077E+02    0.3348528760E+03   -0.3304437907E+02
          51    0.4336243861E+02    0.3349203157E+03   -0.3303030604E+02
          52    0.4332041307E+02    0.3353480711E+03   -0.3293827416E+02
          53    0.4419601630E+02    0.3234203294E+03   -0.3527006087E+02
          54    0.3519464368E+02    0.3378641206E+03    0.2816372372E+02
          55    0.4329971762E+02    0.3293261456E+03   -0.3485434837E+02
          56    0.3849225271E+02    0.3071706514E+03    0.3313998724E+02
          57    0.3531287001E+02    0.3349481360E+03    0.2863215111E+02
          58    0.3950640767E+02    0.3023382468E+03    0.3380499859E+02
          59    0.4251896794E+02    0.2953811249E+03    0.3567468077E+02
          60    0.3502624271E+02    0.3363642133E+03   -0.2804333201E+02
          61    0.4762300263E+02   -0.3136450221E+03   -0.3680808480E+02
          62    0.3712345735E+02    0.3020954034E+03    0.3216367961E+02
          63    0.4663588453E+02    0.2267791959E+03   -0.4217231637E+02
          64    0.3729857312E+02    0.3009448354E+03    0.3247139390E+02
          65    0.3709203744E+02    0.3023059627E+03    0.3209069447E+02
          66    0.4185116359E+02    0.3358450390E+03   -0.3167979387E+02
          67    0.4612449942E+02    0.2295146546E+03   -0.4105131651E+02
          68    0.3731146944E+02    0.3122903823E+03   -0.2768645401E+02
          69    0.3706017432E+02    0.3025180452E+03    0.3201556702E+02
          70    0.3435220252E+02    0.3200523753E+03    0.2614352773E+02
          71    0.5067385328E+02   -0.1939557997E+03   -0.4630036945E+02
          72    0.5384465421E+02   -0.2566547941E+03   -0.4350114508E+02
          73    0.3721479821E+02    0.3114253458E+03   -0.2765377291E+02
          74    0.3834318453E+02   -0.2914832793E+03   -0.3677597484E+02
          75    0.5076020831E+02    0.3039724097E+03   -0.4772588524E+02
          76    0.4979180360E+02   -0.2686375811E+03   -0.4708180589E+02
          77    0.3764487636E+02    0.3019453196E+03   -0.2895739683E+02
          78    0.4916151963E+02    0.3239829649E+03   -0.4653415235E+02
          79    0.4701092887E+02    0.2432800234E+03   -0.4063172044E+02
          80    0.4999257030E+02    0.3049285409E+03   -0.4711581279E+02
          81    0.4430445979E+02    0.3231991291E+03   -0.3465625078E+02
          82    0.3964007620E+02    0.2934159321E+03    0.3412637770E+02
          83    0.5080818511E+02   -0.2475877902E+03    0.4931597975E+02
          84    0.4691205798E+02    0.1957654824E+03   -0.4095403720E+02
          85    0.4781885542E+02    0.2068220212E+03   -0.4421446407E+02
          86    0.4515202773E+02    0.2421918986E+03   -0.3858794180E+02
          87    0.4932186529E+02   -0.2422270536E+03    0.4827665229E+02
          88    0.3537778631E+02    0.3157085488E+03    0.2978786869E+02
          89    0.4818007095E+02   -0.6350726030E+03   -0.3416036146E+02
          90    0.3629249514E+02    0.3205467320E+03   -0.2996512718E+02
          91    0.3934898276E+02    0.3041489170E+03   -0.3445039264E+02
          92    0.3989913804E+02    0.3198735210E+03   -0.3578336118E+02
          93    0.3983034072E+02    0.3002042204E+03   -0.3465485802E+02
          94    0.4498528986E+02   -0.3196721920E+03   -0.3884749817E+02
          95    0.3675713232E+02   -0.3038731658E+03   -0.3585524135E+02
          96    0.4480602360E+02    0.2279668948E+03   -0.3720976019E+02
          97    0.2386922029E+02   -0.3350631788E+03    0.1144682893E+04
          98    0.4736586749E+02    0.3184207837E+03   -0.4324696965E+02
          99    0.3736425427E+02    0.3234989450E+03   -0.3337619254E+02
         100    0.5105921862E+02   -0.1908865881E+03   -0.4710612054E+02
