Model_ID, [(c_i,i=0,n)_j,j=1,ntask]
           1    0.1958677441E+03    0.1146819781E+03   -0.4793598748E+03
           2    0.1956556856E+03    0.1142147622E+03    0.4766475710E+03
           3    0.1853075081E+03    0.1190036096E+03    0.1018771377E+04
           4    0.1972951418E+03    0.1161278601E+03   -0.4930633074E+03
           5    0.1949696997E+03    0.1140456617E+03    0.4648627102E+03
           6    0.1921609527E+03    0.1142216903E+03    0.6162310385E+03
           7    0.2011104171E+03    0.1084262552E+03    0.2662369992E+03
           8    0.2429165611E+03    0.1413276343E+03    0.6839985343E+03
           9    0.1936514199E+03    0.1154605516E+03    0.4721391295E+03
          10    0.1929624200E+03    0.1144572752E+03    0.6293905410E+03
          11    0.1939764354E+03    0.1141467964E+03   -0.4559464906E+03
          12    0.1968756634E+03   -0.1258631457E+03    0.1237137766E+04
          13    0.1950305326E+03    0.1138254818E+03    0.4586299822E+03
          14    0.1950388405E+03    0.1138075082E+03   -0.4585034256E+03
          15    0.1938313484E+03    0.1141831421E+03    0.4550264011E+03
          16    0.1950512259E+03    0.1137804447E+03    0.4583084713E+03
          17    0.1950634911E+03    0.1137533191E+03    0.4581078131E+03
          18    0.1950715858E+03    0.1137352353E+03   -0.4579711399E+03
          19    0.1945396417E+03    0.1138822912E+03   -0.4490411634E+03
          20    0.2082322214E+03    0.1344451727E+03    0.3641026519E+03
          21    0.1944802467E+03    0.1139961902E+03    0.4554475448E+03
          22    0.1952736934E+03    0.1142451075E+03    0.4645832292E+03
          23    0.1955765808E+03    0.1135246303E+03    0.4585354619E+03
          24    0.3348280842E+03   -0.1209217299E+03    0.2462404183E+03
          25    0.1980916384E+03    0.1119162582E+03   -0.4338698752E+03
          26    0.1934574573E+03    0.1149989055E+03    0.4696810318E+03
          27    0.1967896672E+03    0.1157227748E+03    0.4766905039E+03
          28    0.1970230061E+03   -0.1264464535E+03    0.1215838199E+04
          29    0.1969913010E+03   -0.1202181693E+03   -0.2640714631E+03
          30    0.1964926006E+03    0.1130710657E+03   -0.4571573865E+03
          31    0.2033160390E+03    0.1027555577E+03   -0.2052374881E+04
          32    0.1940523303E+03   -0.1164078212E+03    0.1158250808E+04
          33    0.1940355547E+03    0.1135973103E+03    0.4356669248E+03
          34    0.1946667610E+03    0.1132028959E+03    0.4430879744E+03
          35    0.1946702078E+03    0.1138821919E+03    0.4557784219E+03
          36    0.1934080979E+03    0.1142912414E+03    0.4468813478E+03
          37    0.2114082202E+03    0.1358735117E+03   -0.9691373654E+03
          38    0.1984106341E+03    0.1116179202E+03    0.4268727111E+03
          39    0.2012779520E+03    0.1105424148E+03    0.1025569834E+04
          40    0.1956545378E+03    0.1111435430E+03   -0.8609926349E+03
          41    0.3302363081E+03   -0.1292259713E+03   -0.4619950422E+03
          42    0.3289662960E+03   -0.1248206871E+03    0.2811745126E+03
          43    0.1959507681E+03    0.1132884078E+03    0.4517806774E+03
          44    0.1947963201E+03    0.1142886343E+03    0.4647064696E+03
          45    0.1967954424E+03    0.1119812476E+03    0.2112855020E+03
          46    0.1874301434E+03    0.1187780007E+03    0.6693555515E+03
          47    0.3302951959E+03   -0.1289726021E+03    0.4569396870E+03
          48    0.2087484249E+03    0.1058377319E+03   -0.2728777573E+03
          49    0.2469410395E+03    0.1352203901E+03    0.4394012984E+03
          50    0.1939916593E+03   -0.1157002512E+03    0.1163394496E+04
          51    0.1960493237E+03    0.1132187052E+03   -0.4503410555E+03
          52    0.1899877400E+03    0.1137237349E+03   -0.2046002939E+04
          53    0.2751830879E+03   -0.1945229803E+03    0.6173634912E+03
          54    0.1969930960E+03   -0.1255064777E+03    0.1193926751E+04
          55    0.2776823768E+03   -0.1873979645E+03    0.6176492567E+03
          56    0.1931163097E+03    0.1099098228E+03    0.3196664805E+03
          57    0.2796258116E+03   -0.1820404585E+03    0.3545513914E+03
          58    0.2013113380E+03    0.1222252339E+03    0.5241444476E+03
          59    0.1708685569E+03    0.9312763722E+02    0.8774379037E+03
          60    0.1963978422E+03    0.1131505102E+03    0.4521569309E+03
          61    0.1916320764E+03    0.1162346711E+03    0.4646287603E+03
          62    0.2417694981E+03    0.1406985299E+03    0.5702608597E+03
          63    0.2016157075E+03    0.1226087505E+03   -0.5237012587E+03
          64    0.1985863081E+03    0.1128037748E+03   -0.9303893266E+03
          65    0.1950998824E+03    0.1169644019E+03    0.4861761556E+03
          66    0.1949135847E+03    0.1133614578E+03    0.4405759842E+03
          67    0.1957657706E+03    0.1115289698E+03    0.3470989558E+03
          68    0.1993177693E+03    0.1138072807E+03    0.9061735692E+03
          69    0.1925122644E+03    0.1156573774E+03   -0.2217147489E+04
          70    0.1926533912E+03    0.1149553074E+03   -0.4481747112E+03
          71    0.1996729972E+03   -0.1199621675E+03    0.2123518761E+03
          72    0.3243506828E+03   -0.1297686412E+03   -0.6300646528E+03
          73    0.1836959766E+03   -0.1287430147E+03   -0.4334213028E+03
          74    0.1915599849E+03    0.1158927907E+03    0.4606115393E+03
          75    0.2136750036E+03    0.1227687095E+03    0.6042151185E+03
          76    0.2544081653E+03    0.1409732919E+03    0.1343981908E+04
          77    0.1984480985E+03    0.1107243184E+03   -0.3895685023E+03
          78    0.1891625797E+03    0.1127099685E+03    0.5513546022E+03
          79    0.2772100682E+03    0.1860656952E+03    0.3531996858E+03
          80    0.1876491857E+03    0.1165091100E+03   -0.5101199186E+03
          81    0.1907047519E+03    0.1162969911E+03   -0.4558802769E+03
          82    0.1976862049E+03    0.1124992615E+03   -0.4487057456E+03
          83    0.1911273877E+03    0.1150767703E+03    0.6189879105E+03
          84    0.1905667869E+03    0.1163301264E+03    0.4550163932E+03
          85    0.1924564344E+03    0.1146769164E+03    0.4421824863E+03
          86    0.2006331091E+03    0.1082153090E+03    0.6175968017E+03
          87    0.1959198226E+03    0.1109039396E+03    0.2185495126E+03
          88    0.1921727657E+03   -0.1222435205E+03   -0.2591048030E+03
          89    0.1917322205E+03    0.1159761376E+03    0.4579306974E+03
          90    0.1917411599E+03    0.1159571520E+03   -0.4577814026E+03
          91    0.1950387355E+03    0.1140660637E+03    0.4547274323E+03
          92    0.1917545247E+03    0.1159285453E+03    0.4575521243E+03
          93    0.2754263685E+03   -0.1946393384E+03   -0.6047039237E+03
          94    0.1912278747E+03    0.1160593267E+03   -0.4466593218E+03
          95    0.1917678057E+03    0.1158998498E+03    0.4573169614E+03
          96    0.1917765965E+03    0.1158807066E+03   -0.4571572299E+03
          97    0.1983825561E+03    0.1105452558E+03    0.3880667539E+03
          98    0.3343492391E+03    0.1206050568E+03    0.1088313940E+04
          99    0.1912081949E+03    0.1161366238E+03    0.4550068473E+03
         100    0.1837463410E+03    0.1191537883E+03    0.6154241353E+03
