Model_ID, [(c_i,i=0,n)_j,j=1,ntask]
           1    0.2809120578E+03    0.2108318509E+03    0.3592383130E+03
           2    0.2797763090E+03    0.2072386782E+03    0.2836592204E+03
           3    0.2876505516E+03    0.1821537136E+03    0.4011594456E+03
           4    0.2848719197E+03    0.2124647033E+03    0.2974834113E+03
           5    0.2796152699E+03    0.2142456089E+03   -0.3408206376E+03
           6    0.3005857768E+03    0.1881426123E+03    0.4424434798E+03
           7    0.2810070161E+03    0.2114329061E+03    0.3506764846E+03
           8    0.2996707008E+03    0.1823273757E+03    0.4419241577E+03
           9    0.2852162744E+03    0.2058237109E+03    0.6932647455E+03
          10    0.2851307721E+03    0.1772145860E+03    0.4119248930E+03
          11    0.2850951735E+03    0.2244729224E+03    0.4497194111E+03
          12    0.3311423843E+03    0.1116808598E+03    0.4685235385E+03
          13    0.2807485143E+03    0.2116932601E+03    0.3503080417E+03
          14    0.2876997499E+03    0.2198810001E+03    0.3303842530E+03
          15    0.3027914666E+03    0.1874251768E+03    0.4112686986E+04
          16    0.2834099957E+03   -0.1974994396E+03    0.4682890297E+03
          17    0.2847087520E+03    0.2045946483E+03    0.7016157542E+03
          18    0.2788494173E+03    0.1990287074E+03    0.3847623712E+03
          19    0.2874922372E+03    0.1772223649E+03    0.3927824600E+03
          20    0.3001202611E+03    0.2024823519E+03    0.8319698975E+03
          21    0.2873952009E+03    0.2215822446E+03   -0.2730543858E+03
          22    0.2805470374E+03    0.2120988282E+03    0.3475755736E+03
          23    0.3010074568E+03    0.2036285483E+03    0.8122294421E+03
          24    0.3222706980E+03    0.1069693946E+03    0.4897651632E+03
          25    0.3042703676E+03    0.1843112591E+03    0.4135902793E+04
          26    0.3718864980E+03    0.2919782190E+03   -0.1915272698E+03
          27    0.2988279277E+03    0.1854078666E+03   -0.4379036543E+03
          28    0.3015005975E+03    0.1732914437E+03    0.4210496049E+04
          29    0.2865057902E+03    0.1799426387E+03   -0.3898394338E+03
          30    0.2869108710E+03    0.2197541681E+03    0.2810811832E+03
          31    0.3023952867E+03    0.1885782378E+03    0.4126287201E+04
          32    0.2798542678E+03    0.2045885375E+03    0.3378507011E+03
          33    0.2851970096E+03    0.2293488738E+03    0.5719983099E+03
          34    0.2887718983E+03    0.1822708807E+03    0.3449249755E+03
          35    0.2845445732E+03    0.1967784386E+03    0.5766177682E+03
          36    0.3142198113E+03    0.1900303496E+03    0.4045061290E+03
          37    0.2778182596E+03    0.2020693099E+03   -0.3799163332E+03
          38    0.2843864926E+03    0.1967839181E+03    0.5605244950E+03
          39    0.2870378552E+03    0.2206566989E+03   -0.2798034998E+03
          40    0.2828791749E+03    0.2081391425E+03   -0.3354257376E+03
          41    0.2798095444E+03    0.2177125809E+03    0.2813954949E+03
          42    0.3046662601E+03   -0.1810920513E+03    0.3728342167E+04
          43    0.3044335104E+03    0.1900535032E+03    0.3760308654E+04
          44    0.2861655209E+03    0.1824480470E+03   -0.3727040822E+03
          45    0.2883367492E+03    0.1977548360E+03    0.4610754219E+03
          46    0.2989043077E+03    0.2023947238E+03    0.8499350610E+03
          47    0.2874032257E+03    0.1792657802E+03    0.3863253074E+03
          48    0.2898356862E+03    0.1951647520E+03   -0.4483323222E+03
          49    0.2997955883E+03    0.1845738811E+03    0.4334107748E+03
          50    0.2986695164E+03    0.1882641059E+03   -0.4185851502E+03
          51    0.2884269257E+03    0.2229436043E+03    0.2443947289E+03
          52    0.2881255070E+03    0.1794500320E+03    0.3785223626E+03
          53    0.2838941247E+03    0.1954360932E+03    0.5896293577E+03
          54    0.3337177855E+03    0.2175370160E+03    0.4382099434E+03
          55    0.2783111583E+03    0.1896237248E+03    0.4430030691E+03
          56    0.2844498129E+03   -0.1916674379E+03    0.3679460140E+03
          57    0.3037984945E+03    0.2116717452E+03    0.7918539629E+03
          58    0.2954830435E+03    0.2233694290E+03    0.7466271739E+03
          59    0.2842049915E+03    0.1962269163E+03    0.5618565081E+03
          60    0.3026848699E+03    0.2144582265E+03    0.8502145941E+03
          61    0.2994446087E+03    0.1847848882E+03    0.4348834111E+03
          62    0.2773656872E+03    0.2048204020E+03   -0.3631416837E+03
          63    0.2879073713E+03    0.2204862079E+03   -0.2681567892E+03
          64    0.2988626915E+03    0.1861894710E+03    0.4324615798E+03
          65    0.2857406191E+03    0.2191942948E+03    0.2455799742E+03
          66    0.3034394206E+03    0.2111002569E+03    0.7976912935E+03
          67    0.2822480295E+03    0.2251568991E+03    0.3143242932E+03
          68    0.3045798913E+03    0.1757363200E+03    0.4048724222E+04
          69    0.2862254111E+03    0.2229801949E+03   -0.2821114617E+03
          70    0.2674677848E+03    0.1779041511E+03    0.4738740499E+03
          71    0.2844227455E+03   -0.1973742408E+03    0.4114316249E+03
          72    0.2864998049E+03    0.1806868251E+03    0.3844460209E+03
          73    0.2787218119E+03    0.2013357034E+03    0.3765883473E+03
          74    0.2851670047E+03    0.2182287065E+03   -0.3208594551E+03
          75    0.2871099879E+03    0.1794765696E+03    0.3866613422E+03
          76    0.2794102908E+03    0.2015338765E+03    0.3691803708E+03
          77    0.2900589274E+03    0.1961811490E+03   -0.4498644648E+03
          78    0.2860855728E+03    0.2218127783E+03   -0.2779844868E+03
          79    0.3020771887E+03    0.2135708606E+03    0.8609735634E+03
          80    0.2855906625E+03    0.1832179289E+03    0.3758396424E+03
          81    0.2914828936E+03    0.1975005345E+03    0.1456152698E+04
          82    0.2867662249E+03    0.1882295267E+03    0.4798158867E+03
          83    0.3768928277E+03    0.2989564609E+03   -0.2278145166E+03
          84    0.2914317422E+03    0.1979720597E+03    0.4018951645E+03
          85    0.2769194562E+03    0.1686024976E+03    0.3336498561E+03
          86    0.3008630897E+03    0.1778630002E+03    0.4197063019E+04
          87    0.3006752081E+03    0.1847815345E+03    0.4231379394E+03
          88    0.3340123494E+03    0.1116430087E+03    0.4412756859E+03
          89    0.2980139829E+03    0.2056423402E+03    0.6121415270E+03
          90    0.2848433717E+03    0.2123581078E+03    0.2921118144E+03
          91    0.2841803917E+03    0.2347837510E+03    0.1345123814E+04
          92    0.3027626551E+03    0.2139591915E+03    0.1148239945E+03
          93    0.2901203775E+03    0.2041050005E+03    0.8637079639E+03
          94    0.2784302900E+03    0.2015760126E+03    0.3767608478E+03
          95    0.2701336674E+03    0.1916177426E+03    0.7838270263E+03
          96    0.3026509736E+03    0.1842442884E+03    0.3864964401E+04
          97    0.2897599793E+03    0.2035231093E+03    0.8704486290E+03
          98    0.2992225953E+03    0.1852431271E+03    0.4329123935E+03
          99    0.2796639358E+03    0.1832761391E+03    0.4655652071E+03
         100    0.2851888556E+03   -0.1917165917E+03    0.3245197742E+03
