        Rank        RMSE       MaxAE  Feature_ID
           1   24.925169   76.828574  (    2005   18528)
           2   25.278374   76.387094  (       1   10020)
           3   25.357207   55.640532  (     231   12569)
           4   25.372820   76.937311  (       1   10008)
           5   25.524839   57.836466  (     231   13080)
           6   25.855026   59.311944  (     231   15881)
           7   25.921693   83.531370  (     150   19687)
           8   25.952786   73.651715  (    1065   12605)
           9   25.999442   71.973442  (    9987   18528)
          10   26.002509   85.887854  (     293   10148)
          11   26.015547   72.976502  (     120   10053)
          12   26.022806   71.953945  (      78   10008)
          13   26.084932   74.736942  (    2708   19687)
          14   26.103513   59.277819  (     231   14558)
          15   26.112048   57.578768  (     231   19588)
          16   26.158302   59.421188  (     231   17948)
          17   26.209551   77.533360  (       1   10177)
          18   26.215007   83.007657  (     229   19687)
          19   26.218198   71.060305  (    1065   19270)
          20   26.223066   80.673031  (    2005   16178)
          21   26.233411   87.993620  (    1272   10044)
          22   26.233685   74.079274  (    3471   19687)
          23   26.259621   84.154702  (       5     648)
          24   26.266898   89.782049  (     150   14302)
          25   26.270672   85.433440  (     150   11047)
          26   26.277577   85.502598  (     120   10987)
          27   26.296592   89.873906  (     150   13981)
          28   26.299308   62.211447  (      78   10020)
          29   26.321047   75.425828  (    1065   13386)
          30   26.325267   92.579576  (      52   11827)
          31   26.362810   66.056601  (     110   10058)
          32   26.370793   86.452687  (    1275   12758)
          33   26.372831   80.240757  (       1   10021)
          34   26.380121   79.093276  (     120   10102)
          35   26.381525   85.730163  (    1272   10051)
          36   26.443940   75.156431  (     389   10961)
          37   26.449208   82.947326  (    1966   12758)
          38   26.463352   59.429163  (     231   17491)
          39   26.481140   84.870711  (     229   11047)
          40   26.484810   89.280618  (     229   14302)
          41   26.514123   71.615600  (      52   10596)
          42   26.514756   89.373829  (     229   13981)
          43   26.540956   59.507836  (     231   16767)
          44   26.543365   67.180034  (      52   10020)
          45   26.579122   86.895671  (       1   10079)
          46   26.604897   57.731650  (     231   13628)
          47   26.617856   87.424694  (     150   15224)
          48   26.622798   81.936821  (     169   10102)
          49   26.628575   72.275448  (     169   10053)
          50   26.630092   89.781846  (     906   12758)
          51   26.630171   88.580504  (      78   10987)
          52   26.637282   77.104923  (     389   13852)
          53   26.656154   59.713559  (     231   16182)
          54   26.673595   88.759302  (      10   19535)
          55   26.676642   90.450611  (      27   10075)
          56   26.690161   86.616965  (     169   10298)
          57   26.695327   76.993856  (      52   10008)
          58   26.725391   96.068995  (      52   10466)
          59   26.725745   91.651585  (      52   17105)
          60   26.726086   70.921205  (      52   10133)
          61   26.730987   59.089080  (    1065   12216)
          62   26.754748   78.435114  (      78   15418)
          63   26.765474   73.056633  (     120   10021)
          64   26.766553   71.363891  (    8401   17332)
          65   26.785200   79.383605  (      52   11011)
          66   26.790959   83.355509  (       1   10011)
          67   26.816131   77.552675  (     648   12758)
          68   26.832197   80.476185  (       1   10040)
          69   26.842051   73.935964  (      10   10664)
          70   26.852653   83.035553  (     120   14278)
          71   26.861806   77.454534  (     169   11017)
          72   26.870706   66.229434  (      78   10021)
          73   26.877255   94.827485  (      78   11827)
          74   26.882249  101.096172  (      11   10002)
          75   26.884196   59.711870  (     110   10148)
          76   26.891023   70.572521  (     120   10008)
          77   26.893081   94.980914  (     169   10028)
          78   26.901110   74.430787  (    2892   19303)
          79   26.908590   90.879508  (      52   10298)
          80   26.910081   72.433659  (      52   11082)
          81   26.911910   71.321512  (      52   10127)
          82   26.912351   82.843273  (     250   10961)
          83   26.912422   87.147731  (    1321   12758)
          84   26.915762   85.154549  (     120   11817)
          85   26.920859   78.238828  (       1   10244)
          86   26.921698   86.951723  (     229   15224)
          87   26.944126   83.368646  (      11   10961)
          88   26.944256   77.271413  (    4544   10051)
          89   26.946381   77.059570  (    2708   11047)
          90   26.947259   86.439549  (    1275   14823)
          91   26.952773   83.685570  (       1   10047)
          92   26.961251   84.019555  (       1   10133)
          93   26.962834   78.354059  (     120   10248)
          94   26.978472   82.692604  (       1   10115)
          95   26.981628   86.379567  (       1   10229)
          96   26.983905   81.654772  (    3286   12758)
          97   26.984232   66.063961  (    9987   16178)
          98   26.991850   70.583624  (      52   10047)
          99   26.992949   93.418789  (    1651   19687)
         100   26.999589   86.024487  (     101   15831)
