Model_ID, [(c_i,i=0,n)_j,j=1,ntask]
           1    0.5797737813E+01   -0.1879581865E+02   -0.5471389230E+02
           2    0.5961471055E+01   -0.1861893106E+02   -0.6685631391E+02
           3    0.7780674037E+01   -0.1726304070E+02    0.9496482195E+01
           4    0.5429609019E+01   -0.1810808130E+02    0.1909683554E+02
           5    0.5501475921E+01   -0.1940111132E+02   -0.1211773647E+03
           6    0.5408393813E+01   -0.1759684995E+02   -0.2102379715E+02
           7    0.5502299900E+01   -0.1940726901E+02   -0.1208250137E+03
           8    0.4881387016E+01   -0.1886053754E+02   -0.6276024463E+02
           9    0.5989484052E+01   -0.1824041423E+02   -0.7129502893E+02
          10    0.4633333386E+01   -0.1897136740E+02    0.1192285438E+02
          11    0.4950261549E+01   -0.1996417793E+02   -0.1946142293E+02
          12    0.6172064292E+01   -0.1885095358E+02    0.7211548550E+02
          13    0.5733007665E+01   -0.1868750545E+02   -0.6874294241E+02
          14    0.5750305541E+01   -0.1779696796E+02   -0.8265894541E+02
          15    0.4979394805E+01   -0.1925931741E+02   -0.5541797407E+02
          16    0.6218384614E+01   -0.1844597141E+02    0.7721285477E+02
          17    0.7803849852E+01   -0.1707870404E+02    0.9537633254E+01
          18    0.5368780635E+01   -0.1887112537E+02   -0.9479582289E+02
          19    0.5412096786E+01   -0.1944194817E+02   -0.8114503687E+02
          20    0.5375300270E+01   -0.1842062531E+02    0.1596443855E+02
          21    0.1021012755E+02   -0.2332524865E+02    0.1119266071E+02
          22    0.1268249027E+02   -0.2562718933E+02   -0.1196617971E+02
          23    0.4974522975E+01   -0.1981554385E+02    0.1923596718E+02
          24    0.8086117651E+01   -0.2387041208E+02    0.9951875115E+01
          25    0.5513876251E+01   -0.1871508069E+02   -0.4866510549E+02
          26    0.5839338946E+01   -0.1808865594E+02   -0.5964393137E+02
          27    0.4768010659E+01   -0.1915418973E+02   -0.7978470836E+02
          28    0.4895615257E+01   -0.2028050327E+02    0.1095717299E+03
          29    0.5907548866E+01   -0.1995285817E+02    0.5131397753E+02
          30    0.3503618911E+01   -0.1969094997E+02    0.1202618950E+02
          31    0.1021257872E+02   -0.2312821462E+02    0.1059325987E+02
          32    0.5518556687E+01   -0.1873266742E+02    0.3692860657E+02
          33    0.7712173901E+01   -0.1664702232E+02   -0.8677690368E+01
          34    0.9651777883E+01   -0.1634721248E+02    0.9089202841E+01
          35    0.3470702291E+01   -0.1928007719E+02    0.1319107284E+02
          36    0.1281689114E+02   -0.2525159970E+02   -0.1223861526E+02
          37    0.4587270457E+01   -0.2459711973E+02   -0.1316258553E+02
          38    0.5511847008E+01   -0.1906596549E+02    0.7356145169E+02
          39    0.8050910644E+01   -0.1693315810E+02    0.8882209803E+01
          40    0.4649771406E+01   -0.1880556840E+02   -0.1966660209E+02
          41    0.5459772435E+01   -0.1876156922E+02    0.2263647243E+03
          42    0.4563574213E+01   -0.1932876986E+02    0.2260233579E+02
          43    0.5644428952E+01   -0.1889124342E+02   -0.5056894149E+02
          44    0.4637192607E+01   -0.1872931034E+02    0.1994249604E+02
          45    0.3501171188E+01   -0.1971807622E+02    0.5935604822E+01
          46    0.7404765419E+01   -0.1674729138E+02    0.6082622816E+01
          47    0.1203358562E+02   -0.1938526843E+02   -0.1099671653E+02
          48    0.5624409160E+01   -0.1882354588E+02   -0.3821343564E+02
          49    0.5014071237E+01   -0.1862225530E+02   -0.3152053768E+02
          50    0.3367638458E+01   -0.1939833466E+02    0.1341100101E+02
          51    0.4826342157E+01   -0.1919020188E+02   -0.1644010587E+03
          52    0.5533156246E+01   -0.1778898517E+02    0.3032515128E+02
          53    0.1033424835E+02   -0.2299041193E+02    0.1059238772E+02
          54    0.7722304876E+01   -0.1656792382E+02   -0.8696219388E+01
          55    0.5791639506E+01   -0.1883557978E+02   -0.6005407786E+02
          56    0.3012080579E+01   -0.1929161778E+02    0.1537997914E+02
          57    0.3693346703E+01   -0.1935337674E+02    0.1258598983E+02
          58    0.3815444510E+01   -0.1925240465E+02    0.1235326043E+02
          59    0.8688839726E+01   -0.1690246672E+02    0.9129694568E+01
          60    0.5122511206E+01   -0.1895586982E+02   -0.7797656684E+02
          61    0.1002443122E+02   -0.2344873777E+02   -0.1114480307E+02
          62    0.7350921770E+01   -0.1713978179E+02    0.8186672880E+01
          63    0.7016376423E+01   -0.1749011456E+02    0.8037683670E+01
          64    0.5487264071E+01   -0.1886354741E+02   -0.3903769843E+02
          65    0.4873016917E+01   -0.1932421143E+02   -0.1561401756E+03
          66    0.9393812962E+01   -0.2337786209E+02    0.1061873685E+02
          67    0.4302404957E+01   -0.1998985525E+02   -0.1641812899E+02
          68    0.1722182671E+02   -0.1461808314E+02   -0.1475715937E+02
          69    0.4876139609E+01   -0.1933600948E+02   -0.1596576924E+03
          70    0.4675415926E+01   -0.1857933610E+02    0.1185561030E+02
          71    0.5692967861E+01   -0.1875370639E+02    0.4415070823E+02
          72    0.1021744206E+02   -0.2309270252E+02    0.1065980024E+02
          73    0.6444179728E+01   -0.1882227215E+02   -0.8304645761E+02
          74    0.5037446803E+01   -0.1914366191E+02   -0.8179410750E+02
          75    0.5350768973E+01   -0.1893680521E+02    0.4292739269E+03
          76    0.5042442005E+01   -0.1902080644E+02   -0.3217413653E+02
          77    0.5228349031E+01   -0.1907342013E+02    0.5128650228E+02
          78    0.4659055668E+01   -0.2091168699E+02   -0.1935844726E+02
          79    0.5248458076E+01   -0.1922161847E+02    0.4908457639E+02
          80    0.5078826144E+01   -0.2061934983E+02    0.8619133316E+02
          81    0.5239322026E+01   -0.1908035436E+02   -0.5284811176E+02
          82    0.6471181939E+01   -0.1867499558E+02   -0.8581444153E+02
          83    0.5152465325E+01   -0.1896729311E+02   -0.8215639778E+02
          84    0.5706925416E+01   -0.1871272504E+02   -0.4368423578E+02
          85    0.5250048013E+01   -0.1892800488E+02   -0.8252862791E+02
          86    0.5629400773E+01   -0.1905294543E+02   -0.1267553706E+03
          87    0.5550726858E+01   -0.1759399721E+02    0.1613348477E+02
          88    0.7893036875E+01   -0.1729827370E+02   -0.7600870200E+01
          89    0.5260929951E+01   -0.1923254255E+02   -0.5041584296E+02
          90    0.3733334686E+01   -0.1936205440E+02    0.1249639844E+02
          91    0.5025286789E+01   -0.1875432540E+02   -0.2530521568E+02
          92    0.4161622787E+01   -0.1852187856E+02    0.1529428502E+02
          93    0.5363426586E+01   -0.1902211730E+02    0.4161858581E+03
          94    0.4914852469E+01   -0.1945874694E+02    0.1315787974E+02
          95    0.8814190679E+01   -0.1671216945E+02    0.8704903521E+01
          96    0.6419396346E+01   -0.1706890966E+02    0.6429674209E+01
          97    0.8719100873E+01   -0.1677440178E+02    0.8786517386E+01
          98    0.4895616796E+01   -0.1930441769E+02    0.1471551498E+03
          99    0.5109208471E+01   -0.1931134555E+02    0.4704825981E+02
         100    0.4624856470E+01   -0.1929635047E+02   -0.3006454534E+02
