        Rank        RMSE       MaxAE  Feature_ID
           1   26.695536   82.085511  (    1839   11635)
           2   26.796886   82.049853  (    1839   11812)
           3   26.924904   95.871787  (    1501   15726)
           4   27.077671   80.746036  (    1839   16238)
           5   27.185967   95.068463  (    1827   15726)
           6   27.201553   86.468872  (     324   18046)
           7   27.326342   89.299034  (      17   17120)
           8   27.431951   83.440722  (    1839   11853)
           9   27.447689   77.723135  (    5536   16334)
          10   27.574297   81.934975  (    1839   15609)
          11   27.575439   83.519401  (    1839   12140)
          12   27.602012   84.821186  (     499   16334)
          13   27.627366   83.526123  (    1336   11018)
          14   27.888006   96.453317  (    1501   10333)
          15   27.909497  100.979799  (      79   17826)
          16   27.919002   82.991161  (    1839   14693)
          17   27.928673   85.128275  (    1839   15366)
          18   27.949162   74.512399  (    7659   11018)
          19   27.969372   89.704666  (     197   11018)
          20   27.980798   85.436540  (    3073   17826)
          21   27.987033   86.787133  (    1322   17826)
          22   27.999181   97.749659  (    1501   10663)
          23   28.010945   87.211046  (    3228   11018)
          24   28.018560   84.758952  (    1839   11908)
          25   28.039189   86.870730  (    2967   11018)
          26   28.041699   88.484977  (      17   16334)
          27   28.048254   84.536186  (    1839   12823)
          28   28.090509   76.253851  (    1193   12125)
          29   28.101426   76.379423  (    1193   10029)
          30   28.139515   83.266067  (    1839   15564)
          31   28.140954   93.778414  (    1501   10334)
          32   28.192655   85.092017  (    1380   11018)
          33   28.195164   84.672398  (     179   16334)
          34   28.197734   95.003088  (    1501   10261)
          35   28.215511   78.514918  (    6588   17826)
          36   28.224609   95.663630  (    1827   10333)
          37   28.242740   83.875667  (    1210   18046)
          38   28.321449   86.218459  (    1839   14726)
          39   28.339669   95.500334  (    1161   17826)
          40   28.356478   96.968290  (    1827   10663)
          41   28.356639   95.139304  (    1036   17826)
          42   28.366422  100.757157  (     127   17826)
          43   28.400964   83.047404  (      17   11893)
          44   28.401236   86.674654  (      17   19569)
          45   28.413621   93.185527  (     392   17826)
          46   28.446620   70.836223  (    3832   18046)
          47   28.448955   92.972404  (    1827   10334)
          48   28.458328   86.207573  (    1322   11018)
          49   28.483281   92.998039  (    1193   15726)
          50   28.499705   86.162291  (    1839   18125)
          51   28.508406   94.204074  (    1827   10261)
          52   28.512099   84.274554  (    2377   18046)
          53   28.512167   98.395742  (     377   15726)
          54   28.527630   78.468670  (    1193   10038)
          55   28.528712   84.580174  (    1996   11018)
          56   28.534223   78.420571  (    1193   10012)
          57   28.535419   75.534483  (    1839   18893)
          58   28.544488   98.760160  (     342   10564)
          59   28.555911   75.370061  (    9248   11018)
          60   28.566049   92.556647  (     520   17826)
          61   28.567553   76.231772  (    7799   11018)
          62   28.575365   88.855600  (     958   17120)
          63   28.580355   94.347167  (    1827   13323)
          64   28.581342   85.106893  (    1776   11018)
          65   28.594774   84.069044  (    1193   15445)
          66   28.599839   90.898054  (      17   17710)
          67   28.600383   79.000392  (    1193   12021)
          68   28.612209   84.542610  (    1336   17826)
          69   28.633273   83.023091  (    1397   11018)
          70   28.646267   83.771839  (    1501   12806)
          71   28.654750   95.220228  (    1501   13323)
          72   28.659721   73.727497  (    7004   11018)
          73   28.667996   78.777123  (    1193   10059)
          74   28.678507   79.929771  (    1501   10029)
          75   28.689693   76.002848  (    8598   11018)
          76   28.696671   84.944584  (    1985   11018)
          77   28.708527   95.464346  (    1296   10261)
          78   28.712324   80.766675  (    3811   17826)
          79   28.713152   93.134331  (     488   17826)
          80   28.713206   79.449726  (    3737   17151)
          81   28.716564   85.107444  (    2162   11018)
          82   28.717489   78.512913  (    1839   16897)
          83   28.723226   85.052795  (    2263   11018)
          84   28.731089   77.809342  (    6588   11018)
          85   28.731506   92.665538  (       9   19028)
          86   28.745979   78.485462  (    3352   17826)
          87   28.754006   78.725760  (    3276   17826)
          88   28.763309   99.422869  (     197   13799)
          89   28.781615   98.649146  (    1501   11143)
          90   28.793513   92.327104  (     637   17826)
          91   28.796612   83.921427  (    3283   11018)
          92   28.818824   90.451798  (     197   17826)
          93   28.821499   88.763034  (       8   11021)
          94   28.821525   79.089334  (    1193   10073)
          95   28.823440  100.314560  (     342   10713)
          96   28.826149   81.717915  (    1501   10012)
          97   28.833863   80.029206  (     623   19872)
          98   28.835644   84.900859  (    1966   11018)
          99   28.846085   80.745394  (    1193   12806)
         100   28.851564   90.450606  (     621   17826)
