        Rank        RMSE       MaxAE  Feature_ID
           1    4.298493   16.710475  (      52   10129)
           2    4.308055   16.630089  (      52   10102)
           3    4.361104   15.822896  (     118   12501)
           4    4.361226   15.816254  (     118   11228)
           5    4.363526   16.308656  (       3   10026)
           6    4.369925   16.726020  (    7792   10026)
           7    4.378166   16.180613  (     591   10129)
           8    4.382908   16.966788  (       1   10308)
           9    4.384834   15.251596  (     140   19750)
          10    4.386484   16.665570  (       1   10484)
          11    4.388403   16.627091  (       1   10003)
          12    4.388476   16.095519  (     591   10102)
          13    4.388603   17.402807  (     109   11228)
          14    4.388604   16.879812  (       1   11679)
          15    4.390529   15.717474  (     118   18053)
          16    4.391900   16.266009  (    4413    6498)
          17    4.395944   16.094131  (    1136   10129)
          18    4.395947   16.343122  (     132   10129)
          19    4.396367   16.236084  (     747   10129)
          20    4.397757   16.464346  (       1   10010)
          21    4.398574   16.907607  (    2507   10129)
          22    4.399633   15.096774  (     118   19750)
          23    4.400592   16.796944  (       1   10009)
          24    4.401485   17.156736  (      78   10026)
          25    4.402788   16.285962  (    4413    6271)
          26    4.403378   16.749268  (     169   10026)
          27    4.404452   16.124645  (    1245   10129)
          28    4.404455   16.263092  (     132   10102)
          29    4.404470   15.553507  (     118   12553)
          30    4.406282   15.544370  (     118   12447)
          31    4.406607   16.007451  (    1136   10102)
          32    4.406864   16.151127  (     747   10102)
          33    4.407294   15.793173  (       6     681)
          34    4.407946   16.111620  (    1269   10129)
          35    4.408339   16.025550  (    4935   10129)
          36    4.408778   16.206709  (     642    4413)
          37    4.409283   17.450913  (     109   12501)
          38    4.409592   16.750972  (       1   10004)
          39    4.410297   15.214377  (    7963    9249)
          40    4.412089   16.675252  (    8823   10026)
          41    4.412167   16.110020  (    1486   10129)
          42    4.412395   16.822538  (    2507   10102)
          43    4.412414   16.118414  (    1338   10129)
          44    4.412811   16.975466  (       1   10001)
          45    4.412996   17.191115  (       1   11744)
          46    4.413965   15.367275  (     118   10082)
          47    4.414226   16.698035  (    9400   10026)
          48    4.414566   16.780798  (       1   10411)
          49    4.414685   16.652704  (    8374   10026)
          50    4.414731   15.254961  (    2065    7963)
          51    4.415201   16.038105  (    1245   10102)
          52    4.415661   15.373048  (     118   10100)
          53    4.416364   16.791359  (       1   10002)
          54    4.417090   15.858979  (     118   16596)
          55    4.417251   16.693484  (       1   10013)
          56    4.417408   16.493833  (       1   10031)
          57    4.417450   16.126153  (    1420   10129)
          58    4.417807   16.659403  (       1   10029)
          59    4.418118   16.669727  (       1   10049)
          60    4.418167   17.743947  (       1   10005)
          61    4.418279   15.456304  (    3287   10026)
          62    4.418308   16.599477  (       1   10135)
          63    4.418577   16.025064  (    1269   10102)
          64    4.418831   16.136915  (    1304   10129)
          65    4.419104   15.125604  (    1151    7963)
          66    4.419276   16.866416  (       1   10019)
          67    4.419463   16.837090  (       1   10641)
          68    4.419801   16.673181  (       1   10027)
          69    4.420062   17.146413  (       1   10008)
          70    4.420453   17.072781  (       1   10103)
          71    4.420504   16.763696  (       1   10012)
          72    4.420804   16.617111  (    8126   10026)
          73    4.421021   16.752947  (       1   10011)
          74    4.421641   15.934906  (    4935   10102)
          75    4.421732   16.894694  (       1   10006)
          76    4.421897   15.894172  (       6    2580)
          77    4.421989   17.077826  (       1   10007)
          78    4.422137   16.311580  (      22   10026)
          79    4.422225   16.667561  (       1   10112)
          80    4.422242   16.798605  (      50   10129)
          81    4.422970   16.023159  (    1486   10102)
          82    4.423045   16.031888  (    1338   10102)
          83    4.423273   16.957133  (       1   11252)
          84    4.423321   16.719668  (       1   10038)
          85    4.423922   16.750545  (       1   10016)
          86    4.424189   16.647528  (       1   10036)
          87    4.424272   16.946265  (       1   10017)
          88    4.424476   16.994426  (       1   10285)
          89    4.425156   16.120014  (    1529   10129)
          90    4.425825   17.432413  (       1   10389)
          91    4.425970   16.844019  (       1   10023)
          92    4.426453   16.053473  (     305   10129)
          93    4.426557   16.697895  (       1   10065)
          94    4.427217   16.723064  (      50   10102)
          95    4.427891   16.727732  (       1   10028)
          96    4.428049   16.753051  (       1   10022)
          97    4.428084   16.039659  (    1420   10102)
          98    4.428115   15.884802  (      37   10026)
          99    4.428239   17.295636  (       1   12115)
         100    4.428279   16.638927  (      54   10026)
