Model_ID, [(c_i,i=0,n)_j,j=1,ntask]
           1    0.3477620142E+01   -0.2864987845E+02   -0.1484320368E+03
           2    0.4720069592E+01   -0.2743274760E+02   -0.4551684550E+03
           3    0.4790159115E+01   -0.2771032280E+02   -0.4208376805E+03
           4    0.3356159517E+01   -0.2897294576E+02   -0.1819312885E+03
           5    0.4698707572E+01   -0.2642101944E+02   -0.5105502787E+03
           6    0.3014217246E+01    0.2925031000E+02   -0.1548668019E+03
           7    0.4535928423E+01   -0.2773360174E+02   -0.3153820311E+03
           8    0.4800932943E+01   -0.2764203037E+02   -0.3037441585E+03
           9    0.3178221116E+01   -0.2986098123E+02   -0.9637517103E+02
          10    0.3296244432E+01   -0.2915072362E+02   -0.1871367131E+03
          11    0.2868479841E+01    0.2961797580E+02   -0.1906157080E+03
          12    0.5219087969E+01   -0.2783986056E+02   -0.1853562751E+03
          13    0.4821811710E+01   -0.2677318563E+02    0.4510473702E+03
          14    0.3420269417E+01   -0.2864888202E+02   -0.8678839821E+02
          15    0.2764648101E+01   -0.2970887021E+02   -0.1050830620E+03
          16    0.3336959239E+01   -0.2774856831E+02    0.1610377378E+03
          17    0.4805660980E+01   -0.2757302265E+02   -0.3047881888E+03
          18    0.5209626220E+01   -0.2738267778E+02   -0.4737893026E+03
          19    0.3215250196E+01   -0.2829156778E+02    0.1957157619E+03
          20    0.5176396854E+01   -0.2734460782E+02   -0.2068842564E+03
          21    0.3670928294E+01   -0.2820818434E+02   -0.7990461215E+02
          22    0.5074556391E+01   -0.2725226653E+02    0.2953069174E+03
          23    0.3624366383E+01   -0.2787422960E+02   -0.1442133656E+03
          24    0.5179349240E+01   -0.2674578969E+02   -0.2271883881E+03
          25    0.4762701127E+01   -0.2607818195E+02   -0.4993278417E+03
          26    0.3677485025E+01   -0.2388005771E+02   -0.1613464207E+03
          27    0.4473272591E+01   -0.2585683819E+02   -0.5177660995E+03
          28    0.5193008734E+01   -0.2709559602E+02   -0.4981746454E+03
          29    0.3010318868E+01   -0.2937419243E+02   -0.1042193858E+03
          30    0.4900426183E+01   -0.2817849407E+02   -0.2546728109E+03
          31    0.3251184923E+01   -0.2906025581E+02   -0.1016279835E+03
          32    0.5147635233E+01   -0.2734813351E+02   -0.2870851322E+03
          33    0.5004846056E+01   -0.2746928986E+02   -0.2879453828E+03
          34    0.3101177772E+01   -0.2923613363E+02   -0.1029571900E+03
          35    0.3073844166E+01   -0.2927530517E+02   -0.1032466060E+03
          36    0.4382726604E+01    0.2783121847E+02   -0.4641510297E+03
          37    0.3048889440E+01   -0.2931155839E+02   -0.1034486846E+03
          38    0.4989350497E+01   -0.2736071881E+02   -0.2937589142E+03
          39    0.5253359972E+01   -0.2729044873E+02   -0.1941668440E+03
          40    0.5004473474E+01   -0.2733360488E+02   -0.2934505984E+03
          41    0.3481561348E+01   -0.2825354429E+02   -0.1781722094E+03
          42    0.5019885241E+01   -0.2730600678E+02    0.2930465228E+03
          43    0.3855912100E+01   -0.2353548693E+02   -0.1285652838E+03
          44    0.5006923656E+01   -0.2731311195E+02   -0.1468456432E+03
          45    0.4701289253E+01   -0.2823507700E+02   -0.2590939416E+03
          46    0.5000873307E+01   -0.2729204942E+02   -0.2955184039E+03
          47    0.5113210577E+01   -0.2716489640E+02   -0.2869586181E+03
          48    0.2159932475E+01    0.3053029749E+02   -0.1121856354E+03
          49    0.3142121905E+01   -0.2917095306E+02    0.1020796637E+03
          50    0.2638495871E+01    0.3062218876E+02   -0.1018551548E+03
          51    0.3267486732E+01   -0.2905068484E+02   -0.1014107029E+03
          52    0.4453014575E+01    0.2811379329E+02   -0.4286124711E+03
          53    0.4861295768E+01   -0.2759203446E+02   -0.2917527607E+03
          54    0.4910993852E+01   -0.2747612778E+02   -0.2947217534E+03
          55    0.4735810064E+01   -0.2775845543E+02   -0.2780204769E+03
          56    0.3383881083E+01   -0.2735539580E+02   -0.1011935407E+03
          57    0.5032001097E+01   -0.2853302445E+02   -0.2127050749E+03
          58    0.3328966427E+01   -0.2936311019E+02    0.4662391479E+02
          59    0.4998437031E+01   -0.2588873442E+02   -0.1057911543E+04
          60    0.3374773169E+01   -0.2903209641E+02   -0.1478488006E+03
          61    0.5191411497E+01   -0.2713316232E+02   -0.2064067150E+03
          62    0.3323910443E+01   -0.2647002945E+02   -0.8505402742E+02
          63    0.4699116222E+01   -0.2598544864E+02   -0.4945465645E+03
          64    0.2789112083E+01    0.2982924378E+02   -0.1969289060E+03
          65    0.2964836624E+01   -0.2939509429E+02   -0.1020582332E+03
          66    0.5090545544E+01   -0.2814571522E+02   -0.2358014020E+03
          67    0.4852535203E+01   -0.2774013144E+02   -0.4369778735E+03
          68    0.5164311373E+01   -0.2793575189E+02   -0.2467278024E+03
          69    0.4693081464E+01   -0.2599379233E+02   -0.4941727130E+03
          70    0.4960019322E+01   -0.2556094520E+02   -0.1121677707E+04
          71    0.2725762472E+01   -0.2991783017E+02   -0.1022546811E+03
          72    0.4911465737E+01   -0.2810687334E+02   -0.2538142811E+03
          73    0.5124419362E+01   -0.2709919703E+02   -0.2964806427E+03
          74    0.3274261567E+01   -0.2809607312E+02    0.1922212058E+03
          75    0.5048036863E+01   -0.2782903945E+02   -0.2580129495E+03
          76    0.5048139743E+01   -0.2782943443E+02    0.2579599321E+03
          77    0.5181585448E+01   -0.2792592627E+02   -0.2451238651E+03
          78    0.5128996125E+01   -0.2783655566E+02    0.2485868642E+03
          79    0.3102497459E+01   -0.2912548932E+02   -0.1027424760E+03
          80    0.3518294516E+01   -0.2814014070E+02   -0.1762243089E+03
          81    0.5179895500E+01   -0.2702110584E+02    0.2844878235E+03
          82    0.4884342685E+01   -0.2645676039E+02   -0.4390034593E+03
          83    0.4981463152E+01   -0.2710335449E+02   -0.3015079457E+03
          84    0.4982055077E+01   -0.2710230142E+02   -0.3014979020E+03
          85    0.5257795723E+01   -0.2833261611E+02   -0.2077934715E+03
          86    0.4997554449E+01   -0.2707479406E+02   -0.3011820349E+03
          87    0.4678396174E+01   -0.2596188427E+02   -0.4966319599E+03
          88    0.5013371916E+01   -0.2704684913E+02    0.3007593317E+03
          89    0.4865418696E+01   -0.2585305522E+02   -0.4875454419E+03
          90    0.5013988878E+01   -0.2704576162E+02    0.3007408788E+03
          91    0.4623470403E+01   -0.2602557040E+02   -0.4975456479E+03
          92    0.4997580122E+01   -0.2703890983E+02   -0.1512848468E+03
          93    0.4700371981E+01   -0.2558226445E+02    0.5315812244E+03
          94    0.2936299861E+01    0.2927386525E+02   -0.9109702718E+02
          95    0.4880795327E+01   -0.2855219878E+02   -0.2133393402E+03
          96    0.4373391988E+01    0.2677839074E+02   -0.5213585160E+03
          97    0.4946665988E+01   -0.2863189003E+02   -0.2045428871E+03
          98    0.5382865105E+01   -0.2734595924E+02   -0.1534079941E+03
          99    0.3117321727E+01   -0.2849072053E+02    0.2038065562E+03
         100    0.4260132117E+01   -0.2623285669E+02    0.3928734728E+02
