Model_ID, [(c_i,i=0,n)_j,j=1,ntask]
           1    0.4647023619E+02    0.3744201911E+02    0.1850330427E+03
           2    0.5524754861E+02   -0.4615438945E+02    0.2097756870E+03
           3    0.5092318065E+02    0.4287733924E+02    0.1900856725E+03
           4    0.6484137657E+02    0.5444246427E+02    0.1915572591E+03
           5    0.4672674343E+02    0.4061943794E+02   -0.3472522732E+03
           6    0.4718962544E+02    0.3379685478E+02    0.2100542046E+03
           7    0.5013304060E+02    0.4503082442E+02    0.1846614335E+03
           8    0.5614658084E+02    0.4809443792E+02    0.2139551665E+03
           9    0.4591001405E+02   -0.3735399927E+02    0.1837426830E+03
          10    0.5457737197E+02   -0.4703037222E+02    0.5756361711E+03
          11    0.4671104831E+02    0.3467299400E+02    0.2112167360E+03
          12    0.4701884847E+02    0.3280381972E+02    0.2130465595E+03
          13    0.4732830963E+02    0.3265422390E+02    0.2097329760E+03
          14    0.4753631357E+02    0.3327362322E+02    0.2131218336E+03
          15    0.5536916876E+02   -0.4492187037E+02    0.2148065130E+03
          16    0.4711802976E+02   -0.3259759262E+02    0.2150743361E+03
          17    0.4654273184E+02    0.3370819532E+02    0.2108380699E+03
          18    0.5590593155E+02    0.4877729466E+02    0.2098090315E+03
          19    0.4720907610E+02   -0.3240114507E+02    0.2168534178E+03
          20    0.4627782258E+02   -0.4059575444E+02   -0.3318836272E+03
          21    0.5538895897E+02    0.4440979126E+02    0.2129402134E+03
          22    0.4703247740E+02    0.3276348220E+02    0.2133941683E+03
          23    0.5016073720E+02   -0.3585100903E+02    0.6488668292E+03
          24    0.5248695628E+02   -0.4099424609E+02    0.6779648837E+03
          25    0.4651316020E+02    0.3504430934E+02    0.2074276903E+03
          26    0.5467938983E+02   -0.4743683282E+02    0.2796754922E+03
          27    0.4698279552E+02    0.3282358057E+02    0.2143331114E+03
          28    0.4571447780E+02    0.4019429425E+02   -0.7592029757E+03
          29    0.4725951762E+02   -0.3224890765E+02    0.2157402156E+03
          30    0.4616696621E+02    0.3416495553E+02    0.2063682724E+03
          31    0.4633433383E+02   -0.3407153001E+02    0.2068030807E+03
          32    0.4705946178E+02    0.3410675702E+02    0.2137543949E+03
          33    0.4685638349E+02    0.3343813869E+02    0.2102812345E+03
          34    0.4717581195E+02    0.3240634241E+02    0.2140839650E+03
          35    0.4682293350E+02    0.3311335154E+02    0.2091664107E+03
          36    0.4530649421E+02   -0.4025993342E+02   -0.7297310172E+03
          37    0.3822880730E+02   -0.2384101209E+02    0.1907076159E+03
          38    0.4684919829E+02   -0.3305471752E+02    0.2097657898E+03
          39    0.4709910452E+02    0.3246559595E+02    0.9214419172E+02
          40    0.4663916163E+02    0.3322854497E+02    0.2080619707E+03
          41    0.4684982848E+02    0.3269039847E+02    0.1517496816E+03
          42    0.4683700866E+02   -0.3307084284E+02    0.2095230074E+03
          43    0.4596555690E+02   -0.3453705424E+02    0.2025793454E+03
          44    0.4682483119E+02   -0.3308653304E+02    0.2092802782E+03
          45    0.4695544811E+02    0.3306233459E+02    0.2045614320E+03
          46    0.4570800490E+02   -0.3434667008E+02    0.5983892278E+03
          47    0.4673463777E+02   -0.3301749827E+02    0.2099625698E+03
          48    0.4684484172E+02    0.3299671846E+02    0.2969820077E+03
          49    0.4665211029E+02    0.3318768957E+02    0.2083886196E+03
          50    0.5233666440E+02   -0.4139175173E+02    0.6617665389E+03
          51    0.4636651201E+02   -0.3380511399E+02    0.2045589478E+03
          52    0.5520144292E+02   -0.4578580953E+02    0.2034731147E+03
          53    0.4576208560E+02    0.3543724617E+02    0.3906231355E+03
          54    0.4682240463E+02   -0.3281612750E+02    0.2116239125E+03
          55    0.5025746515E+02    0.3555475172E+02    0.6723226925E+03
          56    0.4557800117E+02    0.3581506268E+02    0.3845125293E+03
          57    0.4634186642E+02   -0.3395212562E+02    0.2100267200E+03
          58    0.4168717952E+02   -0.2731121219E+02    0.2097545259E+03
          59    0.4076257419E+02   -0.2822628646E+02    0.2855622138E+03
          60    0.4655271530E+02   -0.3361986773E+02    0.3917377053E+03
          61    0.4643562149E+02   -0.3375064566E+02    0.2117981923E+03
          62    0.4685464799E+02    0.3447006924E+02    0.2097082615E+03
          63    0.4678639502E+02   -0.3313396462E+02    0.2104624604E+03
          64    0.4493493328E+02   -0.3646703332E+02   -0.2071989200E+03
          65    0.4617964996E+02    0.3431564070E+02    0.2087927407E+03
          66    0.4759326786E+02   -0.3168341047E+02    0.2100659919E+03
          67    0.5529472313E+02    0.4703978044E+02    0.1829452680E+03
          68    0.4665374658E+02    0.3378308349E+02    0.2062819977E+03
          69    0.4101396238E+02   -0.2819259496E+02    0.7336693734E+03
          70    0.5520621652E+02   -0.4644875285E+02    0.1827320914E+03
          71    0.4620300543E+02   -0.3424277592E+02    0.2042221640E+03
          72    0.1824178589E+02    0.3871647348E+02    0.6948893820E+03
          73    0.4556302472E+02   -0.3687457573E+02   -0.3236538699E+03
          74    0.4624864168E+02    0.3451590618E+02    0.3864709009E+03
          75    0.4573822638E+02   -0.3466793255E+02    0.2912915053E+03
          76    0.4678430466E+02   -0.3231108604E+02    0.6058762332E+03
          77    0.4653566982E+02   -0.3351491338E+02    0.2136729539E+03
          78    0.4700404756E+02   -0.4157078131E+02    0.4046767881E+03
          79    0.4660065614E+02    0.3325273505E+02    0.2093619261E+03
          80    0.4648255971E+02    0.3387991716E+02    0.2055656753E+03
          81    0.4581179925E+02   -0.3409060201E+02    0.6004010068E+03
          82    0.5244963474E+02   -0.4096083113E+02    0.6950230065E+03
          83    0.4703955376E+02    0.3327032724E+02    0.1535978383E+03
          84    0.4014060055E+02    0.3612939282E+02    0.6076510384E+03
          85    0.4758912991E+02    0.3185750136E+02    0.2171433275E+03
          86    0.4644996520E+02    0.3354669015E+02    0.2044085010E+03
          87    0.5582231642E+02    0.4902120817E+02    0.2139340278E+03
          88    0.4621172306E+02   -0.3330904433E+02    0.6064009436E+03
          89    0.4081796751E+02   -0.2794893846E+02    0.1454539460E+03
          90    0.4629613533E+02    0.3313569604E+02    0.6076021722E+03
          91    0.4779514489E+02    0.3244220980E+02    0.2204994120E+03
          92    0.3859974382E+02   -0.2341689520E+02    0.1912409338E+03
          93    0.4698436668E+02   -0.3269595455E+02    0.2102686595E+03
          94    0.4647511857E+02   -0.3348708417E+02    0.2049727103E+03
          95    0.4633905449E+02    0.3393027188E+02    0.2115273510E+03
          96    0.4580680037E+02    0.3479691293E+02    0.2046981243E+03
          97    0.4596685325E+02   -0.3442173604E+02    0.2057404598E+03
          98    0.4693769301E+02   -0.3269063907E+02    0.2033769362E+03
          99    0.4687454050E+02   -0.3265841876E+02    0.2104562516E+03
         100    0.4646333738E+02   -0.3350370108E+02    0.2047432983E+03
