        Rank        RMSE       MaxAE  Feature_ID
           1   31.105332   71.116921  (       9   14173)
           2   31.214681   79.573471  (      97   14173)
           3   31.221552   74.704264  (       9   16454)
           4   31.409300   92.407807  (     116   11931)
           5   31.524108   84.855424  (      97   16454)
           6   31.605082   90.611736  (      69   12604)
           7   31.975968   97.183509  (       1   10002)
           8   32.057980  104.505795  (     116   14288)
           9   32.114985   85.602903  (    7494   10029)
          10   32.116855   89.561200  (     116   11087)
          11   32.137227   88.309038  (       2   11801)
          12   32.214204   83.603745  (     116     175)
          13   32.228735   97.184881  (       1   10001)
          14   32.229924   95.745049  (    4146   11196)
          15   32.235311   81.814832  (     116   14420)
          16   32.343163   91.600730  (    8739   10095)
          17   32.388342  100.802116  (     116   12079)
          18   32.391879   87.279472  (      69   12256)
          19   32.422829   91.759355  (       2   19007)
          20   32.459660   89.863993  (     116   10333)
          21   32.491467  101.757402  (    5747   11196)
          22   32.493184   84.192152  (     116   10881)
          23   32.510385   80.300213  (    1764   12551)
          24   32.513342   93.612879  (    4146   19007)
          25   32.563497   80.151362  (     797   11801)
          26   32.564349  109.963048  (     383   18678)
          27   32.574960  102.220147  (    1764   11801)
          28   32.586079   84.806118  (     116   10860)
          29   32.588169   93.139543  (       2   18912)
          30   32.588652   85.028109  (     116   10487)
          31   32.593564   88.300763  (       1   10005)
          32   32.594804   86.467609  (     116   10015)
          33   32.598943   81.371224  (    1764   11459)
          34   32.613052   92.033499  (      69   19227)
          35   32.628117   78.130598  (    4146   10277)
          36   32.688370   96.262002  (       1   10003)
          37   32.695290   88.195405  (     116   11295)
          38   32.700638   80.970739  (     797   12618)
          39   32.709984   91.830430  (       2   17993)
          40   32.730298   92.996589  (       2   14718)
          41   32.731128   79.549931  (     797   12532)
          42   32.731919   92.061416  (       2   12618)
          43   32.733437   92.207684  (       2   13186)
          44   32.733995   93.706493  (     797   19007)
          45   32.744012   95.339710  (       1   10004)
          46   32.744518   95.718894  (     797   11196)
          47   32.747676   89.089561  (     116   10635)
          48   32.752280   91.403469  (     116   10629)
          49   32.752634  100.944566  (      69   12387)
          50   32.753445   74.948321  (    4502   16423)
          51   32.754890   93.149016  (       2   14913)
          52   32.761255   84.403185  (     116   11090)
          53   32.762225   77.555064  (      97   14058)
          54   32.775177   89.571170  (     116   10152)
          55   32.781905   91.888216  (       2   14087)
          56   32.787354   83.752645  (     212   16382)
          57   32.793834   87.198681  (     116   10099)
          58   32.794461   83.419877  (     212   12551)
          59   32.797966   84.354445  (     116   10515)
          60   32.798116   94.385859  (    4146   13971)
          61   32.800417   94.409948  (    4146   14087)
          62   32.802096   84.136489  (       2   12604)
          63   32.817757   84.594357  (    4146   12618)
          64   32.824647   91.893610  (       2   13971)
          65   32.824699   99.133403  (    8908   12604)
          66   32.828767   92.150483  (       2   12532)
          67   32.836597   99.738276  (    5747   19007)
          68   32.837676   88.763674  (      22   12604)
          69   32.838244   96.521438  (    1938   12604)
          70   32.841255   91.678738  (       2   14440)
          71   32.842349  113.754529  (    7527   18678)
          72   32.847203   86.972231  (     116   10116)
          73   32.849381   82.666136  (     116     182)
          74   32.850494   83.359650  (     116   14280)
          75   32.860374   92.834095  (    5309   10006)
          76   32.861707   98.629609  (    5747   18912)
          77   32.868633   91.093850  (       2   13377)
          78   32.869292   91.696318  (       2   14520)
          79   32.870653   78.327269  (    4143   10596)
          80   32.874845   91.198741  (       2   15674)
          81   32.880391  113.410301  (    4882   18678)
          82   32.880473   83.713934  (     116   10162)
          83   32.884883   95.634966  (      13   10001)
          84   32.888609   89.327720  (    6934   16382)
          85   32.896565   84.550948  (     116   11217)
          86   32.897305   91.554157  (       2   16281)
          87   32.899615   91.485868  (       2   15070)
          88   32.900535   91.058726  (       2   16015)
          89   32.900546   91.557752  (       2   15540)
          90   32.902387   91.558736  (       2   15267)
          91   32.904528   91.559444  (       2   15017)
          92   32.908281   84.692871  (     116   11184)
          93   32.910395   91.041699  (       2   16734)
          94   32.911061   91.560011  (       2   14453)
          95   32.913137   92.020994  (     116   10847)
          96   32.919587   91.761082  (       2   17636)
          97   32.928304   84.394989  (     116   11296)
          98   32.933182   98.726993  (      19   12548)
          99   32.935144   76.516881  (    7494   14979)
         100   32.943858   90.831799  (       2   17552)
