Model_ID, [(c_i,i=0,n)_j,j=1,ntask]
           1    0.5532812792E+02    0.2617472682E+02   -0.2181094265E+03
           2    0.8974567381E+02    0.1952754480E+02    0.7419163128E+04
           3    0.5279200733E+02    0.2460057295E+02   -0.2217856102E+03
           4    0.4878062689E+02   -0.4472621639E+02   -0.1744825686E+03
           5    0.4812608388E+02   -0.4182111092E+02   -0.1519080331E+03
           6    0.4746226279E+02   -0.4125836784E+02   -0.2040665959E+03
           7    0.7228808548E+02   -0.6722289527E+02   -0.1800512567E+03
           8    0.4753737150E+02   -0.4033904748E+02   -0.2187407476E+03
           9    0.4724173851E+02   -0.4623923637E+02   -0.1573318504E+03
          10    0.5136186526E+02    0.2347668096E+02   -0.2661181478E+03
          11    0.4751462468E+02   -0.4087021342E+02   -0.1919901334E+03
          12    0.4972558004E+02   -0.4502503257E+02   -0.1778170619E+03
          13    0.5575917484E+02   -0.2717999604E+02   -0.2167003425E+03
          14    0.4708393698E+02   -0.4561317874E+02   -0.1753683187E+03
          15    0.7209584029E+02    0.6693119719E+02   -0.1794966953E+03
          16    0.4837214091E+02   -0.4095290678E+02   -0.1662317464E+03
          17    0.4571349338E+02   -0.3998777365E+02   -0.8217994673E+02
          18    0.5515121603E+02    0.2541829244E+02   -0.2292550982E+03
          19    0.5398313226E+02   -0.4122378102E+02   -0.1651687055E+03
          20    0.5275889236E+02    0.2426758486E+02   -0.2062773861E+03
          21    0.4772962450E+02   -0.4683824940E+02   -0.1620554142E+03
          22    0.5197674808E+02    0.2448644516E+02   -0.2580977333E+03
          23    0.5346872011E+02   -0.4071713797E+02   -0.1668967029E+03
          24    0.5201740060E+02    0.2383047231E+02   -0.2649810684E+03
          25    0.4891266388E+02   -0.4502932219E+02   -0.1530588020E+03
          26    0.5335018285E+02   -0.4082739911E+02   -0.1669175873E+03
          27    0.5601478598E+02    0.2643564278E+02   -0.2132513934E+03
          28    0.4801767825E+02   -0.4589300795E+02   -0.1783839475E+03
          29    0.4746921364E+02   -0.4049392540E+02   -0.1602347798E+03
          30    0.4751550758E+02   -0.4570718343E+02   -0.2144927307E+03
          31    0.5342068355E+02    0.2485062934E+02   -0.2174524065E+03
          32    0.7625446748E+02   -0.6763306087E+02   -0.1706114798E+03
          33    0.7356389990E+02   -0.3242811030E+02   -0.1688762657E+03
          34    0.4860211808E+02   -0.4693202447E+02   -0.1616253911E+03
          35    0.7242131432E+02   -0.6433141999E+02   -0.1984448973E+03
          36    0.4904203012E+02   -0.2396553468E+02   -0.2185702916E+03
          37    0.5562056674E+02    0.2571324748E+02   -0.2094503035E+03
          38    0.4759204473E+02   -0.4223539532E+02   -0.2072312498E+03
          39    0.5513934638E+02    0.2557627605E+02   -0.1693317994E+03
          40    0.3242168949E+02    0.2395720934E+02   -0.1706774240E+03
          41    0.5338171316E+02   -0.4077485166E+02   -0.1667967221E+03
          42    0.5562833883E+02   -0.2669314453E+02   -0.1711586392E+03
          43    0.5496370667E+02    0.2592517847E+02   -0.2198830579E+03
          44    0.7249383743E+02   -0.6262216471E+02   -0.1676096600E+03
          45    0.4808598535E+02   -0.4619596041E+02   -0.1554184052E+03
          46    0.4917831286E+02   -0.4500168173E+02   -0.1751030225E+03
          47    0.5043986657E+02   -0.4378536955E+02   -0.1622203542E+03
          48    0.5175297375E+02   -0.3719418938E+02   -0.2083127349E+03
          49    0.5154262806E+02    0.3734669258E+02   -0.2085160066E+03
          50    0.5329739821E+02   -0.4083367676E+02   -0.1667593543E+03
          51    0.5267006227E+02    0.2384048724E+02   -0.2318438540E+03
          52    0.7503391711E+02   -0.6189479805E+02   -0.1706050503E+03
          53    0.4802497955E+02   -0.4076679218E+02   -0.2065521988E+03
          54    0.5174191803E+02   -0.3747765510E+02   -0.1548763223E+03
          55    0.4719876678E+02    0.4223176715E+02   -0.2113518097E+03
          56    0.5374826189E+02    0.2483576825E+02   -0.2557424257E+03
          57    0.4789160123E+02   -0.4593171064E+02   -0.1561467676E+03
          58    0.4439925529E+02    0.4003808092E+02   -0.1572663387E+03
          59    0.5342229728E+02    0.2461292256E+02   -0.2048536056E+03
          60    0.5147646735E+02    0.3735951695E+02   -0.2084031476E+03
          61    0.5558996185E+02   -0.2643547266E+02   -0.2289632202E+03
          62    0.5152597625E+02    0.3761609409E+02   -0.1547780388E+03
          63    0.7200587687E+02   -0.5852569041E+02   -0.1718753553E+03
          64    0.8140273412E+02    0.4102432764E+02    0.2060993305E+04
          65    0.5518662793E+02    0.2567963429E+02   -0.1989515442E+03
          66    0.4701031104E+02   -0.4599350124E+02   -0.2148738450E+03
          67    0.4839762138E+02   -0.4660812634E+02   -0.1617408615E+03
          68    0.5331076039E+02    0.2543800477E+02   -0.2096477858E+03
          69    0.5588277843E+02    0.2579884874E+02   -0.2277855243E+03
          70    0.6814101819E+02    0.6153244467E+02   -0.1536869737E+03
          71    0.4786296987E+02   -0.4587199409E+02   -0.1561564549E+03
          72    0.6586557467E+02    0.5947334314E+02   -0.1536900703E+03
          73    0.4419200412E+02    0.4001903829E+02    0.2230049668E+03
          74    0.7169146909E+02   -0.5817852924E+02   -0.1717041079E+03
          75    0.4748512776E+02   -0.4598306300E+02   -0.1771211510E+03
          76    0.5843991675E+02    0.2402144074E+02   -0.2129108795E+03
          77    0.7194250801E+02    0.6661872337E+02   -0.1796523061E+03
          78    0.4389815872E+02    0.3978044917E+02    0.2609944617E+03
          79    0.8065042615E+02    0.3962491841E+02    0.5837170934E+04
          80    0.5369777304E+02   -0.4081059517E+02   -0.1659229608E+03
          81    0.4940125116E+02   -0.4556124109E+02   -0.1571625564E+03
          82    0.5847033420E+02    0.2399908160E+02   -0.2128338839E+03
          83    0.5145822784E+02    0.3762451155E+02   -0.1546212569E+03
          84    0.7451714456E+02    0.6129428442E+02   -0.1703124699E+03
          85    0.7175991569E+02   -0.6582863180E+02   -0.1786533489E+03
          86    0.7173484181E+02    0.6631818961E+02   -0.1784359096E+03
          87    0.5313914040E+02   -0.4087493485E+02   -0.1664584195E+03
          88    0.4836721928E+02   -0.4653907856E+02   -0.1616543129E+03
          89    0.3230543443E+02    0.2365447719E+02   -0.2296565045E+03
          90    0.4771583483E+02   -0.3981754585E+02   -0.2059910913E+03
          91    0.4892150431E+02   -0.2246850839E+02   -0.2327084146E+03
          92    0.4887560126E+02   -0.4453853638E+02   -0.1569015906E+03
          93    0.8314694662E+02    0.4179080866E+02    0.2097005585E+04
          94    0.4791664999E+02   -0.4519401557E+02   -0.1552572609E+03
          95    0.8238277521E+02    0.4035580840E+02    0.6006823288E+04
          96    0.5196382506E+02   -0.4044730085E+02   -0.1696721819E+03
          97    0.7665921043E+02   -0.6826531131E+02   -0.1509694230E+03
          98    0.5311875166E+02    0.2412655886E+02   -0.2120239442E+03
          99    0.3275662133E+02    0.2380356817E+02   -0.2243848421E+03
         100    0.4771852693E+02   -0.4525124110E+02   -0.1732813892E+03
