        Rank        RMSE       MaxAE  Feature_ID
           1   32.578439  119.706027  (    1178   14061)
           2   32.635280  106.762185  (       1   10006)
           3   32.678697  119.604843  (     696   14061)
           4   32.848409  123.128770  (     212   14061)
           5   32.873624  110.995447  (       1   10002)
           6   32.987023  122.594261  (     126   14061)
           7   33.007570  121.781156  (     139   14061)
           8   33.020419  114.403749  (    3337   14061)
           9   33.024481  116.143188  (     434   14061)
          10   33.032111  127.812923  (    1310   14061)
          11   33.045662  121.579578  (    3331   14061)
          12   33.066051  115.738654  (     828   14061)
          13   33.074960  109.881749  (      38   10001)
          14   33.117501  105.421358  (       1   10024)
          15   33.228953  110.861443  (       1   10004)
          16   33.252620   98.062380  (      25   10024)
          17   33.398016  128.424160  (      35   14061)
          18   33.447012  114.331496  (    2441   14061)
          19   33.480674  107.873364  (       1   10106)
          20   33.501812  109.480922  (       1   10005)
          21   33.533451   94.856906  (    3726   14061)
          22   33.544635   98.795071  (       1   11726)
          23   33.559319  113.098565  (       1   10001)
          24   33.562912  118.970871  (     766   14061)
          25   33.577954  113.185413  (    2303   14061)
          26   33.579494   97.641576  (       1   13002)
          27   33.642243  123.695031  (    3045   14061)
          28   33.659508  100.111653  (      25   10012)
          29   33.659596  114.624909  (       1   10003)
          30   33.690085   98.431122  (      25   12141)
          31   33.690573  111.797689  (       1   10036)
          32   33.710975  102.297990  (       1   10596)
          33   33.735003  105.547756  (      11   10001)
          34   33.738054  124.884318  (    1331   13422)
          35   33.758798  101.329765  (       1   10583)
          36   33.770130  120.529187  (    2846   14061)
          37   33.855330  116.485697  (     422   14061)
          38   33.857957  109.303649  (       1   10030)
          39   33.880571  122.269545  (     101   13422)
          40   33.881563  107.903460  (       1   10012)
          41   33.883119  112.519797  (       1   10033)
          42   33.896389  125.994218  (    1348   14061)
          43   33.902021  111.090228  (       1   10292)
          44   33.911571  113.750768  (       1   10007)
          45   33.912448  123.854184  (    6567   14061)
          46   33.920912  124.058387  (    1296   14061)
          47   33.928235  108.431055  (       1   10017)
          48   33.942656  120.968562  (     518   14061)
          49   33.947760  104.218944  (      31   10002)
          50   33.972567  113.646108  (    5742   14061)
          51   33.974992  107.824849  (       1   10171)
          52   33.977414  124.399631  (     381   14061)
          53   33.999291  112.859511  (       1   10009)
          54   34.006361  107.999434  (      38   10002)
          55   34.008637  117.154236  (      69   14061)
          56   34.014437  120.714560  (      38   10034)
          57   34.015096  120.706270  (     885   13422)
          58   34.022134  107.460520  (       1   10219)
          59   34.042595  113.467087  (       1   10025)
          60   34.043168  115.953605  (     122   10034)
          61   34.058536  112.465476  (       1   10046)
          62   34.062893  110.746552  (       1   10129)
          63   34.080958  123.234567  (     785   14061)
          64   34.082875  110.543398  (       1   10018)
          65   34.089030  105.422463  (       9   17280)
          66   34.090099   99.827921  (      25   10006)
          67   34.090371  131.939716  (     420   14061)
          68   34.099439  106.917878  (       1   10164)
          69   34.106850  111.785247  (       1   10021)
          70   34.106983  111.519435  (       1   10200)
          71   34.115386  107.561310  (       1   10964)
          72   34.119722  106.039061  (       1   12141)
          73   34.133859  105.030241  (     122   10001)
          74   34.136797  108.434500  (     212   10006)
          75   34.143416  111.671643  (       1   10190)
          76   34.149132  105.196741  (       1   14833)
          77   34.157990  111.948146  (    6351   14061)
          78   34.158713  111.149574  (       1   10052)
          79   34.161745  112.732049  (       1   10037)
          80   34.171254  125.382957  (       9   14061)
          81   34.176854  113.947059  (       1   10028)
          82   34.178268  112.085149  (       1   10042)
          83   34.185445  107.228673  (      35   17280)
          84   34.190481  111.296847  (       1   10648)
          85   34.193568  113.504308  (       1   10115)
          86   34.196896  121.017147  (    2557   10034)
          87   34.207996  118.567011  (     690   13422)
          88   34.213535  108.123770  (       1   10284)
          89   34.216375  122.463296  (    1178   17211)
          90   34.230263  110.557040  (      25   10233)
          91   34.231777  104.005107  (      31   10004)
          92   34.233720  112.349810  (       1   10226)
          93   34.244376  105.574104  (       1   10411)
          94   34.248537  111.963094  (       1   10207)
          95   34.254831  103.792353  (       1   11353)
          96   34.259636  102.114360  (      25   10005)
          97   34.265067  113.092238  (       1   10022)
          98   34.266117  112.827393  (       1   10010)
          99   34.266918  108.358711  (      31   13599)
         100   34.269882  105.594575  (      25   11726)
