Model_ID, [(c_i,i=0,n)_j,j=1,ntask]
           1    0.4676422432E+01    0.4916892230E+02    0.6151633580E+02
           2    0.6604254734E+01   -0.2925727344E+02    0.1998202242E+03
           3    0.4660088176E+01    0.4833801635E+02   -0.6445784814E+02
           4    0.6571657831E+01   -0.2916650449E+02    0.2012655884E+03
           5    0.4769665062E+01    0.9033864354E+01   -0.1625695779E+03
           6    0.4473969760E+01    0.3542540774E+02    0.1548110290E+03
           7    0.6680008260E+01   -0.2916750686E+02    0.1996343246E+03
           8    0.7098480756E+01   -0.2927010547E+02    0.1661406215E+03
           9    0.4446231989E+01    0.3546001919E+02    0.1547738123E+03
          10    0.7069034201E+01   -0.2919431656E+02    0.1676335138E+03
          11    0.6091721515E+01   -0.2517372454E+02   -0.1659520995E+03
          12    0.4340851197E+01    0.3576063328E+02    0.1571314457E+03
          13    0.4870048642E+01    0.8924951977E+01   -0.1581197155E+03
          14    0.4718038957E+01    0.8997031205E+01   -0.1596138950E+03
          15    0.5068548764E+01   -0.2003732371E+02    0.1950418025E+03
          16    0.5385579526E+01    0.9123085064E+01    0.1808510966E+03
          17    0.5235290881E+01    0.9198197235E+01    0.1825723921E+03
          18    0.5076294959E+01   -0.1002682833E+02    0.1958666569E+03
          19    0.4572039454E+01   -0.3504642737E+02    0.1517684011E+03
          20    0.5191785330E+01    0.4626623601E+02    0.7129683553E+02
          21    0.5435039851E+01   -0.1884566639E+02    0.1813317453E+03
          22    0.4735590206E+01    0.3493730381E+02    0.1540165934E+03
          23    0.4431290835E+01    0.3542705013E+02    0.1543419076E+03
          24    0.5534168024E+01   -0.2015511002E+02    0.1649085473E+03
          25    0.5160728287E+01    0.4596743051E+02    0.8649021326E+02
          26    0.5543002227E+01   -0.1008941393E+02    0.1657862052E+03
          27    0.5093161148E+01   -0.2004574055E+02    0.1965407261E+03
          28    0.5633964926E+01   -0.1601959495E+02   -0.1619851349E+03
          29    0.4723578173E+01    0.4851033481E+02    0.9618813424E+02
          30    0.4894567292E+01    0.1136338240E+02   -0.1654862256E+03
          31    0.1379386754E+02   -0.1466936703E+02    0.1805795762E+03
          32    0.4764953622E+01    0.4678131899E+02    0.1556706056E+03
          33    0.3716752087E+01    0.3057587625E+02    0.3050051999E+03
          34    0.3340754164E+01    0.3155308933E+02    0.8929454640E+02
          35    0.4811567084E+01    0.4758400163E+02    0.5796022632E+02
          36    0.4884126831E+01    0.4843195272E+02    0.7615280132E+02
          37    0.4008352628E+01    0.3580989141E+02    0.1526454129E+03
          38    0.4542712370E+01    0.1190079790E+02    0.1530384260E+03
          39    0.5560606568E+01   -0.2017802526E+02    0.1665296863E+03
          40    0.5298981364E+01    0.1099799346E+02   -0.1908410988E+03
          41    0.3359471769E+01    0.3181306450E+02    0.8128668859E+02
          42    0.4941712249E+01   -0.1837937365E+02   -0.1587355269E+03
          43    0.4999862343E+01    0.1224666040E+02   -0.1510378559E+03
          44    0.5475101652E+01   -0.1872505295E+02    0.1796812155E+03
          45    0.7173437505E+01   -0.2918777058E+02    0.1661135172E+03
          46    0.5087311739E+01    0.1603484496E+02    0.1538950914E+03
          47    0.5922491079E+01   -0.2493686113E+02   -0.1580597598E+03
          48    0.4845441986E+01    0.4782361993E+02   -0.5561080545E+02
          49    0.5322511296E+01    0.9150617710E+01    0.1812819377E+03
          50    0.7065950725E+01   -0.2647390614E+02    0.1805327118E+03
          51    0.4709078037E+01   -0.3455561613E+02    0.1483541620E+03
          52    0.4427341437E+01    0.3538394437E+02    0.1533042414E+03
          53    0.4922158881E+01    0.4640264474E+02   -0.6038168499E+02
          54    0.3837155727E+01    0.1692593801E+02    0.9181006709E+02
          55    0.4810694327E+01    0.4983746506E+02   -0.5416880195E+02
          56    0.4669201748E+01    0.4504469039E+02    0.1788379289E+03
          57    0.5198270364E+01    0.8674917929E+01   -0.1830293567E+03
          58    0.4538032804E+01   -0.1625776884E+02    0.1295382809E+03
          59    0.5874496417E+01   -0.1889789432E+02    0.1517121517E+03
          60    0.4843254353E+01    0.7973257641E+01    0.1764179211E+03
          61    0.3585334684E+01    0.3112802453E+02    0.8820170045E+02
          62    0.5609492263E+01   -0.2151177649E+02    0.2126053461E+03
          63    0.4658765019E+01    0.3575003706E+02    0.1534982748E+03
          64    0.5277814400E+01   -0.9482997186E+01    0.1809270844E+03
          65    0.3556434894E+01    0.3117991262E+02    0.8835160058E+02
          66    0.5021013880E+01    0.1262850067E+02   -0.1553037538E+03
          67    0.3848382436E+01    0.3741090864E+02    0.2426156991E+03
          68    0.5619627058E+01   -0.1077045857E+02    0.2136946041E+03
          69    0.5277978812E+01    0.8593363330E+01   -0.1790148550E+03
          70    0.4797850340E+01    0.4676075484E+02   -0.6090973160E+02
          71    0.4830899711E+01    0.4665502682E+02   -0.6082009641E+02
          72    0.4949428641E+01    0.4638032010E+02   -0.6044876235E+02
          73    0.4793723248E+01    0.4677106269E+02   -0.6091019249E+02
          74    0.5738834378E+01    0.1589272597E+02   -0.1602493551E+03
          75    0.4789764423E+01    0.4678060574E+02   -0.6090387616E+02
          76    0.3605115975E+01    0.3138413575E+02    0.8029955563E+02
          77    0.4714970359E+01    0.2976123858E+02    0.6876795481E+02
          78    0.4759265580E+01    0.4687466807E+02   -0.6088893029E+02
          79    0.3449486596E+01    0.3139135656E+02    0.8960559613E+02
          80    0.3955482314E+01    0.1701309846E+02    0.7694228689E+02
          81    0.5137379150E+01    0.8655225731E+01   -0.1803933137E+03
          82    0.5512163126E+01   -0.1584963074E+02   -0.1570246988E+03
          83    0.3576074282E+01    0.3143660518E+02    0.8043446461E+02
          84    0.3822696957E+01    0.3764158126E+02    0.3103909937E+03
          85    0.5310271231E+01    0.1225154457E+02   -0.1629214896E+03
          86    0.4419013919E+01    0.3631202991E+02    0.8645297156E+02
          87    0.4504618584E+01    0.3001275146E+02    0.6876128103E+02
          88    0.3800619321E+01    0.3079376085E+02    0.8863725737E+02
          89    0.3007633664E+01    0.3228767496E+02    0.1517126374E+03
          90    0.4831850505E+01    0.3280447015E+02    0.1847166141E+03
          91    0.3683254445E+01   -0.3089307662E+02    0.8686837463E+02
          92    0.3995257684E+01    0.1749944261E+02   -0.1197873266E+03
          93    0.4691046471E+01    0.2978904885E+02    0.6876325387E+02
          94    0.3829460997E+01    0.3557185157E+02   -0.1282606957E+03
          95    0.3539663819E+01    0.3118741620E+02    0.8836105474E+02
          96    0.3655615813E+01    0.1164547189E+02   -0.1593017223E+03
          97    0.4789047662E+01   -0.2955381010E+02    0.6797814768E+02
          98    0.4106121863E+01    0.1583923324E+02   -0.5558127896E+02
          99    0.4397928452E+01   -0.6455781754E+02   -0.1599491350E+03
         100    0.3471485184E+01    0.3164084805E+02    0.8148988123E+02
