Model_ID, [(c_i,i=0,n)_j,j=1,ntask]
           1    0.4064010944E+03    0.3326441453E+03   -0.1041305583E+03
           2    0.4070156349E+03    0.3327148612E+03   -0.1056891498E+03
           3    0.2938315586E+03    0.2002766124E+03    0.2728304744E+03
           4    0.2940236664E+03    0.2017323793E+03    0.2676142653E+03
           5    0.3597409783E+03    0.2641832075E+03    0.1470142028E+03
           6    0.3578826372E+03    0.2650142071E+03    0.1553699527E+03
           7    0.3601946072E+03    0.2699093297E+03    0.1474570275E+03
           8    0.2997876964E+03    0.2090508533E+03    0.2611205108E+03
           9    0.3617881746E+03    0.2386596291E+03    0.1159924846E+04
          10    0.3623879032E+03   -0.1220605530E+03    0.1206818303E+04
          11    0.2974185502E+03    0.2038288038E+03    0.2270628349E+03
          12    0.4910900257E+03    0.3336220930E+03   -0.1067175677E+03
          13    0.2908657979E+03    0.1880839927E+03    0.2379683469E+03
          14    0.2923645337E+03    0.1960284514E+03    0.2351705921E+03
          15    0.2978227780E+03   -0.1052087141E+03    0.1182834882E+04
          16    0.2910043330E+03    0.1893366514E+03    0.2334524152E+03
          17    0.3810921435E+03    0.2997408055E+03   -0.1225871709E+03
          18    0.3821274698E+03    0.1398180657E+03    0.1098866982E+04
          19    0.2959012477E+03    0.1954262984E+03    0.2269603305E+03
          20    0.3863797067E+03    0.1412534238E+03    0.1099247024E+04
          21    0.2925262765E+03    0.1972579840E+03    0.2296063130E+03
          22    0.4080857015E+03    0.3460005845E+03    0.7578676912E+02
          23    0.3858015144E+03    0.3061942167E+03   -0.1435908002E+03
          24    0.4119752788E+03    0.3421977752E+03   -0.7977867038E+02
          25    0.4640830488E+03    0.3052742308E+03    0.9352440978E+02
          26    0.3865766242E+03    0.1424946907E+03    0.1140140370E+04
          27    0.4803343595E+03   -0.3201254202E+03    0.1066525870E+03
          28    0.4111024448E+03    0.3432263152E+03   -0.7836248445E+02
          29    0.4078901113E+03    0.3358152024E+03   -0.7371120722E+02
          30    0.3837914939E+03    0.3113669503E+03   -0.1344625406E+03
          31    0.3905271146E+03    0.7206406299E+02    0.1100839631E+04
          32    0.3837037905E+03    0.3047237114E+03    0.1389055978E+03
          33    0.3089221057E+03    0.2071027997E+03    0.2454177804E+03
          34    0.3726719905E+03   -0.2941648082E+03    0.2953803690E+03
          35    0.3847379895E+03    0.3044551795E+03    0.1422045262E+03
          36    0.3840946950E+03    0.1385779648E+03    0.1110192395E+04
          37    0.2777420653E+03    0.1616075894E+03   -0.6244897707E+03
          38    0.4133108033E+03    0.3435978378E+03   -0.8198336203E+02
          39    0.2155835940E+03    0.1062605244E+03    0.2701789287E+03
          40    0.4030655142E+03    0.3293018800E+03   -0.9601544833E+02
          41    0.2158088623E+03    0.1058197312E+03    0.2741280523E+03
          42    0.2641574167E+03   -0.1780451331E+03    0.3171130503E+03
          43    0.2002384625E+03   -0.1226192099E+03    0.1239777019E+04
          44    0.2821497230E+03    0.1918405743E+03    0.2511201746E+03
          45    0.3286754495E+03   -0.1262970735E+03    0.1202074719E+04
          46    0.2820779060E+03    0.1904267199E+03    0.2551985323E+03
          47    0.3037996940E+03    0.2025518451E+03    0.2459946201E+03
          48    0.2197626016E+03   -0.1045812667E+03    0.2726789678E+03
          49    0.2947949901E+03    0.1826472005E+03    0.2438075445E+03
          50    0.2199721937E+03   -0.1041439681E+03    0.2766834385E+03
          51    0.2990807513E+03    0.2071161379E+03    0.2326653706E+03
          52    0.3292099991E+03    0.1396262958E+03    0.2907857807E+03
          53    0.3893880242E+03    0.3044614180E+03   -0.1556152108E+03
          54    0.4093640749E+03    0.3356262825E+03   -0.7639802623E+02
          55    0.3692556419E+03    0.2835359480E+03    0.2549751226E+03
          56    0.4040358805E+03    0.3457121217E+03   -0.6854458082E+02
          57    0.3179044185E+03    0.1985425648E+03    0.2208313348E+03
          58    0.4035066978E+03    0.3292501423E+03   -0.9726114529E+02
          59    0.3009248820E+03    0.1818047566E+03    0.2149465775E+03
          60    0.4032140276E+03    0.3263011717E+03   -0.9680742113E+02
          61    0.3990294398E+03    0.3430378954E+03   -0.1241760009E+03
          62    0.3083260797E+03    0.2133507951E+03    0.2369900416E+03
          63    0.2559144544E+03   -0.8369637649E+02    0.1191133008E+04
          64    0.3001204709E+03    0.1901190189E+03    0.2340323196E+03
          65    0.2172011367E+03    0.1059628779E+03    0.2720635750E+03
          66    0.2949643377E+03    0.1838946775E+03    0.2391205871E+03
          67    0.2703097950E+03    0.1691462159E+03    0.2552876222E+03
          68    0.4032068668E+03    0.3270395932E+03   -0.9808047429E+02
          69    0.2763317424E+03   -0.8922004374E+02    0.1159845314E+04
          70    0.4036764669E+03    0.3262651821E+03   -0.9809019953E+02
          71    0.4085671928E+03    0.3367213925E+03   -0.7509302010E+02
          72    0.3597012386E+03    0.2731694023E+03    0.1406699100E+03
          73    0.1726271896E+03    0.1012755884E+03   -0.6303100755E+03
          74    0.3769302548E+03    0.1349580241E+03    0.1035106679E+04
          75    0.3991575119E+03    0.3418795426E+03   -0.1240549815E+03
          76    0.2641677373E+03   -0.1787060454E+03    0.3100875677E+03
          77    0.3995740295E+03    0.3421574211E+03   -0.1251318244E+03
          78    0.3119761533E+03    0.1917443919E+03    0.8453424929E+02
          79    0.3176506240E+03    0.1992917982E+03    0.2284957953E+03
          80    0.4037043579E+03    0.3270296380E+03   -0.9942421830E+02
          81    0.5289488828E+03    0.3621300813E+03   -0.9258130647E+02
          82    0.3723418282E+03    0.3059389381E+03    0.2885839812E+03
          83    0.3821712518E+03    0.2951921515E+03    0.1353114907E+03
          84    0.3084956545E+03    0.1807970656E+03    0.2196785450E+03
          85    0.4029539629E+03    0.3453972482E+03   -0.1357656726E+03
          86    0.1990416547E+03   -0.1138418896E+03    0.1197834052E+04
          87    0.3988295493E+03    0.3414606573E+03   -0.1230557333E+03
          88    0.3011201779E+03    0.1828841645E+03    0.2094950177E+03
          89    0.3719995915E+03    0.3063379331E+03    0.2873638451E+03
          90    0.4047068000E+03    0.3284204511E+03   -0.9614011294E+02
          91    0.2693257890E+03   -0.1811280390E+03    0.3091758228E+03
          92    0.3724644487E+03    0.3056344978E+03    0.2890288936E+03
          93    0.3298964569E+03    0.1405804294E+03    0.2674542848E+03
          94    0.2853607282E+03    0.1821963987E+03    0.2447637609E+03
          95    0.3831378014E+03    0.2947101667E+03    0.1384287874E+03
          96    0.2852679090E+03    0.1808846787E+03    0.2488098046E+03
          97    0.3034443827E+03    0.2032762769E+03    0.2538552626E+03
          98    0.3087313793E+03    0.1819295546E+03    0.2153231786E+03
          99    0.3172865942E+03    0.1970270876E+03    0.2362374952E+03
         100    0.3603030815E+03    0.2681166340E+03    0.1347858209E+03
