Model_ID, [(c_i,i=0,n)_j,j=1,ntask]
           1    0.4901580056E+01   -0.2229433861E+02    0.3999919040E+02
           2    0.4893066561E+01   -0.2228693139E+02    0.3987895685E+02
           3    0.4925694717E+01   -0.2064583645E+02    0.6776821167E+02
           4    0.4976343209E+01   -0.2062401781E+02    0.6913828053E+02
           5    0.4892495205E+01   -0.2059905422E+02    0.6667716022E+02
           6    0.4889217487E+01   -0.2058307861E+02    0.6596327350E+02
           7    0.4881609711E+01   -0.2058136808E+02    0.6578349128E+02
           8    0.4952314161E+01   -0.2057478554E+02    0.6822781012E+02
           9    0.4930893863E+01   -0.1038963847E+02    0.6360297014E+02
          10    0.4601934220E+01   -0.2197746177E+02    0.5753934330E+02
          11    0.4593631139E+01   -0.2197324451E+02    0.5737779372E+02
          12    0.5105371480E+01   -0.2256783125E+02    0.3887822058E+02
          13    0.5121012508E+01   -0.2255706888E+02    0.3899808695E+02
          14    0.4980919463E+01   -0.2068192277E+02    0.6342071195E+02
          15    0.5190020724E+01   -0.1030437742E+02    0.6798920851E+02
          16    0.5030612110E+01   -0.2177918792E+02    0.3698917763E+02
          17    0.3988806827E+01   -0.1934094049E+02    0.2010500925E+02
          18    0.5823610655E+01   -0.2258041262E+02    0.4398260024E+02
          19    0.2668658576E+02   -0.9194914026E+01    0.6821006963E+02
          20    0.5832896602E+01   -0.2246672528E+02    0.4404198141E+02
          21    0.4068708917E+01   -0.1974795033E+02    0.1908031801E+02
          22    0.5440748883E+01   -0.2218470929E+02    0.3985855247E+02
          23    0.4209655693E+01   -0.2268841801E+02   -0.1871250076E+02
          24    0.4208877355E+01   -0.2267284156E+02   -0.1873564906E+02
          25    0.4988208244E+01   -0.2059580802E+02    0.6401619909E+02
          26    0.5188223512E+01   -0.2044471970E+02    0.6617659685E+02
          27    0.5013296148E+01   -0.2048699622E+02    0.6223695730E+02
          28    0.5064692352E+01   -0.2050572105E+02    0.6543804435E+02
          29    0.5197579541E+01   -0.2038455107E+02    0.6756778215E+02
          30    0.5262890999E+01   -0.2159008038E+02    0.3863306778E+02
          31    0.4025855989E+01   -0.1635724599E+02    0.2034162622E+02
          32    0.6515361980E+01   -0.2402117783E+02    0.5568505180E+02
          33    0.2234165442E+02   -0.1996409230E+02    0.3586352124E+02
          34    0.4485944467E+01   -0.2351937985E+02   -0.1609662324E+02
          35    0.5985512501E+01   -0.2298113314E+02    0.4896568141E+02
          36    0.5462417479E+01   -0.1836749045E+02    0.3805532657E+02
          37    0.9445638553E+01   -0.2042557781E+02   -0.1172392257E+02
          38    0.8011757557E+01   -0.1524847531E+02    0.3780856366E+02
          39    0.5912886471E+01   -0.2309196951E+02    0.4102612860E+02
          40    0.6013826219E+01   -0.2297926340E+02    0.4868045633E+02
          41    0.5190169340E+01   -0.2036934598E+02    0.6770850284E+02
          42    0.5194863374E+01   -0.2027881829E+02    0.6634294237E+02
          43    0.4127332879E+01   -0.1670277257E+02    0.1918024417E+02
          44    0.5347162220E+01   -0.1832645294E+02    0.3665859593E+02
          45    0.1302308000E+02   -0.3930060754E+02    0.1788247529E+02
          46    0.5208352020E+01   -0.2027800427E+02    0.6500234454E+02
          47    0.5922115453E+01   -0.2299214997E+02    0.4100797376E+02
          48    0.5839832089E+01   -0.2149729740E+02    0.1847629924E+02
          49    0.5194856546E+01   -0.2033523681E+02    0.6755153379E+02
          50    0.5136334405E+01   -0.2632339216E+02    0.9551638643E+02
          51    0.5824283223E+01   -0.1929524891E+02    0.3865028723E+02
          52    0.6027132384E+01   -0.2233209430E+02    0.5060921683E+02
          53    0.4926559840E+01   -0.1164904857E+02    0.6321317140E+02
          54    0.5758036332E+01   -0.2041709813E+02    0.3575502286E+02
          55    0.5213424488E+01   -0.2024558877E+02    0.6480928241E+02
          56    0.5830428599E+01   -0.1921374143E+02    0.3875259431E+02
          57    0.5853814970E+01   -0.2119486991E+02    0.1879004047E+02
          58    0.6035379723E+01   -0.2223423626E+02    0.5066374149E+02
          59    0.4886170326E+01   -0.1148397199E+02    0.3229889938E+02
          60    0.5473955610E+01   -0.1096624085E+02    0.3890264609E+02
          61    0.6056177545E+01   -0.2233516772E+02    0.5029052198E+02
          62    0.6651848346E+01   -0.2262239324E+02    0.6047435436E+02
          63    0.4977876503E+01   -0.1277768079E+02    0.3599380658E+02
          64    0.5711520908E+01   -0.2037042729E+02    0.3508384819E+02
          65    0.4091936817E+01   -0.1066692886E+02    0.3547394109E+02
          66    0.6279739718E+01   -0.2284400112E+02    0.4871348204E+02
          67    0.3542514306E+01   -0.2869217582E+02    0.3790241293E+02
          68    0.6129202555E+01   -0.2015143552E+02    0.4189471286E+02
          69    0.6720650770E+01   -0.2234384276E+02    0.1569302489E+02
          70    0.6064414373E+01   -0.2223826357E+02    0.5034018978E+02
          71    0.6728387476E+01   -0.2226564308E+02    0.3150963272E+02
          72    0.5019995444E+01   -0.2694194625E+02   -0.5359250554E+02
          73    0.4973050809E+01   -0.2223531382E+02    0.3566437258E+02
          74    0.4535918463E+01   -0.1996125149E+02   -0.1626349068E+02
          75    0.6673365332E+01   -0.2295395871E+02    0.1509044228E+02
          76    0.7942784399E+01   -0.1513683351E+02    0.3665149093E+02
          77    0.5117215230E+01   -0.2181637846E+02    0.3624937700E+02
          78    0.2461687769E+02   -0.8151284674E+01    0.6495716900E+02
          79    0.6232218359E+01   -0.2359883341E+02    0.4608806658E+02
          80    0.7284277206E+01   -0.1733038569E+02    0.3822424922E+02
          81    0.5880051224E+01   -0.1972255548E+02    0.3628229226E+02
          82    0.2062691302E+02   -0.2103036849E+02    0.3761164254E+02
          83    0.3977166438E+01   -0.1866377512E+02    0.1802480094E+02
          84    0.6144256002E+01   -0.1998072098E+02    0.4209149377E+02
          85    0.3869127525E+01   -0.1850829035E+02   -0.2011399489E+02
          86    0.8020621715E+01    0.1823849331E+02   -0.4072899760E+02
          87    0.4043297527E+01   -0.1906586909E+02    0.1724295223E+02
          88    0.6302322759E+01   -0.2257549334E+02    0.4906538889E+02
          89    0.4943283953E+01   -0.2284132082E+02    0.3206493613E+02
          90    0.5886142968E+01   -0.1965197309E+02    0.3631004630E+02
          91    0.6694122952E+01   -0.2199324964E+02    0.3160705902E+02
          92    0.4988883466E+01   -0.2634638599E+02    0.1866013700E+02
          93    0.6681635679E+01   -0.2224865055E+02    0.3119186788E+02
          94    0.5173400634E+01   -0.1151523420E+02    0.6682024745E+02
          95    0.1883405872E+02   -0.1884595546E+02    0.6176310156E+02
          96    0.1883395771E+02   -0.1884577464E+02    0.6176232589E+02
          97    0.4347047822E+01   -0.1915849506E+02   -0.1825518364E+02
          98    0.4344939968E+01   -0.1914673377E+02   -0.1828750990E+02
          99    0.5517983842E+01   -0.1672548677E+02    0.6648788743E+02
         100    0.6010949652E+01   -0.2029310702E+02    0.1420121503E+02
