        Rank        RMSE       MaxAE  Feature_ID
           1    3.665985    9.391927  (    3133   13974)
           2    3.666933   10.690049  (    3133   14542)
           3    3.673313    8.811005  (    1160   12451)
           4    3.674088   10.658600  (    3133   13730)
           5    3.708060    7.828437  (    4948   12451)
           6    3.713716   10.817635  (    3133   13792)
           7    3.728230   10.796611  (    3133   13188)
           8    3.737583   12.814439  (       5   13126)
           9    3.737693   12.442952  (       5   15286)
          10    3.753656   10.682484  (    3133   11279)
          11    3.763684   12.934213  (       5   10665)
          12    3.764866   12.417127  (       5   10065)
          13    3.766547    9.391305  (    8653   12451)
          14    3.771472    9.134404  (    1160   14109)
          15    3.776443   12.915346  (       5   10836)
          16    3.776650   12.918992  (       5   10822)
          17    3.782997   12.246710  (       5   18059)
          18    3.783784   12.200060  (       5   16282)
          19    3.784741   12.892228  (       5   10835)
          20    3.786305   12.860568  (       5   11278)
          21    3.790136   12.261087  (       5   17490)
          22    3.791415   12.900467  (       5   11020)
          23    3.791773   12.496513  (       5   11342)
          24    3.792485   12.499118  (       5   11341)
          25    3.795036   12.888099  (       5   10917)
          26    3.795371   12.702563  (       5   11243)
          27    3.795945   12.743474  (       5   10985)
          28    3.796921   12.918940  (       5   11849)
          29    3.797481    9.293878  (    7395   12451)
          30    3.799732   12.893129  (       5   11114)
          31    3.800568    9.797369  (    3133   11697)
          32    3.800643   12.891134  (       5   10713)
          33    3.801233   12.039463  (       5   18984)
          34    3.802505   12.619034  (       5   12458)
          35    3.802804   12.677369  (       5   12414)
          36    3.804170    8.931467  (    3133   16956)
          37    3.804283   12.391317  (       5   14760)
          38    3.808949   12.885564  (       5   11221)
          39    3.809539   12.618464  (       5   11042)
          40    3.810261   12.082429  (       5   12577)
          41    3.812130   12.505164  (       5   11424)
          42    3.812772   10.715678  (    6462   12451)
          43    3.815087   12.484052  (       5   11614)
          44    3.815684   12.457367  (       5   11469)
          45    3.817060   11.805534  (    3133   10449)
          46    3.820348   12.884352  (       5   10659)
          47    3.821640   13.018741  (       5   11412)
          48    3.822045   12.474947  (       5   10838)
          49    3.823077   12.471074  (       5   10872)
          50    3.823365   11.734169  (    3133   10112)
          51    3.823758   13.927658  (       5   15065)
          52    3.826120   12.890572  (       5   11523)
          53    3.827857   12.387378  (       5   11694)
          54    3.828831   12.391971  (       5   11947)
          55    3.829267   12.890774  (       5   11607)
          56    3.830217   11.806695  (       5   16178)
          57    3.830735   12.378253  (       5   11746)
          58    3.830836   13.431710  (       5   10419)
          59    3.831237    9.563686  (    9809   12451)
          60    3.831308   12.454952  (       5   11689)
          61    3.831554   12.463064  (       5   12050)
          62    3.831622   12.294593  (       5   13109)
          63    3.831659   11.893334  (       5   15998)
          64    3.832113   13.017729  (    3956   14100)
          65    3.832890   12.475592  (       5   14313)
          66    3.833534   12.462915  (       5   11141)
          67    3.833658   12.047680  (    3133   11068)
          68    3.835973   12.128047  (       5   12574)
          69    3.836346   12.245818  (       5   11988)
          70    3.838299   12.229505  (       5   12022)
          71    3.838450   12.222516  (       5   13861)
          72    3.840630   12.489310  (       5   13552)
          73    3.840764   12.882871  (       5   12235)
          74    3.842538   10.352160  (    2384   12451)
          75    3.844730   12.178220  (       5   14456)
          76    3.845022   12.050800  (       5   11963)
          77    3.845360   13.690493  (       5   10134)
          78    3.845634   12.583094  (       5   12405)
          79    3.845871   12.463542  (       5   11638)
          80    3.845908   10.447715  (    9961   12451)
          81    3.845968   13.039850  (    7007   14100)
          82    3.846055   12.960051  (    1548   14100)
          83    3.847682   12.042721  (       5   12014)
          84    3.847713   12.821672  (       5   12197)
          85    3.848049   12.597009  (       5   12466)
          86    3.848608   12.242820  (       5   11630)
          87    3.848754   12.046663  (       5   12027)
          88    3.849859   12.458506  (       5   12216)
          89    3.852792   12.426843  (       5   11156)
          90    3.853063   12.462021  (       5   13253)
          91    3.853888   11.302488  (    5636   12451)
          92    3.854712    8.469312  (    2012   12536)
          93    3.855611    8.814672  (    4638   12451)
          94    3.855853   12.434974  (       5   11009)
          95    3.855873   13.057899  (     207   14100)
          96    3.856203   12.433982  (       5   11400)
          97    3.857239   12.976408  (    1545   14100)
          98    3.857503   12.463567  (       5   11618)
          99    3.857748   12.398470  (       5   12470)
         100    3.859002    9.817050  (      24   11090)
