Model_ID, [(c_i,i=0,n)_j,j=1,ntask]
           1    0.4228935795E+01    0.2370492994E+02   -0.2254079395E+02
           2    0.1114340563E+02    0.2050166101E+02   -0.1212254529E+02
           3    0.1986796816E+01    0.2489947122E+02   -0.1303166379E+02
           4    0.1977464636E+01    0.2485232864E+02   -0.1307107916E+02
           5    0.1125459873E+02    0.1993060792E+02   -0.1236552829E+02
           6    0.7919382021E+01    0.2389251762E+02   -0.1093229111E+02
           7    0.1046867417E+02    0.2319628354E+02   -0.1186521626E+02
           8    0.4433607145E+01    0.2323900852E+02   -0.2582310168E+02
           9    0.2654696537E+01    0.2298897787E+02   -0.8235231991E+01
          10    0.7835762526E+01    0.2402805646E+02   -0.1077791570E+02
          11    0.1039947084E+02    0.1963063846E+02   -0.1199959937E+02
          12    0.1054827112E+02    0.1909171631E+02   -0.1232944234E+02
          13    0.8356636795E+01    0.2329272453E+02   -0.9785960069E+01
          14    0.4342163038E+01    0.2353235839E+02   -0.1051627833E+02
          15    0.8025274648E+01    0.2461845232E+02   -0.1044248999E+02
          16    0.4224302818E+01    0.2367496572E+02   -0.1056742929E+02
          17    0.4279750991E+01    0.2342996203E+02   -0.1013807507E+02
          18    0.4621831217E+01    0.2286984128E+02   -0.6427698285E+02
          19    0.4346505292E+01    0.2350924035E+02   -0.1036530872E+02
          20    0.4423541563E+01    0.2345536342E+02   -0.1574257993E+02
          21    0.4301664444E+01    0.2363279460E+02   -0.8151228678E+01
          22    0.1037341723E+02    0.2340908530E+02   -0.1157392323E+02
          23    0.4267783755E+01    0.2361061104E+02   -0.1049518393E+02
          24    0.4610019334E+01    0.2368025039E+02   -0.1247913889E+02
          25    0.4273805439E+01    0.2408369154E+02   -0.1371777824E+02
          26    0.1017010617E+02    0.2107763556E+02   -0.1118260421E+02
          27    0.4386552201E+01    0.2347088096E+02   -0.1042126368E+02
          28    0.4312467074E+01    0.2354222441E+02   -0.1040730888E+02
          29    0.4110658773E+01    0.2382431301E+02   -0.1047270604E+02
          30    0.4368271479E+01    0.2329674921E+02   -0.3160097963E+02
          31    0.4548694524E+01    0.2292373252E+02   -0.3321460052E+02
          32    0.1091098346E+02   -0.2060362202E+02   -0.1154404783E+02
          33    0.4206243477E+01    0.2366469741E+02    0.1046511281E+02
          34    0.4459736457E+01    0.2302868100E+02   -0.3346477538E+02
          35    0.1993826681E+01    0.2410905776E+02   -0.1320133260E+02
          36    0.4381659454E+01    0.2371195872E+02   -0.8648424850E+01
          37    0.4235060109E+01    0.2379438350E+02   -0.1562939093E+02
          38    0.4207838448E+01    0.2365190223E+02   -0.1035496561E+02
          39    0.8060725239E+01    0.2440156444E+02   -0.1118494601E+02
          40    0.4378854868E+01    0.2354876248E+02   -0.1645594114E+02
          41    0.4486221305E+01    0.2274431489E+02   -0.2731306979E+02
          42    0.4583145992E+01    0.2326673305E+02   -0.1112891248E+02
          43    0.1088600330E+02    0.2068689416E+02   -0.1260047505E+02
          44    0.1014811169E+02    0.2360187443E+02   -0.1248939020E+02
          45    0.1087417064E+02    0.2064875464E+02   -0.1157964929E+02
          46    0.4468587794E+01    0.2301555794E+02   -0.2566835334E+02
          47    0.4274058338E+01    0.2332333340E+02   -0.1111398615E+02
          48    0.4417566141E+01    0.2387089214E+02   -0.4456663984E+02
          49    0.4064443802E+01    0.2420951308E+02   -0.4577546518E+02
          50    0.1100337485E+02    0.2041594894E+02   -0.1176514198E+02
          51    0.4418727986E+01    0.2331217472E+02   -0.7448683516E+01
          52    0.4313212931E+01    0.2318747830E+02   -0.3330176664E+02
          53    0.4405450416E+01    0.2385937415E+02   -0.4557969635E+02
          54    0.4361260982E+01    0.2388120926E+02   -0.4645712616E+02
          55    0.4197822575E+01    0.2362361822E+02   -0.1015583537E+02
          56    0.4402919030E+01    0.2379327757E+02   -0.8691958818E+02
          57    0.4293648755E+01    0.2369510212E+02   -0.1052178935E+02
          58    0.4341281553E+01    0.2387961109E+02   -0.4678571212E+02
          59    0.4436987973E+01    0.2336451708E+02   -0.2791942064E+02
          60    0.4570392147E+01    0.2290270256E+02   -0.3318466268E+02
          61    0.4475125518E+01    0.2325242070E+02   -0.1000195331E+02
          62    0.4472804250E+01    0.2373242734E+02   -0.4583492531E+02
          63    0.4301373541E+01    0.2319959017E+02   -0.3327382782E+02
          64    0.4235970416E+01    0.2372417181E+02   -0.1581323743E+02
          65    0.4273945962E+01    0.2325388454E+02   -0.3344214561E+02
          66    0.4286301236E+01    0.2347872505E+02   -0.5902872348E+01
          67    0.4364721352E+01    0.2384669032E+02   -0.4667732725E+02
          68    0.4409501034E+01    0.2382393595E+02   -0.4577155001E+02
          69    0.4414941456E+01    0.2382614436E+02   -0.4627523798E+02
          70    0.4634306451E+01    0.2330955123E+02   -0.1374975004E+02
          71    0.4356480020E+01    0.2306889625E+02   -0.3380592143E+02
          72    0.4407599030E+01    0.2375673141E+02   -0.8719334286E+02
          73    0.1084349790E+02    0.2068096365E+02   -0.1155764129E+02
          74    0.4197655417E+01    0.2345723121E+02   -0.9520145375E+01
          75    0.4476838841E+01    0.2369734314E+02   -0.4604449093E+02
          76    0.1102380845E+02   -0.2005157671E+02   -0.1178873675E+02
          77    0.4592817269E+01    0.2286935696E+02   -0.3297662626E+02
          78    0.4241146683E+01    0.2355580565E+02   -0.7547679629E+01
          79    0.1089938638E+02    0.2054183588E+02   -0.1146752416E+02
          80    0.4644259472E+01    0.2326437365E+02   -0.1373339823E+02
          81    0.4399419816E+01    0.2382080776E+02   -0.4616103407E+02
          82    0.4408445207E+01    0.2381455880E+02   -0.4615484703E+02
          83    0.4424560560E+01    0.2378670608E+02   -0.4612631567E+02
          84    0.4402508318E+01    0.2381702370E+02   -0.4615080854E+02
          85    0.4399697265E+01    0.2382201747E+02   -0.4616036102E+02
          86    0.4404960255E+01    0.2381397876E+02   -0.4614185320E+02
          87    0.4394244736E+01    0.2383025161E+02   -0.4617727684E+02
          88    0.4410269841E+01    0.2380578112E+02   -0.4612107482E+02
          89    0.4407428993E+01    0.2381087730E+02   -0.4613210491E+02
          90    0.4415870757E+01    0.2379704089E+02   -0.4609692858E+02
          91    0.4362572882E+01    0.2311765506E+02   -0.3305017035E+02
          92    0.4358203542E+01    0.2350671464E+02   -0.1595489195E+02
          93    0.4679751450E+01    0.2237393212E+02   -0.6832620724E+02
          94    0.4401552828E+01    0.2381315467E+02   -0.4612549656E+02
          95    0.4410587236E+01    0.2380685864E+02   -0.4611858805E+02
          96    0.4576255391E+01    0.2355831545E+02   -0.4559514771E+02
          97    0.4377908891E+01    0.2391421468E+02   -0.4664647931E+02
          98    0.4388361105E+01    0.2383159103E+02   -0.4602494477E+02
          99    0.4121349522E+01    0.2372642173E+02   -0.2036331435E+02
         100    0.4428277377E+01    0.2375204373E+02   -0.4634415194E+02
