        Rank        RMSE       MaxAE  Feature_ID
           1   27.898059   82.056987  (    1156   11107)
           2   28.856484   73.420143  (    3125   17240)
           3   28.870650   73.129795  (     512   10531)
           4   29.113276   93.502767  (    1156   12358)
           5   29.256932   77.578074  (     528   10531)
           6   29.340228   72.284588  (     676   18016)
           7   29.387230   83.551189  (    5276   10531)
           8   29.395268   72.491759  (    2352   10531)
           9   29.479996   97.548933  (     385   14465)
          10   29.516261   99.284660  (    1156   10011)
          11   29.543223   88.982967  (    3125   18782)
          12   29.587723   70.638177  (      31   10531)
          13   29.633879   89.001871  (    3125   18652)
          14   29.635340   74.261302  (    2158   10011)
          15   29.677403   61.940861  (    3624   12957)
          16   29.687973   97.120578  (     385   18745)
          17   29.713719   99.975498  (    1156   10326)
          18   29.732997   80.452847  (    1156   18782)
          19   29.789594   63.755779  (    1349   11510)
          20   29.790795   71.925287  (    3125   14536)
          21   29.798396   80.472566  (    1156   18652)
          22   29.857667   64.851929  (     195   10531)
          23   29.863827   76.654251  (      59   10531)
          24   29.870637   97.456163  (     385   18896)
          25   29.871076   68.577663  (    1349   11504)
          26   29.908731   94.592397  (    2939   10531)
          27   30.106327   77.683856  (    5800   10885)
          28   30.111095   72.551920  (    6644   10531)
          29   30.117569   83.320554  (    3125   11852)
          30   30.133298  101.014259  (    1156   11247)
          31   30.145290   90.969069  (    2973   10492)
          32   30.149530   70.472959  (     316   18016)
          33   30.164505   86.563376  (     430   10492)
          34   30.165702   67.888842  (     277   10531)
          35   30.195845   73.301389  (     305   13639)
          36   30.219307   77.164502  (    4111   10011)
          37   30.222162   76.512922  (    3094   10531)
          38   30.231621   68.686445  (    1349   11228)
          39   30.242218  108.811685  (     277   10680)
          40   30.244854   84.377719  (    1156   11612)
          41   30.257673   84.821313  (    1156   16573)
          42   30.269268   75.339569  (    2617   10680)
          43   30.274249   77.301077  (    5800   11076)
          44   30.305685   61.937112  (    3624   13999)
          45   30.306889   73.344421  (    3125   11710)
          46   30.324346  101.896815  (    1156   13013)
          47   30.332419   64.879268  (      28   10531)
          48   30.334206   81.146694  (    1156   15167)
          49   30.335614   71.936332  (    5800   13638)
          50   30.337472  101.866999  (    1156   13020)
          51   30.343562   61.897559  (    5800   11029)
          52   30.350782  101.837474  (    1156   13025)
          53   30.356741   74.906287  (    2158   10062)
          54   30.363467   85.062021  (    1349   10933)
          55   30.363888   74.054123  (    1156   11852)
          56   30.379870   98.363650  (    1156   16011)
          57   30.386564   72.407376  (     390   14194)
          58   30.396054   70.775085  (     305   10531)
          59   30.435480   81.273381  (    1156   19457)
          60   30.444172   71.901906  (    1349   10327)
          61   30.450137   89.454270  (    1349   13999)
          62   30.472311   84.827363  (    1156   19593)
          63   30.482105   94.506616  (    2617   15808)
          64   30.482559   77.607348  (     613   18016)
          65   30.486018   89.979538  (    1349   12957)
          66   30.486397   99.590748  (    1156   10023)
          67   30.504587   70.039512  (    1836   12221)
          68   30.516041   93.355929  (    1156   17915)
          69   30.529145   80.964685  (    1156   14062)
          70   30.535616   89.533149  (    3125   14062)
          71   30.535826   55.919522  (     216   13337)
          72   30.536063  102.313327  (    1156   12506)
          73   30.568091  100.122941  (    1156   10553)
          74   30.572340  102.686854  (    1156   11339)
          75   30.591566   81.707617  (    1833   18016)
          76   30.607192   68.456933  (     136   18016)
          77   30.611016   84.122873  (     499   11267)
          78   30.616165   61.142471  (    5800   10829)
          79   30.622725   73.345731  (    1836   11840)
          80   30.628814   71.882388  (     171   14194)
          81   30.632223   64.638692  (    5800   10776)
          82   30.636124   71.436433  (    1836   12290)
          83   30.637631  100.400712  (    1156   10062)
          84   30.638280   74.943583  (    3125   19200)
          85   30.648024   84.910118  (    1156   19702)
          86   30.648856   77.997866  (    6263   17240)
          87   30.653709   76.177260  (    1349   10430)
          88   30.655480   88.674058  (    1156   11156)
          89   30.674837   67.194762  (      86   10531)
          90   30.683228   83.336727  (      52   12729)
          91   30.688094   73.638986  (    1349   10460)
          92   30.689800   90.825105  (    3808   17240)
          93   30.690680   69.999760  (    1935   10101)
          94   30.691709  111.361748  (    3126   10252)
          95   30.731464  102.154861  (    1156   15540)
          96   30.744470   69.044340  (    3624   15376)
          97   30.745789   72.002069  (      52   11604)
          98   30.748901   92.972995  (    1156   11106)
          99   30.752471  101.021115  (    1156   11235)
         100   30.753981   92.469440  (     499   15169)
