Materials	Properties	feature1	feature2	feature3	feature4	feature5	feature6	feature7	feature8	feature9	feature10	feature11	feature12	feature13	feature14	feature15	feature16	feature17	feature18	feature19	feature20
sample1	174.4500	0.0000	0.0000	0.0000	0.0000	0.0000	0.0000	0.0000	0.0000	1.0000	0.0000	0.7092	0.1022	0.2721	0.0000	0.3561	0.6111	1.0000	0.8623	0.0096	0.9290
sample2	352.0000	0.0000	0.0000	0.0000	0.0000	0.0000	0.0000	0.0000	0.0000	0.0000	0.0000	0.7730	0.1850	0.0913	0.7326	0.3776	0.3889	0.6521	0.4523	0.6101	0.6479
sample3	352.5250	0.0000	0.0000	0.0000	0.0000	0.0000	0.0000	0.0000	0.0000	0.0000	0.0000	0.6170	0.1215	0.2758	1.0000	0.2825	0.2778	0.5852	0.3112	0.1288	0.1651
sample4	183.2000	0.0000	0.0000	0.0000	0.2500	0.0000	0.0000	0.0000	0.0000	0.0000	0.0000	0.3901	0.1119	0.5163	0.3372	0.3840	1.0000	0.5575	0.8761	0.6021	0.9289
sample5	353.5000	0.0000	0.0000	0.0000	0.0000	0.0000	0.0000	0.0000	0.0000	0.0000	0.0000	0.8085	0.0665	0.9532	0.7326	0.3294	0.2469	0.6673	0.1622	0.5501	0.4899
sample6	461.0000	0.0000	0.0000	0.0000	0.0000	0.0000	0.0000	0.0000	0.0000	0.0000	0.0000	0.9645	0.1125	0.0000	0.7326	0.3805	0.0000	0.7114	0.1967	0.3635	0.4029
sample7	237.5000	0.0000	0.0000	0.0000	0.0000	0.0000	0.0000	0.0000	0.0000	0.0000	0.0000	0.4823	0.1155	0.2256	1.0000	0.2280	0.2284	0.5661	0.6464	0.3112	0.7405
sample8	139.9000	0.0000	0.0000	0.0000	0.0000	0.0000	0.0000	0.0000	0.0000	0.0000	0.0000	0.2979	0.0000	0.0000	0.0000	0.1777	0.0000	0.5243	0.9425	0.5608	0.9584
sample9	244.3500	0.0000	0.0000	0.0000	0.0000	0.0000	1.0000	0.0000	0.0000	0.0000	0.0000	0.9929	0.1433	0.2705	0.3605	0.5056	0.5309	0.8452	0.8137	0.4297	0.8918
sample10	395.8500	0.0000	0.0000	0.0000	0.0000	0.0000	0.0000	0.0000	0.0000	0.0000	0.0000	0.9716	0.1040	0.2464	0.7326	0.4245	0.2160	0.7324	0.0000	0.3249	0.4491
sample11	223.4200	0.0000	0.0000	1.0000	0.0000	0.0000	0.0000	0.0000	0.0000	0.0000	0.0000	0.4397	0.0695	0.1691	0.3605	0.3713	0.3148	0.4825	0.8784	0.6923	0.9592
sample12	89.8130	0.0000	0.0000	0.0000	0.0000	0.0000	0.0000	0.0000	0.0000	0.0000	0.0000	0.0780	0.0738	0.3947	0.0000	0.1330	0.2160	0.1360	0.9682	0.7795	0.9765
sample13	354.0000	0.0000	0.0000	0.0000	0.0000	0.0000	0.0000	0.0000	0.0000	0.0000	0.0000	0.6879	0.1608	0.2167	0.7326	0.2851	0.4630	0.5418	0.1806	0.5650	0.4899
sample14	320.0000	0.0000	0.0000	0.0000	1.0000	0.0000	0.0000	0.0000	0.0000	0.0000	0.0000	0.6028	0.0520	0.0046	0.3372	1.0000	0.0000	0.6843	0.9036	0.6514	0.9704
sample15	359.0000	0.0000	0.0000	0.0000	0.0000	0.0000	0.0000	0.0000	0.0000	0.0000	0.0000	0.9787	0.0665	0.0087	1.0000	0.3776	0.0154	0.7561	0.1419	0.3788	0.4308
sample16	267.7000	0.0000	0.0000	0.0000	0.0000	0.0000	0.0000	0.0000	0.0000	0.0000	0.0000	0.6099	0.1433	0.3081	0.6395	0.3738	0.5525	0.5876	0.7365	0.4973	0.8663
sample17	309.2000	0.0000	0.0000	0.0000	0.0000	0.0000	0.0000	0.0000	0.0000	0.0000	0.0000	0.6170	0.1711	0.3252	0.7326	0.3269	0.4599	0.6086	0.4400	0.5218	0.6258
sample18	159.1000	0.0000	0.0000	0.0000	0.0000	0.0000	0.0000	1.0000	0.0000	0.0000	0.0000	0.3688	0.1028	0.2511	0.4070	0.2787	0.2901	0.6748	0.8460	0.3597	0.8650
sample19	367.0000	0.0000	0.0000	0.0000	0.2500	0.0000	0.0000	0.0000	0.0000	0.0000	0.0000	0.8511	0.0786	0.3127	0.7326	0.5830	0.7099	0.6859	0.3856	0.4415	0.8003
sample20	151.6000	0.0000	0.0000	0.0000	0.0000	0.0000	0.0000	1.0000	0.0000	0.0000	0.0000	0.3688	0.0580	0.2178	0.4070	0.2344	0.2778	0.5614	0.8617	0.6197	0.8765
sample21	341.0000	0.0000	0.0000	0.0000	0.0000	0.0000	0.0000	0.0000	0.0000	0.0000	0.0000	0.9220	0.4377	0.0945	0.7326	0.4752	0.2685	0.6864	0.7992	0.4457	0.8738
sample22	347.4000	0.0000	0.0000	0.0000	0.0000	0.0000	0.0000	0.0000	0.0000	0.0000	0.0000	0.9504	0.0961	0.2027	0.7326	0.4283	0.2315	0.6937	0.5504	0.4083	0.6342
sample23	313.7600	0.0000	0.0000	0.0000	0.0000	0.0000	0.0000	0.0000	0.0000	0.0000	0.0000	0.6454	0.0816	0.2888	0.7326	0.2787	0.2840	0.6272	0.2725	0.2768	0.4449
sample24	76.2000	0.0000	1.0000	0.0000	0.0000	0.0000	0.0000	0.0000	0.0000	0.0000	0.0000	0.1489	0.0290	0.0141	0.4535	0.2280	0.0000	0.1011	0.9682	0.9178	1.0000
sample25	230.0000	0.0000	0.0000	0.0000	0.0000	0.0000	0.0000	0.0000	0.0000	0.0000	0.0000	0.4894	0.0846	0.3589	0.7326	0.2280	0.5000	0.4563	0.4288	0.8701	0.1776
sample26	20.5000	0.0000	0.0000	0.0000	0.0000	0.0000	0.0000	0.0000	0.0000	0.0000	0.0000	0.0000	0.0000	0.0000	0.0000	0.0000	0.0000	0.0000	1.0000	1.0000	0.9964
sample27	426.0000	0.0000	0.0000	0.0000	0.0000	0.0000	0.0000	0.0000	0.0000	0.0000	0.0000	0.8014	0.0169	0.2540	0.7326	0.3738	0.3796	0.6692	0.1494	0.1101	0.0138
sample28	187.5850	0.0000	0.0000	0.6667	0.0000	0.0000	0.0000	0.0000	0.0000	0.0000	0.0000	0.4184	0.0623	0.2190	0.3605	0.3066	0.3642	0.5020	0.8468	0.6613	0.8987
sample29	280.0000	0.0000	0.0000	0.0000	0.0000	0.0000	0.0000	0.0000	0.0000	0.0000	0.0000	0.4752	0.0308	0.3357	0.7326	0.2724	0.4630	0.5871	0.1051	0.8326	0.1528
sample30	172.1500	0.0000	0.0000	0.0000	0.0000	0.0000	0.3333	0.0000	0.0000	0.0000	0.0000	0.5390	0.0883	0.4680	0.3605	0.2863	0.5309	0.6182	0.8098	0.4610	0.8918
sample31	293.0000	0.0000	0.0000	0.0000	0.0000	0.5000	0.0000	0.0000	0.0000	0.0000	0.0000	0.9362	0.0762	0.0227	0.7326	0.3928	0.0340	0.6600	0.3458	0.2324	0.6705
sample32	183.9000	0.0000	0.0000	0.0000	0.0000	0.0000	0.0000	0.0000	1.0000	0.0000	0.0000	0.4752	0.0738	0.2146	0.6395	0.2217	0.2160	0.5241	0.8190	0.5910	0.9026
sample33	133.8500	0.0000	0.0000	0.0000	0.0000	0.0000	0.0000	0.0000	0.0000	0.0000	0.0000	0.5035	1.0000	0.9796	0.0000	0.2217	0.2160	0.6525	0.9098	0.3253	0.9469
sample34	198.4000	0.0000	0.0000	0.0000	0.0000	0.0000	0.6667	0.0000	0.0000	0.0000	0.0000	0.7660	0.1336	0.4911	0.3605	0.3966	0.6142	0.7477	0.8193	0.4759	0.8909
sample35	213.8000	0.0000	0.0000	0.3333	0.0000	0.0000	0.0000	0.0000	0.0000	0.0000	0.0000	0.5035	0.1814	0.2932	0.6395	0.3409	0.4753	0.5423	0.7035	0.4950	0.8721
sample36	111.4000	0.0000	0.0000	0.0000	0.0000	0.0000	0.0000	0.0000	0.0000	0.0000	0.0000	0.2340	0.0961	0.3083	0.7326	0.0949	0.4630	0.1878	0.7253	0.7336	0.7949
sample37	341.0000	0.0000	0.0000	0.0000	0.0000	0.0000	0.0000	0.0000	0.0000	0.0000	0.0000	1.0000	0.1004	0.0059	1.0000	0.3738	0.0185	0.7809	0.3782	0.0000	0.6034
sample38	334.0000	1.0000	0.0000	0.0000	0.0000	0.0000	0.0000	0.0000	0.0000	0.0000	0.0000	0.9716	0.0689	0.2489	0.7326	0.4892	0.5309	0.8391	0.0463	0.4129	0.3809
sample39	236.2500	0.0000	0.0000	0.0000	0.0000	0.0000	0.0000	0.0000	0.0000	0.0000	0.0000	0.4752	0.0387	1.0000	0.7326	0.2280	0.2469	0.5896	0.7075	0.4522	0.7545
sample40	406.2400	0.0000	0.0000	0.0000	0.0000	0.0000	0.0000	0.0000	0.0000	0.0000	0.0000	0.7730	0.0617	0.1566	1.0000	0.3332	0.2315	0.6261	0.2647	0.0466	0.0000
sample41	248.2000	0.0000	0.0000	0.0000	0.0000	1.0000	0.0000	0.0000	0.0000	0.0000	0.0000	0.9078	0.0375	0.0022	0.4535	0.4058	0.0000	0.6025	0.6513	0.5382	0.9010
sample42	312.4500	0.0000	0.0000	0.0000	0.0000	0.0000	0.0000	0.0000	0.0000	0.0000	0.0000	0.8865	0.1886	0.1339	0.7326	0.5234	0.2315	0.6782	0.8906	0.5887	0.9507
