        Rank        RMSE       MaxAE  Feature_ID
           1    2.511125    5.732735  (    3797   10642)
           2    2.526951    5.491912  (    2473   11101)
           3    2.531865    5.241362  (    7833   13939)
           4    2.533928    5.895381  (     849   16928)
           5    2.534090    6.365297  (    6048   10642)
           6    2.535251    5.551884  (    3797   10896)
           7    2.536045    5.552179  (    3797   10908)
           8    2.540665    5.722400  (    3797   10686)
           9    2.541231    8.449054  (    4279   11101)
          10    2.541364    6.242771  (    9876   11101)
          11    2.553164    7.630650  (    4279   12685)
          12    2.557078    5.417636  (    3797   10800)
          13    2.557862    5.558283  (    3797   11197)
          14    2.561599    7.980695  (    4279   16928)
          15    2.562279    6.441527  (    6048   10896)
          16    2.563018    6.442404  (    6048   10908)
          17    2.563333    5.650618  (    3797   10909)
          18    2.567275    6.150340  (    4059   17183)
          19    2.571867    5.859363  (    5844   10976)
          20    2.573089    5.350466  (     260   11101)
          21    2.576206    5.702144  (    2473   12547)
          22    2.581622    5.532174  (     849   12685)
          23    2.581854    6.415795  (    6048   10800)
          24    2.583835    6.460407  (    6048   11197)
          25    2.584563    5.947156  (    5552   17183)
          26    2.586654    6.375251  (    6048   10686)
          27    2.588477    8.635824  (     849   11101)
          28    2.588609    5.208800  (    7833   12915)
          29    2.590288    5.152746  (    9311   11101)
          30    2.591080    5.564899  (    3797   11690)
          31    2.592061    5.824041  (    3797   11278)
          32    2.592817    6.366246  (     185   14399)
          33    2.593056    5.565248  (    3797   11724)
          34    2.593834    5.990782  (    2473   16766)
          35    2.598716    6.468780  (    6048   10909)
          36    2.602224    5.917283  (    2473   10085)
          37    2.604478    5.925522  (    7833   16928)
          38    2.610760    6.107568  (    8456   11101)
          39    2.611270    5.025494  (    7833   17686)
          40    2.612791    5.550669  (    3797   12597)
          41    2.612966    5.468572  (    3797   12243)
          42    2.614844    5.648977  (    3797   11757)
          43    2.615558    5.649261  (    3797   11780)
          44    2.616238    6.479667  (    6048   11690)
          45    2.617056    6.455250  (    6048   11278)
          46    2.617785    7.185631  (    2473   10855)
          47    2.618179    6.480674  (    6048   11724)
          48    2.619310    6.249769  (    5552   11061)
          49    2.620148    5.431698  (    7833   10976)
          50    2.620447    6.548011  (    6048   12597)
          51    2.620942    5.814128  (    3797   11382)
          52    2.622527    5.746761  (    3797   11676)
          53    2.623860    7.552811  (    2473   12218)
          54    2.623876    7.710436  (    2473   12377)
          55    2.624609    5.616528  (    3797   15263)
          56    2.626287    6.362982  (     889   14399)
          57    2.627327    5.792815  (    4059   11061)
          58    2.628821    6.347678  (    4425   10642)
          59    2.629211    6.264384  (    5552   12561)
          60    2.630247    5.867078  (    2473   12915)
          61    2.630549    6.459064  (    6048   12243)
          62    2.632431    6.440333  (    7595   17183)
          63    2.634761    5.907849  (    2842   11101)
          64    2.635206    5.654985  (    3797   12386)
          65    2.635349    6.020649  (    2473   18337)
          66    2.635601    5.743196  (    3797   11727)
          67    2.636757    5.094689  (    9123   16928)
          68    2.637032    6.050678  (    3293   17686)
          69    2.638007    7.057695  (    2473   11291)
          70    2.638113    5.698716  (    3797   14549)
          71    2.638381    5.756012  (    3143   16811)
          72    2.643616    6.480320  (    6048   11757)
          73    2.643784    5.555238  (    3797   12861)
          74    2.644278    6.481163  (    6048   11780)
          75    2.644631    6.760983  (    4059   12561)
          76    2.644809    7.324834  (    2473   11874)
          77    2.647123    7.804555  (    4279   16811)
          78    2.648766    7.283980  (    2473   12176)
          79    2.649192    5.238430  (    9311   13939)
          80    2.649585    7.146642  (    2473   12665)
          81    2.650152    7.231076  (    2473   12549)
          82    2.650657    5.697826  (    3293   13939)
          83    2.652560    7.330447  (    2473   12115)
          84    2.652688    6.553268  (    6048   15263)
          85    2.652693    6.150430  (    5844   13939)
          86    2.653484    7.296172  (    2473   12288)
          87    2.654918    6.408691  (    4425   10896)
          88    2.655432    5.568643  (    6048   16928)
          89    2.655664    6.409802  (    4425   10908)
          90    2.659430    5.564968  (    3797   13430)
          91    2.659886    5.524074  (    6803   11101)
          92    2.660352    5.068228  (    6803   12685)
          93    2.661092    6.450698  (    6048   11676)
          94    2.661849    5.884019  (    2153   11101)
          95    2.662109    6.743419  (     193   14399)
          96    2.662153    5.746479  (    3293   12915)
          97    2.662975    6.498399  (    6048   12386)
          98    2.664033    5.482772  (    6732   11101)
          99    2.664322    7.329914  (    2473   12472)
         100    2.665197    5.660898  (    3797   13242)
