        Rank        RMSE       MaxAE  Feature_ID
           1   22.631614   62.563509  (       1   10008)
           2   22.640382   62.368035  (       1   10005)
           3   22.669887   62.308534  (       1   10006)
           4   22.699052   65.214873  (       1   10061)
           5   22.716867   66.867677  (       1   10004)
           6   22.720331   65.109482  (       1   10049)
           7   22.737478   65.269070  (       1   10002)
           8   22.753508   65.073689  (       1   10052)
           9   22.812607   63.704891  (       1   10047)
          10   22.904191   66.448420  (       1   10185)
          11   22.915506   55.883956  (       1   10029)
          12   22.918761   65.038298  (       1   10209)
          13   22.934143   58.145381  (       1   10064)
          14   22.946251   66.435089  (       1   10221)
          15   22.947197   66.419481  (       1   10205)
          16   22.959246   58.047474  (       1   10001)
          17   22.964019   64.997566  (       1   10230)
          18   22.965355   66.692229  (       1   10018)
          19   22.969670   63.542602  (       1   10074)
          20   22.969783   66.689489  (       1   10016)
          21   22.970561   56.254772  (       1   10050)
          22   22.973722   66.690710  (       1   10019)
          23   22.977408   66.371803  (       1   10199)
          24   22.978636   55.451036  (       1   10085)
          25   22.985967   64.887312  (       1   10196)
          26   23.008409   65.657942  (       1   10003)
          27   23.009235   64.906989  (       1   10097)
          28   23.009802   66.159566  (       1   10390)
          29   23.014117   66.681255  (       1   10031)
          30   23.018926   65.989014  (       1   10065)
          31   23.018992   64.850255  (       1   10213)
          32   23.025069   66.429302  (       1   10207)
          33   23.033816   66.090677  (       1   10353)
          34   23.034841   64.797648  (       1   10083)
          35   23.050673   65.010998  (       1   10233)
          36   23.051726   64.943809  (       1   10291)
          37   23.068335   66.667964  (       1   10072)
          38   23.076337   66.357040  (       1   10200)
          39   23.078195   64.950452  (       1   10227)
          40   23.084110   66.098300  (       1   10009)
          41   23.085401   62.328929  (       1   10117)
          42   23.089976   64.845868  (       1   10190)
          43   23.093825   64.857446  (       1   10032)
          44   23.094993   67.480968  (       1   10053)
          45   23.096144   64.970729  (       1   10258)
          46   23.104969   67.301923  (       1   10015)
          47   23.108342   66.419054  (       1   10495)
          48   23.116202   65.700815  (       1   10042)
          49   23.119105   65.186662  (       1   10013)
          50   23.124057   53.462275  (       1   10635)
          51   23.127909   64.683133  (       1   10023)
          52   23.130571   62.269346  (       1   10135)
          53   23.131342   56.650886  (       1   10104)
          54   23.133092   67.091478  (       1   10614)
          55   23.134411   65.730385  (       1   10034)
          56   23.139778   55.475779  (       1   10951)
          57   23.143034   64.780291  (       1   10297)
          58   23.156786   62.065854  (       1   10115)
          59   23.156973   67.332504  (       1   10007)
          60   23.157891   66.585412  (       1   10045)
          61   23.169926   54.862923  (       1   10055)
          62   23.173352   69.174009  (       1   10166)
          63   23.176240   62.525170  (       1   10541)
          64   23.185046   64.997722  (       1   10269)
          65   23.190374   62.004279  (       1   10129)
          66   23.197987   64.519528  (       1   10022)
          67   23.201507   65.141164  (       1   10414)
          68   23.202577   58.957094  (       1   10037)
          69   23.202936   66.350977  (       1   10063)
          70   23.209672   62.291457  (       1   10176)
          71   23.210717   51.324354  (       1   10075)
          72   23.222858   61.017904  (       1   10553)
          73   23.226460   57.846304  (       1   10060)
          74   23.230052   56.097244  (       1   10114)
          75   23.235138   59.643316  (       1   10010)
          76   23.235828   66.670628  (       1   10011)
          77   23.244559   64.827670  (       1   10078)
          78   23.248641   64.693245  (       1   10479)
          79   23.249184   63.287975  (       1   10294)
          80   23.251598   66.444671  (       1   10033)
          81   23.253351   66.519362  (       1   10025)
          82   23.257552   64.796886  (       1   10076)
          83   23.257566   65.263880  (       1   10073)
          84   23.257617   66.574656  (       1   10186)
          85   23.257776   64.739123  (       1   10021)
          86   23.269059   64.996179  (       1   10792)
          87   23.269324   66.570589  (       1   10093)
          88   23.273440   66.000611  (       1   10041)
          89   23.275357   66.522976  (       1   10080)
          90   23.275527   55.966736  (       1   11389)
          91   23.276614   66.009721  (       1   10046)
          92   23.278259   64.895480  (       1   10839)
          93   23.278500   64.907263  (       1   10854)
          94   23.283317   64.922249  (       1   10873)
          95   23.283366   64.922339  (       1   10875)
          96   23.284088   64.653237  (       1   10067)
          97   23.284136   59.346861  (       1   10012)
          98   23.284253   65.046067  (       1   11051)
          99   23.285003   55.639384  (       1   10500)
         100   23.286112   66.000758  (       1   10014)
