        Rank        RMSE       MaxAE  Feature_ID
           1   24.662415   58.491004  (      23   10001)
           2   24.683392   55.148925  (     838   10001)
           3   24.799390   59.157926  (    3724   10005)
           4   24.917217   59.674928  (    7174   10001)
           5   25.021922   61.628251  (    4081   10005)
           6   25.026304   55.007248  (     774   10795)
           7   25.113644   60.254353  (    4294   17808)
           8   25.126644   53.562177  (      23   10005)
           9   25.155274   57.895032  (      23   10002)
          10   25.168464   54.558978  (     774   10129)
          11   25.210480   54.937661  (    1211   10001)
          12   25.212318   65.923321  (    4294   10129)
          13   25.237579   54.334476  (     774   12421)
          14   25.240561   56.436805  (      23   10004)
          15   25.246043   55.464028  (    4294   14719)
          16   25.286172   55.109679  (    1365   10001)
          17   25.301751   85.883659  (    2626   10005)
          18   25.301774   52.532827  (    5171   10001)
          19   25.335095   69.868094  (     800   10001)
          20   25.354136   56.246690  (      36   10005)
          21   25.373944   67.629199  (    3817   10004)
          22   25.375285   60.706511  (    4294   14714)
          23   25.383630   54.330088  (     838   10003)
          24   25.404654   60.096763  (    4294   19772)
          25   25.404734   60.683384  (    4294   14371)
          26   25.442736   61.247791  (    4294   17104)
          27   25.465272   60.080703  (    4294   19972)
          28   25.484111   61.052812  (      36   10001)
          29   25.494313   60.547229  (    4294   18884)
          30   25.494622   60.545766  (    4294   18890)
          31   25.496400   57.731458  (      23   10003)
          32   25.514339   58.944655  (    7174   10002)
          33   25.546878   55.586508  (     838   10006)
          34   25.606050   68.393232  (    3817   10001)
          35   25.607087   53.982330  (     774   11631)
          36   25.607834   59.286240  (    4294   18828)
          37   25.636521   64.049418  (     800   10005)
          38   25.640736   56.545593  (    1696   10129)
          39   25.669498   58.348629  (    1696   10795)
          40   25.669811   59.425651  (    1669   10001)
          41   25.672637   54.250886  (     774   11432)
          42   25.695920   67.553421  (     800   10004)
          43   25.701552   56.790947  (      23   10009)
          44   25.728193   57.760396  (    1696   12421)
          45   25.730295   58.434464  (      23   10006)
          46   25.756806   55.017937  (     774   10628)
          47   25.758922   53.933360  (     774   11780)
          48   25.780817   66.290608  (    3817   10005)
          49   25.783276   54.168769  (    1211   10003)
          50   25.795003   54.252800  (     838   10002)
          51   25.795408   62.392179  (    4294   12007)
          52   25.797164   59.826065  (    7174   10006)
          53   25.797450   73.869330  (    8000   10002)
          54   25.807235   72.680979  (    3700   10002)
          55   25.809550   58.461110  (    4294   12421)
          56   25.810477   53.589195  (     838   10004)
          57   25.848268   51.866808  (    5171   10002)
          58   25.859188   53.718968  (      49   10009)
          59   25.864370   61.757413  (    1669   10006)
          60   25.867499   59.734503  (    4294   18934)
          61   25.869929   57.716426  (    7448   10005)
          62   25.873482   89.451600  (    1019   10002)
          63   25.879364   58.805287  (    7174   10003)
          64   25.888951   53.612700  (     774   12225)
          65   25.898540   80.367139  (    1520   10002)
          66   25.904777   54.379120  (    1571   10002)
          67   25.906344   59.035912  (      36   10004)
          68   25.914435   58.558119  (    1696   10628)
          69   25.926092   67.827319  (    4017   10005)
          70   25.927835   54.312669  (    1365   10003)
          71   25.929748   80.417151  (     232   14391)
          72   25.931278   54.507182  (    3970   10005)
          73   25.945525   53.880656  (     774   11991)
          74   25.948402   60.305852  (    4294   17349)
          75   25.953973   55.166118  (     774   10018)
          76   25.954567   57.233050  (    4028   10005)
          77   25.954977   51.628604  (    5171   10003)
          78   25.970357   63.259760  (    7772   17808)
          79   25.981185   67.466945  (    3999   10005)
          80   25.994029   52.705987  (     559   10009)
          81   26.005220   61.639019  (     164   10001)
          82   26.008456   61.662120  (     163   10001)
          83   26.009410   54.072141  (     559   10020)
          84   26.010474   70.140493  (    8000   10007)
          85   26.011849   60.427347  (      36   10002)
          86   26.013780   61.685816  (     162   10001)
          87   26.018073   62.162570  (    4294   10018)
          88   26.049038   60.866146  (    1669   10002)
          89   26.055692   64.813951  (    9880   10001)
          90   26.057733   52.663992  (    5171   10006)
          91   26.070446   55.822494  (    1211   10006)
          92   26.074470   57.347541  (    1696   11631)
          93   26.075491   54.715165  (     774   17808)
          94   26.075531   54.064707  (    7300   10005)
          95   26.083173   58.329076  (    7933   10005)
          96   26.083455   56.468308  (    3970   10009)
          97   26.100462   67.424246  (    5023   10005)
          98   26.101563   54.661049  (     774   19772)
          99   26.104715   53.725502  (     400   10018)
         100   26.122570   55.705764  (     774   17104)
