Model_ID, [(c_i,i=0,n)_j,j=1,ntask]
           1    0.4026413696E+03    0.1547120883E+03    0.5487234113E+03
           2    0.2676500077E+03   -0.2071190378E+03    0.4966415154E+03
           3    0.2676812661E+03   -0.2071448999E+03    0.4969348640E+03
           4    0.3285766540E+03    0.2870812061E+03    0.3065851112E+03
           5    0.3213506125E+03    0.2560101027E+03    0.3351741291E+03
           6    0.4132658620E+03    0.1673222456E+03    0.1117877985E+04
           7    0.4054317074E+03    0.1557976311E+03    0.5047742162E+03
           8    0.4065107444E+03    0.1581866929E+03   -0.5139429446E+03
           9    0.3271213199E+03    0.2748912119E+03    0.1667650622E+03
          10    0.2587691180E+03   -0.1929313097E+03    0.5149738899E+03
          11    0.2587958689E+03   -0.1929582269E+03    0.5152546007E+03
          12    0.3194217899E+03    0.2397644471E+03   -0.2014922544E+03
          13    0.3186244126E+03    0.2433088746E+03    0.1981295869E+03
          14    0.2684977150E+03   -0.1955655613E+03    0.3266778562E+03
          15    0.2685296011E+03   -0.1955770656E+03    0.3267927142E+03
          16    0.3982459094E+03    0.1510564155E+03    0.3358859215E+03
          17    0.3984600026E+03    0.1590141700E+03    0.1045206982E+04
          18    0.3202237348E+03    0.2392142587E+03    0.1960225792E+03
          19    0.3191447899E+03    0.2416210672E+03    0.1953606150E+03
          20    0.2805905930E+03   -0.1569676510E+03    0.3068814449E+03
          21    0.3258330527E+03    0.2806754784E+03    0.1575564398E+03
          22    0.3185885559E+03    0.2418613031E+03    0.1929996633E+03
          23    0.3201812208E+03    0.2389839652E+03    0.1963159351E+03
          24    0.3190990746E+03    0.2413895079E+03    0.1956231666E+03
          25    0.3261954426E+03    0.2694886083E+03   -0.1824687636E+03
          26    0.3985037363E+03    0.1512869182E+03    0.3335311641E+03
          27    0.3091336631E+03    0.2030371712E+03   -0.2994481539E+03
          28    0.4102081294E+03    0.1591435042E+03   -0.4558120811E+03
          29    0.4203508343E+03    0.1703101066E+03   -0.7061500385E+03
          30    0.3231804449E+03    0.2627851347E+03    0.2969591239E+03
          31    0.3206373912E+03    0.2398188677E+03   -0.1959096662E+03
          32    0.2796007944E+03   -0.1574815817E+03    0.3046364803E+03
          33    0.2682853540E+03   -0.2011018397E+03    0.3034845202E+03
          34    0.2683177766E+03   -0.2011168251E+03    0.3036018497E+03
          35    0.3205096809E+03    0.2519328055E+03    0.3412395436E+03
          36    0.2800054199E+03   -0.1568890239E+03    0.3054545898E+03
          37    0.2681295453E+03   -0.2072779558E+03    0.4227543183E+03
          38    0.2698943855E+03   -0.1984161557E+03    0.3040419891E+03
          39    0.2681607246E+03   -0.2073057518E+03    0.4230364820E+03
          40    0.3254903736E+03    0.2727046809E+03    0.1779899991E+03
          41    0.3255055964E+03    0.2717138849E+03    0.1748025926E+03
          42    0.2699268863E+03   -0.1984303769E+03    0.3041660716E+03
          43    0.3259856832E+03    0.2713793154E+03    0.1766922774E+03
          44    0.3250180691E+03    0.2756576951E+03   -0.1731526488E+03
          45    0.2682272302E+03   -0.1999521500E+03    0.3077144135E+03
          46    0.3210800098E+03    0.2289664190E+03   -0.1789944647E+03
          47    0.2682595288E+03   -0.1999662758E+03    0.3078309982E+03
          48    0.2698582283E+03   -0.1972281113E+03    0.3085587745E+03
          49    0.2685478171E+03   -0.1995837610E+03    0.3083519329E+03
          50    0.2698905905E+03   -0.1972414658E+03    0.3086824493E+03
          51    0.2685801262E+03   -0.1995979080E+03    0.3084712431E+03
          52    0.2688663399E+03   -0.2004073267E+03    0.3031826703E+03
          53    0.3273139926E+03    0.2696674896E+03   -0.1776388048E+03
          54    0.3259128111E+03    0.2710223290E+03    0.1765578305E+03
          55    0.2688988000E+03   -0.2004222858E+03    0.3033042282E+03
          56    0.2603142760E+03   -0.1787472670E+03    0.5287910278E+03
          57    0.3083910297E+03    0.2009188283E+03    0.3058263188E+03
          58    0.3286003046E+03    0.2560142579E+03    0.1850148241E+03
          59    0.3268364790E+03    0.2686411900E+03    0.1765541849E+03
          60    0.4201687535E+03    0.1658461184E+03    0.9813588487E+03
          61    0.4179610948E+03    0.1679736447E+03    0.7136886009E+03
          62    0.4011036252E+03    0.1528401422E+03    0.3213496707E+03
          63    0.4049131804E+03    0.1618167909E+03   -0.6616645954E+03
          64    0.3957693628E+03    0.1571605909E+03    0.1019298853E+04
          65    0.4117592525E+03    0.1799503519E+03    0.3112103723E+03
          66    0.2727666841E+03   -0.2116238767E+03    0.5164238843E+03
          67    0.2691294808E+03   -0.2001119903E+03    0.3024555076E+03
          68    0.2682320343E+03   -0.2009627655E+03    0.2913494577E+03
          69    0.2688160415E+03   -0.1992498816E+03    0.3074706891E+03
          70    0.2691619697E+03   -0.2001269273E+03    0.3025787469E+03
          71    0.3035514979E+03    0.1903393280E+03   -0.3011309467E+03
          72    0.2688483727E+03   -0.1992639728E+03    0.3075916432E+03
          73    0.3003968050E+03    0.2121357207E+03   -0.3126556376E+03
          74    0.3267650021E+03    0.2682919218E+03    0.1764476085E+03
          75    0.3894006978E+03    0.1471710945E+03    0.5020956325E+03
          76    0.2717766760E+03   -0.1970792714E+03    0.3002914291E+03
          77    0.2718095716E+03   -0.1970938631E+03    0.3004278673E+03
          78    0.2818107913E+03    0.1715129159E+03    0.1309015422E+04
          79    0.3266468263E+03    0.2897874326E+03    0.2780331633E+03
          80    0.1790116990E+03   -0.1385336208E+03   -0.4754813197E+03
          81    0.2690829778E+03   -0.1989532969E+03    0.3067327644E+03
          82    0.2996023828E+03    0.2100104404E+03    0.3220623684E+03
          83    0.3197813497E+03    0.2424608589E+03    0.1766929082E+03
          84    0.2691153361E+03   -0.1989673625E+03    0.3068554569E+03
          85    0.2675155396E+03   -0.2005795236E+03    0.3044372253E+03
          86    0.2681774191E+03   -0.1998526815E+03    0.2949152523E+03
          87    0.3074814084E+03    0.2215395756E+03   -0.2862021675E+03
          88    0.2693938558E+03   -0.1998070042E+03    0.3009088650E+03
          89    0.3312663093E+03    0.2668222346E+03    0.3046422689E+03
          90    0.2694263827E+03   -0.1998218808E+03    0.3010334309E+03
          91    0.2717679104E+03   -0.1958864281E+03    0.3045563183E+03
          92    0.3285013093E+03    0.2545587025E+03    0.1801461579E+03
          93    0.2718006614E+03   -0.1959001178E+03    0.3046926481E+03
          94    0.2821065161E+03    0.1711552476E+03    0.1306079999E+04
          95    0.2805993181E+03   -0.1673262739E+03    0.3011519661E+03
          96    0.4105558868E+03    0.1793053862E+03    0.3129296519E+03
          97    0.3028023349E+03    0.1884307679E+03    0.3091005925E+03
          98    0.2592462288E+03   -0.1931338678E+03    0.4396091753E+03
          99    0.2592727928E+03   -0.1931626462E+03    0.4398792431E+03
         100    0.2682557946E+03   -0.2007359673E+03    0.2891396270E+03
