        Rank        RMSE       MaxAE  Feature_ID
           1   23.750074   85.802752  (      13   17223)
           2   23.791673   86.270105  (      13   11404)
           3   23.885338   77.270859  (      13   18699)
           4   23.920142   81.915697  (      13   15762)
           5   23.994776   88.531229  (      13   19472)
           6   24.207585   79.996936  (      13   14131)
           7   24.329440   87.976108  (      13   19188)
           8   24.583557   87.422300  (      13   19804)
           9   24.874961   97.348366  (      13   18515)
          10   24.940337   59.959683  (       1   10007)
          11   24.980750   95.361874  (       1   10020)
          12   24.999386   84.130254  (      13   10549)
          13   25.059588   83.388657  (      13   16872)
          14   25.070443   94.409830  (       1   10057)
          15   25.138364   86.749423  (       1   10890)
          16   25.154122   87.449183  (      13   13450)
          17   25.171628   66.761390  (       1   10005)
          18   25.210191   84.994939  (      13   19347)
          19   25.235270   83.733999  (       1   10001)
          20   25.282620   94.245782  (       1   10060)
          21   25.283973   95.827120  (       1   10008)
          22   25.305625   68.846007  (       1   10003)
          23   25.329076   85.097485  (      13   13329)
          24   25.345663   87.099901  (      13   12312)
          25   25.367544   95.810264  (       1   10046)
          26   25.367968   95.676634  (       1   10017)
          27   25.376658   95.699032  (       1   10034)
          28   25.376899   83.408336  (       1   11185)
          29   25.393063   65.863158  (       1   10002)
          30   25.399754   83.409921  (       1   10011)
          31   25.400761   88.309620  (      13   19964)
          32   25.423444   89.508987  (       1   10074)
          33   25.429090   58.147886  (      53   17619)
          34   25.429263   95.667276  (       1   10022)
          35   25.441116   95.215449  (       1   10012)
          36   25.454042   84.664240  (      13   15193)
          37   25.454759   89.266375  (      13   12551)
          38   25.469770   67.604970  (       1   10016)
          39   25.484608   83.151942  (       1   10043)
          40   25.486225   74.562521  (       1   10140)
          41   25.489096   96.583217  (       1   10032)
          42   25.491021   90.543803  (       1   10179)
          43   25.493103   53.857197  (      53   17711)
          44   25.571265   91.474932  (     110   10151)
          45   25.573263   81.869889  (       1   10071)
          46   25.584721   51.852235  (      53   12938)
          47   25.587256   95.576577  (       1   10058)
          48   25.594213   83.539523  (     110   10114)
          49   25.599230   95.366926  (       1   10042)
          50   25.645086   95.170146  (       1   10061)
          51   25.670940   95.515370  (       1   10065)
          52   25.671770   60.333050  (       1   10085)
          53   25.675512   81.984646  (     110   10029)
          54   25.687048   79.661928  (       1   10197)
          55   25.687225   96.316145  (       1   10039)
          56   25.687554   95.623594  (       1   10041)
          57   25.695872   89.208257  (     312   12345)
          58   25.706640   96.217295  (       1   10055)
          59   25.708524   96.665393  (       1   10025)
          60   25.716224   78.783697  (      13   14671)
          61   25.718497   91.482009  (       1   10073)
          62   25.719998   62.366052  (       1   10019)
          63   25.731730   83.802899  (     194   14577)
          64   25.734308   96.587650  (       1   10028)
          65   25.738711   95.723607  (      53   16553)
          66   25.743127   71.669695  (     122   14666)
          67   25.743878   82.677832  (       1   10006)
          68   25.754214   87.036966  (       1   10781)
          69   25.766683   96.573372  (       1   10053)
          70   25.769320   96.237558  (       1   10021)
          71   25.779776   77.821012  (      13   14271)
          72   25.798366   71.180183  (     122   16151)
          73   25.803065   95.010777  (       1   10050)
          74   25.805430   95.362129  (       1   10118)
          75   25.817525   70.853182  (       1   10030)
          76   25.817558   86.826281  (       1   10666)
          77   25.834292   64.291696  (       1   10091)
          78   25.835200   95.366932  (       1   10087)
          79   25.837949   66.684909  (       1   10004)
          80   25.840338   88.189590  (       1   11090)
          81   25.841441   75.529646  (       1   10031)
          82   25.845261   96.532205  (       1   10049)
          83   25.845745   71.202173  (       1   10009)
          84   25.847371   95.238441  (       1   10131)
          85   25.849403   88.042981  (      13   13407)
          86   25.872968   67.777423  (       1   10094)
          87   25.878011   81.154122  (      13   10890)
          88   25.878351   71.053120  (       1   10211)
          89   25.878375   82.408889  (       1   11615)
          90   25.887586   71.911688  (       1   10013)
          91   25.891607   68.127729  (       1   10027)
          92   25.894804   57.439757  (      53   15509)
          93   25.902941   84.572614  (       1   10809)
          94   25.903313   86.873928  (       1   11207)
          95   25.905628   86.936797  (       1   10944)
          96   25.919357   85.894704  (      13   15998)
          97   25.919578   96.330615  (       1   10059)
          98   25.919897   86.921810  (       1   10967)
          99   25.920743   89.673627  (       1   10273)
         100   25.923329   72.523434  (       1   10337)
