Model_ID, [(c_i,i=0,n)_j,j=1,ntask]
           1    0.1562718298E+03    0.1225293089E+03    0.1247714124E+04
           2    0.1575132487E+03    0.1212957246E+03    0.3387124931E+04
           3    0.1541808856E+03    0.1253469510E+03    0.2852371639E+04
           4    0.1567791672E+03    0.1247163120E+03    0.2344104520E+04
           5    0.1566237827E+03    0.1226922819E+03    0.9817578689E+03
           6    0.1581623114E+03    0.1223539837E+03    0.2958040240E+04
           7    0.1577407309E+03    0.1209473968E+03    0.8902228099E+03
           8    0.1585812622E+03    0.1202575126E+03    0.8689249375E+03
           9    0.1578276813E+03    0.1228341078E+03    0.2534912655E+04
          10    0.1655520876E+03    0.1251210403E+03   -0.4725407693E+03
          11    0.1471136690E+03    0.1258586709E+03    0.5218246987E+03
          12    0.1603880555E+03    0.1152986486E+03    0.4591133276E+04
          13    0.1596762160E+03    0.1197120509E+03    0.7922465423E+03
          14    0.1481392231E+03    0.1266282190E+03    0.5579182156E+03
          15    0.1492221694E+03    0.1325988217E+03    0.5614950618E+03
          16    0.1589862341E+03    0.1166878064E+03    0.1383260885E+04
          17    0.1590513895E+03    0.1235647137E+03    0.9636167165E+03
          18    0.1446679952E+03    0.1235959092E+03    0.1554563829E+04
          19    0.1738519274E+03    0.1182852075E+03   -0.2639063536E+03
          20    0.1492671561E+03    0.1256619470E+03    0.5372505047E+03
          21    0.1507459288E+03    0.1235137604E+03    0.5127118991E+03
          22    0.1588470900E+03    0.1221356259E+03    0.1063208391E+04
          23    0.1596387933E+03    0.1157641057E+03    0.1712285424E+04
          24    0.1484179833E+03    0.1203980329E+03    0.5798121145E+03
          25    0.1522783966E+03    0.1249787903E+03    0.4525334802E+03
          26    0.1507945039E+03    0.1234415490E+03    0.5071073289E+03
          27    0.1490860711E+03    0.1245063562E+03    0.5153210462E+03
          28    0.1477049179E+03    0.1326203671E+03    0.6691111563E+03
          29    0.1724413398E+03    0.1179365972E+03   -0.1258444139E+04
          30    0.1535038582E+03    0.1229173170E+03    0.2922444020E+03
          31    0.1576927727E+03    0.1194667849E+03    0.8388305551E+03
          32    0.1509854864E+03    0.1254163018E+03    0.4558225571E+03
          33    0.1660726063E+03    0.1312615952E+03   -0.1531873052E+04
          34    0.1504300618E+03    0.1236641754E+03    0.5083277049E+03
          35    0.1523133791E+03    0.1226750957E+03    0.4975555649E+03
          36    0.1576344274E+03    0.1163283879E+03    0.4333479723E+04
          37    0.1501937414E+03    0.1201067794E+03    0.4627182138E+03
          38    0.1683699628E+03    0.1228284352E+03   -0.3365175995E+03
          39    0.1501581274E+03    0.1241020869E+03    0.3488016513E+03
          40    0.1593660432E+03    0.1263984665E+03    0.8296940523E+03
          41    0.1521805047E+03    0.1236356759E+03    0.4199000385E+03
          42    0.1503906520E+03    0.1268951488E+03   -0.1144079360E+04
          43    0.1606852122E+03    0.1299240659E+03   -0.8344538264E+03
          44    0.1379789983E+03    0.1350242290E+03    0.5410148118E+03
          45    0.1578082222E+03    0.1245593007E+03    0.9543258905E+03
          46    0.1700166443E+03    0.1258352849E+03   -0.4368182464E+04
          47    0.1498062331E+03    0.1240493087E+03    0.5088547197E+03
          48    0.1336207289E+03    0.1378562226E+03    0.6164760182E+03
          49    0.1510027526E+03    0.1234535634E+03    0.5052758660E+03
          50    0.1496757417E+03    0.1237721875E+03    0.3555476384E+03
          51    0.1535169866E+03    0.1237890643E+03    0.4295789799E+03
          52    0.1658014269E+03    0.1244402882E+03   -0.5311962180E+03
          53    0.1337404035E+03    0.1373660413E+03    0.9974881672E+03
          54    0.1567336725E+03    0.1261584693E+03    0.9419239397E+03
          55    0.1523383000E+03    0.1228603005E+03    0.3099210468E+03
          56    0.1520209131E+03    0.1228926723E+03    0.5099753383E+03
          57    0.1195748202E+03    0.1267965480E+03    0.1183556157E+04
          58    0.1519101985E+03    0.1232744025E+03    0.2285027711E+03
          59    0.1545211705E+03    0.1221444586E+03    0.4124764942E+03
          60    0.1551779105E+03    0.1188000920E+03    0.3982005047E+04
          61    0.1543750651E+03    0.1238378872E+03    0.3765218783E+03
          62    0.1689415485E+03    0.1216441988E+03   -0.3574786227E+03
          63    0.1421235097E+03    0.1075915328E+03    0.8172941907E+03
          64    0.1545779296E+03    0.1220687087E+03    0.4096192950E+03
          65    0.1456912848E+03    0.1252556402E+03    0.3344497584E+03
          66    0.2481073641E+03    0.1303234408E+03   -0.1279883668E+03
          67    0.1484493779E+03    0.1202399867E+03    0.6422320185E+03
          68    0.1535408290E+03    0.1295327630E+03    0.5368514234E+03
          69    0.1532842349E+03    0.1228908873E+03    0.4141917732E+03
          70    0.1557271581E+03    0.1214810583E+03    0.4040143068E+03
          71    0.1585442269E+03    0.1198276869E+03   -0.2081563917E+03
          72    0.2479216998E+03    0.1309478829E+03   -0.1286139336E+03
          73    0.1559390287E+03    0.1226407991E+03    0.5970688317E+03
          74    0.1492991858E+03    0.1243759941E+03    0.5066080753E+03
          75    0.1694311055E+03    0.1215817074E+03   -0.3145288166E+03
          76    0.1545944213E+03    0.1288272544E+03    0.5269432914E+03
          77    0.1626718993E+03    0.1236027947E+03   -0.2774033726E+04
          78    0.1505895882E+03    0.1235635838E+03    0.5005471711E+03
          79    0.1707677081E+03    0.1187865686E+03   -0.4211031612E+03
          80    0.1536628389E+03    0.1303764316E+03    0.4375909913E+03
          81    0.1440098141E+03    0.1214295868E+03    0.6107591765E+03
          82    0.1540997114E+03    0.1223652816E+03    0.4102037391E+03
          83    0.1637066344E+03    0.1198021710E+03    0.2589548477E+04
          84    0.1491261219E+03    0.1243877130E+03    0.5002050831E+03
          85    0.1474091984E+03    0.1203426785E+03    0.1078982694E+04
          86    0.1674924887E+03    0.1234488364E+03   -0.3373418179E+03
          87    0.1411423309E+03    0.1220874213E+03    0.6006132262E+03
          88    0.1582965613E+03    0.1253700128E+03   -0.1836303252E+04
          89    0.1542605708E+03    0.1316484275E+03   -0.1160086657E+04
          90    0.1627786500E+03    0.1197394768E+03    0.3139301339E+04
          91    0.1604780374E+03    0.1209083808E+03    0.8405533473E+03
          92    0.1675134223E+03    0.1294856413E+03   -0.1416809074E+04
          93    0.1668782664E+03    0.1290195021E+03   -0.5879251954E+03
          94    0.1520207544E+03    0.1304496278E+03    0.5382511226E+03
          95    0.1532714672E+03    0.1295702695E+03    0.5310368536E+03
          96    0.1578084054E+03    0.1157931948E+03    0.1188039836E+04
          97    0.1547379788E+03    0.1220809670E+03    0.4083534885E+03
          98    0.1532183473E+03    0.1296061783E+03    0.5310489339E+03
          99    0.1567586983E+03    0.1257932012E+03    0.1576756213E+04
         100    0.1599741718E+03    0.1263895675E+03    0.7487520722E+03
