        Rank        RMSE       MaxAE  Feature_ID
           1   24.969026   76.035577  (    8435   10718)
           2   24.995112   81.069478  (    6462   10437)
           3   25.131286   64.499080  (    3851   10341)
           4   25.292485   77.176670  (    8435   11457)
           5   25.343528   78.835273  (    6462   10341)
           6   25.620492   77.914553  (    8077   10718)
           7   25.722495   72.308612  (     844   10485)
           8   25.742561   66.727526  (    5019   10341)
           9   25.779416   67.327539  (      17   10341)
          10   25.794139   68.903398  (    4930   10341)
          11   25.796880   69.038761  (    6637   13484)
          12   25.841609   67.259735  (     782   10341)
          13   25.867296   76.716032  (    8528   10718)
          14   25.877031   69.091801  (    6637   13266)
          15   25.894696   66.958171  (     840   10341)
          16   25.899391   68.201808  (    4496   10341)
          17   25.909640   79.001741  (    8077   11457)
          18   25.929862   67.876277  (    3851   10437)
          19   25.966910   68.076215  (    4877   10341)
          20   26.015378   73.389543  (    9528   10245)
          21   26.017961   69.788212  (      17   10437)
          22   26.100580   82.409209  (     481   10245)
          23   26.100848   80.529611  (    3556   10245)
          24   26.135852   78.981335  (    7165   10718)
          25   26.137476   83.653659  (    4931   12562)
          26   26.152589   77.137865  (    6709   10341)
          27   26.153255   79.578180  (    7041   10718)
          28   26.157226   81.416892  (    3556   10290)
          29   26.175274   76.486660  (    6462   10150)
          30   26.185325   74.467509  (    9528   10290)
          31   26.195584   77.862791  (    8528   11457)
          32   26.202521   75.533223  (    6974   10341)
          33   26.210058   79.249577  (    6602   10341)
          34   26.217743   83.083826  (    2420   10437)
          35   26.224846   84.955049  (    4931   10788)
          36   26.225925   70.446503  (      17   10876)
          37   26.246048   86.209637  (    8435   12640)
          38   26.252492   84.652050  (     481   10264)
          39   26.300853   73.517814  (    9891   10245)
          40   26.317765   72.242603  (     924   11560)
          41   26.347018   90.494417  (    4206   11820)
          42   26.352479   67.180331  (    1593   11104)
          43   26.353705   68.492437  (    9047   10341)
          44   26.355991   83.385356  (     481   10290)
          45   26.366342   84.164699  (      61   11175)
          46   26.369559   79.583080  (     844   17532)
          47   26.375441   77.938321  (    8933   10718)
          48   26.383378   73.205534  (     924   11104)
          49   26.384198   88.944716  (    4206   11175)
          50   26.388302   72.010852  (    4930   10437)
          51   26.391693   87.016913  (    6242   12093)
          52   26.391767   72.920416  (    8776   16485)
          53   26.391926   78.117036  (    7001   11457)
          54   26.392787   82.866069  (      61   11820)
          55   26.394642   69.382833  (    5536   10341)
          56   26.396515   69.317802  (    5406   10341)
          57   26.404237   68.843356  (     603   16608)
          58   26.408764   77.396363  (    7001   10718)
          59   26.420891   70.180583  (     782   10437)
          60   26.426464   80.059498  (    7165   11457)
          61   26.431686   80.636152  (    7041   11457)
          62   26.438069   78.509289  (    6711   10341)
          63   26.438402   69.314955  (    5211   10341)
          64   26.447735   69.058307  (    1271   10341)
          65   26.448320   69.297612  (    5390   10341)
          66   26.451564   69.273795  (    5337   10341)
          67   26.460650   71.296395  (      17   10400)
          68   26.462705   69.998471  (    5019   10437)
          69   26.466273   69.474398  (    5777   10341)
          70   26.470333   74.592559  (    9891   10290)
          71   26.472171   83.836754  (    3556   10767)
          72   26.476699   69.894925  (     840   10437)
          73   26.488066   86.715077  (    5395   10341)
          74   26.505078   71.377824  (    9047   10437)
          75   26.510095   78.754962  (    6581   10341)
          76   26.519687   88.984347  (    5259   10341)
          77   26.521199   69.470923  (    6004   10341)
          78   26.529773   66.009191  (    1593   19564)
          79   26.541648   69.344750  (    7949   12282)
          80   26.543117   68.179497  (     918   11175)
          81   26.557920   78.087272  (    9624   10718)
          82   26.561528   71.362295  (    4496   10437)
          83   26.575626   74.093175  (    8776   17540)
          84   26.585457   79.215447  (    6462   10443)
          85   26.591920   68.847216  (    3851   10876)
          86   26.596131   66.323191  (    1386   10341)
          87   26.597372   80.237613  (    2581   11104)
          88   26.604036   66.320608  (    1385   10341)
          89   26.609150   81.628159  (     542   11851)
          90   26.618180   70.861673  (     902   10341)
          91   26.629806   85.707154  (     164   12282)
          92   26.630193   68.045039  (    4826   12165)
          93   26.633503   71.254371  (    4877   10437)
          94   26.646509   81.149073  (    2420   10341)
          95   26.646635   80.435808  (     259   12165)
          96   26.648449   71.260657  (    1435   10341)
          97   26.653864   87.302161  (    8435   14516)
          98   26.654151   68.640290  (    2779   11560)
          99   26.655423   75.053292  (    7669   10437)
         100   26.655795   89.468557  (    3499   10245)
