Model_ID, [(c_i,i=0,n)_j,j=1,ntask]
           1    0.3841167737E+01   -0.1531956524E+02    0.2000563522E+03
           2    0.3130003910E+01   -0.1572079144E+02    0.1133398940E+03
           3    0.3372574580E+01   -0.1678053591E+02    0.1158328596E+03
           4    0.1603693292E+02   -0.1487843504E+02   -0.9190503524E+02
           5    0.3267047681E+01   -0.1608972705E+02   -0.2778100257E+03
           6    0.4357770140E+01    0.3047066931E+02   -0.1429706454E+03
           7    0.2823891863E+01   -0.1607232531E+02    0.1301749809E+03
           8    0.4188848316E+01    0.3109508735E+02   -0.1399778687E+03
           9    0.4256608260E+01    0.3098680773E+02   -0.1397309566E+03
          10    0.1613403100E+02    0.1476329321E+02   -0.9127961673E+02
          11    0.4523630289E+01    0.1564505564E+02    0.4479501787E+02
          12    0.5862929887E+01    0.3570335941E+02   -0.2215798812E+03
          13    0.3894554140E+01   -0.1561395007E+02    0.1148126360E+03
          14    0.4497927408E+01    0.3021782575E+02   -0.7531904823E+02
          15    0.4019052294E+01    0.2941071317E+02    0.4352604827E+02
          16    0.1595780402E+02   -0.1497065539E+02   -0.9029361729E+02
          17    0.4403882629E+01   -0.3071383930E+02   -0.1381558645E+03
          18    0.4300678550E+01    0.3090900278E+02   -0.1395285654E+03
          19    0.4119736655E+01    0.3018519074E+02    0.3253387511E+03
          20    0.4547729162E+01   -0.3054561267E+02   -0.1404031950E+03
          21    0.1610938241E+02    0.1480056950E+02   -0.9076737003E+02
          22    0.3390299441E+01   -0.1555088473E+02    0.1043833316E+03
          23    0.4296055866E+01    0.1568038099E+02    0.4539675242E+02
          24    0.4693348102E+01   -0.2990222158E+02   -0.7479222058E+02
          25    0.4029123902E+01    0.3627085817E+02   -0.8327801367E+02
          26    0.2795149542E+01    0.8489957194E+01    0.1061334939E+03
          27    0.2896433275E+01    0.1437128637E+02    0.1032685460E+03
          28    0.4562313732E+01    0.3011859838E+02   -0.7524041367E+02
          29    0.1608251204E+02    0.1478469919E+02   -0.9011160837E+02
          30    0.4840211325E+01   -0.2971542124E+02   -0.7588243043E+02
          31    0.4527459535E+01    0.1544344361E+02   -0.4654531749E+02
          32    0.4085047317E+01    0.2930604544E+02    0.4343474034E+02
          33    0.4679986192E+01    0.2954301426E+02   -0.7642048443E+02
          34    0.4078416906E+01    0.2969785348E+02    0.4488867823E+02
          35    0.4177504125E+01    0.1577366158E+02    0.8103770806E+02
          36    0.1590559495E+02   -0.1499701595E+02   -0.8911163203E+02
          37    0.1608907317E+02    0.1478565784E+02   -0.8981711211E+02
          38    0.3789112245E+01    0.3706192005E+02   -0.1410077289E+03
          39    0.4347647605E+01    0.3082116371E+02   -0.1392850180E+03
          40    0.4261057555E+01    0.1583745695E+02    0.6687480608E+02
          41    0.4452171345E+01    0.3056076587E+02    0.6773605907E+02
          42    0.3858104429E+01    0.3029478952E+02    0.1753103654E+03
          43    0.4604140414E+01    0.3004710066E+02   -0.7516933489E+02
          44    0.4416260589E+01    0.2978364357E+02    0.1586045456E+03
          45    0.4075840297E+01    0.3037957804E+02    0.3390266192E+03
          46    0.4214049875E+01    0.3104728645E+02   -0.1406777019E+03
          47    0.2971359098E+01    0.1428381904E+02    0.1052311970E+03
          48    0.4225821531E+01   -0.2906701537E+02    0.4298484293E+02
          49    0.4130634623E+01    0.2968090230E+02   -0.8722069745E+02
          50    0.4067219494E+01    0.3020383936E+02   -0.7505888535E+02
          51    0.4070133660E+01    0.3058182989E+02    0.3210857651E+03
          52    0.4127782847E+01    0.2923220399E+02    0.4337001771E+02
          53    0.4360223724E+01   -0.2887904072E+02    0.4363132885E+02
          54    0.4183948794E+01    0.3001450507E+02   -0.9038610252E+02
          55    0.4649940363E+01   -0.3023969031E+02    0.6725577994E+02
          56    0.5833753625E+01    0.3053559118E+02    0.4751015551E+02
          57    0.4650716545E+01   -0.3034638198E+02   -0.1403317366E+03
          58    0.1551259265E+02    0.1474333162E+02   -0.8895061747E+02
          59    0.4428632390E+01    0.3050365691E+02   -0.1157872222E+03
          60    0.3978871709E+01    0.3073085348E+02    0.3155783100E+03
          61    0.3758546509E+01    0.3749700438E+02   -0.1339052871E+03
          62    0.4257406013E+01    0.3112968699E+02   -0.1133456410E+03
          63    0.4929302717E+01    0.2943099393E+02   -0.7368929523E+02
          64    0.3933609994E+01    0.3668387989E+02   -0.1323723154E+03
          65    0.3975199040E+01    0.3153605158E+02   -0.3428200710E+02
          66    0.2908156592E+01    0.8435294845E+01    0.1036735463E+03
          67    0.4517427919E+01    0.3045945057E+02    0.6765626335E+02
          68    0.3008171275E+01   -0.1594339589E+02    0.1244410098E+03
          69    0.4938211954E+01   -0.2953207194E+02   -0.7595632691E+02
          70    0.4415221373E+01   -0.2988160175E+02    0.3418363610E+03
          71    0.3769420648E+01    0.1547117259E+02    0.1695061001E+03
          72    0.4648689027E+01    0.2996625476E+02   -0.7508028942E+02
          73    0.3697559394E+01    0.3644551317E+02    0.3038839858E+03
          74    0.3524182810E+01    0.3808037002E+02    0.4087525843E+02
          75    0.3745809628E+01    0.3181274797E+02    0.4289273226E+02
          76    0.4143082537E+01    0.3027203857E+02    0.3383433849E+03
          77    0.4125152400E+01    0.3054131391E+02   -0.7763646547E+02
          78    0.3833127225E+01    0.3521439163E+02    0.4106569608E+02
          79    0.4301505582E+01    0.3093070017E+02   -0.1208943424E+03
          80    0.3771805892E+01    0.3203407650E+02    0.6966148491E+02
          81    0.4023505093E+01    0.3087413609E+02   -0.1482955777E+03
          82    0.4196281262E+01    0.2957710414E+02   -0.8705774037E+02
          83    0.2739913338E+01    0.2922534625E+02    0.5314300990E+02
          84    0.3847356407E+01    0.3625870479E+02    0.1558797054E+03
          85    0.4134288962E+01    0.3009659601E+02   -0.7490400386E+02
          86    0.3772013850E+01    0.3659689910E+02   -0.8440301413E+02
          87    0.4801981025E+01   -0.3003688068E+02    0.6809711561E+02
          88    0.4137802179E+01    0.3047322947E+02    0.3204262743E+03
          89    0.3562886027E+01    0.3556564836E+02    0.4129039171E+02
          90    0.3720455559E+01    0.3670548915E+02   -0.8435388034E+02
          91    0.4332001664E+01   -0.2935083692E+02   -0.8634449040E+02
          92    0.4414511152E+01   -0.3007160570E+02    0.3233456799E+03
          93    0.4234905386E+01    0.3118519462E+02    0.6745448825E+02
          94    0.4000232294E+01    0.3609923495E+02   -0.8197020617E+02
          95    0.4173209400E+01    0.2914965621E+02    0.4329747579E+02
          96    0.4272157084E+01   -0.2986466879E+02   -0.7430282653E+02
          97    0.3232740884E+01    0.3846528930E+02    0.4106661426E+02
          98    0.4036696926E+01    0.3612832229E+02   -0.8334047791E+02
          99    0.4467919361E+01   -0.2917035199E+02   -0.8772187246E+02
         100    0.4030054407E+01    0.3020661272E+02    0.1470018900E+03
