        Rank        RMSE       MaxAE  Feature_ID
           1    3.906874   12.098547  (    3446   10177)
           2    3.943019   12.313715  (     562   17758)
           3    3.945299   14.090864  (    1011   11041)
           4    3.951973   12.484481  (     554   17758)
           5    3.972496   12.241512  (    3446   14755)
           6    3.995956   12.804291  (     148   10968)
           7    4.011474   12.840145  (    3446   13888)
           8    4.015444   13.253786  (    3446   10520)
           9    4.035737   13.556697  (     113   11041)
          10    4.037641   15.285443  (      46   11041)
          11    4.044095   14.009003  (    6895   10968)
          12    4.044108   13.091906  (    3446   10784)
          13    4.049320   12.686208  (    2341   17758)
          14    4.058323   14.027053  (     872   13237)
          15    4.058753   13.128321  (    1065   10968)
          16    4.064491   15.178136  (     166   10160)
          17    4.071109   11.853751  (    9451   12201)
          18    4.071270   13.114498  (    3446   11731)
          19    4.074540   12.958786  (    2096   17758)
          20    4.077148   14.183038  (     872   10523)
          21    4.077698   12.662633  (     554   11041)
          22    4.077897   12.794023  (    3446   12057)
          23    4.078960   15.427750  (     113   10968)
          24    4.080458   12.578692  (    9352   11041)
          25    4.082538   13.798645  (     872   12637)
          26    4.082790   11.724259  (    4943   14755)
          27    4.083697   13.153303  (    3446   11294)
          28    4.084190   12.352881  (    4935   10177)
          29    4.085334   14.262322  (      82   11041)
          30    4.087531   14.142037  (    6895   12691)
          31    4.087577   14.160249  (    4511   12691)
          32    4.089139   13.121778  (    3446   12165)
          33    4.089209   13.131909  (    3446   12206)
          34    4.090379   13.142361  (    3446   12279)
          35    4.090672   12.880494  (    3446   12164)
          36    4.092095   13.749245  (     113   11616)
          37    4.092453   14.078774  (    4511   10968)
          38    4.093069   13.946164  (     166   10070)
          39    4.093440   13.110603  (    2175   10968)
          40    4.096000   14.411782  (      82   11616)
          41    4.102410   13.168432  (    9524   10968)
          42    4.102623   14.313614  (     166   10148)
          43    4.103104   12.570217  (    3446   11667)
          44    4.104252   12.248411  (    4943   13888)
          45    4.105251   14.426148  (    3554   10974)
          46    4.106189   14.261105  (     166   10284)
          47    4.111389   13.306132  (    7470   10125)
          48    4.112229   12.662586  (     562   11041)
          49    4.112549   13.033349  (    9377   10968)
          50    4.113055   15.226105  (     333   10188)
          51    4.113224   14.223411  (    6895   11910)
          52    4.113946   13.148637  (    4935   14377)
          53    4.114641   14.320499  (     166   10017)
          54    4.116787   13.256463  (    4935   11333)
          55    4.116907   12.668308  (     872   10177)
          56    4.117077   13.152233  (    3446   13006)
          57    4.117358   14.609443  (    1011   17758)
          58    4.119880   14.031646  (    1784   13237)
          59    4.122519   13.314096  (    1065   12691)
          60    4.123943   14.251584  (    4511   11910)
          61    4.124157   13.805805  (    1391   15346)
          62    4.124231   15.061262  (     166   10790)
          63    4.124259   13.352538  (     872   12201)
          64    4.125226   13.838493  (    4124   10125)
          65    4.125277   12.487356  (     562   11384)
          66    4.127634   13.518974  (    7470   15346)
          67    4.127833   13.178875  (    3446   11333)
          68    4.131706   13.290284  (    2175   12691)
          69    4.133379   14.987275  (     333   10412)
          70    4.134222   11.682769  (    4943   10177)
          71    4.135014   13.990918  (    2231   15346)
          72    4.137840   11.245780  (    5678   10208)
          73    4.140349   13.666306  (    1623   10208)
          74    4.140530   14.285602  (    4218   12691)
          75    4.140979   13.346939  (     148   12691)
          76    4.142118   12.348034  (    9451   10975)
          77    4.142787   14.658113  (     872   17002)
          78    4.143970   12.922514  (    7470   10208)
          79    4.144419   13.776546  (    4943   16137)
          80    4.146355   14.425131  (    1011   11616)
          81    4.147215   14.095094  (    1623   10012)
          82    4.147436   13.883841  (     534   13271)
          83    4.147592   13.328490  (    7470   10093)
          84    4.147988   13.855288  (    4943   13493)
          85    4.149216   13.127961  (    3446   15653)
          86    4.149681   14.212236  (    4218   10968)
          87    4.149833   12.647141  (    1784   10177)
          88    4.149930   13.859387  (    4124   10093)
          89    4.151226   12.496229  (    4935   14755)
          90    4.151730   12.760856  (    3446   18986)
          91    4.154104   14.646232  (     333   10784)
          92    4.154705   15.266020  (    1225   10784)
          93    4.155670   14.442392  (    3446   13493)
          94    4.156372   13.814821  (     872   10975)
          95    4.156429   14.412308  (     872   16480)
          96    4.157405   15.003135  (    6821   10248)
          97    4.159932   13.210711  (    3446   11962)
          98    4.160535   14.302748  (    1391   10736)
          99    4.161650   14.685000  (    3446   10981)
         100    4.161990   11.998717  (    4943   11667)
