Model_ID, [(c_i,i=0,n)_j,j=1,ntask]
           1    0.3131828430E+01    0.2385312476E+02    0.1272599365E+03
           2    0.3634812474E+01    0.1998245391E+02    0.1232354988E+03
           3    0.3991143630E+01   -0.2172217498E+02    0.4412987643E+02
           4    0.3178576730E+01   -0.2075280278E+02   -0.5436000549E+02
           5    0.3372121439E+01   -0.2064835986E+02    0.5620749899E+02
           6    0.4194524458E+01    0.2035614228E+02    0.3344832499E+02
           7    0.3261061064E+01    0.2600756613E+02    0.4437179050E+02
           8    0.4551502983E+01    0.1985114598E+02    0.7897256513E+02
           9    0.3440998962E+01    0.2437616236E+02   -0.4335876934E+02
          10    0.3580714472E+01   -0.2134999823E+02    0.4017193162E+02
          11    0.3253833497E+01   -0.1038896378E+02   -0.5329928406E+02
          12    0.3524684028E+01   -0.2135909147E+02    0.4093202269E+02
          13    0.3956940876E+01   -0.2171622493E+02    0.4384924069E+02
          14    0.3358018752E+01    0.2454617827E+02    0.4582516009E+02
          15    0.3605046143E+01   -0.2555591216E+02    0.4362649030E+02
          16    0.3397231353E+01   -0.2578412806E+02    0.4385445751E+02
          17    0.4439313948E+01    0.1944769977E+02    0.2994973024E+02
          18    0.3362831808E+01    0.2509581195E+02    0.3521646470E+02
          19    0.5607332789E+01   -0.1054295630E+02    0.2893281353E+02
          20    0.5684768715E+01   -0.2095768255E+02    0.2880202682E+02
          21    0.3482689493E+01    0.2382056136E+02    0.3130120997E+02
          22    0.4255492783E+01    0.2003556375E+02   -0.3587648092E+02
          23    0.3448668242E+01    0.2124719664E+02   -0.4004672753E+02
          24    0.3340712335E+01   -0.2065299016E+02    0.5594056209E+02
          25    0.3177610828E+01   -0.1937165720E+02    0.4631426693E+02
          26    0.4831203192E+01    0.1957105451E+02    0.5489944870E+02
          27    0.3802272613E+01    0.2285395977E+02    0.4758430905E+02
          28    0.5527457467E+01   -0.2104719407E+02    0.2818817863E+02
          29    0.4392399983E+01    0.1962604199E+02    0.2760405203E+02
          30    0.5644953814E+01   -0.2091605361E+02    0.2837166458E+02
          31    0.3397477614E+01   -0.2163829218E+02    0.4324752227E+02
          32    0.3340179432E+01   -0.2167846654E+02    0.4448736782E+02
          33    0.3548509753E+01   -0.2134882743E+02    0.3994240186E+02
          34    0.4202163373E+01    0.2136912393E+02    0.4289581515E+02
          35    0.3543131811E+01    0.2132741571E+02   -0.3990454454E+02
          36    0.5533899108E+01   -0.1058970129E+02    0.2796263530E+02
          37    0.3492898814E+01   -0.2135764304E+02    0.4069593572E+02
          38    0.4221250682E+01    0.1999263865E+02   -0.3647484863E+02
          39    0.5611928055E+01   -0.2105034711E+02    0.2783390648E+02
          40    0.4579856144E+01   -0.1928646287E+02    0.7364934071E+02
          41    0.4047619704E+01    0.2150281812E+02    0.3919355591E+02
          42    0.3282523967E+01    0.2456017194E+02    0.4184562359E+02
          43    0.3680599258E+01   -0.2178196769E+02   -0.4339543404E+02
          44    0.3841518828E+01    0.2240737245E+02    0.1694679900E+03
          45    0.5522929167E+01   -0.9423819208E+01    0.2536146610E+02
          46    0.5454352642E+01   -0.2114187285E+02    0.2725377123E+02
          47    0.3224847556E+01   -0.3040811541E+02    0.2285982628E+02
          48    0.2921262426E+01    0.2403627689E+02    0.4465049802E+02
          49    0.4353702669E+01    0.1929257206E+02   -0.7048231904E+02
          50    0.5916683520E+01   -0.1038805676E+02    0.2902323848E+02
          51    0.3374971228E+01    0.2395691599E+02    0.8419708291E+02
          52    0.3813364746E+01    0.2161660644E+02    0.3156423098E+02
          53    0.4134491515E+01    0.2044247265E+02   -0.4131807040E+02
          54    0.5359468609E+01   -0.1992410371E+02    0.2783179182E+02
          55    0.4066137779E+01    0.2312955433E+02    0.7942270820E+02
          56    0.3824952420E+01    0.2237709251E+02   -0.1628715895E+03
          57    0.5914248775E+01   -0.1038644040E+02    0.2901502751E+02
          58    0.5991082324E+01   -0.2065358821E+02    0.2891224673E+02
          59    0.5357057819E+01   -0.1992171006E+02    0.2782798865E+02
          60    0.3362030153E+01    0.1992629378E+02   -0.4076428481E+02
          61    0.5572305452E+01   -0.2100938706E+02    0.2742386741E+02
          62    0.2738848629E+01    0.2458946633E+02    0.5537963934E+02
          63    0.3731248779E+01   -0.1092154659E+02   -0.4292604445E+02
          64    0.5546714185E+01   -0.1970490571E+02    0.2800199171E+02
          65    0.5988641566E+01   -0.2065038998E+02    0.2890395168E+02
          66    0.5544278999E+01   -0.1970248089E+02    0.2799792384E+02
          67    0.5477981616E+01   -0.1979874526E+02    0.2804819903E+02
          68    0.4353572254E+01    0.2110407957E+02    0.3047036887E+02
          69    0.3880876244E+01    0.2005026135E+02    0.8097159873E+02
          70    0.5475550791E+01   -0.1979631108E+02    0.2804424038E+02
          71    0.3127451762E+01   -0.2049967716E+02   -0.5500814847E+02
          72    0.3838191112E+01    0.2035807182E+02    0.6621618719E+02
          73    0.3126811929E+01   -0.1933161309E+02    0.5143009325E+02
          74    0.4839140305E+01    0.1977773019E+02    0.8296566344E+02
          75    0.5454574062E+01   -0.9465305639E+01    0.2452392048E+02
          76    0.4229982687E+01    0.2121583807E+02   -0.3767862311E+02
          77    0.3263469451E+01   -0.9699033797E+01    0.4517363249E+02
          78    0.3598902514E+01    0.2032330958E+02    0.5456585741E+02
          79    0.2970139984E+01    0.2525860040E+02   -0.4030537498E+02
          80    0.4611711346E+01    0.2223897545E+02    0.4065072549E+02
          81    0.3795007792E+01    0.2102257372E+02    0.3913842067E+02
          82    0.3101682426E+01   -0.2097099128E+02   -0.5242731050E+02
          83    0.3065618932E+01   -0.2419863526E+02    0.5462687156E+02
          84    0.5790263315E+01   -0.9311460750E+01    0.2559593199E+02
          85    0.2991298118E+01    0.2445118899E+02    0.3322243599E+02
          86    0.5344775310E+01   -0.1979923561E+02    0.2698262234E+02
          87    0.5271199710E+01   -0.2001627962E+02    0.2794460921E+02
          88    0.5342404598E+01   -0.1979700705E+02    0.2697886853E+02
          89    0.5268791020E+01   -0.2001387612E+02    0.2794106459E+02
          90    0.5115728720E+01   -0.2014010848E+02    0.2800106775E+02
          91    0.3360377189E+01    0.2340548950E+02    0.9262737196E+02
          92    0.5410557447E+01    0.1986094720E+02    0.2801582155E+02
          93    0.5071892884E+01   -0.2015150753E+02    0.2723602317E+02
          94    0.4013598342E+01    0.2206134919E+02    0.1719233217E+03
          95    0.4022444597E+01    0.2200788622E+02    0.1703415022E+03
          96    0.5788033479E+01   -0.9310049430E+01    0.2557863625E+02
          97    0.5113325091E+01   -0.2013773104E+02    0.2799802612E+02
          98    0.3220169595E+01   -0.2081429110E+02    0.5411373718E+02
          99    0.3374969156E+01   -0.2393961912E+02    0.4701623128E+02
         100    0.5408134369E+01    0.1985852402E+02    0.2801202746E+02
