Model_ID, [(c_i,i=0,n)_j,j=1,ntask]
           1    0.2783207181E+02   -0.3094934716E+02   -0.1385437861E+03
           2    0.3197210769E+01    0.1773960349E+02    0.9181795922E+02
           3    0.2842835819E+02   -0.3260560032E+02   -0.1116283579E+03
           4    0.2756819575E+02   -0.3132644908E+02    0.6779901740E+02
           5    0.2716502203E+02   -0.2974536589E+02    0.8277888438E+02
           6    0.2802508270E+02   -0.3112659980E+02   -0.1502093231E+03
           7    0.3443438828E+01    0.1470209628E+02    0.8245903253E+02
           8    0.2515157677E+02   -0.2640849632E+02    0.2157668012E+02
           9    0.2594509768E+02   -0.2883199864E+02   -0.8313195785E+02
          10    0.2612107882E+02   -0.2757138301E+02   -0.9683234616E+02
          11    0.3045786699E+01    0.8745049973E+01    0.8816248536E+02
          12    0.2701197505E+02   -0.2975276629E+02    0.9501682799E+02
          13    0.2846868356E+02   -0.3176611904E+02   -0.4323229666E+02
          14    0.4951072198E+01    0.2836186147E+02    0.8654010622E+02
          15    0.2751619504E+02   -0.3152888856E+02    0.7509816421E+02
          16    0.3244028043E+01    0.8663586308E+01    0.8327609362E+02
          17    0.2545237614E+02   -0.2700410013E+02   -0.1324662665E+03
          18    0.2797384876E+02   -0.3147348602E+02    0.1127181219E+03
          19    0.2606246534E+02   -0.2734939871E+02   -0.9751576068E+02
          20    0.2553018353E+02   -0.2645820316E+02    0.9827652710E+02
          21    0.2484589683E+02   -0.2602922993E+02    0.1346138842E+03
          22    0.2480305264E+02   -0.2605481585E+02    0.1359858940E+03
          23    0.2608231161E+02   -0.2760202844E+02   -0.9732587477E+02
          24    0.3018853927E+01    0.1494980951E+02    0.8720395884E+02
          25    0.2619476903E+02   -0.2788079218E+02   -0.1202288625E+03
          26    0.3498461967E+01    0.1745750545E+02    0.8580223794E+02
          27    0.2815090696E+02    0.3010135460E+02   -0.8147007103E+02
          28    0.2588959076E+02   -0.2790135711E+02   -0.4734829624E+02
          29    0.2758047798E+02   -0.3036761882E+02    0.1269530012E+03
          30    0.3091230130E+01    0.1785722682E+02    0.8573942867E+02
          31    0.2447681780E+02   -0.2587565615E+02    0.7289896630E+02
          32    0.2477516056E+02   -0.2601097369E+02    0.1359575240E+03
          33    0.3378762311E+01    0.1757188771E+02    0.8552684581E+02
          34    0.2484837206E+02   -0.2596576798E+02    0.1345306831E+03
          35    0.2483560258E+02   -0.2605697450E+02    0.1350035190E+03
          36    0.2597759553E+02   -0.2712805894E+02   -0.3898277656E+02
          37    0.2548325006E+02   -0.2652402631E+02    0.9797231719E+02
          38    0.2601679256E+02   -0.2741532908E+02   -0.9715360179E+02
          39    0.2879557195E+02   -0.3298931184E+02   -0.2122741255E+03
          40    0.2604278108E+02   -0.2752100436E+02   -0.9727610209E+02
          41    0.2551275283E+02   -0.2663481974E+02    0.9800905964E+02
          42    0.2480496296E+02   -0.2609554448E+02    0.1356943455E+03
          43    0.2548843182E+02   -0.2648444808E+02    0.9877044761E+02
          44    0.2603513012E+02   -0.2740948745E+02   -0.3389250413E+02
          45    0.3519876683E+01    0.1462767493E+02    0.7977837966E+02
          46    0.2572416459E+02   -0.2714448111E+02   -0.4965803534E+02
          47    0.2783426934E+02   -0.3069216347E+02    0.5781344423E+02
          48    0.2569421064E+02   -0.2706004509E+02    0.1209102452E+03
          49    0.2622533641E+02   -0.2762735311E+02   -0.9347597554E+02
          50    0.2459997635E+02   -0.2578196335E+02   -0.4986989749E+02
          51    0.3260120664E+01    0.1767573032E+02    0.8589665932E+02
          52    0.2571977744E+02   -0.2677997281E+02    0.9410155241E+02
          53    0.2775478976E+02    0.2954281568E+02   -0.6298262779E+02
          54    0.2868937352E+02   -0.3170730579E+02   -0.1124822143E+03
          55    0.2616508428E+02   -0.2738970805E+02   -0.9495617029E+02
          56    0.2564689435E+02   -0.2652130414E+02    0.9569440107E+02
          57    0.2569770666E+02   -0.2710671277E+02    0.9934908742E+02
          58    0.2608519039E+02   -0.2764878828E+02   -0.9699669634E+02
          59    0.2656831266E+02   -0.2818983103E+02   -0.9176506648E+02
          60    0.2682348216E+02   -0.2971114519E+02   -0.7253569759E+02
          61    0.2513997475E+02   -0.2656646492E+02    0.8558361419E+02
          62    0.2484319379E+02   -0.2619054491E+02    0.1352058322E+03
          63    0.2880790274E+02   -0.3284276130E+02   -0.8730226317E+02
          64    0.2556113131E+02   -0.2677161421E+02    0.9763378102E+02
          65    0.2616284056E+02   -0.2756504805E+02   -0.9525047891E+02
          66    0.2580067625E+02   -0.2708389378E+02    0.1178828366E+03
          67    0.2479277379E+02   -0.2615802451E+02    0.1358974519E+03
          68    0.2567339236E+02   -0.2710515312E+02    0.1217349017E+03
          69    0.2542129834E+02   -0.2795375802E+02   -0.7001749245E+02
          70    0.2631185764E+02   -0.2815816723E+02    0.7764080874E+02
          71    0.2564696445E+02   -0.2670073298E+02    0.9590520401E+02
          72    0.3338124157E+01    0.1760572459E+02    0.8550458241E+02
          73    0.2614448596E+02   -0.2758064993E+02   -0.9559259541E+02
          74    0.2868971947E+01    0.8809038126E+01    0.8797984009E+02
          75    0.2574928743E+02   -0.2690097779E+02   -0.9407953355E+02
          76    0.2562673684E+02   -0.2671347964E+02    0.9624939070E+02
          77    0.3483333339E+01    0.1745949573E+02    0.8492234292E+02
          78    0.2541059310E+02   -0.2627964719E+02    0.9886363741E+02
          79    0.2544271143E+02   -0.2639463640E+02    0.9884893524E+02
          80    0.2553081380E+02   -0.2677002498E+02    0.9810577601E+02
          81    0.2580297025E+02   -0.2694880855E+02    0.9300835164E+02
          82    0.2914242856E+02   -0.3355532974E+02   -0.8332099218E+02
          83    0.2574785767E+02   -0.2754279367E+02   -0.5346875146E+02
          84    0.2614322566E+02   -0.2779594998E+02   -0.9631701561E+02
          85    0.2545288347E+02   -0.2656626892E+02    0.4967890275E+02
          86    0.2569823607E+02   -0.2700546934E+02    0.1207784954E+03
          87    0.3173066640E+01    0.8677024830E+01    0.8255732578E+02
          88    0.2565456215E+02   -0.2655107302E+02    0.9486872256E+02
          89    0.2785376459E+02   -0.3033866164E+02    0.9411934956E+02
          90    0.2607739469E+02   -0.2778545733E+02   -0.9710576139E+02
          91    0.2562742005E+02   -0.2693142194E+02    0.9685146829E+02
          92    0.2911373778E+02   -0.3361662002E+02   -0.8465568006E+02
          93    0.2609754571E+02   -0.2781610521E+02   -0.1000721936E+03
          94    0.2908568283E+02   -0.3359568032E+02   -0.8343840399E+02
          95    0.2569520123E+02   -0.2709805801E+02    0.1209959729E+03
          96    0.2925003810E+02   -0.3390264341E+02    0.8525755511E+02
          97    0.2518688647E+02   -0.2689886192E+02    0.3129467227E+03
          98    0.3071557558E+01    0.8725175876E+01    0.8305863076E+02
          99    0.2565374235E+02   -0.2707278707E+02    0.1215569294E+03
         100    0.2743321795E+02   -0.2953502050E+02   -0.9212777115E+02
