        Rank        RMSE       MaxAE  Feature_ID
           1   34.384189   93.066759  (       4   10197)
           2   34.542599   97.512517  (      11   14689)
           3   34.600674  123.054597  (       4   10003)
           4   34.642040   94.493449  (       1   10001)
           5   34.684482  104.255811  (      11   14073)
           6   34.725302  100.351107  (      11   18423)
           7   34.775244   95.017838  (       1   10002)
           8   34.820292   96.574061  (     599   17704)
           9   34.834334  126.612362  (       1   10035)
          10   34.879445   93.427414  (       1   10318)
          11   34.890621   96.378677  (     224   19077)
          12   34.912830  120.192172  (       1   10003)
          13   34.940045   97.048174  (       1   10006)
          14   34.953255   92.067191  (       1   10197)
          15   34.967669  101.648538  (    2421   14300)
          16   34.969886  100.109296  (      11   19844)
          17   34.978768   97.106646  (       1   10007)
          18   34.986098   96.389830  (       1   16312)
          19   35.026768  101.288806  (      11   19494)
          20   35.034087   95.730572  (    1137   17704)
          21   35.041722   93.997740  (       1   10492)
          22   35.056547  102.774665  (       1   10361)
          23   35.064516  129.208495  (       4   10035)
          24   35.071363  102.829485  (       1   10403)
          25   35.072065   97.556544  (       1   10010)
          26   35.078832  103.330572  (       1   10332)
          27   35.084333   95.103808  (       1   10004)
          28   35.101034   95.657119  (     224   17895)
          29   35.101537  119.932087  (       4   10008)
          30   35.105543  102.536326  (       1   10256)
          31   35.135233  116.634179  (       4   10023)
          32   35.139779  125.136561  (       1   10066)
          33   35.141718  104.371761  (       6   10007)
          34   35.142532  103.062218  (       1   10247)
          35   35.147243  112.643901  (      60   10003)
          36   35.152067   93.499232  (       1   10161)
          37   35.155802   90.410409  (    7580   19549)
          38   35.156478  104.356204  (       6   10006)
          39   35.172028  100.084603  (    1616   19607)
          40   35.180468  109.230931  (      60   10008)
          41   35.180835  124.629877  (       4   10027)
          42   35.188435   92.121093  (       1   10626)
          43   35.189905   93.654109  (       1   10158)
          44   35.191279  102.279681  (       6   10001)
          45   35.202308   93.273498  (       1   10357)
          46   35.204594  104.500173  (       1   11483)
          47   35.205375  103.899857  (       1   11647)
          48   35.215605  104.032811  (       1   10394)
          49   35.215649   98.810017  (      12   14689)
          50   35.227345  104.096556  (       1   10449)
          51   35.233527  115.875628  (       1   10045)
          52   35.236635  100.216943  (       1   10717)
          53   35.247538  105.245223  (      12   14073)
          54   35.260556   91.995294  (       4   17112)
          55   35.267180   92.021486  (       1   10005)
          56   35.268078   98.649227  (       1   10011)
          57   35.279293   97.388165  (       1   10009)
          58   35.284982  117.219882  (       1   10008)
          59   35.286149   99.885617  (       1   10015)
          60   35.291914  106.046669  (       1   10324)
          61   35.292037  105.460973  (       1   10368)
          62   35.298166  104.874094  (       6   10010)
          63   35.301810  100.413741  (    1616   18713)
          64   35.306718  100.533727  (      11   18612)
          65   35.308610  105.099428  (       1   10507)
          66   35.309450   96.805111  (      27   11647)
          67   35.309535  100.465523  (       1   10803)
          68   35.309655  111.441771  (       6   10033)
          69   35.313489  104.107687  (       1   12120)
          70   35.321342  115.542356  (       1   10062)
          71   35.325787  122.551930  (       1   10018)
          72   35.328763  105.246509  (       1   11701)
          73   35.330275  102.803033  (       6   10002)
          74   35.331980  100.471252  (    1616   16408)
          75   35.335911  107.119839  (       1   10118)
          76   35.337091  134.981844  (     183   14776)
          77   35.348554  101.516696  (      12   18423)
          78   35.351523  112.899366  (       1   10189)
          79   35.352870  105.377325  (       1   10210)
          80   35.359357  101.270509  (    1616   10982)
          81   35.361830   97.870337  (       1   10030)
          82   35.361914  108.607712  (       1   10054)
          83   35.363643  105.755029  (       1   10544)
          84   35.367517   93.435491  (       1   10605)
          85   35.367737  106.639597  (       1   10098)
          86   35.369788  106.796627  (       1   10166)
          87   35.373176  105.831723  (       1   10604)
          88   35.377638   94.719239  (       1   10350)
          89   35.384326  106.878659  (       1   10177)
          90   35.399224   94.492342  (       1   10417)
          91   35.406227   97.129757  (       1   10017)
          92   35.410505  103.567377  (       1   11572)
          93   35.411340  102.448557  (       1   12441)
          94   35.414231  107.721979  (       1   10059)
          95   35.419040  106.396740  (       1   10512)
          96   35.421882   97.053944  (       1   10020)
          97   35.423425  121.703592  (       1   10027)
          98   35.426934  108.222272  (       1   10067)
          99   35.427733  103.017616  (       1   12312)
         100   35.429035  108.212517  (       1   10172)
