Model_ID, [(c_i,i=0,n)_j,j=1,ntask]
           1    0.1709936716E+02    0.5734881509E+02    0.7320259053E+02
           2    0.4964439285E+02    0.4369934224E+02   -0.7657596245E+02
           3    0.4089034767E+02    0.4306853815E+02    0.6540777348E+02
           4    0.4956943354E+02    0.4377627201E+02    0.7658305346E+02
           5    0.4474579959E+02    0.4904454584E+02   -0.6708661694E+02
           6    0.3441534664E+02    0.2814536928E+02    0.7520538398E+02
           7    0.4140524309E+02   -0.4201970887E+02    0.6548276614E+02
           8    0.4493706741E+02    0.4919685673E+02   -0.6273360976E+02
           9    0.2174271050E+02    0.2510554933E+02    0.1867894977E+03
          10    0.4518668651E+02    0.4774865269E+02   -0.6648683184E+02
          11    0.3984421822E+02   -0.3560814926E+02    0.3843113690E+03
          12    0.2140639781E+02    0.2524196104E+02    0.1899827997E+03
          13    0.4482343630E+02    0.4196564878E+02    0.9219606358E+02
          14    0.4537742688E+02    0.4789361763E+02   -0.6215998917E+02
          15    0.2006986164E+02    0.2597946519E+02    0.1891601405E+03
          16    0.4554132996E+02    0.4757304384E+02   -0.6290851173E+02
          17    0.4000234340E+02    0.3533295548E+02    0.3852790056E+03
          18    0.1998084116E+02    0.2602021344E+02    0.1875264697E+03
          19    0.4547859315E+02    0.4771699997E+02    0.6323043887E+02
          20    0.2114031460E+02    0.2535919879E+02    0.1916671949E+03
          21    0.1630703549E+02    0.3769189809E+02    0.7098204573E+02
          22    0.2068887070E+02    0.2550897590E+02    0.1952028651E+03
          23    0.2081085492E+02    0.2553223025E+02    0.1926083553E+03
          24    0.2117656141E+02    0.2540458747E+02    0.1889962842E+03
          25    0.2983862780E+02   -0.3247330174E+02    0.7291220294E+02
          26    0.2133660574E+02    0.2535061287E+02    0.1867838801E+03
          27    0.3000883083E+02    0.2889904028E+02    0.7204000150E+02
          28    0.4472027470E+02    0.4763729138E+02    0.7056682986E+02
          29    0.4479186048E+02    0.4746054978E+02   -0.7009490585E+02
          30    0.4503929431E+02   -0.4729606424E+02    0.6839878555E+02
          31    0.4510802364E+02   -0.4713348285E+02   -0.6798811397E+02
          32    0.1321861709E+02    0.7382966617E+02    0.6188411505E+02
          33    0.4534741787E+02    0.4211105936E+02    0.7638089397E+02
          34    0.3048549002E+02   -0.2865074953E+02    0.7140829096E+02
          35    0.2792417576E+02    0.3027964422E+02    0.6881043541E+02
          36    0.2104537653E+02    0.2540738565E+02    0.1897534915E+03
          37    0.2104945395E+02    0.2540526589E+02    0.1897009730E+03
          38    0.4543298571E+02    0.4809006357E+02   -0.6527186679E+02
          39    0.4536893602E+02    0.4825094843E+02   -0.6560347716E+02
          40    0.4551862680E+02    0.4846010619E+02   -0.6152380674E+02
          41    0.2195228534E+02    0.2459894856E+02    0.2653821117E+03
          42    0.2933881349E+02    0.3268856515E+02    0.7351387937E+02
          43    0.2156309207E+02    0.2527523879E+02    0.1833153920E+03
          44    0.1337093768E+02    0.7360276916E+02    0.6183398255E+02
          45    0.1279433702E+02    0.7475554505E+02    0.6196328631E+02
          46    0.1330649609E+02    0.7369060261E+02    0.6181058179E+02
          47    0.1397147810E+02    0.7270721922E+02    0.6194789560E+02
          48    0.4497293468E+02   -0.4826583417E+02   -0.6511645858E+02
          49    0.1402410858E+02    0.7262213707E+02    0.6196946601E+02
          50    0.4492403419E+02   -0.4819304447E+02   -0.6613839531E+02
          51    0.1781945496E+02    0.5542081957E+02    0.7234961731E+02
          52    0.2145498316E+02    0.2497813515E+02    0.7364334463E+02
          53    0.4491180673E+02   -0.4820006300E+02   -0.6625760586E+02
          54    0.4575476631E+02    0.4144953667E+02    0.7540612616E+02
          55    0.4505469743E+02   -0.4831948607E+02   -0.6346291626E+02
          56    0.4707910225E+02    0.4205243406E+02    0.3858068530E+03
          57    0.4565194554E+02    0.4138559014E+02    0.7659587942E+02
          58    0.4489954513E+02   -0.4820594881E+02   -0.6637571818E+02
          59    0.1560885747E+02    0.6719073335E+02    0.6787554207E+02
          60    0.1618925841E+02    0.5805568713E+02    0.7248311343E+02
          61    0.1472363350E+02    0.7186253183E+02    0.6233937498E+02
          62    0.4511345363E+02   -0.4834637644E+02   -0.6186298245E+02
          63    0.4510136623E+02   -0.4835117958E+02   -0.6196422463E+02
          64    0.3865122280E+02   -0.3638067118E+02    0.7049039142E+02
          65    0.4508924182E+02   -0.4835482857E+02   -0.6206438636E+02
          66    0.4716066127E+02    0.4182970089E+02    0.3858338070E+03
          67    0.4708644921E+02    0.4198713186E+02    0.3852213986E+03
          68    0.1275410008E+02    0.7442223315E+02    0.6171116026E+02
          69    0.2097396055E+02    0.2508430998E+02   -0.2726543241E+03
          70    0.2098384604E+02    0.2507824153E+02   -0.2725580105E+03
          71    0.1233271449E+02    0.7390215664E+02    0.5721059847E+02
          72    0.1347434513E+02    0.7341252736E+02    0.6170524750E+02
          73    0.4725885882E+02   -0.4158236116E+02    0.3865947234E+03
          74    0.4694354975E+02    0.4222951553E+02    0.3840055811E+03
          75    0.4477358969E+02   -0.4766351397E+02   -0.6960147600E+02
          76    0.2158105113E+02    0.2475053739E+02    0.2686308366E+03
          77    0.4692575100E+02    0.4223418519E+02    0.3839238455E+03
          78    0.4318909283E+02   -0.4393645568E+02    0.3730045060E+02
          79    0.2940560026E+02   -0.2941902570E+02    0.7065026496E+02
          80    0.3337346629E+02   -0.3774032763E+02    0.6565520196E+02
          81    0.4694694140E+02   -0.4238798634E+02    0.3680960851E+03
          82    0.4476639449E+02   -0.4794852923E+02   -0.6889833452E+02
          83    0.2262923498E+02    0.2433958261E+02    0.2531952753E+03
          84    0.1606399497E+02    0.6776407055E+02    0.7016934830E+02
          85    0.4441192313E+02    0.4254904284E+02    0.9165973325E+02
          86    0.4433214414E+02    0.4869693025E+02   -0.7184688910E+02
          87    0.2057960196E+02    0.2543948730E+02    0.2499753226E+03
          88    0.1279247687E+02    0.7433010808E+02    0.6158971079E+02
          89    0.4942110481E+02    0.4216137753E+02   -0.7613141212E+02
          90    0.3963055728E+02   -0.3940441039E+02    0.6758091104E+02
          91    0.5019152096E+02    0.4279941109E+02   -0.7112398617E+02
          92    0.2125049119E+02    0.2492483014E+02    0.2692067385E+03
          93    0.2862875052E+02   -0.3338206237E+02    0.7199960245E+02
          94    0.4469841814E+02   -0.4776077069E+02    0.6965737482E+02
          95    0.1431414451E+02    0.7094163512E+02    0.5771794149E+02
          96    0.1471868138E+02    0.7145140211E+02    0.6197078804E+02
          97    0.2187961674E+02    0.2556310637E+02    0.1685109726E+03
          98    0.4522636049E+02   -0.4831822421E+02   -0.5869600219E+02
          99    0.4679510044E+02    0.4245758213E+02    0.3821924422E+03
         100    0.2118686401E+02    0.2489633724E+02    0.2710600711E+03
