Model_ID, [(c_i,i=0,n)_j,j=1,ntask]
           1    0.6572065265E+02   -0.5748015582E+02   -0.7672508820E+02
           2    0.6102957028E+02   -0.2718292836E+02   -0.2464230623E+03
           3    0.5141001116E+02   -0.4225072061E+02    0.4848088493E+03
           4    0.6579860613E+02   -0.6257689348E+02   -0.2738249345E+03
           5    0.5857374491E+02   -0.4902506058E+02   -0.1668333394E+04
           6    0.5164430536E+02   -0.4174585204E+02   -0.8388026861E+02
           7    0.5906474087E+02   -0.4939060151E+02   -0.1689059771E+04
           8    0.6346086751E+02   -0.6019265005E+02   -0.2720631997E+03
           9    0.6084672852E+02   -0.2848444493E+02   -0.2344111790E+03
          10    0.4808481619E+02   -0.4258677791E+02    0.1846651826E+03
          11    0.5865541674E+02   -0.4826412031E+02    0.1004209106E+04
          12    0.5272464199E+02   -0.4198337225E+02   -0.7462158586E+03
          13    0.5478218850E+02   -0.4248312477E+02    0.4275241260E+03
          14    0.5891561033E+02    0.4831225545E+02    0.1066092778E+04
          15    0.4794972122E+02   -0.4285000516E+02   -0.1856230541E+03
          16    0.5132601753E+02   -0.4186992614E+02   -0.7655297582E+02
          17    0.5790434208E+02   -0.4722310898E+02   -0.8708014082E+02
          18    0.5802353062E+02   -0.4842691002E+02    0.3312914893E+03
          19    0.5532162666E+02   -0.4471533081E+02   -0.8935599924E+02
          20    0.6955453045E+02   -0.6661007718E+02   -0.2828000701E+03
          21    0.5012964489E+02   -0.3987411346E+02    0.2698759480E+03
          22    0.4777055423E+02   -0.4284925376E+02   -0.1811208626E+03
          23    0.6958647773E+02   -0.2829758797E+02   -0.5215928787E+03
          24    0.5278323247E+02   -0.4162095950E+02   -0.1051985924E+04
          25    0.5837312640E+02   -0.4756310634E+02   -0.8862166666E+02
          26    0.5941774337E+02   -0.4953144642E+02   -0.9520650861E+03
          27    0.5586012448E+02   -0.4632237683E+02   -0.1658275468E+04
          28    0.5281185766E+02   -0.4177277158E+02   -0.7245861849E+03
          29    0.5783454988E+02   -0.2492892995E+02   -0.2443199256E+03
          30    0.5555765184E+02   -0.4540640601E+02    0.3010033559E+03
          31    0.4803197049E+02   -0.4276574849E+02    0.1763033321E+03
          32    0.5298368303E+02   -0.4033122655E+02   -0.4671728723E+03
          33    0.4811033112E+02   -0.4287411757E+02   -0.1674845155E+03
          34    0.4564900620E+02    0.3600383131E+02    0.1307353404E+04
          35    0.5684796897E+02   -0.4329536005E+02    0.1211393393E+03
          36    0.5947029542E+02   -0.2731844628E+02   -0.4668119895E+03
          37    0.5550676529E+02   -0.4529059878E+02   -0.3027918942E+03
          38    0.5150461158E+02   -0.4274163011E+02   -0.3753741983E+03
          39    0.6532472050E+02   -0.6172395076E+02   -0.2685178542E+03
          40    0.5549590422E+02   -0.4526615833E+02    0.3031283712E+03
          41    0.5259669372E+02   -0.4146327486E+02   -0.2262754030E+03
          42    0.5096747464E+02   -0.4352466932E+02    0.4839521711E+03
          43    0.5558563212E+02   -0.4883652095E+02    0.1223581100E+04
          44    0.5095832064E+02   -0.3859505453E+02   -0.1568177892E+03
          45    0.6092884349E+02   -0.2610399247E+02   -0.1032679137E+03
          46    0.4803185054E+02   -0.4241559650E+02    0.1789972281E+03
          47    0.5462797149E+02   -0.4392930125E+02   -0.6209213812E+03
          48    0.5838055926E+02   -0.4756385909E+02    0.8925618868E+02
          49    0.5284445764E+02   -0.4169743564E+02   -0.7114955348E+03
          50    0.5859440127E+02    0.4848922224E+02   -0.2778916245E+03
          51    0.5478401267E+02   -0.2885410599E+02   -0.3145838712E+03
          52    0.5921648466E+02   -0.4887996247E+02    0.2508063421E+03
          53    0.5531716401E+02   -0.4604797851E+02    0.1540777562E+03
          54    0.5714121448E+02   -0.4242511495E+02    0.3491207210E+03
          55    0.5072460940E+02   -0.3832859779E+02   -0.1659685580E+03
          56    0.5087586466E+02    0.4118839905E+02    0.4860831019E+03
          57    0.5790252729E+02   -0.4719931331E+02    0.8688281830E+02
          58    0.5810367700E+02    0.4799342780E+02   -0.1656941721E+04
          59    0.5088199571E+02    0.4116802247E+02    0.4858173984E+03
          60    0.5186273150E+02   -0.4184629060E+02   -0.3264378965E+03
          61    0.4844940820E+02   -0.4390352925E+02   -0.1680116200E+03
          62    0.6932487511E+02    0.6621502640E+02   -0.2804080628E+03
          63    0.5088797091E+02    0.4114690506E+02    0.4855522187E+03
          64    0.4777253357E+02   -0.4300323607E+02    0.1827942704E+03
          65    0.5251328938E+02   -0.4008356856E+02   -0.1879774450E+03
          66    0.4831011029E+02   -0.4305373205E+02   -0.1559974200E+03
          67    0.4778732836E+02   -0.4238115127E+02    0.1798241454E+03
          68    0.5585456705E+02   -0.4538024880E+02   -0.3117128904E+03
          69    0.4965778238E+02   -0.3807368305E+02    0.2653606426E+03
          70    0.5466722646E+02   -0.4497490882E+02    0.6394228994E+03
          71    0.5481957184E+02   -0.4406813173E+02   -0.8824427260E+02
          72    0.4818778697E+02   -0.4382796223E+02    0.6033134461E+03
          73    0.8953431884E+02   -0.2001193714E+02   -0.5375770616E+03
          74    0.4780561543E+02   -0.4281801335E+02    0.1824934247E+03
          75    0.5496998241E+02   -0.3901708920E+02    0.2579137146E+03
          76    0.4818089198E+02   -0.4382842519E+02    0.6036897917E+03
          77    0.5547896560E+02    0.4528538942E+02   -0.2915785862E+03
          78    0.5153461328E+02   -0.4522386508E+02   -0.1940952481E+03
          79    0.5487825340E+02   -0.3939282371E+02    0.2581495485E+03
          80    0.5534010423E+02   -0.4565537208E+02   -0.1641968737E+04
          81    0.6156250513E+02   -0.2749814858E+02    0.7147842682E+02
          82    0.5886736695E+02   -0.5186649141E+02    0.1135161613E+04
          83    0.4788986255E+02   -0.4268970538E+02   -0.1800255053E+03
          84    0.5338998986E+02   -0.4453764891E+02    0.1923527407E+03
          85    0.5308831688E+02   -0.4121069694E+02   -0.1305096473E+04
          86    0.5219960843E+02   -0.3847634392E+02    0.1009499521E+03
          87    0.6780698174E+02    0.3063011228E+02   -0.6438098894E+03
          88    0.5796529072E+02   -0.4855564147E+02    0.1483359656E+03
          89    0.5492601696E+02   -0.3892980279E+02   -0.2592108382E+03
          90    0.4781500009E+02   -0.4280719270E+02    0.1820640535E+03
          91    0.5594109447E+02   -0.4979362866E+02    0.1163435991E+04
          92    0.5752271441E+02    0.4045694030E+02    0.5281155463E+03
          93    0.5491666919E+02   -0.3891150095E+02    0.2594490942E+03
          94    0.5483431537E+02   -0.3930429722E+02   -0.2594303081E+03
          95    0.5482497377E+02   -0.3928573623E+02    0.2596650624E+03
          96    0.5883421475E+02   -0.4858181461E+02    0.2501206876E+03
          97    0.5010969868E+02    0.4051894015E+02    0.4910803537E+03
          98    0.5168807556E+02   -0.4394616952E+02    0.5882652087E+02
          99    0.4763125561E+02   -0.4330684692E+02    0.1837046413E+03
         100    0.4771334944E+02   -0.4269961027E+02   -0.1756860256E+03
