        Rank        RMSE       MaxAE  Feature_ID
           1   10.327447   28.681177  (    4914   16563)
           2   10.344762   28.682858  (    4914   13981)
           3   10.358065   28.695226  (    4914   17782)
           4   10.415688   31.739731  (      22   11906)
           5   10.425756   31.822898  (    1721   12011)
           6   10.443897   30.154837  (     722   12722)
           7   10.445748   31.394505  (      22   11048)
           8   10.465667   28.511372  (    4914   12218)
           9   10.465844   28.470813  (    4914   13657)
          10   10.469707   31.240689  (      22   11261)
          11   10.472839   30.732701  (     322   11479)
          12   10.477037   31.346686  (      22   11479)
          13   10.477498   28.489577  (    4914   11048)
          14   10.477679   30.847796  (     322   15983)
          15   10.480170   30.193396  (    1863   12722)
          16   10.480926   31.211627  (     206   15983)
          17   10.483212   28.444317  (    4914   11479)
          18   10.486447   30.538143  (     322   11894)
          19   10.497103   31.113106  (     619   12722)
          20   10.499893   28.597280  (    2959   16446)
          21   10.501134   30.907570  (     206   11894)
          22   10.501582   30.859039  (     338   11479)
          23   10.501951   31.204407  (      22   11039)
          24   10.502557   31.310748  (      22   11825)
          25   10.503735   31.306630  (      22   11836)
          26   10.505014   31.298892  (      22   11876)
          27   10.505490   30.973058  (     338   15983)
          28   10.506328   31.163923  (      22   11894)
          29   10.506929   31.242778  (      22   11727)
          30   10.507033   31.079847  (      22   10936)
          31   10.507070   31.314485  (      22   11895)
          32   10.507093   28.541998  (    4914   14357)
          33   10.507623   31.076045  (      22   10924)
          34   10.507875   31.312448  (      22   11905)
          35   10.507944   30.964439  (      22   17172)
          36   10.508704   31.310404  (      22   11913)
          37   10.509014   28.093894  (    4914   12254)
          38   10.509377   29.229208  (    4914   18231)
          39   10.511502   31.325722  (      22   11949)
          40   10.512172   31.318198  (      22   11982)
          41   10.512397   30.804707  (     322   14357)
          42   10.512427   28.585149  (    4914   15983)
          43   10.512940   34.099611  (     840   12011)
          44   10.513254   31.314120  (      22   11993)
          45   10.513589   31.158440  (      22   10883)
          46   10.513608   29.367618  (    1681   12011)
          47   10.513709   30.289029  (     722   11133)
          48   10.515148   31.287795  (      22   12207)
          49   10.517346   31.551915  (      22   12124)
          50   10.517438   31.378865  (      22   12218)
          51   10.517559   31.168572  (     206   14357)
          52   10.520576   31.724449  (      22   10954)
          53   10.521359   31.075139  (    1739   12722)
          54   10.521759   32.840161  (    2959   12011)
          55   10.525252   31.525138  (      22   10061)
          56   10.526518   31.092416  (     206   11479)
          57   10.526522   30.756343  (      22   15393)
          58   10.528087   28.401737  (    4914   11876)
          59   10.530832   28.391203  (    4914   12207)
          60   10.532615   31.107888  (      22   11368)
          61   10.533708   28.412135  (    4914   11825)
          62   10.533882   30.629630  (     322   12795)
          63   10.535328   30.465751  (     840   10638)
          64   10.535863   29.895305  (     322   19214)
          65   10.538069   30.542602  (     322   12741)
          66   10.538102   31.245717  (      22   12795)
          67   10.538945   28.405608  (    4914   11836)
          68   10.539164   28.411957  (    4914   11913)
          69   10.539392   30.618216  (     322   13027)
          70   10.539407   28.414532  (    4914   11905)
          71   10.539611   30.629487  (     322   13003)
          72   10.539683   28.417099  (    4914   11895)
          73   10.540096   28.423397  (    4914   11982)
          74   10.540217   31.134383  (      22   10055)
          75   10.540770   30.929943  (     338   14357)
          76   10.541643   30.637585  (     322   13084)
          77   10.541694   30.995583  (     206   12795)
          78   10.541921   28.340162  (    4914   13027)
          79   10.542044   31.160045  (      22   10058)
          80   10.542401   28.898936  (    4914   10954)
          81   10.543019   28.349505  (    4914   12795)
          82   10.543560   30.271744  (     206   19214)
          83   10.543925   30.634775  (     322   13101)
          84   10.544439   31.037697  (     265   16563)
          85   10.545193   28.416902  (    4914   11993)
          86   10.545692   31.027065  (      22   12613)
          87   10.545947   31.233968  (      22   13027)
          88   10.546124   31.245308  (      22   13003)
          89   10.546246   30.631956  (     322   13120)
          90   10.546746   31.135105  (      22   10064)
          91   10.548104   28.307255  (    4914   11261)
          92   10.548355   30.640017  (     322   13192)
          93   10.548548   31.252409  (      22   13084)
          94   10.549076   31.557672  (      22   13422)
          95   10.549484   31.250005  (      22   13101)
          96   10.549563   31.650565  (      22   14251)
          97   10.549696   30.650936  (     322   13188)
          98   10.549697   31.058770  (      22   10031)
          99   10.550009   30.995180  (     206   13003)
         100   10.550230   30.983466  (     206   13027)
