Materials	Properties	feature1	feature2	feature3	feature4	feature5	feature6	feature7	feature8	feature9	feature10	feature11	feature12	feature13	feature14	feature15	feature16	feature17	feature18	feature19	feature20
sample1	256.1000	0.0000	0.0000	0.0000	0.0000	0.0000	0.0000	0.0000	0.0000	0.0000	0.0000	0.0000	0.4857	0.2256	1.0000	0.2280	0.2284	0.5661	0.6464	0.3045	0.7270
sample2	256.6500	0.0000	0.0000	0.0000	0.0000	0.0000	0.0000	0.0000	0.0000	0.0000	0.0000	0.0000	0.3000	0.0000	0.0000	0.1777	0.0000	0.5243	0.9425	0.5566	0.9410
sample3	327.5000	0.0000	0.0000	0.0000	0.0000	0.0000	0.0000	0.0000	0.0000	0.0000	0.0000	0.0000	0.7500	0.2549	0.6395	0.4727	0.4784	0.6296	0.7952	0.4890	0.8632
sample4	268.0300	0.0000	0.0000	0.0000	0.0000	0.0000	0.0000	0.0000	0.0000	0.0000	0.0000	0.0000	0.4929	0.3589	0.7326	0.2280	0.5000	0.4563	0.4288	0.8688	0.1743
sample5	301.0000	0.0000	0.0000	0.0000	0.0000	0.0000	0.0000	0.0000	0.0000	0.0000	0.0000	0.0000	0.6786	0.2697	1.0000	0.2724	0.2685	0.6951	0.5524	0.3790	0.7115
sample6	328.1500	0.0000	0.0000	0.0000	0.0000	0.0000	0.0000	0.0000	0.0000	0.0000	0.0000	0.0000	0.4786	1.0000	0.7326	0.2280	0.2469	0.5896	0.7075	0.4469	0.7409
sample7	256.1000	0.0000	0.0000	0.0000	0.0000	0.2500	0.0000	0.0000	0.0000	0.0000	0.0000	0.0000	0.3929	0.5163	0.3372	0.3840	1.0000	0.5575	0.8761	0.5982	0.9120
sample8	409.7000	0.0000	1.0000	0.0000	0.0000	0.0000	0.0000	0.0000	0.0000	0.0000	0.0000	0.0000	0.9786	0.2489	0.7326	0.4892	0.5309	0.8391	0.0463	0.4072	0.3740
sample9	338.0000	0.0000	0.0000	0.0000	0.0000	0.0000	0.0000	0.0000	0.0000	0.0000	0.0000	0.0000	0.9857	0.0087	1.0000	0.3776	0.0154	0.7561	0.1419	0.3728	0.4230
sample10	415.0000	0.0000	0.0000	0.0000	0.0000	0.0000	0.0000	0.0000	0.0000	0.0000	0.0000	0.0000	0.9286	0.0945	0.7326	0.4752	0.2685	0.6864	0.7992	0.4404	0.8579
sample11	299.0000	0.0000	0.0000	0.0000	0.0000	0.0000	0.0000	0.0000	0.0000	0.0000	0.0000	0.0000	0.4500	0.3291	0.6395	0.2762	0.4784	0.5563	0.7416	0.4960	0.8684
sample12	274.4000	0.0000	0.0000	0.0000	0.0000	0.0000	0.0000	0.0000	1.0000	0.0000	0.0000	0.0000	0.3714	0.2178	0.4070	0.2344	0.2778	0.5614	0.8617	0.6160	0.8606
sample13	89.5000	0.0000	0.0000	1.0000	0.0000	0.0000	0.0000	0.0000	0.0000	0.0000	0.0000	0.0000	0.1500	0.0141	0.4535	0.2280	0.0000	0.1011	0.9682	0.9170	0.9819
sample14	272.0000	0.0000	0.0000	0.0000	0.0000	0.0000	0.0000	0.0000	0.0000	1.0000	0.0000	0.0000	0.4786	0.2146	0.6395	0.2217	0.2160	0.5241	0.8190	0.5871	0.8863
sample15	492.0000	0.0000	0.0000	0.0000	0.0000	0.0000	0.0000	0.0000	0.0000	0.0000	0.0000	0.0000	0.9786	0.2464	0.7326	0.4245	0.2160	0.7324	0.0000	0.3184	0.4410
sample16	478.0000	1.0000	0.0000	0.0000	0.0000	0.0000	0.0000	0.0000	0.0000	0.0000	0.0000	0.0000	0.9786	0.1450	0.7326	0.4372	0.2778	0.7348	0.1220	0.3049	0.3357
sample17	309.1000	0.0000	0.0000	0.0000	0.0000	0.0000	0.0000	0.0000	0.0000	0.0000	0.0000	0.0000	0.4786	0.3357	0.7326	0.2724	0.4630	0.5871	0.1051	0.8310	0.1500
sample18	174.3000	0.0000	0.0000	0.0000	0.0000	0.0000	0.0000	0.0000	0.0000	0.0000	0.0000	0.0000	0.5071	0.9796	0.0000	0.2217	0.2160	0.6525	0.9098	0.3188	0.9297
sample19	248.0000	0.0000	0.0000	0.0000	0.2500	0.0000	0.0000	0.0000	0.0000	0.0000	0.0000	0.0000	0.3714	0.2325	0.3605	0.2420	0.3148	0.5030	0.8432	0.6434	0.8848
sample20	471.1500	0.0000	0.0000	0.0000	0.0000	0.0000	0.0000	0.0000	0.0000	0.0000	0.0000	0.0000	0.8143	0.9532	0.7326	0.3294	0.2469	0.6673	0.1622	0.5458	0.4810
sample21	333.4000	0.0000	0.0000	0.0000	0.0000	0.0000	0.0000	0.0000	0.0000	0.0000	0.0000	0.0000	0.9929	0.0180	0.7326	0.3738	0.0309	0.7914	0.1619	0.0598	0.3723
sample22	360.2000	0.0000	0.0000	0.0000	0.0000	0.0000	0.0000	0.0000	0.0000	0.0000	0.0000	0.0000	0.6214	0.3252	0.7326	0.3269	0.4599	0.6086	0.4400	0.5172	0.6145
sample23	468.0000	0.0000	0.0000	0.0000	0.0000	0.0000	0.0000	0.0000	0.0000	0.0000	0.0000	0.0000	0.8071	0.2540	0.7326	0.3738	0.3796	0.6692	0.1494	0.1015	0.0135
sample24	169.3000	0.0000	0.0000	0.0000	0.0000	0.0000	0.0000	0.0000	1.0000	0.0000	0.0000	0.0000	0.3714	0.2511	0.4070	0.2787	0.2901	0.6748	0.8460	0.3535	0.8493
sample25	249.0000	0.0000	0.0000	0.0000	1.0000	0.0000	0.0000	0.0000	0.0000	0.0000	0.0000	0.0000	0.4857	0.0131	0.3605	0.4366	0.0000	0.4731	0.9480	0.8020	1.0000
sample26	446.0000	0.0000	0.0000	0.0000	0.0000	0.0000	0.0000	0.0000	0.0000	0.0000	0.0000	0.0000	0.7786	0.1566	1.0000	0.3332	0.2315	0.6261	0.2647	0.0374	0.0000
sample27	363.2000	0.0000	0.0000	0.0000	0.0000	1.0000	0.0000	0.0000	0.0000	0.0000	0.0000	0.0000	0.6071	0.0046	0.3372	1.0000	0.0000	0.6843	0.9036	0.6480	0.9528
sample28	288.6400	0.0000	0.0000	0.0000	0.0000	0.0000	0.0000	1.0000	0.0000	0.0000	0.0000	0.0000	1.0000	0.2705	0.3605	0.5056	0.5309	0.8452	0.8137	0.4242	0.8756
sample29	389.1500	0.0000	0.0000	0.0000	0.0000	0.0000	0.0000	0.0000	0.0000	0.0000	0.0000	0.0000	0.6214	0.2758	1.0000	0.2825	0.2778	0.5852	0.3112	0.1204	0.1621
sample30	90.7000	0.0000	0.0000	0.0000	0.0000	0.0000	0.0000	0.0000	0.0000	0.0000	0.0000	0.0000	0.0000	0.0000	0.0000	0.0000	0.0000	0.0000	1.0000	1.0000	0.9783
sample31	253.0000	0.0000	0.0000	0.0000	0.0000	0.0000	0.0000	0.6667	0.0000	0.0000	0.0000	0.0000	0.7714	0.4911	0.3605	0.3966	0.6142	0.7477	0.8193	0.4709	0.8747
sample32	90.3410	0.0000	0.0000	0.0000	0.0000	0.0000	0.0000	0.0000	0.0000	0.0000	0.0000	0.0000	0.0786	0.3947	0.0000	0.1330	0.2160	0.1360	0.9682	0.7773	0.9588
sample33	239.6000	0.0000	0.0000	0.0000	0.5000	0.0000	0.0000	0.0000	0.0000	0.0000	0.0000	0.0000	0.4214	0.2190	0.3605	0.3066	0.3642	0.5020	0.8468	0.6581	0.8824
sample34	424.0000	0.0000	0.0000	0.0000	0.0000	0.0000	0.0000	0.0000	0.0000	0.0000	0.0000	0.0000	0.7786	0.0913	0.7326	0.3776	0.3889	0.6521	0.4523	0.6063	0.6362
sample35	263.4000	0.0000	0.0000	0.0000	0.0000	0.0000	0.0000	0.0000	0.0000	0.0000	1.0000	0.0000	0.7143	0.2721	0.0000	0.3561	0.6111	1.0000	0.8623	0.0000	0.9122
sample36	240.1500	0.0000	0.0000	0.0000	0.7500	0.0000	0.0000	0.0000	0.0000	0.0000	0.0000	0.0000	0.4429	0.1691	0.3605	0.3713	0.3148	0.4825	0.8784	0.6893	0.9418
sample37	326.0000	0.0000	0.0000	0.0000	0.0000	0.0000	0.0000	0.0000	0.0000	0.0000	0.0000	0.0000	0.6143	0.3081	0.6395	0.3738	0.5525	0.5876	0.7365	0.4925	0.8506
sample38	367.4300	0.0000	0.0000	0.0000	0.0000	0.0000	1.0000	0.0000	0.0000	0.0000	0.0000	0.0000	0.9143	0.0022	0.4535	0.4058	0.0000	0.6025	0.6513	0.5338	0.8847
sample39	438.0000	0.0000	0.0000	0.0000	0.0000	0.0000	0.0000	0.0000	0.0000	0.0000	0.0000	0.0000	0.9571	0.2027	0.7326	0.4283	0.2315	0.6937	0.5504	0.4026	0.6227
sample40	394.5000	0.0000	0.0000	0.0000	0.0000	0.0000	0.0000	0.0000	0.0000	0.0000	0.0000	0.0000	0.6500	0.2888	0.7326	0.2787	0.2840	0.6272	0.2725	0.2698	0.4368
sample41	401.0000	0.0000	0.0000	0.0000	0.0000	0.2500	0.0000	0.0000	0.0000	0.0000	0.0000	0.0000	0.8571	0.3127	0.7326	0.5830	0.7099	0.6859	0.3856	0.4361	0.7858
sample42	338.7000	0.0000	0.0000	0.0000	0.0000	0.0000	0.0000	0.0000	0.0000	0.0000	0.0000	0.0000	0.6929	0.2167	0.7326	0.2851	0.4630	0.5418	0.1806	0.5608	0.4810
