        Rank        RMSE       MaxAE  Feature_ID
           1   25.587022   71.939895  (     406   15082)
           2   25.705054   79.196628  (    1873   15082)
           3   25.885130   68.198972  (    6867   17092)
           4   26.147602   71.740047  (    4838   14851)
           5   26.341357   65.072276  (    1405   19002)
           6   26.408637   72.541226  (    5515   17092)
           7   26.478044   73.064500  (    8739   17092)
           8   26.528298   65.664298  (    1405   15071)
           9   26.566686   72.680004  (    7572   17092)
          10   26.714326   68.321885  (     184   12273)
          11   26.715940   67.285766  (     184   11484)
          12   26.747137   73.623580  (    1047   15082)
          13   26.962405   65.156837  (    1405   15318)
          14   26.974474   84.178148  (    4653   13750)
          15   26.994995   75.810347  (     406   14851)
          16   27.051477   67.313141  (     204   11484)
          17   27.053256   68.346004  (     204   12273)
          18   27.057670   76.757547  (      74   15082)
          19   27.066958   87.823517  (    4653   15442)
          20   27.098902   67.693865  (    3974   17092)
          21   27.262627   87.356278  (      58   14489)
          22   27.356839   71.456369  (    6743   17092)
          23   27.366092   71.874028  (      52   15082)
          24   27.428361   74.105168  (    2820   17092)
          25   27.435942   68.805671  (    1405   13351)
          26   27.503231   68.954620  (    4964   15082)
          27   27.526243   78.586337  (     265   10033)
          28   27.536760   78.702753  (     213   17092)
          29   27.564609   62.361053  (    1105   19002)
          30   27.577609   68.254914  (     487   12273)
          31   27.600709   67.204820  (     487   11484)
          32   27.614897   77.101724  (     105   15082)
          33   27.616391   69.737351  (     590   15639)
          34   27.662485   64.785951  (    4970   17092)
          35   27.697407   65.133381  (     328   12443)
          36   27.698386   81.054169  (    1270   15639)
          37   27.755799   64.044203  (    1105   15318)
          38   27.778648   76.884385  (    6693   15082)
          39   27.783952   86.821823  (     224   14489)
          40   27.787716   81.572778  (    4653   10548)
          41   27.814586   68.432010  (     510   15082)
          42   27.817173   71.005029  (    1535   17092)
          43   27.818990   73.986293  (     590   19416)
          44   27.848043   68.308374  (    5569   14851)
          45   27.863557   69.324558  (    3533   17092)
          46   27.877792   67.154546  (    3685   17092)
          47   27.940497   70.293578  (    2820   14851)
          48   27.957814   71.520300  (     404   17092)
          49   27.969543   73.577538  (     590   10033)
          50   27.986243   72.917503  (       7   14851)
          51   27.992120   72.116656  (    4977   13199)
          52   27.992223   69.195471  (     510   14851)
          53   28.008121   72.541048  (     311   17092)
          54   28.011033   84.765341  (    4653   19824)
          55   28.034102   78.811357  (     277   17092)
          56   28.034502   84.106689  (    4653   13805)
          57   28.048496   82.902927  (     265   13859)
          58   28.059128   70.667358  (     406   18593)
          59   28.084222   72.812555  (     696   17092)
          60   28.109686   80.495825  (    4653   11369)
          61   28.126078   71.439355  (    1819   15639)
          62   28.147073   80.777966  (    3202   17092)
          63   28.171416   72.332524  (      13   11484)
          64   28.177733   67.937497  (    6693   17092)
          65   28.179049   77.800898  (      89   13684)
          66   28.179168   78.234885  (    1405   11734)
          67   28.208699   83.117049  (    4683   11615)
          68   28.212452   80.452794  (    1150   17092)
          69   28.214740   60.616736  (     557   15082)
          70   28.226593   73.230786  (     383   17092)
          71   28.231806   72.117210  (      58   10033)
          72   28.247185   75.686383  (     854   17092)
          73   28.264161   75.406164  (    1503   17092)
          74   28.280377   89.556896  (     177   17092)
          75   28.284438   82.250024  (    4653   10671)
          76   28.299295   79.926129  (    4653   11812)
          77   28.301370   73.275046  (     532   17092)
          78   28.308437   63.024760  (    1802   12443)
          79   28.313282   76.402316  (    4653   15215)
          80   28.327178   72.028531  (    4977   18720)
          81   28.339344   75.645223  (    1405   17368)
          82   28.340476   75.844104  (      58   17617)
          83   28.347010   78.527491  (    2284   17092)
          84   28.367450   81.516597  (    4653   10947)
          85   28.371487   83.300880  (    4653   16572)
          86   28.380579   85.253367  (    4653   17226)
          87   28.389982   77.020420  (    2599   15082)
          88   28.417522   75.428913  (      55   11107)
          89   28.418544   71.281169  (     897   14851)
          90   28.418785   74.436622  (    2599   10329)
          91   28.420852   73.201453  (    8117   14851)
          92   28.426440   75.609394  (      58   16800)
          93   28.427192   73.179132  (      13   12273)
          94   28.450793   78.094024  (    4653   10484)
          95   28.453397   84.513289  (    1405   10952)
          96   28.459705   78.142912  (    4653   12960)
          97   28.463146   78.751140  (    4653   11504)
          98   28.469267   85.851087  (    4653   18374)
          99   28.474801   72.427325  (    7447   17092)
         100   28.476727   75.491500  (      58   15547)
