Model_ID, [(c_i,i=0,n)_j,j=1,ntask]
           1    0.1659089841E+03    0.9558139260E+02    0.2774788640E+04
           2    0.1671502122E+03    0.9491548376E+02    0.3467145192E+04
           3    0.2196127647E+03    0.1417702250E+03   -0.4406048481E+04
           4    0.2256474705E+03    0.1321978799E+03    0.4994257956E+03
           5    0.2219129492E+03    0.9892508726E+02    0.2880277291E+04
           6    0.2185499113E+03    0.1011609627E+03    0.2671315500E+04
           7    0.1966847704E+03    0.1222442085E+03    0.2693199594E+04
           8    0.2158750376E+03    0.9363821149E+02   -0.1421811958E+04
           9    0.1632883973E+03    0.9729464208E+02   -0.1399269758E+04
          10    0.2296909796E+03    0.1295013502E+03    0.4197044598E+03
          11    0.1976073861E+03    0.1215269942E+03    0.3382595000E+04
          12    0.1688064820E+03    0.9343869331E+02    0.2196667517E+04
          13    0.1624680642E+03    0.9769333571E+02    0.1417011036E+04
          14    0.2260430324E+03    0.1304689065E+03   -0.4562617995E+03
          15    0.2167843187E+03    0.1031360238E+03   -0.1360990919E+04
          16    0.2193944274E+03    0.1004750117E+03    0.3336709679E+04
          17    0.2128935221E+03    0.1388693880E+03    0.7828904168E+03
          18    0.2160390998E+03    0.9958345760E+02    0.2223736047E+04
          19    0.2182150795E+03    0.1364201025E+03    0.4994422652E+03
          20    0.2245934461E+03    0.9702327448E+02    0.2269467159E+04
          21    0.2156231626E+03    0.1376078781E+03    0.6481259947E+03
          22    0.1660140329E+03    0.9931620720E+02    0.4353008244E+03
          23    0.2241905885E+03    0.9707818948E+02    0.2268662067E+04
          24    0.2260724505E+03    0.9626676101E+02    0.2237111788E+04
          25    0.2267632731E+03    0.1304499612E+03    0.1174208812E+04
          26    0.2273724638E+03    0.1304712988E+03    0.5246129217E+03
          27    0.1700897466E+03    0.9316894657E+02    0.2083568861E+04
          28    0.1648319650E+03    0.9467099884E+02   -0.1318885503E+04
          29    0.2289109127E+03    0.1298374204E+03    0.4170296051E+03
          30    0.1877895917E+03    0.1044201383E+03   -0.1665311677E+04
          31    0.2237084764E+03    0.9651280473E+02    0.2322027354E+04
          32    0.2229260316E+03    0.9775580389E+02    0.2273031469E+04
          33    0.1694567084E+03    0.9359778084E+02    0.2083390642E+04
          34    0.1987933419E+03    0.1196321541E+03    0.2138288813E+04
          35    0.2217400825E+03    0.9861276168E+02    0.1086476990E+04
          36    0.2280791319E+03    0.1182186330E+03    0.4675381869E+03
          37    0.1865281825E+03    0.9945884067E+02    0.1135249195E+04
          38    0.2168746452E+03    0.1004380804E+03   -0.1284184944E+04
          39    0.1957927417E+03    0.8750602415E+02   -0.1408775281E+04
          40    0.1719251240E+03    0.9245923456E+02    0.2584557450E+04
          41    0.2189860245E+03    0.9725532047E+02    0.2271396277E+04
          42    0.2194677539E+03    0.9359055055E+02    0.1288415894E+04
          43    0.1798503330E+03    0.1018176321E+03    0.6621910017E+03
          44    0.1947174929E+03    0.1243029805E+03   -0.1352684950E+04
          45    0.1642728869E+03    0.9476683298E+02    0.1021538834E+04
          46    0.2202227621E+03    0.9893839794E+02    0.2110615050E+04
          47    0.2243331928E+03    0.1016077247E+03   -0.2868565024E+04
          48    0.1679153919E+03    0.9472871873E+02    0.2121728185E+04
          49    0.1688809277E+03    0.9155198526E+02    0.5244114935E+03
          50    0.2292317076E+03    0.1291418979E+03    0.4127302200E+03
          51    0.2201167615E+03    0.1003570108E+03    0.1668578014E+04
          52    0.1699539720E+03    0.9340212322E+02    0.2059551885E+04
          53    0.1683052427E+03    0.9450460090E+02    0.1704856295E+04
          54    0.1952177027E+03    0.1212827237E+03   -0.1289903349E+04
          55    0.2067200494E+03    0.1058771439E+03    0.2625520889E+04
          56    0.2245202388E+03    0.9701225082E+02    0.1110011702E+04
          57    0.1699482885E+03    0.8709609135E+02   -0.1541106091E+04
          58    0.1847977675E+03    0.1010538710E+03    0.5967220882E+03
          59    0.2236510337E+03    0.9722260291E+02    0.2237711256E+04
          60    0.2240793036E+03    0.1326447989E+03   -0.4926806767E+03
          61    0.2236950351E+03    0.9720724499E+02    0.2237736828E+04
          62    0.2208803879E+03    0.1339789763E+03    0.6057957025E+03
          63    0.2235152282E+03    0.9726291612E+02    0.2236646510E+04
          64    0.2235091685E+03    0.9726531777E+02    0.2236575054E+04
          65    0.2234722914E+03    0.9728007398E+02    0.2236123812E+04
          66    0.2234719784E+03    0.9728016787E+02    0.2236118987E+04
          67    0.2234699522E+03    0.9728077493E+02    0.2236087594E+04
          68    0.2234679258E+03    0.9728138112E+02    0.2236055900E+04
          69    0.2234676126E+03    0.9728147472E+02    0.2236050976E+04
          70    0.2233730020E+03    0.9732583302E+02    0.2235985704E+04
          71    0.2234306975E+03    0.9729609902E+02    0.2235556358E+04
          72    0.2234246251E+03    0.9729845634E+02    0.2235470320E+04
          73    0.2234309522E+03    0.9807749699E+02    0.2274304583E+04
          74    0.2208371752E+03    0.1051442251E+03    0.1618018244E+04
          75    0.2226273327E+03    0.9760854810E+02    0.2224279164E+04
          76    0.2232862197E+03    0.9733183208E+02    0.2232035898E+04
          77    0.2232407571E+03    0.9734326915E+02    0.2230672257E+04
          78    0.2235598260E+03    0.9722046964E+02    0.2230830500E+04
          79    0.2226059450E+03    0.9797550916E+02    0.1201864077E+04
          80    0.2278964897E+03    0.1294686079E+03    0.4160184508E+03
          81    0.1678235543E+03    0.9413248176E+02    0.3448388766E+04
          82    0.2164385500E+03    0.9858611170E+02    0.2404579145E+04
          83    0.1694976896E+03    0.1112135770E+03    0.2479101288E+04
          84    0.1865556399E+03    0.9863088150E+02    0.1101355738E+04
          85    0.2278882597E+03    0.1293736153E+03    0.4155563653E+03
          86    0.2200151025E+03    0.9711750838E+02    0.1616932554E+04
          87    0.1946658622E+03    0.1214456553E+03    0.1000964286E+04
          88    0.2218845642E+03    0.9548145701E+02    0.1588841174E+04
          89    0.1697894946E+03    0.9344115914E+02    0.1014112027E+04
          90    0.1845257985E+03    0.1001512314E+03    0.1032668459E+04
          91    0.2229526027E+03    0.1013931576E+03   -0.3700850755E+04
          92    0.2282526413E+03    0.1300629492E+03    0.4129897538E+03
          93    0.2208722427E+03    0.9920155521E+02    0.2013201138E+04
          94    0.1707115764E+03    0.9106167451E+02    0.4252163731E+03
          95    0.2230518158E+03    0.9763887756E+02    0.1561402990E+04
          96    0.2220142506E+03    0.9782368442E+02    0.2218359620E+04
          97    0.2219000471E+03    0.9786729245E+02    0.2216457677E+04
          98    0.2242819475E+03    0.9688465615E+02    0.2224023471E+04
          99    0.2014851366E+03    0.1184743945E+03    0.2524459894E+04
         100    0.2047223367E+03    0.1079517807E+03   -0.1339384576E+04
