        Rank        RMSE       MaxAE  Feature_ID
           1   31.158001  103.413398  (       1   10001)
           2   31.264872  105.470116  (       1   10003)
           3   31.446905   95.866823  (       1   10005)
           4   31.457679   96.278493  (       1   10004)
           5   31.487724   92.035131  (       1   10006)
           6   31.491617   96.428870  (       1   10002)
           7   31.531913   87.795776  (      14   10084)
           8   31.679369  102.809101  (       1   10140)
           9   31.689715   88.013227  (      14   10112)
          10   31.720210   98.449341  (       1   10007)
          11   31.773004   89.787138  (      14   10020)
          12   31.788718   85.385171  (      14   13880)
          13   31.790506   93.062436  (       1   10010)
          14   31.800532   91.430010  (       1   10016)
          15   31.806632   86.077113  (      14   15924)
          16   31.807179   99.621226  (       1   10067)
          17   31.817291   96.089083  (       1   10008)
          18   31.818652   85.443726  (      14   13548)
          19   31.823909  103.804736  (       1   10017)
          20   31.844678   97.379558  (       1   10009)
          21   31.846416   79.326685  (      14   10825)
          22   31.848439   98.257132  (       1   10011)
          23   31.862777   87.936991  (      14   10115)
          24   31.876251   95.267278  (       1   10014)
          25   31.879245   94.579113  (       1   10025)
          26   31.879906   95.242003  (       1   10013)
          27   31.902527   78.902060  (      14   11020)
          28   31.925015   81.839310  (      14   10152)
          29   31.938709   95.033721  (       1   10020)
          30   31.939896  101.042099  (       1   10018)
          31   31.948858  100.318567  (       1   10012)
          32   31.969352   86.156527  (      14   15773)
          33   31.974714  105.093879  (       1   10059)
          34   31.982086   88.295534  (      14   10117)
          35   31.988913   89.073142  (      14   10027)
          36   31.993560   97.364659  (       1   10015)
          37   32.000691   86.548350  (      14   10576)
          38   32.002298   94.342337  (       1   10027)
          39   32.006677   88.051814  (      14   10122)
          40   32.006812   90.877765  (      14   10005)
          41   32.026936   96.105285  (       1   10074)
          42   32.039162   94.877702  (       1   10019)
          43   32.040115   84.051638  (      14   11503)
          44   32.049820   96.122265  (       1   10035)
          45   32.064475   92.539456  (      14   10015)
          46   32.067987  102.493310  (       1   10028)
          47   32.078080   89.882723  (      14   10103)
          48   32.086576  103.677486  (       1   10021)
          49   32.087599   97.811687  (       1   10022)
          50   32.089971   86.832985  (      14   10610)
          51   32.092549   81.015330  (      14   10427)
          52   32.097178   86.226051  (      14   10245)
          53   32.101447   99.383263  (       1   10024)
          54   32.108772   91.380481  (      14   10004)
          55   32.110079   90.065241  (      14   10137)
          56   32.111690   96.491446  (       1   10023)
          57   32.128392   85.771234  (      14   10822)
          58   32.130738   87.539182  (      14   10090)
          59   32.133964   81.195349  (      14   15038)
          60   32.140094   93.485836  (       1   10029)
          61   32.141555   96.137295  (       1   10026)
          62   32.148509   96.379752  (       1   10031)
          63   32.150360   94.582753  (       1   10051)
          64   32.159454   92.362204  (       1   10070)
          65   32.163444   94.525983  (       1   10044)
          66   32.166391   99.095331  (       1   10030)
          67   32.174520   81.085645  (      14   12966)
          68   32.175642  101.084228  (       1   10034)
          69   32.176145   84.299902  (      14   11585)
          70   32.179631   84.245740  (      14   11656)
          71   32.180638   89.906781  (       1   11618)
          72   32.183977  101.411113  (       1   10039)
          73   32.184560  101.280088  (       1   10036)
          74   32.191879  101.257486  (       1   10037)
          75   32.192083   96.822492  (       1   10055)
          76   32.195734   86.502416  (      14   10239)
          77   32.197768   80.836371  (      14   15943)
          78   32.197968  103.888221  (       1   10096)
          79   32.198063   99.562502  (       1   10038)
          80   32.202706  101.232177  (       1   10045)
          81   32.206311  101.098777  (       1   10041)
          82   32.206362   88.543698  (       1   10033)
          83   32.206555   88.353549  (      14   10653)
          84   32.206751  103.777668  (       1   10032)
          85   32.208711  103.537934  (       1   10088)
          86   32.211717   96.375564  (       1   10052)
          87   32.212376   88.684392  (      14   10315)
          88   32.213013  101.426855  (       1   10048)
          89   32.213507   80.318907  (      14   16308)
          90   32.214118   91.827578  (       1   10050)
          91   32.215385  103.740767  (       1   10092)
          92   32.219279   94.881881  (       1   10043)
          93   32.220176  103.718668  (       1   10095)
          94   32.221385  100.353312  (       1   10042)
          95   32.226529   96.388382  (       1   10056)
          96   32.227906  101.873198  (       1   10089)
          97   32.228045   96.490738  (       1   10054)
          98   32.228580  103.692976  (       1   10102)
          99   32.232529   96.591837  (       1   10053)
         100   32.235377   89.409165  (      14   10025)
