     Index              y_true              y_pred        descriptor_1        descriptor_2
         1    0.5090000000E+02    0.5015377901E+02   -0.1586740000E-01   -0.7316054460E-01
         2    0.2045000000E+02    0.1425912427E+02    0.8890449300E+00    0.4581900000E-02
         3    0.1464000000E+02    0.4644311497E+02    0.3698001900E+00    0.2278590000E-01
         4    0.3007000000E+02    0.2656718721E+02    0.4494909700E+00   -0.6097599000E-01
         5    0.1790000000E+02    0.3519891028E+02    0.5666898900E+00    0.2108435400E-01
         6    0.3187000000E+02    0.3152704192E+02    0.6742511200E+00    0.3354888449E-01
         7    0.4263000000E+02    0.5517270052E+02   -0.1455871200E+00   -0.8499123750E-01
         8    0.6511000000E+02    0.5018542729E+02    0.2098328000E+00   -0.5067667518E-02
         9    0.6524000000E+02    0.5874683062E+02   -0.2619955200E+00   -0.1006480210E+00
        10    0.8872000000E+02    0.8325418197E+02   -0.6338331200E+00   -0.7969754160E-01
        11    0.2067000000E+02    0.2217657267E+02    0.7776277000E+00    0.1397146163E-01
        12    0.2817000000E+02    0.3290214559E+02    0.6192108800E+00    0.2443947609E-01
        13    0.2078000000E+02    0.2963461292E+02    0.6577870800E+00    0.1833575562E-01
        14    0.5646000000E+02    0.5695323299E+02   -0.2340399600E+00   -0.1019579462E+00
        15    0.6056000000E+02    0.4081206414E+02    0.1797763400E+00   -0.6492400057E-01
        16    0.5774000000E+02    0.5242945849E+02    0.2753317000E+00    0.2680778671E-01
        17    0.5015000000E+02    0.3444030887E+02    0.5492457000E+00    0.1172253163E-01
        18    0.3120000000E+02    0.2952803128E+02    0.7285722200E+00    0.3905979390E-01
        19    0.5301000000E+02    0.4455758251E+02    0.1625677600E+00   -0.4979892210E-01
        20    0.2681000000E+02    0.3935277232E+02    0.5254638200E+00    0.3119526018E-01
        21    0.6029000000E+02    0.5905628689E+02   -0.9582296000E-01   -0.4896320886E-01
        22    0.3615000000E+02    0.5279184469E+02   -0.8892354000E-01   -0.8084530344E-01
        23    0.6900000000E+02    0.6214680935E+02   -0.5172620200E+00   -0.1590362493E+00
        24    0.7520000000E+02    0.7291638869E+02   -0.5364097200E+00   -0.1064185910E+00
        25    0.2551000000E+02    0.2796532689E+02    0.6820594300E+00    0.1659129002E-01
        26    0.4307000000E+02    0.4880555770E+02   -0.4464638000E+00   -0.2100509645E+00
        27    0.3200000000E+01    0.8458895318E+01    0.9783000000E+00    0.0000000000E+00
        28    0.6276000000E+02    0.5667690825E+02    0.7457202000E-01   -0.1058339349E-01
        29    0.9080000000E+02    0.8291373637E+02   -0.4031841600E+00   -0.1213245634E-01
        30    0.4460000000E+02    0.4009426466E+02    0.4656180000E+00    0.1720499022E-01
        31    0.7420000000E+02    0.5569308363E+02   -0.2157627200E+00   -0.1032887023E+00
        32    0.6660000000E+02    0.6392154881E+02   -0.2951544800E+00   -0.8257555925E-01
        33    0.5100000000E+02    0.4409403579E+02    0.5338388000E-01   -0.8516908400E-01
        34    0.1790000000E+02    0.2469968156E+02    0.6155935600E+00   -0.2111314086E-01
        35    0.8285000000E+02    0.9024911619E+02   -0.6220000000E+00   -0.3821828953E-01
        36    0.1850000000E+02    0.1924473966E+02    0.8868925000E+00    0.3096025200E-01
        37    0.3682000000E+02    0.5576783712E+02   -0.6539363700E+00   -0.2347457073E+00
        38    0.2796000000E+02    0.3150048197E+02    0.6959899100E+00    0.3994689264E-01
        39    0.4216000000E+02    0.4077198813E+02    0.4306520000E+00    0.1035627484E-01
        40    0.2548000000E+02    0.1416983628E+02    0.9283101600E+00    0.1591420802E-01
        41    0.1845000000E+02    0.1272955689E+02    0.9061643900E+00    0.1442261100E-02
        42    0.6383000000E+02    0.7044699532E+02   -0.2099393600E+00   -0.2155802667E-01
