     Index              y_true              y_pred        descriptor_1        descriptor_2
         1    0.2561000000E+03    0.2473482244E+03    0.9941748100E+00   -0.7799000000E-03
         2    0.2744000000E+03    0.2536790836E+03    0.9411537500E+00    0.8286960000E-02
         3    0.3860000000E+03    0.3277880713E+03    0.1152040000E+00    0.2429580400E+00
         4    0.1588000000E+03    0.1785564453E+03    0.1027477240E+01    0.2405781000E+00
         5    0.4680000000E+03    0.4703970013E+03   -0.2400167200E+00   -0.7820324000E-01
         6    0.3380000000E+03    0.3574989897E+03   -0.2224212100E+00    0.3411063300E+00
         7    0.2566500000E+03    0.2411814599E+03    0.1030470410E+01    0.0000000000E+00
         8    0.2466500000E+03    0.2703507162E+03    0.8351449000E+00    0.1111550000E-01
         9    0.3602000000E+03    0.3617931822E+03    0.8976944000E-01    0.1292680200E+00
        10    0.3674300000E+03    0.4013140030E+03    0.2026046500E+00   -0.9202007000E-01
        11    0.2634000000E+03    0.2759880649E+03    0.5349740400E+00    0.1775724600E+00
        12    0.3091000000E+03    0.3052411996E+03    0.4213573100E+00    0.1372083300E+00
        13    0.2396000000E+03    0.2601650513E+03    0.9182493600E+00   -0.2094200000E-02
        14    0.2886400000E+03    0.2499355008E+03    0.1057889450E+01   -0.5053500000E-01
        15    0.9070000000E+02    0.8192014115E+02    0.2000000000E+01    0.0000000000E+00
        16    0.4380000000E+03    0.4361601360E+03   -0.5180514000E-01   -0.6554863000E-01
        17    0.3945000000E+03    0.4020644404E+03   -0.1522163200E+00    0.1272818400E+00
        18    0.4010000000E+03    0.3856570250E+03   -0.1823266800E+00    0.2086738500E+00
        19    0.3387000000E+03    0.3708823730E+03   -0.7624629000E-01    0.1985699100E+00
        20    0.3010000000E+03    0.2981081172E+03    0.9256513000E-01    0.3702621000E+00
        21    0.4240000000E+03    0.3708346793E+03    0.6696243000E-01    0.1090851300E+00
        22    0.2401500000E+03    0.2501587683E+03    0.9788458900E+00   -0.1894860000E-02
        23    0.8950000000E+02    0.1023956690E+03    0.1650853470E+01    0.1405640600E+00
        24    0.3632000000E+03    0.3464984858E+03    0.8399028100E+00   -0.2821114200E+00
        25    0.4780000000E+03    0.4562534886E+03   -0.2950516400E+00    0.1016548000E-01
        26    0.1743000000E+03    0.1908378773E+03    0.5872159800E+00    0.4694243200E+00
        27    0.3990000000E+03    0.3975262742E+03   -0.8094338000E-01    0.9995392000E-01
        28    0.3275000000E+03    0.3427544734E+03    0.4288970500E+00   -0.1049958000E-01
        29    0.3281500000E+03    0.3583795673E+03    0.4472642900E+00   -0.8155700000E-01
        30    0.5132000000E+03    0.4411011753E+03   -0.1935942100E+00    0.4395600000E-02
        31    0.4711500000E+03    0.4882418472E+03   -0.3736661600E+00   -0.6254010000E-01
        32    0.3891500000E+03    0.3794272131E+03   -0.1204084300E+00    0.1936510800E+00
        33    0.2680300000E+03    0.3055642969E+03    0.6286813000E+00    0.6166050000E-02
        34    0.4460000000E+03    0.4265280387E+03   -0.9516348000E-01   -0.1686800000E-02
        35    0.3334000000E+03    0.4215089373E+03   -0.6490616000E-01   -0.1500660000E-02
        36    0.4150000000E+03    0.3705860134E+03    0.3660129900E+00   -0.7721010000E-01
        37    0.3260000000E+03    0.3257103050E+03    0.4330536500E+00    0.5186410000E-01
        38    0.2561000000E+03    0.2354593137E+03    0.3040461600E+00    0.4766432000E+00
        39    0.4097000000E+03    0.4540589033E+03   -0.3697476600E+00    0.6529950000E-01
        40    0.2720000000E+03    0.2605021718E+03    0.7497125200E+00    0.1021459600E+00
        41    0.9034100000E+02    0.1127851905E+03    0.1758016860E+01    0.3386526000E-01
        42    0.2490000000E+03    0.2265990843E+03    0.1156528360E+01   -0.2334528000E-01
