     Index              y_true              y_pred        descriptor_1        descriptor_2
         1    0.2256100000E+03    0.2034340360E+03   -0.5113826900E+00    0.3555000000E+00
         2    0.1721500000E+03    0.1860662674E+03   -0.4339042400E+00   -0.9730000000E-01
         3    0.3410000000E+03    0.3824740258E+03   -0.8345898000E-01    0.1510300000E+01
         4    0.3670000000E+03    0.3585494756E+03   -0.9811930000E-02    0.9813000000E+00
         5    0.1832000000E+03    0.1854325792E+03   -0.4694583000E+00   -0.3900000000E-02
         6    0.2443500000E+03    0.2455056411E+03   -0.2368156800E+00    0.1285000000E+00
         7    0.3474000000E+03    0.3680406977E+03   -0.3663277000E-01    0.1184300000E+01
         8    0.2362500000E+03    0.2270264422E+03   -0.3441788500E+00    0.1903000000E+00
         9    0.3525250000E+03    0.3526531975E+03   -0.5066167000E-01    0.1019900000E+01
        10    0.4260000000E+03    0.3856780678E+03   -0.7738415000E-01    0.1535500000E+01
        11    0.3535000000E+03    0.3273666678E+03   -0.1563153100E+00    0.9863000000E+00
        12    0.3340000000E+03    0.3561110640E+03   -0.2287820900E+00    0.1576000000E+01
        13    0.2930000000E+03    0.3147205077E+03   -0.6735824000E-01    0.5634000000E+00
        14    0.2800000000E+03    0.3117349645E+03   -0.1882728600E+00    0.8700000000E+00
        15    0.2234200000E+03    0.2036372623E+03   -0.4702848900E+00    0.2405000000E+00
        16    0.2720000000E+03    0.3446335400E+03   -0.2070270000E+00    0.1361100000E+01
        17    0.3410000000E+03    0.3268824281E+03   -0.1684098100E+00    0.1014500000E+01
        18    0.2195740000E+03    0.1804468608E+03   -0.4827914800E+00   -0.3200000000E-01
        19    0.1114000000E+03    0.1663281807E+03   -0.4349934400E+00   -0.3566000000E+00
        20    0.3410000000E+03    0.3370351098E+03   -0.1704068100E+00    0.1155200000E+01
        21    0.4610000000E+03    0.3676477080E+03   -0.8929605000E-01    0.1329900000E+01
        22    0.7620000000E+02    0.8020932869E+02   -0.8276532900E+00   -0.3770000000E+00
        23    0.1984000000E+03    0.2110328304E+03   -0.3581931900E+00    0.1780000000E-01
        24    0.1338500000E+03    0.1664155198E+03   -0.5651071800E+00    0.1720000000E-01
        25    0.1744500000E+03    0.1803239187E+03   -0.6723322000E+00    0.5092000000E+00
        26    0.3092000000E+03    0.2993536908E+03   -0.1711321800E+00    0.6563000000E+00
        27    0.2138000000E+03    0.2386124830E+03   -0.3388235400E+00    0.3290000000E+00
        28    0.2482000000E+03    0.2370203745E+03   -0.1736204700E+00   -0.1653000000E+00
        29    0.1839000000E+03    0.1895932564E+03   -0.4627834100E+00    0.3230000000E-01
        30    0.1516000000E+03    0.1807473110E+03   -0.4845392400E+00   -0.2300000000E-01
        31    0.3200000000E+03    0.3127333330E+03   -0.1068211400E+00    0.6500000000E+00
        32    0.4062400000E+03    0.3970451112E+03    0.8939290000E-02    0.1439400000E+01
        33    0.1399000000E+03    0.1330519872E+03   -0.6135266500E+00   -0.2877000000E+00
        34    0.2677000000E+03    0.2587137112E+03   -0.3076262400E+00    0.5069000000E+00
        35    0.2050000000E+02    0.2530648088E+01   -0.9783000000E+00   -0.9783000000E+00
        36    0.3116500000E+03    0.2999736044E+03   -0.2278225500E+00    0.8269000000E+00
        37    0.8981300000E+02    0.6753879029E+02   -0.8034404800E+00   -0.6148000000E+00
        38    0.2375000000E+03    0.2355930925E+03   -0.3117430900E+00    0.2113000000E+00
        39    0.2287000000E+03    0.2585783674E+03   -0.3083243700E+00    0.5071000000E+00
        40    0.3137600000E+03    0.3082054818E+03   -0.1683439800E+00    0.7660000000E+00
        41    0.1875850000E+03    0.2026492712E+03   -0.4429922800E+00    0.1492000000E+00
        42    0.2606000000E+03    0.2076001646E+03   -0.4135844300E+00    0.1308000000E+00
