        Rank        RMSE       MaxAE  Feature_ID
           1   10.100515   25.831729  (     769   10038)
           2   10.125776   22.592365  (     769   10520)
           3   10.137506   25.808342  (     825   10038)
           4   10.137562   26.136697  (    7186   10961)
           5   10.137596   21.225272  (     769   10961)
           6   10.147267   25.397340  (     769   11386)
           7   10.165342   22.578306  (     825   10520)
           8   10.167157   21.210852  (     825   10961)
           9   10.174825   22.131162  (     769   11734)
          10   10.177116   25.375908  (     825   11386)
          11   10.182484   26.378882  (     769   14680)
          12   10.184179   24.630139  (     769   10111)
          13   10.193433   25.570531  (     769   10145)
          14   10.194680   23.177146  (     769   10300)
          15   10.197647   25.076866  (     724   12655)
          16   10.211570   22.118039  (     825   11734)
          17   10.220281   22.436191  (     769   10669)
          18   10.221436   26.354283  (     825   14680)
          19   10.230667   25.547798  (     825   10145)
          20   10.233592   23.161322  (     825   10300)
          21   10.241904   24.580192  (     769   10342)
          22   10.243678   25.597567  (     769   10289)
          23   10.248354   26.029020  (    1132   12655)
          24   10.257749   21.165814  (     769   10262)
          25   10.260055   25.221459  (    7108   10452)
          26   10.262129   22.482866  (     825   10669)
          27   10.270277   21.298142  (     769   10168)
          28   10.270683   24.782063  (    1532   12655)
          29   10.272749   24.617406  (     825   10111)
          30   10.272867   25.859411  (    7186   10520)
          31   10.277039   25.794590  (     769   10236)
          32   10.280648   20.813489  (     769   10765)
          33   10.282446   24.559906  (     825   10342)
          34   10.282904   25.574403  (     825   10289)
          35   10.287154   24.100216  (     769   10727)
          36   10.287217   25.580158  (     769   10778)
          37   10.291914   25.343244  (     724   10038)
          38   10.294534   25.504035  (     769   10384)
          39   10.297821   25.436379  (     769   10773)
          40   10.297997   21.054517  (     769   10866)
          41   10.298052   21.157602  (     825   10262)
          42   10.307347   21.288250  (     825   10168)
          43   10.308931   24.268079  (    3860   10111)
          44   10.310231   22.190439  (     724   10520)
          45   10.315238   24.964855  (    7108   12755)
          46   10.317015   26.546623  (    7186   11386)
          47   10.317120   20.833012  (     825   10765)
          48   10.318043   25.770444  (     825   10236)
          49   10.324917   25.557595  (     825   10778)
          50   10.325267   24.081785  (     825   10727)
          51   10.325498   25.445092  (    1897   12655)
          52   10.325591   25.525543  (     769   10493)
          53   10.325937   25.517434  (     769   10277)
          54   10.330785   24.920938  (     724   11386)
          55   10.333634   25.481242  (     825   10384)
          56   10.333747   25.414416  (     825   10773)
          57   10.335855   25.485444  (     769   10616)
          58   10.336257   25.482882  (     769   10622)
          59   10.336484   21.046393  (     825   10866)
          60   10.336677   25.480346  (     769   10630)
          61   10.337941   25.299232  (    2857   10452)
          62   10.338112   25.572029  (     769   10597)
          63   10.338494   25.399572  (     769   10670)
          64   10.339060   25.383457  (    1167   12655)
          65   10.340051   21.152571  (     769   12067)
          66   10.345430   26.309964  (    1132   10038)
          67   10.346477   25.853497  (     769   10401)
          68   10.349465   25.895792  (    1132   11386)
          69   10.351443   25.325861  (    1762   12655)
          70   10.351882   25.561834  (     769   10735)
          71   10.354333   21.118182  (     769   10435)
          72   10.355500   20.970618  (     769   10629)
          73   10.356230   20.967827  (     769   10637)
          74   10.356989   20.965113  (     769   10648)
          75   10.358697   21.077224  (     769   10613)
          76   10.360087   20.889220  (     769   10688)
          77   10.360206   21.070906  (     769   10243)
          78   10.360886   28.226191  (    6692   11335)
          79   10.364591   21.746477  (     724   11734)
          80   10.364744   25.494750  (     825   10277)
          81   10.365689   25.501990  (    1372   12655)
          82   10.366375   25.502875  (     825   10493)
          83   10.366916   25.354268  (    1646   12655)
          84   10.372748   26.091480  (    2787   12655)
          85   10.373032   25.463233  (     825   10616)
          86   10.373463   25.460671  (     825   10622)
          87   10.373912   25.458135  (     825   10630)
          88   10.374760   21.142590  (     825   12067)
          89   10.375430   25.549657  (     825   10597)
          90   10.375551   25.377519  (     825   10670)
          91   10.376180   25.368127  (    1526   12655)
          92   10.377263   26.059521  (    1613   10038)
          93   10.377479   25.362698  (    1239   12655)
          94   10.377506   21.381544  (    1707   10400)
          95   10.379335   25.494075  (     769   11395)
          96   10.379402   20.910296  (     769   10849)
          97   10.379600   25.831368  (     825   10401)
          98   10.379738   23.931556  (     513   11322)
          99   10.381918   24.603604  (    3750   10125)
         100   10.381995   25.488703  (     769   10686)
