     Index              y_true              y_pred        descriptor_1        descriptor_2
         1    0.2347000000E+02    0.2470093628E+02   -0.1428885120E+01   -0.6568614024E-02
         2    0.6970000000E+01    0.5233507026E+01    0.5609838000E-01    0.3738737200E-02
         3    0.1546000000E+02    0.9938495054E+01   -0.6239165400E+00   -0.2848255020E-01
         4    0.2280000000E+01    0.2068761023E+01    0.1706342400E+00   -0.6331939680E-02
         5    0.2455000000E+02    0.2301748006E+02   -0.1742115800E+01   -0.4656644700E-01
         6    0.1799000000E+02    0.2128689020E+02   -0.1247193780E+01   -0.1205042960E-01
         7    0.1262000000E+02    0.1027680800E+02   -0.1460320810E+01   -0.1037098029E+00
         8    0.2613000000E+02    0.2274099656E+02   -0.1225572000E+01   -0.5491374200E-03
         9    0.7980000000E+01    0.3489693469E+01   -0.2073819000E-01   -0.1476716006E-01
        10    0.1012000000E+02    0.1183601510E+02   -0.8200920000E+00   -0.3424897458E-01
        11    0.4660000000E+01    0.3935389462E+01    0.1418497400E+00    0.3197500020E-02
        12    0.1925000000E+02    0.1310548287E+02   -0.6171719400E+00   -0.7168634088E-02
        13    0.1560000000E+01    0.2952266534E+01    0.1320732000E+00   -0.4130248980E-02
        14    0.2213000000E+02    0.1980210770E+02   -0.1270888250E+01   -0.2394402195E-01
        15    0.2600000000E+01    0.1349125363E+01    0.3062057000E+00    0.1518491476E-02
        16    0.3600000000E+01    0.5512590207E+01   -0.4564544000E+00   -0.4189208563E-01
        17    0.2492000000E+02    0.3514244391E+02   -0.2221088360E+01   -0.1170085345E-01
        18    0.1040000000E+01    0.5443758790E+01   -0.8187982200E+00   -0.7588888313E-01
        19    0.6650000000E+01    0.7112412350E+01   -0.6990885000E-01    0.4347139896E-02
        20    0.3366000000E+02    0.3595392395E+02   -0.2046045540E+01    0.9806541052E-02
        21    0.5650000000E+01    0.4702919321E+01    0.5438300000E-01    0.1136677740E-03
        22    0.5980000000E+01    0.5677395800E+01    0.2780960000E-01    0.4019518804E-02
        23    0.6070000000E+01    0.2514059766E+01   -0.4208091200E+00   -0.5818088198E-01
        24    0.2141000000E+02    0.2439515935E+02   -0.1295125880E+01    0.3817714680E-02
        25    0.4390000000E+01    0.4142753489E+01   -0.9627012000E-01   -0.1749383843E-01
        26    0.4360000000E+01    0.8943987326E+01   -0.3596594000E+00   -0.1051362228E-01
        27    0.1470000000E+02    0.1346343533E+02   -0.1026129000E+01   -0.4269294015E-01
        28    0.1000000000E+00    0.5456236314E+01    0.0000000000E+00    0.0000000000E+00
        29    0.2218000000E+02    0.2310621178E+02   -0.1611358740E+01   -0.3388080297E-01
        30    0.7350000000E+01    0.4478385892E+01   -0.9458179200E+00   -0.9395547936E-01
        31    0.2977000000E+02    0.2847682819E+02   -0.1928140020E+01   -0.2812412124E-01
        32    0.9540000000E+01    0.1063981298E+02   -0.4000016000E+00   -0.3170067222E-02
        33    0.4060000000E+01    0.5528539534E+01    0.1466036000E-01    0.1829656920E-02
        34    0.2309000000E+02    0.2068129769E+02   -0.1080983400E+01   -0.6183063600E-03
        35    0.4200000000E+00    0.4004494209E+01    0.1024372800E+00    0.0000000000E+00
        36    0.4090000000E+02    0.3145631405E+02   -0.1920914710E+01   -0.7990622520E-02
        37    0.1002000000E+02    0.1306810962E+02   -0.2065903720E+01   -0.1415417375E+00
        38    0.4660000000E+01    0.8727479738E+01   -0.2729785800E+00   -0.3902804136E-02
        39    0.3850000000E+02    0.3459463651E+02   -0.1822246790E+01    0.2164662808E-01
        40    0.6140000000E+01    0.5597285784E+01    0.3741740000E-01    0.4385697264E-02
        41    0.1316000000E+02    0.1331945470E+02   -0.6872440600E+00   -0.1225832305E-01
        42    0.1337000000E+02    0.1558611870E+02   -0.9541463800E+00   -0.2216133754E-01
