Model_ID, [(c_i,i=0,n)_j,j=1,ntask]
           1    0.2030025513E+03   -0.9916756022E+02   -0.2578505780E+03
           2    0.1628873207E+03    0.7109934763E+02    0.2707110428E+03
           3    0.1702910610E+03    0.6894770773E+02    0.2664780994E+03
           4    0.1933026801E+03    0.8408488494E+02    0.2446488818E+03
           5    0.2840433212E+03    0.1687731890E+03    0.2958356642E+03
           6    0.1928786189E+03    0.8452308059E+02    0.2402735631E+03
           7    0.2482035498E+03    0.1169845653E+03    0.2918909830E+03
           8    0.1931870928E+03    0.8473213357E+02    0.2954341059E+03
           9    0.1697305329E+03    0.6932342784E+02    0.2613252150E+03
          10    0.2831552920E+03    0.1696972902E+03    0.2967106733E+03
          11    0.3053636680E+03    0.2094992137E+03    0.3040278715E+03
          12    0.2465530907E+03    0.1164246017E+03    0.3028627560E+03
          13    0.2500843346E+03    0.1135761443E+03    0.2972284960E+03
          14    0.1929098967E+03    0.8469140313E+02    0.2977015446E+03
          15    0.2739576371E+03    0.1505252611E+03    0.2683249072E+03
          16    0.2468890426E+03    0.1183690361E+03    0.2851474590E+03
          17    0.1769088714E+03    0.7531222268E+02    0.2642788011E+03
          18    0.1896293220E+03    0.8537218032E+02    0.2536415747E+03
          19    0.3055678215E+03    0.2107172487E+03    0.2978374603E+03
          20    0.2848598298E+03    0.1675712258E+03    0.2950449422E+03
          21    0.2718741199E+03   -0.1548234658E+03    0.2751145158E+03
          22    0.1807631591E+03    0.7579488631E+02    0.2398728019E+03
          23    0.3017555410E+03    0.2166426421E+03    0.3071970067E+03
          24    0.1849919039E+03   -0.8371669016E+02    0.2813087886E+03
          25    0.2852686963E+03    0.1659481438E+03    0.3136085099E+03
          26    0.1837761379E+03    0.7305808430E+02    0.2595008679E+03
          27    0.2375689736E+03    0.1205801874E+03    0.2991920443E+03
          28    0.2316204183E+03    0.1247867571E+03    0.3042560704E+03
          29    0.1920498300E+03    0.8378787458E+02   -0.2617670317E+03
          30    0.2484759586E+03   -0.1130812120E+03    0.3008650553E+03
          31    0.2241500720E+03   -0.1209793450E+03    0.3184220853E+03
          32    0.2488910485E+03    0.1147781703E+03    0.2907204867E+03
          33    0.2855735874E+03    0.1649682720E+03    0.3068825430E+03
          34    0.1874631197E+03    0.8632308369E+02    0.2429955880E+03
          35    0.2058651762E+03   -0.1212804182E+03    0.1294398254E+04
          36    0.1891909370E+03    0.8547601403E+02    0.2530363126E+03
          37    0.3045452724E+03    0.1962821735E+03    0.2531451997E+03
          38    0.1859062102E+03    0.8775418782E+02    0.2951740531E+03
          39    0.2042387742E+03   -0.1126496024E+03    0.1249366440E+04
          40    0.1915122972E+03   -0.8155405954E+02    0.2718632736E+03
          41    0.1920125664E+03   -0.8106740017E+02    0.2763678583E+03
          42    0.2698352619E+03   -0.1577218321E+03    0.2863260964E+03
          43    0.2764475399E+03    0.1435476078E+03    0.3034072335E+03
          44    0.1959745900E+03    0.8423792461E+02    0.2819377204E+03
          45    0.2373495980E+03    0.1213218498E+03    0.2938050563E+03
          46    0.1833111548E+03    0.7344011075E+02    0.2541476961E+03
          47    0.2718906422E+03    0.1579456225E+03    0.2740379443E+03
          48    0.1603727203E+03    0.7129685397E+02    0.2829515260E+03
          49    0.1889438641E+03    0.7308182644E+02    0.2567628977E+03
          50    0.1684062805E+03    0.8811353516E+02   -0.8045775921E+03
          51    0.2857674223E+03   -0.1663057041E+03    0.2940128519E+03
          52    0.2467772472E+03    0.1168882978E+03    0.2889703132E+03
          53    0.1689605123E+03    0.6882074722E+02    0.2784129791E+03
          54    0.1772302628E+03   -0.9216839759E+02    0.2727527956E+03
          55    0.1737382186E+03    0.7586668734E+02    0.2786675216E+03
          56    0.1664607627E+03    0.7039176522E+02    0.2653292605E+03
          57    0.1670500406E+03    0.8889994912E+02   -0.7147520673E+03
          58    0.1748635617E+03    0.7646239748E+02    0.2510067021E+03
          59    0.2471622372E+03    0.1153847288E+03    0.3030106960E+03
          60    0.1827121469E+03    0.8805271281E+02    0.2532726677E+03
          61    0.2553923873E+03    0.1096420364E+03    0.2887358848E+03
          62    0.1884896424E+03    0.7347253610E+02    0.2518646452E+03
          63    0.2824152533E+03    0.1680115311E+03    0.3124243338E+03
          64    0.2890370559E+03    0.1601368682E+03    0.3082022203E+03
          65    0.2853669533E+03    0.1668960395E+03    0.3068463165E+03
          66    0.2258595450E+03   -0.1016566663E+03   -0.2811595375E+03
          67    0.1952355103E+03    0.8215322436E+02   -0.2720422109E+03
          68    0.1695612396E+03    0.6929430371E+02    0.2757188806E+03
          69    0.1830362480E+03    0.7392719833E+02    0.2516595998E+03
          70    0.2588484401E+03    0.1403355055E+03    0.3184192005E+03
          71    0.1659767314E+03    0.7073801835E+02    0.2603734853E+03
          72    0.1778534793E+03   -0.9159232939E+02    0.2766647545E+03
          73    0.2845066720E+03    0.1620381819E+03    0.3040060085E+03
          74    0.2711878370E+03    0.1487124404E+03    0.2671557770E+03
          75    0.2180832852E+03   -0.1247739617E+03    0.2822329391E+03
          76    0.1786045813E+03    0.7546016892E+02    0.2578474003E+03
          77    0.2825513331E+03    0.1681962373E+03    0.3135844015E+03
          78    0.2452496806E+03    0.1187583603E+03    0.2977196317E+03
          79    0.2764846127E+03    0.1443753553E+03    0.2971171556E+03
          80    0.2504236200E+03   -0.1387916699E+03    0.3163695277E+03
          81    0.1801519902E+03    0.7463979711E+02    0.2607950641E+03
          82    0.2446827285E+03    0.1172712816E+03    0.3000454548E+03
          83    0.1911783579E+03   -0.8161914858E+02    0.2903427080E+03
          84    0.2552892351E+03    0.1102868360E+03    0.2832987920E+03
          85    0.1866750937E+03    0.7250932538E+02    0.2313445803E+03
          86    0.1857168419E+03    0.8319128220E+02    0.2847762914E+03
          87    0.2565075088E+03   -0.1334166172E+03    0.3100761191E+03
          88    0.1783797164E+03    0.8619314405E+02    0.4695696299E+03
          89    0.1906641912E+03   -0.8212171009E+02    0.2850045922E+03
          90    0.2687453129E+03    0.1609855674E+03    0.2818833207E+03
          91    0.1662877731E+03    0.8900844395E+02   -0.7011349823E+03
          92    0.1855196182E+03    0.8634454604E+02    0.2613341947E+03
          93    0.2535279773E+03    0.1129173796E+03    0.2818515730E+03
          94    0.2236988529E+03   -0.1211042159E+03    0.3181160178E+03
          95    0.1689902916E+03    0.6967779736E+02    0.2697651884E+03
          96    0.2826864435E+03    0.1687398445E+03    0.2969823123E+03
          97    0.2163587530E+03   -0.8593719447E+02   -0.2541377874E+03
          98    0.2338009603E+03    0.1187988932E+03    0.8052252442E+03
          99    0.1917534789E+03    0.8441769958E+02   -0.2531862114E+03
         100    0.2739638875E+03    0.1503442172E+03    0.2829340227E+03
