        Rank        RMSE       MaxAE  Feature_ID
           1    8.024258   20.938141  (     454   10948)
           2    8.033389   25.033181  (    3057   10100)
           3    8.052409   24.205923  (    2704   10100)
           4    8.079195   24.215414  (    8946   10100)
           5    8.082114   24.584352  (    2704   10235)
           6    8.084483   23.784091  (    1568   16430)
           7    8.102017   21.151113  (     823   10948)
           8    8.114757   24.045519  (    1517   10113)
           9    8.118767   21.336586  (    5626   12787)
          10    8.129642   21.115420  (    1078   10948)
          11    8.132848   24.093724  (    1534   10113)
          12    8.139289   20.100991  (    1452   10948)
          13    8.139427   24.319152  (    2704   10379)
          14    8.146347   23.996163  (    1083   16430)
          15    8.147643   23.988017  (    1678   10113)
          16    8.147671   20.219283  (    8427   10948)
          17    8.154168   24.473837  (    8091   10113)
          18    8.154491   25.442958  (    3057   10235)
          19    8.156536   23.761128  (     322   16430)
          20    8.158435   21.517064  (    5626   12402)
          21    8.162530   24.372189  (    7171   16430)
          22    8.162695   24.217675  (    2704   10550)
          23    8.170166   23.991543  (     918   16430)
          24    8.171784   24.751552  (    6616   10100)
          25    8.178155   23.874081  (    4498   16430)
          26    8.178466   24.719974  (    5831   10100)
          27    8.178775   20.014405  (    2520   10948)
          28    8.181722   24.836370  (    7610   10028)
          29    8.190606   24.152585  (    1663   10113)
          30    8.194218   24.139692  (    2704   10671)
          31    8.197543   27.426296  (     961   11220)
          32    8.201477   23.816781  (    2068   10113)
          33    8.210361   24.622214  (      22   18671)
          34    8.215267   25.188437  (    5563   10379)
          35    8.220981   25.874087  (    2331   16430)
          36    8.221446   26.056543  (     187   14070)
          37    8.226453   25.990170  (     187   15214)
          38    8.226620   24.610984  (    4174   10100)
          39    8.227578   25.750346  (     187   15165)
          40    8.230900   24.673156  (    5563   10989)
          41    8.234113   26.272331  (    3128   10113)
          42    8.240037   23.881134  (     454   13638)
          43    8.241206   24.227305  (    1955   10113)
          44    8.241229   23.744251  (    2335   10113)
          45    8.242131   22.913910  (     414   18921)
          46    8.243543   24.586062  (    3899   10100)
          47    8.246088   23.391595  (    6228   16430)
          48    8.246616   23.874529  (    1401   10113)
          49    8.247519   24.849567  (    2233   10100)
          50    8.248331   25.085878  (    5563   10550)
          51    8.251119   24.234517  (    1859   10113)
          52    8.251670   25.160584  (    6616   10235)
          53    8.254088   24.533543  (    4178   10100)
          54    8.255003   27.376504  (     322   10015)
          55    8.256079   25.125499  (    5831   10235)
          56    8.258384   20.734573  (    2331   10948)
          57    8.259210   24.024779  (    1916   10100)
          58    8.260133   21.607845  (     555   10075)
          59    8.261364   24.241788  (    1776   10113)
          60    8.262961   21.551588  (    1078   11739)
          61    8.263876   24.138390  (    2110   10113)
          62    8.268598   23.943200  (       5   10075)
          63    8.270748   24.551770  (    3551   10100)
          64    8.270766   21.605207  (     823   11739)
          65    8.271328   24.644585  (    4017   10100)
          66    8.271539   24.694274  (    3057   10989)
          67    8.272310   24.549966  (    3538   10100)
          68    8.273198   23.810540  (    2704   10989)
          69    8.273428   27.694165  (    8394   10038)
          70    8.273804   25.070572  (    5033   10100)
          71    8.275921   23.881371  (    2704   10300)
          72    8.287928   22.824997  (     226   13638)
          73    8.288640   24.381216  (    1916   10235)
          74    8.290040   24.010372  (    2704   11127)
          75    8.291119   24.180048  (    3007   16430)
          76    8.294171   21.679267  (      95   16433)
          77    8.294296   22.299751  (    9447   17714)
          78    8.295278   25.609434  (    7171   13607)
          79    8.295312   24.034565  (    2704   11115)
          80    8.297346   24.039020  (    6404   10100)
          81    8.298044   25.004138  (    4174   10235)
          82    8.303250   24.058304  (    2704   11109)
          83    8.303930   24.210326  (    8479   10113)
          84    8.304958   24.861731  (    1912   10116)
          85    8.305368   22.860226  (    1927   10152)
          86    8.307149   24.344407  (    1916   10113)
          87    8.308560   24.162616  (    1657   10113)
          88    8.311268   27.411672  (    3030   10038)
          89    8.312478   24.880499  (    1589   10116)
          90    8.313199   22.131286  (    1078   11053)
          91    8.313414   24.391254  (    1998   10113)
          92    8.313937   24.976321  (    3899   10235)
          93    8.314885   25.575670  (     885   16430)
          94    8.317398   22.178377  (     823   11053)
          95    8.317534   23.885335  (    2876   10289)
          96    8.318158   24.922716  (    4178   10235)
          97    8.321623   25.799052  (    4086   10113)
          98    8.325175   28.646875  (    3007   10038)
          99    8.325195   24.394229  (     797   10113)
         100    8.325228   24.575571  (    2808   10028)
