Model_ID, [(c_i,i=0,n)_j,j=1,ntask]
           1    0.2091174496E+03    0.1053057961E+03    0.9339655287E+03
           2    0.3360117689E+03   -0.1330652377E+03    0.2518802230E+03
           3    0.2022206615E+03    0.1096214016E+03    0.4326746478E+04
           4    0.2103344628E+03    0.1057879301E+03    0.7474414269E+03
           5    0.2021757151E+03   -0.1181949854E+03    0.5075429048E+03
           6    0.2071197633E+03    0.1068262307E+03    0.1279530263E+04
           7    0.2097399970E+03    0.1036433639E+03   -0.1693786128E+04
           8    0.3299017112E+03   -0.1171785159E+03    0.2310125059E+03
           9    0.1673711852E+03    0.9553924406E+02    0.5473217995E+03
          10    0.1674127200E+03    0.9550978557E+02    0.5476068250E+03
          11    0.1771019521E+03    0.1093344685E+03   -0.4519191248E+03
          12    0.1773082381E+03    0.1092284062E+03   -0.4546322286E+03
          13    0.2018101860E+03   -0.1192051387E+03   -0.3552143161E+03
          14    0.2200025924E+03    0.1014699017E+03    0.5465337501E+03
          15    0.2200277369E+03    0.1014439617E+03    0.5469638106E+03
          16    0.2164527444E+03    0.1054019384E+03    0.5757804685E+03
          17    0.1883150916E+03    0.1266271082E+03    0.3698455919E+04
          18    0.1897122853E+03   -0.1253194079E+03   -0.3874087591E+03
          19    0.1748303133E+03    0.1083476895E+03    0.4475085055E+03
          20    0.1762859235E+03    0.1094814565E+03   -0.4353318087E+03
          21    0.2155024491E+03    0.1078591368E+03    0.5197237709E+03
          22    0.2152322949E+03    0.1081389117E+03    0.5230626501E+03
          23    0.1911398859E+03   -0.1353176888E+03   -0.3868186602E+03
          24    0.1842811692E+03    0.1032311013E+03   -0.4132967099E+03
          25    0.1844063072E+03    0.1030875462E+03   -0.4110833411E+03
          26    0.1845439590E+03    0.1029249048E+03   -0.4085296857E+03
          27    0.2156883757E+03    0.1076079132E+03    0.5220490970E+03
          28    0.2129313072E+03    0.1093894829E+03    0.8042435604E+03
          29    0.2154797990E+03    0.1078435990E+03    0.5252528984E+03
          30    0.1819130468E+03    0.1063401970E+03    0.3543952106E+03
          31    0.1820438077E+03    0.1062024619E+03    0.3528678284E+03
          32    0.2157373614E+03    0.1098130043E+03    0.5340594438E+03
          33    0.1882174438E+03    0.1039603204E+03    0.2511422790E+03
          34    0.1829702315E+03    0.1058465570E+03    0.3649258093E+03
          35    0.1830985832E+03    0.1057041959E+03    0.3632384372E+03
          36    0.1818036885E+03    0.1025844649E+03    0.4061599496E+03
          37    0.2726967276E+03   -0.1527251314E+03    0.8388635477E+03
          38    0.2128261042E+03    0.1071651953E+03    0.5970917575E+03
          39    0.2128557709E+03    0.1071348090E+03    0.5975389705E+03
          40    0.1822359925E+03    0.1021304410E+03    0.3989111097E+03
          41    0.2126607373E+03    0.1095036689E+03    0.7908119231E+03
          42    0.2134658214E+03    0.1087351747E+03    0.8180731267E+03
          43    0.1968058210E+03   -0.1000374989E+03    0.6065897335E+03
          44    0.1950508056E+03   -0.1054184745E+03    0.5837205559E+03
          45    0.1735850666E+03    0.1086356394E+03    0.4189915202E+03
          46    0.2149551055E+03    0.1107123793E+03    0.5214330381E+03
          47    0.2124928606E+03    0.1069008317E+03    0.5877180004E+03
          48    0.1819197370E+03    0.1053314957E+03   -0.4397619148E+03
          49    0.2124679091E+03    0.1068738537E+03   -0.5868939957E+03
          50    0.1812763012E+03    0.1064210347E+03    0.3447829782E+03
          51    0.1757415284E+03    0.1093563936E+03   -0.4194733692E+03
          52    0.1949048379E+03    0.1133543947E+03    0.4277972263E+04
          53    0.1893416661E+03    0.1032788094E+03   -0.2563535831E+03
          54    0.1974728223E+03   -0.1000413274E+03    0.6090366472E+03
          55    0.1726669968E+03    0.8792595271E+02   -0.1432369760E+04
          56    0.2170069948E+03    0.1054058388E+03    0.3461131189E+03
          57    0.2099208125E+03    0.1070038271E+03    0.1356183641E+04
          58    0.2099226899E+03    0.1069954579E+03    0.1355653300E+04
          59    0.1674213682E+03    0.9785938729E+02    0.4974553283E+03
          60    0.2031521689E+03   -0.1174790113E+03   -0.3643112759E+03
          61    0.1719664539E+03    0.9841358134E+02    0.5451476917E+03
          62    0.2000184582E+03    0.1081861461E+03    0.1199131010E+04
          63    0.1657266969E+03    0.9864629533E+02    0.4764751794E+03
          64    0.2169766832E+03    0.1025810932E+03    0.5665337052E+03
          65    0.2165602590E+03    0.1027136621E+03    0.5611646712E+03
          66    0.2541845365E+03   -0.1469861970E+03   -0.4140389319E+03
          67    0.1715985759E+03    0.9312080540E+02    0.5338389659E+03
          68    0.2145062006E+03    0.1082821989E+03    0.4917893807E+03
          69    0.2882172758E+03    0.1044231092E+03    0.1690028870E+03
          70    0.2197598467E+03    0.1051638341E+03    0.5020635303E+03
          71    0.2138440001E+03    0.1089164168E+03    0.4981577112E+03
          72    0.2147401948E+03    0.1094239116E+03    0.5264793536E+03
          73    0.1677941397E+03    0.1125154002E+03    0.4508183635E+03
          74    0.1933846906E+03    0.1256065893E+03   -0.1309752990E+03
          75    0.1806332071E+03    0.1078697583E+03    0.3844095419E+03
          76    0.1898859018E+03   -0.1244058921E+03    0.3428440996E+03
          77    0.2503410182E+03   -0.1235603036E+03    0.6610719793E+03
          78    0.1772360383E+03    0.1072385067E+03    0.1189174796E+04
          79    0.2115826325E+03    0.1042802491E+03    0.7279705130E+03
          80    0.3524930855E+03    0.2956157520E+03   -0.3684976901E+03
          81    0.2141911921E+03    0.1041381474E+03    0.8676830031E+03
          82    0.1782126439E+03    0.1057415877E+03   -0.4712762873E+03
          83    0.3264005806E+03   -0.1235054142E+03   -0.4032217807E+03
          84    0.2199593461E+03    0.1049113068E+03    0.5043000295E+03
          85    0.1716867018E+03    0.1117522226E+03   -0.4373875873E+03
          86    0.2133135920E+03    0.1087780436E+03    0.6063404128E+03
          87    0.1772699744E+03    0.1274933200E+03   -0.2072929823E+04
          88    0.2096941834E+03    0.1122033997E+03    0.5484797560E+03
          89    0.1677851394E+03    0.9756941130E+02    0.4985038834E+03
          90    0.1861768020E+03    0.1150432559E+03    0.1883972102E+04
          91    0.2189545240E+03   -0.1451624340E+03   -0.3075538144E+03
          92    0.1854352504E+03    0.1155020526E+03    0.1904390076E+04
          93    0.1853508181E+03    0.9991818635E+02   -0.4256156857E+03
          94    0.2110199205E+03    0.1091840952E+03    0.6003181898E+03
          95    0.1794460255E+03    0.9127046979E+02    0.5332197517E+03
          96    0.1794123586E+03    0.9129087463E+02    0.5327226939E+03
          97    0.1728662530E+03    0.8765273335E+02    0.1424649666E+04
          98    0.1699073471E+03    0.1134391344E+03   -0.4568329540E+03
          99    0.1852464035E+03    0.1156129588E+03    0.1908496267E+04
         100    0.2122712793E+03    0.1116568569E+03    0.5550931254E+03
