Model_ID, [(c_i,i=0,n)_j,j=1,ntask]
           1    0.4372653218E+02    0.1538353480E+03    0.5517914796E+03
           2    0.4378469258E+02    0.2526985270E+03    0.4072415611E+03
           3    0.4473299431E+02    0.2434615084E+03    0.4249631419E+03
           4    0.4646539123E+02    0.2304039524E+03    0.4049333205E+03
           5    0.1851711684E+02    0.5693705593E+02   -0.2545955990E+03
           6    0.1321265155E+02   -0.6987345060E+02   -0.2507935188E+03
           7    0.4367391451E+02    0.1542658216E+03    0.6678604535E+03
           8    0.2124146561E+02    0.4887348344E+02    0.4886192705E+03
           9    0.2062215154E+02    0.5245437884E+02   -0.2567094237E+03
          10    0.4092055677E+02    0.2252493876E+03    0.3904667367E+03
          11    0.2081456969E+02    0.4964081983E+02    0.4807342399E+03
          12    0.1859111714E+02    0.5425229593E+02    0.4783224382E+03
          13    0.2708357230E+02    0.3315711390E+03    0.6687845580E+03
          14    0.2094238685E+02    0.5187929664E+02   -0.2526056217E+03
          15    0.4194306168E+02    0.2174317524E+03    0.4088925564E+03
          16    0.2267179962E+02    0.4784031658E+02    0.6725117844E+03
          17    0.1670956735E+02    0.6686219378E+02    0.1724003401E+03
          18    0.2263973047E+02    0.4789042225E+02    0.6683730944E+03
          19    0.1825077029E+02    0.6472724857E+02    0.1280202327E+03
          20    0.1847255549E+02    0.6349296002E+02    0.1256835486E+03
          21    0.1587699176E+02   -0.6759799043E+02    0.1707088612E+03
          22    0.2027194138E+02    0.5280894811E+02   -0.2523804501E+03
          23    0.4350820529E+02    0.2319000414E+03    0.4515910049E+03
          24    0.2038343512E+02    0.5263620299E+02   -0.2519563292E+03
          25    0.2300770502E+02    0.4645432219E+02    0.6363167311E+03
          26    0.2789563139E+02    0.3308849113E+03   -0.3309738860E+03
          27    0.1422788171E+02    0.6864961266E+02   -0.2478426805E+03
          28    0.2720762986E+02    0.3392683379E+03    0.3642975650E+03
          29    0.2291065886E+02    0.4671468244E+02    0.6307656368E+03
          30    0.2001667213E+02    0.5314967533E+02   -0.2533119874E+03
          31    0.4528331855E+02    0.2429814264E+03    0.4105422260E+03
          32    0.2311132509E+02    0.4610908602E+02    0.6587905446E+03
          33    0.2352516199E+02    0.4582512608E+02    0.5915920115E+03
          34    0.1768966512E+02   -0.6413067254E+02    0.1239100858E+03
          35    0.2171453435E+02    0.4839311205E+02    0.4853242114E+03
          36    0.2112724875E+02    0.5193188550E+02   -0.2554293690E+03
          37    0.1745946397E+02   -0.6534343100E+02    0.1260468893E+03
          38    0.2342281187E+02    0.4608167748E+02    0.5880881636E+03
          39    0.1990801994E+02    0.5316567312E+02   -0.2534333486E+03
          40    0.1950523819E+02    0.6245669389E+02    0.1174786123E+03
          41    0.2068271692E+02    0.5219031613E+02   -0.2544414079E+03
          42    0.2151207836E+02    0.5080733730E+02   -0.2525096418E+03
          43    0.2323055756E+02    0.4580971184E+02    0.6618671377E+03
          44    0.1434914546E+02    0.5145603590E+02    0.6678556818E+03
          45    0.1802126081E+02    0.6467141916E+02    0.4903599021E+03
          46    0.1500731447E+02    0.4957160365E+02    0.6736582566E+03
          47    0.3264030864E+02    0.1237987924E+03   -0.1184354711E+03
          48    0.3261383550E+02    0.1239641874E+03   -0.1185722945E+03
          49    0.4405501319E+02    0.2305467358E+03    0.4182450463E+03
          50    0.1911029440E+02    0.6332825419E+02    0.1177907747E+03
          51    0.2130798225E+02    0.4912238397E+02    0.4774188869E+03
          52    0.2310419180E+02    0.4610456820E+02    0.6559868342E+03
          53    0.2068235800E+02    0.4977333690E+02    0.4768525514E+03
          54    0.2143298435E+02    0.5138368309E+02   -0.2514090307E+03
          55    0.4622945946E+02    0.2409214283E+03    0.1233062618E+04
          56    0.2022888369E+02   -0.1362475596E+03    0.3630340252E+03
          57    0.1526704987E+02    0.6938942409E+02    0.4902493394E+03
          58    0.1980093628E+02    0.5338595500E+02   -0.2540537931E+03
          59    0.2640096461E+02    0.3442914169E+03    0.3876209723E+03
          60    0.4623284850E+02    0.2319338753E+03    0.4113816395E+03
          61    0.1527448577E+02    0.4946089902E+02    0.6488428853E+03
          62    0.1421321247E+02    0.5171522339E+02    0.6606269919E+03
          63    0.2034850151E+02    0.5283267820E+02   -0.2525426286E+03
          64    0.1971289050E+02    0.5349525754E+02   -0.2543640056E+03
          65    0.1872954234E+02    0.2890058285E+02    0.4759107960E+03
          66    0.2145620034E+02    0.5096658240E+02   -0.2574977202E+03
          67    0.2336591372E+02    0.4548543510E+02   -0.3315155877E+03
          68    0.1500404700E+02    0.4956865543E+02    0.6705318948E+03
          69    0.1827021238E+02    0.2889576813E+02    0.4793867605E+03
          70    0.1873895174E+02    0.3022253058E+02   -0.2504206284E+03
          71    0.1983481917E+02    0.6264095781E+02    0.1296588480E+03
          72    0.2653089398E+02    0.3348077331E+03    0.3893571220E+03
          73    0.2325472034E+02    0.4576852025E+02    0.6587103428E+03
          74    0.3294279440E+02    0.1220775975E+03   -0.1136872784E+03
          75    0.1834089528E+02    0.5946221284E+02   -0.2569971322E+03
          76    0.2031869774E+02    0.5021717487E+02    0.4712422396E+03
          77    0.2382671751E+02    0.4499683658E+02    0.6473357222E+03
          78    0.2087358652E+02    0.5459919057E+02   -0.4971992015E+03
          79    0.1478629351E+02    0.4987378875E+02    0.6395149780E+03
          80    0.2173673646E+02    0.5057750216E+02   -0.2557130517E+03
          81    0.2079557087E+02   -0.5224901739E+02   -0.2510794136E+03
          82    0.2312844599E+02    0.4606251517E+02    0.6528545076E+03
          83    0.2042479982E+02    0.5005652009E+02    0.4705095453E+03
          84    0.1803676373E+02    0.6451072373E+02    0.4903721066E+03
          85    0.1798864947E+02    0.6574110349E+02    0.1249229313E+03
          86    0.1332715750E+02    0.6854788555E+02   -0.2460295996E+03
          87    0.1984401937E+02    0.6257179402E+02    0.1331345610E+03
          88    0.2355474073E+02    0.4545099986E+02    0.6387057051E+03
          89    0.1933770143E+02    0.5832868298E+02   -0.4863824000E+03
          90    0.1696387856E+02    0.7482027248E+02   -0.1502058602E+03
          91    0.1874220958E+02   -0.6299861837E+02    0.1151836079E+03
          92    0.2369809902E+02    0.4529222592E+02    0.6417268258E+03
          93    0.2293619640E+02    0.4627058745E+02    0.6340971025E+03
          94    0.2090171028E+02   -0.5208640131E+02   -0.2506758985E+03
          95    0.2315809722E+02    0.4564140999E+02    0.6628489599E+03
          96    0.2107907913E+02    0.5389551165E+02   -0.6677990236E+03
          97    0.2286344379E+02    0.4648072555E+02    0.6324680063E+03
          98    0.2620711832E+02    0.3417035047E+03    0.3961559426E+03
          99    0.4423160796E+02    0.2216523350E+03    0.4409642542E+03
         100    0.2086393640E+02    0.5460207444E+02   -0.4961535703E+03
