        Rank        RMSE       MaxAE  Feature_ID
           1   32.132622   74.528221  (    9689   11219)
           2   33.198381   88.138388  (    8965   11219)
           3   33.220152   85.662738  (    9651   11219)
           4   33.542245   80.941219  (    7323   11219)
           5   33.668009   75.261100  (    5715   10185)
           6   33.697368   89.861658  (    5694   11219)
           7   33.770796   79.387112  (    2573   11219)
           8   33.836758   96.683862  (    6457   11219)
           9   33.846089   97.530949  (    9660   11219)
          10   33.851425   71.163908  (    3962   11219)
          11   33.859665   87.053904  (    5767   11219)
          12   33.889101   81.449320  (    2846   11219)
          13   33.896209   80.240095  (    5471   11219)
          14   33.913557   79.244170  (     208   12056)
          15   33.947511   74.648665  (    4464   11219)
          16   33.981962   80.639883  (    4249   11219)
          17   34.059189   71.556991  (    2603   10185)
          18   34.072880   75.443376  (    2328   10185)
          19   34.111416   77.828220  (    4961   10185)
          20   34.125101   81.579690  (    4961   10187)
          21   34.127698   81.213610  (    5611   10185)
          22   34.131749   71.757299  (    9391   11219)
          23   34.135708   78.659874  (    1634   12056)
          24   34.144211   73.879314  (    3950   10185)
          25   34.157671   83.979715  (    4961   12450)
          26   34.161706  100.200931  (    3775   11219)
          27   34.168783   72.223744  (    5112   11219)
          28   34.209554   77.498759  (    1461   12056)
          29   34.216965   74.479526  (    3789   10030)
          30   34.228012   88.843082  (    4245   11219)
          31   34.246467   77.854388  (    2540   12056)
          32   34.257571   80.152358  (    9747   11219)
          33   34.270057   72.131326  (    5206   11219)
          34   34.275461   90.334211  (    4961   11109)
          35   34.296460   77.514890  (    1977   12056)
          36   34.296489   77.542326  (    9884   11219)
          37   34.309077   80.015404  (    5715   10187)
          38   34.312248   71.748801  (    8142   11219)
          39   34.314583   77.743000  (    1736   12056)
          40   34.324060   77.514873  (    1258   12056)
          41   34.327015   91.805551  (    3167   11219)
          42   34.328764   86.671336  (    4961   13577)
          43   34.343649   83.957351  (    4961   14142)
          44   34.344995   70.913364  (    2667   11219)
          45   34.347802   98.325620  (      89   10187)
          46   34.365429   93.694086  (     165   10187)
          47   34.375370   95.484748  (      89   10185)
          48   34.387889   75.820977  (    2603   10187)
          49   34.407594   97.912332  (    4180   11219)
          50   34.412529   73.035561  (    6161   11219)
          51   34.423011   77.891753  (    1179   12056)
          52   34.433898   88.351162  (     139   10220)
          53   34.438726   90.224465  (    4961   11890)
          54   34.446279   89.619296  (     141   10220)
          55   34.447691   80.793483  (    1669   11219)
          56   34.457285   93.470556  (    5501   11219)
          57   34.458695   78.182754  (    3225   12056)
          58   34.460349   78.988376  (    2513   12056)
          59   34.463760   82.826798  (    8261   10185)
          60   34.476353   77.693500  (    5663   10185)
          61   34.476935   72.948549  (    5297   11219)
          62   34.487898   82.623087  (    4961   13276)
          63   34.490243   93.658571  (    5209   11219)
          64   34.493987   77.887885  (    1072   12056)
          65   34.510746   83.586665  (    3968   19663)
          66   34.516619   79.566966  (    4961   10695)
          67   34.524422   93.425521  (    6192   10185)
          68   34.529610   77.581374  (    1409   12056)
          69   34.530638   84.515164  (    9689   15202)
          70   34.536857   73.033860  (    8709   11219)
          71   34.537027   77.825540  (    6308   11219)
          72   34.553059   90.533626  (    7424   11219)
          73   34.563062   97.291671  (      96   11517)
          74   34.575608   91.008242  (     165   10185)
          75   34.576737   71.116648  (    6488   11219)
          76   34.585148   78.083263  (    1480   12056)
          77   34.589761   72.073398  (    9989   11219)
          78   34.590595   84.147632  (    4961   16229)
          79   34.591326  107.776099  (    8803   11219)
          80   34.614080   76.877794  (    3789   10047)
          81   34.614711  107.707882  (    9725   11219)
          82   34.614836   84.220653  (    4961   17582)
          83   34.621721   82.662757  (     139   12056)
          84   34.630096   84.154709  (     141   12056)
          85   34.631020   89.105961  (    4961   11519)
          86   34.638394  103.196133  (    1122   11219)
          87   34.657449   76.614534  (    5385   10185)
          88   34.660145   78.172864  (    1011   12056)
          89   34.661637   73.438932  (    5936   11219)
          90   34.664279   90.362101  (    4961   12828)
          91   34.665391   77.979320  (    1095   12056)
          92   34.671362   79.430349  (    4961   12989)
          93   34.677082  100.580472  (    4720   11219)
          94   34.681782   72.679894  (    2328   10187)
          95   34.690251   94.832205  (    2778   10030)
          96   34.702032   79.459063  (    4961   10227)
          97   34.715344   85.781685  (    4521   11219)
          98   34.717343   72.179008  (    3456   11219)
          99   34.719446   72.112171  (    3568   11219)
         100   34.720331   72.100710  (    3609   11219)
