        Rank        RMSE       MaxAE  Feature_ID
           1   23.817516   56.632553  (      20    2304)
           2   24.010390   60.181954  (       1   10001)
           3   24.028371   60.073946  (       1   10002)
           4   24.397613   64.000691  (       1   10012)
           5   24.404658   57.898415  (       1   10003)
           6   24.477281   58.057438  (       1   10004)
           7   24.591075   58.460326  (      27   18036)
           8   24.631348   55.780900  (     962    2304)
           9   24.633993   56.832869  (      37   10838)
          10   24.635181   53.298196  (    1728   10486)
          11   24.651154   58.517126  (    1728   19564)
          12   24.670596   63.754535  (       1   10008)
          13   24.682895   55.811018  (      27   18868)
          14   24.730191   55.980670  (       9    2304)
          15   24.765030   63.540464  (       1   10007)
          16   24.775784   58.047566  (      27   11530)
          17   24.779962   71.651584  (       1   10022)
          18   24.802474   55.352828  (       1   10009)
          19   24.823905   53.004710  (       1   10005)
          20   24.824802   55.863050  (    5224    7594)
          21   24.837231   57.620537  (       1   10010)
          22   24.872868   54.817690  (    1728   11567)
          23   24.875606   53.780845  (       1   10006)
          24   24.923190   59.237670  (      20   19327)
          25   24.961055   59.047787  (      20   14600)
          26   24.976686   56.136746  (      37   18789)
          27   25.001931   63.722890  (       1   10013)
          28   25.005947   60.552035  (      27   10346)
          29   25.040176   65.105086  (      27   10664)
          30   25.043487   56.213489  (    1728   11939)
          31   25.044459   58.893721  (       1   10795)
          32   25.095668   58.893902  (       1   10011)
          33   25.102378   55.740619  (      37   13769)
          34   25.103220   57.912400  (      27   15592)
          35   25.112907   56.438628  (      27   16657)
          36   25.116391   57.830196  (      27   11083)
          37   25.124029   61.443645  (      27   11191)
          38   25.137028   55.531800  (      37   14846)
          39   25.167984   56.791313  (     108    2304)
          40   25.176785   56.377031  (    1728   11999)
          41   25.181947   58.153608  (      27   13205)
          42   25.208920   59.314382  (      20   15140)
          43   25.215404   56.844870  (     138    2304)
          44   25.219490   55.140878  (       1   10016)
          45   25.219986   57.824279  (     321    2304)
          46   25.225276   56.257086  (      22    2304)
          47   25.233722   57.816866  (      61    2304)
          48   25.249904   60.040203  (      27   11276)
          49   25.257231   57.420687  (      27   14387)
          50   25.258942   57.868653  (      27   10723)
          51   25.265426   59.288305  (      20   19915)
          52   25.277551   66.614988  (       1   10015)
          53   25.282114   59.056005  (      27   10411)
          54   25.287548   59.982207  (       1   10014)
          55   25.300111   58.142459  (      27   14495)
          56   25.305861   64.040578  (      27   18074)
          57   25.308980   58.138439  (       1   10024)
          58   25.317609   64.640012  (    6590   19564)
          59   25.318747   59.618310  (       1   10017)
          60   25.323724   64.773799  (       1   10125)
          61   25.325694   51.653600  (    1728   10394)
          62   25.330095   59.456759  (       1   10018)
          63   25.330189   59.654258  (    9424   11132)
          64   25.330331   58.309439  (       1   10025)
          65   25.330407   58.378568  (      27   14045)
          66   25.333108   58.804468  (      27   10446)
          67   25.347436   56.423783  (     426    2304)
          68   25.347687   60.263569  (       1   10019)
          69   25.348460   57.303541  (    1289    2304)
          70   25.363433   53.068093  (    1728   10444)
          71   25.365180   59.089432  (      27   19205)
          72   25.366446   69.865996  (       1   10931)
          73   25.380606   59.961165  (       1   10020)
          74   25.390213   58.570389  (       1   10028)
          75   25.391365   75.457100  (       1   10711)
          76   25.392159   59.744045  (       1   10021)
          77   25.398130   57.447280  (      27   11075)
          78   25.402258   59.541551  (       1   10023)
          79   25.403382   56.584213  (      27   11012)
          80   25.404434   66.049222  (      27   13578)
          81   25.429626   59.513499  (      27   10705)
          82   25.432139   57.856644  (      27   11082)
          83   25.434603   56.765545  (     259    2304)
          84   25.437009   57.705226  (      27   15939)
          85   25.440062   62.286830  (    9424   19559)
          86   25.445114   58.345065  (       1   10032)
          87   25.447014   59.676026  (       1   10027)
          88   25.451967   55.611084  (      27   13277)
          89   25.459394   63.411766  (    2381   10514)
          90   25.459769   61.893490  (       1   10336)
          91   25.460663   70.201051  (      27   11341)
          92   25.466450   71.589623  (       1   10073)
          93   25.474487   60.834623  (       1   10026)
          94   25.475148   61.086011  (      27   11377)
          95   25.475346   62.665298  (      27   10682)
          96   25.482632   58.889196  (      27   11536)
          97   25.483013   62.662978  (       1   10866)
          98   25.484929   58.048466  (      27   11058)
          99   25.490977   59.919860  (      27   18102)
         100   25.491520   59.892022  (      27   11627)
