Model_ID, [(c_i,i=0,n)_j,j=1,ntask]
           1    0.1675448186E+02    0.8828770155E+02   -0.1459576093E+03
           2    0.1510980420E+02    0.9070993593E+02   -0.1397939685E+03
           3    0.1837948841E+02   -0.4121075820E+02   -0.1895844709E+03
           4    0.1712509488E+02    0.4869272911E+02   -0.1142184925E+03
           5    0.1653664756E+02    0.4977057433E+02   -0.1351285760E+03
           6    0.1775699301E+02    0.4206917855E+02   -0.1188539323E+03
           7    0.1643903153E+02    0.5030487222E+02   -0.1400566954E+03
           8    0.1696102455E+02    0.4540712458E+02   -0.2059986882E+03
           9    0.5398009402E+02   -0.4363003768E+02    0.1287802175E+03
          10    0.2029789434E+02   -0.5179721259E+02    0.1767326374E+03
          11    0.1712115732E+02    0.4885666059E+02   -0.1082210210E+03
          12    0.1884288534E+02    0.4119250851E+02   -0.1192048236E+03
          13    0.4084277161E+02   -0.3123045520E+02   -0.1952418843E+03
          14    0.1842887537E+02    0.4231438854E+02   -0.1157094914E+03
          15    0.1870850526E+02    0.4174188658E+02   -0.1147066055E+03
          16    0.4077148329E+02   -0.3117167736E+02   -0.1959743006E+03
          17    0.1418513235E+02    0.4613124292E+02   -0.2153222053E+03
          18    0.1765420500E+02    0.4538859311E+02   -0.1337612354E+03
          19    0.1594703451E+02   -0.3664616698E+02   -0.2106541813E+03
          20    0.5392619840E+02   -0.4376974923E+02    0.1289512597E+03
          21    0.1851562752E+02    0.4115472296E+02   -0.1101454232E+03
          22    0.1773342900E+02    0.4249876262E+02   -0.1134069139E+03
          23    0.1866970378E+02    0.4442829911E+02   -0.1997334504E+03
          24    0.1908784029E+02    0.2788607951E+02   -0.1848747780E+03
          25    0.3905323074E+02   -0.3124427345E+02   -0.2051320035E+03
          26    0.1883263519E+02    0.4391788854E+02   -0.2075882811E+03
          27    0.1832570962E+02    0.4280747897E+02   -0.1109759230E+03
          28    0.1614861680E+02    0.4936889212E+02   -0.1278936316E+03
          29    0.3897661771E+02   -0.3118848602E+02   -0.2060120074E+03
          30    0.1947533894E+02    0.4236170815E+02    0.1814961822E+03
          31    0.1718771855E+02    0.4533702210E+02   -0.1053217099E+03
          32    0.1377964271E+02    0.4795202300E+02   -0.1904477117E+03
          33    0.1933316005E+02    0.4095166108E+02   -0.1799345756E+03
          34    0.1863049750E+02   -0.3944342473E+02   -0.1991110968E+03
          35    0.1675295666E+02    0.5029621200E+02    0.1244535800E+03
          36    0.1851425678E+02    0.4149621120E+02   -0.1218837412E+03
          37    0.1769583608E+02    0.4069797053E+02   -0.1330095806E+03
          38    0.1556291922E+02    0.9251354665E+02   -0.1509785566E+03
          39    0.2096693470E+02    0.5090974051E+02    0.1740443272E+03
          40    0.1701019402E+02    0.4565196900E+02   -0.1949859552E+03
          41    0.1514960290E+02    0.9096679773E+02   -0.1391217882E+03
          42    0.1779004001E+02    0.4065914582E+02   -0.1328161311E+03
          43    0.1723416596E+02   -0.4032180137E+02   -0.2114794982E+03
          44    0.1937646722E+02    0.2037017256E+02   -0.1792579507E+03
          45    0.1834581845E+02    0.4182687459E+02   -0.1174838245E+03
          46    0.1840289025E+02    0.4202300476E+02   -0.1170630765E+03
          47    0.4050608442E+02   -0.3040980782E+02    0.1975900462E+03
          48    0.1543973974E+02    0.8319707522E+02    0.1405535495E+03
          49    0.1756901083E+02    0.4267440639E+02   -0.1170575504E+03
          50    0.1854087820E+02    0.4479287786E+02   -0.1921800530E+03
          51    0.1709676472E+02    0.2016001955E+02   -0.2066706249E+03
          52    0.1677143858E+02    0.4861792143E+02   -0.1331307653E+03
          53    0.1855711216E+02    0.4197867728E+02    0.1147228192E+03
          54    0.1707826252E+02    0.4049008496E+02   -0.2069140323E+03
          55    0.5413298528E+02   -0.4383911191E+02    0.9690616121E+02
          56    0.1837636889E+02    0.4775619619E+02   -0.1128246297E+03
          57    0.1551385748E+02    0.4930767026E+02   -0.1365437031E+03
          58    0.1714189079E+02    0.4010916822E+02   -0.2062274572E+03
          59    0.1844485476E+02    0.4248964167E+02    0.1100894032E+03
          60    0.1635478492E+02    0.5001137174E+02    0.1447866391E+03
          61    0.1944432676E+02    0.4048794579E+02   -0.1784047042E+03
          62    0.1596378216E+02    0.4927462868E+02   -0.1343857562E+03
          63    0.1842851230E+02    0.4520448515E+02   -0.1837471332E+03
          64    0.1874788940E+02    0.4044789422E+02   -0.1130540945E+03
          65    0.1701463975E+02    0.8527269944E+02    0.2637695914E+03
          66    0.5408425683E+02   -0.4399246238E+02    0.9712483955E+02
          67    0.1742927716E+02    0.4877373265E+02   -0.9864470544E+02
          68    0.1706900478E+02    0.8524796168E+02    0.1494059364E+03
          69    0.1770880883E+02    0.4064253478E+02   -0.1329288565E+03
          70    0.1868564266E+02    0.2316229843E+02   -0.2101249432E+03
          71    0.2764888328E+02    0.7924182988E+02   -0.2078290875E+03
          72    0.1857657854E+02    0.4226765616E+02   -0.1106487915E+03
          73    0.1779947806E+02    0.4060957396E+02   -0.1327448729E+03
          74    0.1893408043E+02    0.4446368050E+02   -0.1142686741E+03
          75    0.1927668634E+02    0.4559477450E+02   -0.1902075641E+03
          76    0.1863998718E+02    0.4115732449E+02   -0.1210310891E+03
          77    0.1694419342E+02    0.4849990371E+02   -0.1321656008E+03
          78    0.1641653388E+02   -0.4284688339E+02   -0.1293610126E+03
          79    0.1874507898E+02    0.4113766729E+02   -0.1206234430E+03
          80    0.1653326351E+02    0.4892070928E+02    0.1322970947E+03
          81    0.1842532306E+02    0.4141069711E+02   -0.1204185056E+03
          82    0.1854969133E+02    0.4116420149E+02   -0.1210109096E+03
          83    0.1852012785E+02    0.4170074075E+02   -0.1163057942E+03
          84    0.1688004891E+02    0.8710921543E+02    0.1484645876E+03
          85    0.1846293042E+02    0.4277069192E+02   -0.1061271652E+03
          86    0.1552211347E+02    0.8280724007E+02   -0.1398925552E+03
          87    0.1671888397E+02    0.4878408347E+02   -0.1316854741E+03
          88    0.2014657482E+02    0.5164794391E+02    0.1761527341E+03
          89    0.1858603617E+02    0.4280017003E+02    0.8294354398E+03
          90    0.1888731449E+02    0.4087604450E+02   -0.1207350690E+03
          91    0.1750490463E+02    0.4795097364E+02   -0.1301386559E+03
          92    0.1831873865E+02    0.4194003755E+02   -0.1156070812E+03
          93    0.1875192712E+02    0.4143651988E+02   -0.1161360154E+03
          94    0.1647860108E+02    0.4530631612E+02    0.1283928652E+03
          95    0.1771069643E+02    0.4675889131E+02    0.1144461793E+03
          96    0.4091664699E+02   -0.3239481356E+02   -0.2013416230E+03
          97    0.1722262006E+02    0.4816035363E+02   -0.1313871353E+03
          98    0.1620574321E+02    0.4699887117E+02   -0.1249349657E+03
          99    0.4099788933E+02   -0.3244758160E+02   -0.2003941770E+03
         100    0.1573156245E+02    0.4957732516E+02   -0.1364502648E+03
