        Rank        RMSE       MaxAE  Feature_ID
           1    8.911633   22.294820  (    8628   10807)
           2    8.953617   20.920536  (    8628   11167)
           3    8.961068   24.057941  (    9480   10011)
           4    8.979207   29.482803  (    1433   11679)
           5    9.011493   30.230378  (     534   10414)
           6    9.013950   27.998505  (    1433   10038)
           7    9.019955   30.533808  (     534   10449)
           8    9.022358   25.774749  (    1433   10095)
           9    9.047422   32.940833  (       4   11458)
          10    9.054734   30.873834  (    4289   10416)
          11    9.061642   32.678946  (     394   11679)
          12    9.068696   28.646976  (    1433   10049)
          13    9.073891   29.530405  (    1633   10002)
          14    9.077558   28.705390  (    1433   10022)
          15    9.077970   31.422766  (     394   10049)
          16    9.081123   29.544616  (    1633   10004)
          17    9.082686   24.316679  (    8697   10007)
          18    9.082777   27.049761  (     838   10807)
          19    9.083251   25.695962  (    4724   10007)
          20    9.083346   32.863943  (       8   11458)
          21    9.085654   30.760589  (     394   10493)
          22    9.091494   30.846781  (     394   10038)
          23    9.092391   29.911669  (     394   10084)
          24    9.093612   26.724189  (    7083   10011)
          25    9.104307   28.520817  (    9797   10002)
          26    9.104701   26.888334  (    1433   10084)
          27    9.105099   31.547340  (     394   10022)
          28    9.105584   29.442502  (     534   10334)
          29    9.105965   28.540846  (    9797   10004)
          30    9.111742   31.884553  (    2116   16253)
          31    9.114813   29.976496  (    1433   10037)
          32    9.121569   24.699116  (    1433   10154)
          33    9.122888   24.835767  (    3671   10011)
          34    9.125737   23.538005  (    9480   10020)
          35    9.127434   30.408778  (     534   10293)
          36    9.127852   28.550181  (    1433   10048)
          37    9.130612   30.526870  (     837   10807)
          38    9.134178   22.014430  (    8628   10449)
          39    9.134320   31.121813  (    3640   10416)
          40    9.134800   28.951267  (     394   10095)
          41    9.134850   20.988490  (    8628   10334)
          42    9.136113   30.593013  (     813   10807)
          43    9.139342   22.622106  (    6309   10007)
          44    9.140405   24.776568  (    3495   10011)
          45    9.140695   31.188709  (     394   10010)
          46    9.146366   31.346790  (     394   10048)
          47    9.146707   29.730209  (    8610   16308)
          48    9.150900   22.984304  (    8628   10486)
          49    9.151077   30.888302  (     394   10033)
          50    9.155158   27.022532  (    1433   10603)
          51    9.156793   22.456533  (    3495   10007)
          52    9.158090   29.840506  (     534   10140)
          53    9.158956   28.633977  (    1433   10019)
          54    9.160696   22.518806  (    3671   10007)
          55    9.163746   30.599897  (       4   15463)
          56    9.167095   30.229883  (    1949   11679)
          57    9.170404   29.018498  (    2459   10807)
          58    9.176056   22.400689  (    3514   10007)
          59    9.178553   31.457824  (     394   10019)
          60    9.178745   30.436444  (     534   13153)
          61    9.181181   24.721736  (    3514   10011)
          62    9.181865   29.391995  (    1505   10807)
          63    9.182580   30.096523  (     394   10603)
          64    9.183529   27.995541  (    1433   10493)
          65    9.191518   22.564967  (    8628   18128)
          66    9.193996   30.521452  (       8   15463)
          67    9.195242   29.536099  (    1433   12168)
          68    9.197269   22.150598  (    8628   14893)
          69    9.198316   30.505222  (    1091   10807)
          70    9.198942   29.643323  (    2568   11574)
          71    9.199849   25.001907  (    3967   11855)
          72    9.199872   28.684132  (    1433   10031)
          73    9.200787   30.571518  (    1052   10807)
          74    9.201716   30.697777  (     394   10434)
          75    9.203161   31.178375  (     394   11642)
          76    9.203209   28.478483  (    1433   10044)
          77    9.206282   29.928113  (     534   10371)
          78    9.207310   31.857212  (     470   10807)
          79    9.208713   28.561853  (    1433   10121)
          80    9.214001   29.728577  (     534   11132)
          81    9.214328   28.375585  (    1433   10053)
          82    9.214403   28.391119  (    1433   10010)
          83    9.214500   31.256521  (     394   10044)
          84    9.217815   22.275132  (    8628   15095)
          85    9.218189   31.524322  (     394   10031)
          86    9.219623   22.962608  (    8628   10704)
          87    9.219642   29.829713  (     534   10383)
          88    9.220212   30.647567  (    6725   10416)
          89    9.222174   29.147368  (     394   10052)
          90    9.227494   28.573748  (    1433   10054)
          91    9.230304   30.161377  (     534   10249)
          92    9.230556   31.173058  (     394   10053)
          93    9.231159   31.331122  (     394   10054)
          94    9.232811   30.597994  (     534   10486)
          95    9.233073   29.085578  (    1433   10471)
          96    9.235120   30.086348  (    7148   10004)
          97    9.235444   30.017234  (     534   10444)
          98    9.235668   30.988464  (     534   11276)
          99    9.237292   30.067389  (    7148   10002)
         100    9.238502   29.366716  (    3118   10807)
