Model_ID, [(c_i,i=0,n)_j,j=1,ntask]
           1    0.2587379063E+01    0.1449814744E+02    0.2595750989E+04
           2    0.2322695500E+01    0.1220863134E+02    0.1157420360E+04
           3    0.1811176413E+01    0.1232138153E+02    0.2645390073E+04
           4    0.3123738925E+01    0.1378994189E+02    0.2596155794E+04
           5    0.2082978472E+01    0.1226116708E+02    0.1386548582E+04
           6    0.2505208798E+01    0.1466669862E+02    0.8368969648E+03
           7    0.3124369509E+01    0.1431125747E+02    0.1120884059E+04
           8    0.2568981863E+01    0.1573848201E+02    0.1098403877E+04
           9    0.2415838576E+01    0.1226842927E+02    0.1115312702E+04
          10    0.2324150661E+01    0.1582744584E+02    0.1322367178E+04
          11    0.2536855506E+01    0.1464108122E+02    0.8349092993E+03
          12    0.2889027059E+01    0.1437937448E+02    0.1345034344E+04
          13    0.1922685604E+01    0.1237889315E+02    0.2548774664E+04
          14    0.3406699461E+01    0.1369517063E+02    0.1351366227E+04
          15    0.2189537296E+01    0.1231501564E+02    0.1334020585E+04
          16    0.3662802584E+01    0.1360006935E+02    0.1117790209E+04
          17    0.3925686727E+01    0.1475008611E+02    0.3752913822E+03
          18    0.2667366778E+01    0.1464419389E+02    0.2476252105E+04
          19    0.2556164533E+01    0.1586978450E+02    0.1054328358E+04
          20    0.2957525812E+01    0.4331453551E+02    0.4932283742E+03
          21    0.2922922908E+01    0.1457081203E+02    0.1296190246E+04
          22    0.2519674481E+01    0.1445133846E+02    0.7582558597E+03
          23    0.2669321318E+01    0.1453160085E+02    0.8210259323E+03
          24    0.2025370743E+01    0.1577474774E+02    0.8245187470E+03
          25    0.2337123788E+01    0.1593456395E+02    0.1262609254E+04
          26    0.2305751500E+01    0.8895083626E+01    0.2507057203E+04
          27    0.3458741264E+01    0.1408153618E+02    0.7122098284E+03
          28    0.2057218583E+01    0.1574780231E+02    0.8226107667E+03
          29    0.2153522807E+01    0.1579160059E+02    0.2461978047E+04
          30    0.2284251126E+01    0.1486831046E+02    0.8303458503E+03
          31    0.2391078970E+01    0.1793605233E+02    0.1396192059E+03
          32    0.2952968350E+01    0.4353570597E+02    0.4840646160E+03
          33    0.3653475155E+01    0.4032237085E+02    0.5047659346E+03
          34    0.2596740797E+01    0.1431486726E+02    0.8356367896E+03
          35    0.1918848262E+01    0.1256430255E+02    0.8047521297E+03
          36    0.1990540101E+01    0.1182527261E+02    0.1026494573E+03
          37    0.2653219841E+01    0.1414087409E+02    0.1066721152E+04
          38    0.3192097691E+01    0.1444611224E+02    0.1064905215E+04
          39    0.2470156146E+01    0.1807650683E+02    0.1359461642E+03
          40    0.3222108482E+01    0.1235891582E+02   -0.6194948182E+03
          41    0.2812577633E+01   -0.2752048447E+02   -0.8287125461E+02
          42    0.2627739361E+01    0.1429037577E+02    0.8337813218E+03
          43    0.2504163933E+01    0.1779767454E+02    0.1052037925E+03
          44    0.2807311788E+01    0.1148326311E+02    0.5933743478E+02
          45    0.1952080105E+01    0.1254152157E+02    0.8024425803E+03
          46    0.2861290868E+01    0.1158241972E+02    0.5759665100E+02
          47    0.2317340610E+01    0.1464699746E+02   -0.5590646096E+02
          48    0.1818466488E+01    0.1217346997E+02    0.8545240184E+03
          49    0.2476317822E+01    0.1182365223E+02    0.5941134119E+02
          50    0.2435334218E+01    0.1175633952E+02    0.5237149130E+02
          51    0.2447250391E+01    0.1260395749E+02    0.6757884877E+03
          52    0.1995276477E+01    0.1818301945E+02    0.2513864585E+04
          53    0.3029824589E+01    0.1595484922E+02   -0.1112056538E+04
          54    0.3117818565E+01    0.1362521262E+02    0.8378951116E+03
          55    0.3246661294E+01   -0.1506845872E+02    0.3781396428E+03
          56    0.2031588403E+01    0.1590896389E+02    0.7915528453E+03
          57    0.2536374703E+01    0.1528284425E+02    0.5011361506E+02
          58    0.2692591098E+01    0.1376963960E+02    0.1025400786E+03
          59    0.3033765184E+01   -0.2803426996E+02   -0.7886517067E+02
          60    0.2876775932E+01    0.1764638031E+02    0.5734909349E+02
          61    0.2454286743E+01    0.1177769491E+02    0.5970653945E+02
          62    0.3319952935E+01    0.1500854277E+02    0.3779591059E+03
          63    0.2321514641E+01    0.1178899422E+02    0.4156688628E+02
          64    0.2623823193E+01    0.1772177857E+02    0.1371484683E+03
          65    0.2616739946E+01    0.1168341001E+02    0.5936074873E+02
          66    0.1852032373E+01    0.1215165366E+02    0.8525253317E+03
          67    0.2144935903E+01    0.1593760353E+02    0.2369966057E+04
          68    0.2580293151E+01    0.1536133164E+02    0.5675696483E+02
          69    0.1763753252E+01    0.1451648675E+02    0.8241532350E+03
          70    0.2552118446E+01    0.1172006933E+02    0.5946621895E+02
          71    0.2460421119E+01    0.1786878968E+02    0.1382827083E+03
          72    0.2473567127E+01    0.1782183993E+02    0.1381754846E+03
          73    0.2338134251E+01    0.1181900095E+02    0.5859546764E+02
          74    0.5080511315E+01   -0.1938214558E+02   -0.2702147910E+03
          75    0.2292634826E+01    0.1186859147E+02    0.5881248203E+02
          76    0.1919565136E+01    0.1224466469E+02    0.8250039332E+03
          77    0.2673613623E+01    0.1396764892E+02    0.1320295641E+03
          78    0.3147753946E+01    0.1360211286E+02    0.8361029205E+03
          79    0.1918971645E+01    0.1187897831E+02    0.1347062938E+03
          80    0.2087576811E+01    0.1421433132E+02    0.8089649928E+03
          81    0.2671623909E+01    0.1165139035E+02    0.5900678454E+02
          82    0.1812835765E+01    0.2973909418E+02    0.4856438540E+03
          83    0.2062517664E+01    0.1588252079E+02    0.7896353687E+03
          84    0.2022269010E+01   -0.1827337213E+02    0.2475527674E+04
          85    0.2926278092E+01    0.1506691912E+02    0.3666218206E+03
          86    0.3183377033E+01    0.1311554732E+02    0.1031407855E+03
          87    0.2839545333E+01    0.1698103494E+02    0.5060932948E+03
          88    0.2222747900E+01    0.1810221885E+02    0.1416092586E+03
          89    0.1151459837E+01   -0.1713972488E+02    0.2496807919E+04
          90    0.3376249411E+01   -0.1934328519E+02    0.1314714629E+04
          91    0.2474201671E+01    0.1785544739E+02    0.1379862621E+03
          92    0.2974242414E+01   -0.2731088912E+02   -0.8221876362E+02
          93    0.2846838880E+01    0.1697352654E+02    0.5059224992E+03
          94    0.2620627979E+01    0.1772418066E+02    0.1369710671E+03
          95    0.1825512266E+01    0.1137312159E+02   -0.1106935010E+04
          96    0.2082674802E+01    0.9920238569E+01    0.1304001073E+04
          97    0.2921336807E+01    0.1129895361E+02   -0.1062314660E+04
          98    0.3858681823E+01    0.1503719949E+02    0.3481207412E+03
          99    0.3227975730E+01    0.1661893878E+02    0.8052108283E+03
         100    0.1836089043E+01    0.9959125290E+01    0.2481055049E+04
