Model_ID, [(c_i,i=0,n)_j,j=1,ntask]
           1    0.2817491506E+03    0.2188807838E+03    0.1188430976E+04
           2    0.2822071571E+03   -0.2428339552E+03    0.7623068364E+03
           3    0.2825706497E+03    0.2083727787E+03   -0.1435618439E+04
           4    0.2865343992E+03   -0.2486844883E+03   -0.1574579717E+04
           5    0.2845218061E+03    0.2144034447E+03    0.1236022119E+04
           6    0.2802362197E+03    0.2170389606E+03    0.7735714238E+03
           7    0.1961791278E+03    0.1277739930E+03   -0.1355438479E+04
           8    0.2807089965E+03    0.2177622823E+03    0.7755827327E+03
           9    0.1671161212E+03    0.9807800446E+02   -0.1278287340E+04
          10    0.2785980537E+03    0.2032285170E+03    0.6840232557E+03
          11    0.1535324496E+03    0.1088558732E+03   -0.1375093579E+04
          12    0.2851729058E+03    0.2034073751E+03   -0.1480260451E+04
          13    0.2812444657E+03    0.2198177928E+03    0.7779340423E+03
          14    0.2811411326E+03    0.2191853520E+03    0.7749062743E+03
          15    0.2811987387E+03    0.2177351201E+03    0.7686280007E+03
          16    0.2809548321E+03    0.2182146394E+03    0.7683155269E+03
          17    0.2806393530E+03    0.2176713938E+03    0.7613275227E+03
          18    0.2814273341E+03    0.2178741192E+03    0.7699992109E+03
          19    0.1942348783E+03    0.1196967085E+03   -0.1322882023E+04
          20    0.2806998058E+03    0.2186693884E+03    0.7673550663E+03
          21    0.2812151690E+03    0.2186415623E+03    0.7720487291E+03
          22    0.2802976377E+03    0.2170643950E+03    0.7519908456E+03
          23    0.2825660613E+03    0.2137642211E+03    0.7529466016E+03
          24    0.2803844577E+03    0.2183357591E+03    0.7608272749E+03
          25    0.2786846745E+03    0.2205021768E+03    0.6255865362E+03
          26    0.2804051631E+03    0.2176500848E+03    0.6073433939E+03
          27    0.2807243804E+03    0.2171639133E+03   -0.7591610058E+03
          28    0.2817100304E+03    0.2174753941E+03    0.7673372938E+03
          29    0.2828343263E+03    0.2119635471E+03    0.7953922492E+03
          30    0.2814048184E+03    0.2189278672E+03    0.7724181243E+03
          31    0.1894923911E+03    0.1249242308E+03    0.1076510288E+04
          32    0.2799013589E+03    0.2182859573E+03    0.7516172806E+03
          33    0.2001559800E+03    0.1262090770E+03   -0.1447113667E+04
          34    0.2805365558E+03    0.2163781789E+03   -0.7512281419E+03
          35    0.2788806813E+03    0.2181882660E+03    0.5918672145E+03
          36    0.2772877358E+03    0.2171547324E+03   -0.7171625192E+03
          37    0.2209762622E+03    0.1469912598E+03   -0.8667743304E+03
          38    0.2802948719E+03    0.2216281287E+03    0.3700907597E+03
          39    0.2772065440E+03    0.2126453648E+03    0.7203988704E+03
          40    0.2099347765E+03    0.1543750234E+03   -0.7916157103E+03
          41    0.2832989064E+03    0.2125193432E+03    0.7948045405E+03
          42    0.2830855115E+03    0.2108888133E+03    0.7284131096E+03
          43    0.1617246870E+03    0.1017248255E+03    0.1011930373E+04
          44    0.2776998344E+03    0.2177743204E+03    0.7175786104E+03
          45    0.2810151139E+03    0.2182827856E+03    0.7512676227E+03
          46    0.1812500138E+03    0.1358735039E+03   -0.1447954882E+04
          47    0.1977072393E+03    0.1184578282E+03   -0.1404705248E+04
          48    0.1546099516E+03    0.1026677813E+03   -0.1343523368E+04
          49    0.2843071500E+03    0.2141465574E+03    0.7709038528E+03
          50    0.2781793207E+03    0.2017811981E+03   -0.1296801264E+04
          51    0.2838900443E+03    0.2146686571E+03    0.7988437365E+03
          52    0.2229992710E+03    0.1542290086E+03   -0.7836870352E+03
          53    0.1622355825E+03    0.9681850913E+02    0.1038014433E+04
          54    0.2222286429E+03    0.1544717489E+03   -0.7711581923E+03
          55    0.2841422536E+03    0.2142324693E+03    0.8006525056E+03
          56    0.2092537504E+03    0.1543660079E+03   -0.7734229232E+03
          57    0.2198667708E+03    0.1535100964E+03   -0.8497354288E+03
          58    0.2202567715E+03    0.1469300082E+03   -0.8460787050E+03
          59    0.2214840816E+03    0.1489698478E+03   -0.1359610863E+04
          60    0.2771395915E+03    0.2105569537E+03    0.1057273516E+04
          61    0.2837543824E+03    0.2139160762E+03    0.7938278799E+03
          62    0.2786166459E+03    0.2087850145E+03   -0.1280642663E+04
          63    0.2799592832E+03    0.2208177172E+03    0.5082414814E+03
          64    0.2838686651E+03    0.2135833825E+03    0.7943717352E+03
          65    0.2780849340E+03    0.2190444775E+03    0.7158594355E+03
          66    0.2786392949E+03    0.2210923451E+03    0.7425901146E+03
          67    0.2776867891E+03    0.2176905421E+03    0.7053751318E+03
          68    0.1693730410E+03    0.1144282638E+03   -0.1179505927E+04
          69    0.2768569950E+03    0.2114909700E+03    0.7048896368E+03
          70    0.2779408792E+03    0.2181592717E+03    0.7105072074E+03
          71    0.1663357163E+03    0.9555536538E+02    0.5928292725E+03
          72    0.1946177682E+03    0.1242502836E+03    0.6280725001E+03
          73    0.2837705427E+03    0.2123249375E+03    0.7850831812E+03
          74    0.2732680151E+03    0.2123731543E+03    0.5925671001E+03
          75    0.2851561074E+03    0.2084800533E+03    0.7710269169E+03
          76    0.2774573159E+03    0.2183198642E+03    0.7052862023E+03
          77    0.1736485061E+03    0.1156075082E+03    0.6450387894E+03
          78    0.2830029169E+03    0.2124654435E+03    0.6233244742E+03
          79    0.2783546355E+03    0.2178012169E+03    0.7108524378E+03
          80    0.2779295926E+03    0.2217325207E+03    0.3507515248E+03
          81    0.2835226166E+03    0.2127822370E+03    0.7844489668E+03
          82    0.2139856882E+03    0.1326866236E+03    0.2770702546E+03
          83    0.2781556608E+03    0.2185210305E+03    0.7128879558E+03
          84    0.1682918558E+03    0.1122579651E+03    0.5699343645E+03
          85    0.2191491630E+03    0.1534753555E+03   -0.8299604470E+03
          86    0.1613542747E+03    0.1008819918E+03    0.6543462159E+03
          87    0.2794422980E+03    0.2139457493E+03    0.6946739962E+03
          88    0.2777656595E+03    0.2172000236E+03   -0.7029969078E+03
          89    0.2802419136E+03    0.2096871281E+03    0.5879912810E+03
          90    0.2812398844E+03    0.2151394798E+03    0.6397601592E+03
          91    0.2839947454E+03    0.2124076678E+03    0.7856033827E+03
          92    0.2642910319E+03    0.1988189416E+03    0.2604439298E+03
          93    0.2829478918E+03    0.2129329266E+03    0.7773201027E+03
          94    0.2832632465E+03    0.2132137598E+03    0.7831453864E+03
          95    0.2770551870E+03    0.2183124815E+03    0.6983115919E+03
          96    0.2194287384E+03    0.1450942895E+03   -0.7293981022E+03
          97    0.1657790383E+03    0.1003636807E+03    0.6759113942E+03
          98    0.1871989431E+03    0.1221787894E+03    0.1017134604E+04
          99    0.2786137071E+03    0.2174044960E+03   -0.7078454836E+03
         100    0.1681058402E+03    0.9258694006E+02   -0.1250596015E+04
