     Index              y_true              y_pred        descriptor_1        descriptor_2
         1    0.1546000000E+02    0.9738954914E+01    0.1897891833E+00   -0.1837910000E-02
         2    0.1560000000E+01    0.3511629410E+01    0.6210753435E-02    0.1172098000E-01
         3    0.7530000000E+01    0.1472712054E+02    0.2641098572E+00    0.2631450000E-01
         4    0.2141000000E+02    0.2421067905E+02    0.5450615465E+00    0.4924860000E-02
         5    0.5650000000E+01    0.3923438479E+01    0.2116720030E-01    0.9313480000E-02
         6    0.1799000000E+02    0.2395157098E+02    0.5251300245E+00    0.1208340000E-01
         7    0.2309000000E+02    0.2494517201E+02    0.3843888225E+00    0.1011298400E+00
         8    0.7980000000E+01    0.2829742928E+01    0.1097185057E-01   -0.1314000000E-03
         9    0.1925000000E+02    0.1566241516E+02    0.7986356669E+00   -0.2476657600E+00
        10    0.2280000000E+01    0.1833423889E+01    0.0000000000E+00   -0.7831890000E-02
        11    0.1470000000E+02    0.1839121581E+02    0.4312607174E+00   -0.1338513000E-01
        12    0.6970000000E+01    0.5333554771E+01    0.3367093976E-01    0.2183488000E-01
        13    0.1012000000E+02    0.1421577134E+02    0.2811022214E+00    0.1022643000E-01
        14    0.4810000000E+01    0.6665077158E+01    0.8195194751E-01    0.1409265000E-01
        15    0.3850000000E+02    0.3067905065E+02    0.5723711085E+00    0.7847982000E-01
        16    0.5980000000E+01    0.4226830485E+01    0.2824741423E-01    0.9652600000E-02
        17    0.4660000000E+01    0.7498658688E+01    0.7020217981E-01    0.3176250000E-01
        18    0.2977000000E+02    0.2459895732E+02    0.7252591132E+00   -0.8644335000E-01
        19    0.4390000000E+01    0.3462628108E+01    0.2449700671E-01    0.1243540000E-02
        20    0.2305000000E+02    0.3019091489E+02    0.8778214860E+00   -0.9202844000E-01
        21    0.6140000000E+01    0.4074888984E+01    0.1795092460E-01    0.1310400000E-01
        22    0.6070000000E+01    0.4738547429E+01    0.0000000000E+00    0.3178320000E-01
        23    0.1002000000E+02    0.1912973193E+02    0.5777408368E+00   -0.8189044000E-01
        24    0.7350000000E+01    0.7737198560E+01    0.1499428688E+00   -0.7759780000E-02
        25    0.1040000000E+01    0.2555247868E+01    0.2926259072E+00   -0.1549614000E+00
        26    0.4660000000E+01    0.5651796207E+01    0.5039811172E-01    0.1720160000E-01
        27    0.4360000000E+01    0.6672667618E+01    0.1117493824E+00   -0.1788000000E-02
        28    0.2613000000E+02    0.2546555963E+02    0.4767532477E+00    0.5867920000E-01
        29    0.4060000000E+01    0.3245711894E+01    0.2227584596E-01   -0.5229000000E-03
        30    0.2347000000E+02    0.2380084042E+02    0.4799346223E+00    0.3427204000E-01
        31    0.4200000000E+00   -0.3993185293E+00    0.0000000000E+00   -0.3827820000E-01
        32    0.3600000000E+01    0.5385225181E+01    0.7614919368E-01   -0.2470200000E-03
        33    0.1316000000E+02    0.1015229194E+02    0.1922465736E+00    0.2480260000E-02
        34    0.1262000000E+02    0.1397887422E+02    0.4521041902E+00   -0.8473408000E-01
        35    0.2638000000E+02    0.2449291548E+02    0.7870000000E+00   -0.1210088600E+00
        36    0.4090000000E+02    0.2989335798E+02    0.7423673824E+00   -0.2342474000E-01
        37    0.1337000000E+02    0.1056970810E+02    0.2621307682E+00   -0.2931552000E-01
        38    0.1128000000E+02    0.1021583534E+02    0.1575003065E+00    0.2198560000E-01
        39    0.6650000000E+01    0.7656596952E+01    0.1269998943E+00    0.3448350000E-02
        40    0.2455000000E+02    0.2458925390E+02    0.4966603019E+00    0.3605096000E-01
        41    0.1000000000E+00    0.7944230979E+00    0.0000000000E+00   -0.2200000000E-01
        42    0.1576000000E+02    0.1624183921E+02    0.2711116534E+00    0.4321368000E-01
