        Rank        RMSE       MaxAE  Feature_ID
           1    3.692264   11.165446  (       1   10001)
           2    3.706944   10.753537  (       1   10002)
           3    3.765830   12.621670  (    3704   10003)
           4    3.778477   11.136425  (      68   10014)
           5    3.814832   12.890757  (    3704   10012)
           6    3.816922   11.430514  (    1815   10002)
           7    3.817617   10.099409  (      87   11327)
           8    3.822778   11.696366  (      10   10002)
           9    3.829540   10.717643  (    7881   10002)
          10    3.836443   11.716728  (     362   10002)
          11    3.839442   11.206887  (    1353   10578)
          12    3.841293   12.765490  (      82   10001)
          13    3.843233   12.967937  (    8871   10001)
          14    3.848108   11.354847  (    5276   10002)
          15    3.854351   12.072413  (    1255   10578)
          16    3.858129   12.955788  (    3704   10011)
          17    3.858269   12.904612  (     904   10002)
          18    3.860325    9.352212  (    8225   11327)
          19    3.860879   11.488312  (     172   10014)
          20    3.861329   12.212507  (       2   10310)
          21    3.862158    9.341122  (    8086   11327)
          22    3.863263   11.986247  (    1329   10578)
          23    3.863681   12.026212  (    1356   10578)
          24    3.865607   12.161239  (      10   10001)
          25    3.866515   11.844584  (     884   10578)
          26    3.867940   11.828697  (    1415   10002)
          27    3.868102   11.973623  (    1406   10578)
          28    3.868288   11.973272  (    1409   10578)
          29    3.868580   11.441465  (       1   10003)
          30    3.870012    9.613561  (    4544   11327)
          31    3.874247   11.180548  (     185   11327)
          32    3.874386   11.961616  (    1492   10578)
          33    3.877123   11.167525  (    2076   10578)
          34    3.877287   11.570164  (      98   10014)
          35    3.878132   10.635162  (      12   11327)
          36    3.878525   12.995505  (    2884   10002)
          37    3.878812   10.074261  (    1000   11327)
          38    3.879482   11.565294  (       1   10004)
          39    3.883217   11.367336  (       1   10006)
          40    3.884083   11.336628  (       1   10005)
          41    3.884308   10.899969  (     532   10014)
          42    3.888511   10.383916  (      51   11327)
          43    3.890489   10.863942  (     109   10014)
          44    3.891541   12.700648  (      34   17046)
          45    3.892831   11.887869  (    2545   10578)
          46    3.893785   14.106917  (    4924   10001)
          47    3.895718   11.520640  (       1   10007)
          48    3.897161    9.273464  (    9542   11327)
          49    3.897579   11.696757  (     149   10014)
          50    3.897774   10.369355  (     107   11327)
          51    3.900406   11.419328  (       1   10008)
          52    3.902671   10.234848  (     106   11327)
          53    3.906586   11.749686  (    5948   10002)
          54    3.906742   11.708423  (    1811   10014)
          55    3.906996   13.110867  (    3704   10028)
          56    3.907283   12.120162  (       1   10009)
          57    3.907922   11.154742  (     846   11327)
          58    3.908514   12.899571  (    3704   10067)
          59    3.909450   12.191469  (       2   10195)
          60    3.909921   11.814585  (    5117   12592)
          61    3.910178   11.760024  (       2   10775)
          62    3.910747   10.154624  (     888   11327)
          63    3.913955   13.348640  (     217   10004)
          64    3.914135   11.054459  (    3136   10002)
          65    3.916653   12.266809  (       1   10010)
          66    3.917278   10.130729  (     900   11327)
          67    3.918330   13.612023  (    3704   10557)
          68    3.918867   11.539658  (    2912   10002)
          69    3.920055    9.075558  (    2864   11327)
          70    3.920122   13.262711  (    3704   10033)
          71    3.920141   10.460747  (      61   11327)
          72    3.920165   11.877301  (    3483   12592)
          73    3.920574   12.028121  (     822   10002)
          74    3.921576   11.081445  (    3204   10002)
          75    3.922171    8.927619  (    8683   11327)
          76    3.922695   11.744080  (    4993   10002)
          77    3.924664   13.453675  (     217   12592)
          78    3.924687   12.178325  (    1022   10002)
          79    3.924779   11.685778  (       1   10011)
          80    3.926185   12.086621  (    2520   10578)
          81    3.926223   13.023337  (    3704   12592)
          82    3.927491   12.106682  (    2569   10578)
          83    3.928254   12.408182  (     150   12592)
          84    3.928696   12.935303  (      34   12592)
          85    3.928777   11.939269  (    3599   10578)
          86    3.930115   12.735133  (    8574   11320)
          87    3.930237   13.619422  (    3704   10008)
          88    3.930511   10.808944  (     117   11327)
          89    3.930546   11.689925  (     318   10014)
          90    3.932043   10.188489  (     594   11327)
          91    3.932774   11.068968  (    1051   10014)
          92    3.932944   12.726015  (    3704   10001)
          93    3.933244   11.490584  (     537   10014)
          94    3.933708   11.153644  (    3775   10578)
          95    3.933992   12.156188  (    2794   10578)
          96    3.934348   12.031995  (    3382   10578)
          97    3.935399   11.982574  (    2677   10578)
          98    3.935641   13.188434  (    3704   10039)
          99    3.935681   12.000465  (    2660   10578)
         100    3.936291   11.954791  (    3170   10578)
