Model_ID, [(c_i,i=0,n)_j,j=1,ntask]
           1    0.3244046811E+03   -0.2519541952E+03    0.2315039343E+03
           2    0.2360227509E+03    0.1015311757E+03    0.4022765434E+03
           3    0.3209048197E+03    0.2278867454E+03    0.2153859587E+03
           4    0.3107633214E+03    0.2083208519E+03    0.2483665867E+03
           5    0.3206501263E+03    0.2292072605E+03    0.2217308899E+03
           6    0.3241063541E+03   -0.2532483723E+03    0.2372259105E+03
           7    0.3236513125E+03   -0.2498367345E+03    0.2436320869E+03
           8    0.3202604864E+03    0.2262982600E+03    0.2277167275E+03
           9    0.2876903494E+03    0.9534133347E+02   -0.3454624079E+03
          10    0.1975472342E+03    0.1048976503E+03   -0.2164830815E+03
          11    0.2249971465E+03    0.1092570991E+03    0.3137465290E+03
          12    0.2396966029E+03    0.1092160903E+03    0.3913252475E+03
          13    0.2338982087E+03    0.1054458645E+03   -0.3436962361E+03
          14    0.3218635926E+03    0.1909769109E+03    0.2064385064E+03
          15    0.3680161828E+03    0.2390664814E+03   -0.4903681054E+03
          16    0.2866226239E+03    0.9284066531E+02   -0.3423107246E+03
          17    0.2286970432E+03    0.1171627582E+03    0.3232147329E+03
          18    0.2775208556E+03    0.1739003888E+03   -0.6917278499E+03
          19    0.2959768167E+03    0.2047079681E+03    0.2192983566E+03
          20    0.3185635915E+03    0.2192265248E+03    0.2230581286E+03
          21    0.2330898410E+03    0.1126948808E+03    0.1644466185E+03
          22    0.2356808737E+03    0.1018645295E+03    0.4112837799E+03
          23    0.2077599519E+03    0.1077526802E+03    0.1807102215E+03
          24    0.2971660305E+03    0.2041056587E+03    0.2218855001E+03
          25    0.2395422745E+03    0.9867494071E+02    0.4410703402E+03
          26    0.3193559283E+03    0.1764581694E+03    0.1957622322E+03
          27    0.2800046368E+03    0.2125879081E+03   -0.2256075645E+03
          28    0.3435999571E+03    0.1063665368E+03   -0.3296538734E+03
          29    0.3103928679E+03    0.2055535936E+03    0.2608260040E+03
          30    0.3215559408E+03    0.1918212907E+03    0.2107203617E+03
          31    0.3179133164E+03    0.2176109790E+03    0.2357232300E+03
          32    0.2379957278E+03    0.1206933274E+03    0.1718600958E+03
          33    0.2132606570E+03    0.1257130604E+03    0.3156634854E+03
          34    0.2888570350E+03    0.1645735313E+03   -0.1988354895E+03
          35    0.2961836710E+03    0.2047670301E+03    0.2229494392E+03
          36    0.3190319126E+03    0.2217606222E+03    0.2109529572E+03
          37    0.2106544952E+03    0.1151114422E+03    0.1878269616E+03
          38    0.3106465866E+03    0.2081753519E+03    0.2529121096E+03
          39    0.3182409164E+03    0.2203195974E+03    0.2283960295E+03
          40    0.3672023890E+03    0.2418072817E+03   -0.4642931628E+03
          41    0.3672022032E+03    0.2418113000E+03    0.4642575898E+03
          42    0.3211648694E+03    0.1894694997E+03    0.2162745534E+03
          43    0.2308382165E+03    0.1982080732E+03    0.4258405588E+03
          44    0.2963124477E+03    0.2067593287E+03    0.2183538639E+03
          45    0.3202069680E+03    0.2326444547E+03    0.2245677715E+03
          46    0.2969885432E+03    0.2019353669E+03    0.2346954625E+03
          47    0.1744311443E+03    0.1071645283E+03   -0.1844408704E+03
          48    0.1512961785E+03    0.7621038062E+02    0.2004200542E+03
          49    0.3190837908E+03    0.1773221919E+03    0.2006093801E+03
          50    0.2331914033E+03    0.1126546595E+03   -0.1654092459E+03
          51    0.2775716716E+03    0.1707650319E+03   -0.7048878309E+03
          52    0.1869028623E+03    0.1030220187E+03    0.1826587641E+03
          53    0.2821781188E+03    0.1832320223E+03    0.2258120734E+03
          54    0.1861111797E+03    0.1040723670E+03    0.1834363839E+03
          55    0.2862192810E+03    0.1805052094E+03    0.2298863061E+03
          56    0.3149362701E+03    0.2268355496E+03    0.2087239472E+03
          57    0.2026907659E+03    0.1042724633E+03    0.3274479951E+03
          58    0.3196214682E+03    0.2241306870E+03    0.2109954426E+03
          59    0.1795801284E+03    0.1079780565E+03    0.3425069334E+03
          60    0.1949661612E+03    0.8791735203E+02    0.3083543560E+03
          61    0.2250819892E+03    0.1190305986E+03   -0.2682146582E+03
          62    0.1689006666E+03    0.1042364838E+03   -0.5789898034E+03
          63    0.2204764293E+03    0.1093037838E+03   -0.1956486037E+03
          64    0.1866572292E+03    0.1010088806E+03    0.1911104135E+03
          65    0.1652609276E+03    0.8122814377E+02    0.1981310933E+03
          66    0.2671853933E+03    0.7978283946E+02   -0.3391643173E+03
          67    0.3187362807E+03    0.1752470471E+03    0.2059189390E+03
          68    0.2111127830E+03    0.9892029455E+02   -0.2769667729E+03
          69    0.2044954627E+03    0.1116060993E+03    0.3372859295E+03
          70    0.2202767506E+03    0.1018367406E+03    0.1702858333E+03
          71    0.2929843365E+03    0.2093696396E+03    0.2138859313E+03
          72    0.1963556073E+03    0.9385649999E+02    0.1553544275E+03
          73    0.2310098507E+03    0.1135082346E+03    0.1579058784E+03
          74    0.2017272034E+03    0.8818978998E+02   -0.2884569619E+03
          75    0.2933648383E+03    0.1999350845E+03    0.2035631181E+03
          76    0.2654641595E+03    0.1851494484E+03    0.2527754034E+03
          77    0.2315911270E+03    0.1132281418E+03    0.1587922053E+03
          78    0.2774550831E+03    0.1701249610E+03   -0.6989849043E+03
          79    0.2639575655E+03    0.1086357740E+03    0.4350465755E+03
          80    0.2381168795E+03    0.1206520637E+03   -0.1732523673E+03
          81    0.2311255588E+03    0.1132896477E+03    0.1576339079E+03
          82    0.2327535958E+03    0.1126289321E+03   -0.1547158526E+03
          83    0.2984168120E+03    0.1581717552E+03    0.4565913301E+03
          84    0.1899046478E+03    0.1180855194E+03   -0.7706924684E+03
          85    0.2312535924E+03    0.1141755637E+03   -0.1589652012E+03
          86    0.2784237609E+03    0.1891616565E+03    0.2306186845E+03
          87    0.2379613088E+03    0.1085248383E+03   -0.2996833164E+03
          88    0.3154699828E+03    0.2292149618E+03    0.2086062977E+03
          89    0.2255245091E+03    0.1276231428E+03    0.1861308336E+03
          90    0.3192031417E+03    0.2217024043E+03    0.2136869880E+03
          91    0.2860547574E+03    0.1797344108E+03    0.2236717817E+03
          92    0.2108096515E+03    0.1069441240E+03    0.1845919768E+03
          93    0.2378414403E+03    0.1131293780E+03   -0.3266709724E+03
          94    0.2574430502E+03    0.1835912461E+03    0.2845242125E+03
          95    0.1977686488E+03    0.9242203195E+02    0.1644626356E+03
          96    0.2133506950E+03    0.9522613510E+02    0.3052180466E+03
          97    0.2654550574E+03    0.1856068319E+03    0.2505446813E+03
          98    0.1818341697E+03    0.9854454273E+02    0.3089153993E+03
          99    0.3177265036E+03    0.1876554898E+03    0.2470476795E+03
         100    0.2043296541E+03    0.1237024134E+03    0.3688569174E+03
