        Rank        RMSE       MaxAE  Feature_ID
           1    8.691950   28.398136  (    1119   17398)
           2    8.715092   28.415071  (    2051   15088)
           3    8.852438   27.254421  (     266   15088)
           4    8.865824   27.443614  (    5911   15088)
           5    8.926800   28.006058  (    1880   15088)
           6    8.951993   29.104189  (     266   17398)
           7    8.957000   28.490145  (    4489   15088)
           8    8.960004   29.155731  (    5364   15088)
           9    8.980936   28.502073  (    2871   17398)
          10    8.986280   26.214760  (    1119   15088)
          11    9.046599   24.478473  (    8992   11178)
          12    9.047781   29.491335  (    5911   17398)
          13    9.052634   30.557465  (    1119   12685)
          14    9.057398   26.985355  (    5356   15088)
          15    9.060692   27.084432  (     228   17398)
          16    9.066084   29.085498  (    5356   17398)
          17    9.099886   25.760093  (    7725   15088)
          18    9.110866   27.386570  (     896   15088)
          19    9.113430   27.391318  (     992   15088)
          20    9.133975   28.053812  (    1226   15088)
          21    9.146925   31.685625  (    1119   15074)
          22    9.155155   25.866614  (    1785   15088)
          23    9.171247   27.895000  (    1119   11166)
          24    9.172826   27.208625  (    5555   15088)
          25    9.190456   26.831287  (     228   11166)
          26    9.191981   25.081203  (     204   11166)
          27    9.197599   28.869076  (     806   11970)
          28    9.198206   24.981463  (     141   11166)
          29    9.204471   27.871098  (    2882   15088)
          30    9.208204   26.422741  (     228   19993)
          31    9.216008   30.777413  (    2871   12685)
          32    9.223665   27.809550  (    1785   17398)
          33    9.234139   28.544872  (    3580   15088)
          34    9.235299   29.218669  (     896   17398)
          35    9.236602   29.107958  (    8763   17398)
          36    9.240575   26.331229  (    2871   15088)
          37    9.252940   26.862921  (    1119   12466)
          38    9.255456   30.115096  (    2051   17398)
          39    9.260127   26.899544  (     826   15088)
          40    9.278754   30.225838  (     228   15074)
          41    9.284514   29.195256  (     992   17398)
          42    9.285864   31.018242  (     266   12685)
          43    9.303797   29.758750  (    1880   17398)
          44    9.322465   26.420852  (    1788   15088)
          45    9.325197   26.456141  (     228   15088)
          46    9.328210   29.063076  (     228   12685)
          47    9.329003   28.613471  (     266   11166)
          48    9.329796   32.099084  (     266   15074)
          49    9.330215   30.284080  (    7725   12685)
          50    9.338607   25.003317  (     141   17398)
          51    9.344657   27.788490  (    4670   11178)
          52    9.355919   28.960008  (    2674   11166)
          53    9.363719   25.912028  (    9387   15088)
          54    9.367844   30.942957  (     826   12685)
          55    9.379918   25.073585  (     204   17398)
          56    9.381445   31.836778  (    2871   15074)
          57    9.382888   25.381329  (     777   11053)
          58    9.383111   26.065499  (     806   10906)
          59    9.385374   27.434282  (    1944   15088)
          60    9.387061   23.902044  (     777   11026)
          61    9.388106   25.959218  (     228   17772)
          62    9.394055   26.743912  (    9851   16096)
          63    9.396383   26.698854  (    4115   11166)
          64    9.400272   27.350932  (    1119   19993)
          65    9.401965   28.325742  (    9174   15088)
          66    9.402898   30.630590  (    5691   12685)
          67    9.404795   24.850368  (     141   19993)
          68    9.406422   24.509213  (     204   19993)
          69    9.407889   27.650250  (    8765   11178)
          70    9.412521   28.669705  (    7321   11166)
          71    9.415041   25.016657  (    9851   16937)
          72    9.419533   25.326619  (     141   17772)
          73    9.420116   27.441111  (    7854   11178)
          74    9.422929   27.525291  (    7725   11166)
          75    9.423225   26.845733  (    2409   15088)
          76    9.424743   29.284350  (    1658   11166)
          77    9.425097   24.326461  (     204   17772)
          78    9.426684   30.458439  (     124   11970)
          79    9.426939   28.653001  (     756   15088)
          80    9.427277   28.109543  (    2491   15088)
          81    9.433990   26.260099  (    9530   11178)
          82    9.435763   25.962204  (    4968   15088)
          83    9.435776   28.771883  (    1650   11166)
          84    9.439773   27.684317  (    9699   11178)
          85    9.441982   27.244294  (    1011   15088)
          86    9.441992   28.004370  (    2871   11166)
          87    9.442657   26.903901  (    1471   15088)
          88    9.442693   28.635933  (     826   17398)
          89    9.444902   31.247273  (    5356   12685)
          90    9.445074   24.994866  (     266   12466)
          91    9.448900   27.694824  (    7725   17398)
          92    9.449224   27.080938  (    7725   19993)
          93    9.454578   24.405537  (    9995   15088)
          94    9.456242   28.258045  (    7564   17398)
          95    9.460041   31.248835  (     896   12685)
          96    9.462382   25.629061  (    7725   16096)
          97    9.463765   25.983308  (     762   17398)
          98    9.473382   22.279481  (    4823   12148)
          99    9.474086   27.367683  (    8064   11178)
         100    9.482523   27.594783  (    1881   15088)
