Model_ID, [(c_i,i=0,n)_j,j=1,ntask]
           1    0.2251303741E+03    0.1822981819E+03   -0.1530784496E+04
           2    0.2257999738E+03    0.1000081106E+03   -0.1395698146E+04
           3    0.2257872924E+03    0.1013906951E+03   -0.1400034818E+04
           4    0.2241994500E+03   -0.1845472884E+03   -0.1527089130E+04
           5    0.2275066878E+03    0.1897783323E+03   -0.1523591674E+04
           6    0.2289491667E+03    0.1069810128E+03   -0.1289261607E+04
           7    0.1746508997E+03    0.1569125168E+03   -0.1172537513E+04
           8    0.2265316051E+03   -0.1921780509E+03   -0.1525335562E+04
           9    0.2283274878E+03    0.1065963546E+03   -0.1069362016E+04
          10    0.1751300315E+03    0.1574748995E+03   -0.1407408301E+04
          11    0.2236281886E+03    0.2006858340E+03   -0.1596617664E+04
          12    0.1750157614E+03    0.1515814125E+03   -0.1338174103E+04
          13    0.2285674715E+03    0.1932093580E+03   -0.1412166606E+04
          14    0.2244117630E+03    0.2038345298E+03   -0.1717700189E+04
          15    0.1779643859E+03    0.1581911802E+03   -0.1204248473E+04
          16    0.1747015758E+03    0.1591308465E+03   -0.1290371485E+04
          17    0.1705794229E+03    0.1611041684E+03   -0.1462368590E+04
          18    0.2275757109E+03   -0.1956606162E+03   -0.1413884922E+04
          19    0.1740191922E+03    0.1646005910E+03   -0.1637761391E+04
          20    0.2279525923E+03    0.1051095055E+03   -0.1363371826E+04
          21    0.1746332443E+03    0.1506426178E+03   -0.1373281494E+04
          22    0.1746970596E+03   -0.1505791345E+03   -0.1373687364E+04
          23    0.1745705326E+03    0.1507036542E+03   -0.1372893266E+04
          24    0.1671018248E+03    0.1459326266E+03   -0.1699201512E+04
          25    0.2289187760E+03    0.1053997719E+03   -0.1265069660E+04
          26    0.1749813249E+03   -0.1589496704E+03   -0.1284176419E+04
          27    0.1749139016E+03    0.1590139141E+03   -0.1283758566E+04
          28    0.1748475992E+03    0.1590757305E+03   -0.1283347168E+04
          29    0.2280344740E+03    0.1020984269E+03   -0.7256394166E+04
          30    0.2018808414E+03    0.1626052385E+03   -0.1728297101E+04
          31    0.2280390424E+03    0.1007045516E+03   -0.7228849886E+04
          32    0.1750820617E+03    0.1544639027E+03   -0.1491153156E+04
          33    0.1746479486E+03    0.1595893103E+03   -0.1322562451E+04
          34    0.2278702469E+03    0.1005064004E+03   -0.7301713841E+04
          35    0.1748480173E+03    0.1563254013E+03   -0.1372784590E+04
          36    0.1749142967E+03   -0.1562613425E+03   -0.1373222613E+04
          37    0.1747828548E+03    0.1563870399E+03   -0.1372357126E+04
          38    0.2260458668E+03    0.2093730394E+03   -0.1597110488E+04
          39    0.1745832683E+03    0.1568219125E+03   -0.1415939454E+04
          40    0.2278631656E+03    0.1018908190E+03   -0.7313788687E+04
          41    0.2283051025E+03    0.1050133440E+03   -0.1046838563E+04
          42    0.1817755261E+03    0.1531541538E+03   -0.9228011577E+03
          43    0.2289383115E+03    0.2104784933E+03   -0.1694258715E+04
          44    0.2223666921E+03    0.1868171027E+03   -0.1517989257E+04
          45    0.1778554549E+03    0.1556298261E+03   -0.1275481557E+04
          46    0.2317601347E+03    0.2204216974E+03   -0.1714655591E+04
          47    0.1743878633E+03    0.1509233389E+03   -0.1407284501E+04
          48    0.2295911731E+03    0.1076842991E+03    0.7150773966E+03
          49    0.1744185013E+03    0.1575193372E+03   -0.1295693094E+04
          50    0.1685823563E+03    0.1413722031E+03   -0.1675907888E+04
          51    0.2294222626E+03    0.8681818560E+02   -0.1555486151E+04
          52    0.1616920341E+03   -0.1285085902E+03   -0.1291850415E+04
          53    0.1612569520E+03   -0.1296787042E+03   -0.1227951063E+04
          54    0.2420844889E+03   -0.2221963447E+03   -0.1405989352E+04
          55    0.2269600993E+03    0.1769965116E+03   -0.1551451250E+04
          56    0.2279443989E+03    0.1036040972E+03   -0.1342134388E+04
          57    0.1751811993E+03    0.1497058511E+03   -0.1344287626E+04
          58    0.2319617408E+03   -0.2021517117E+03   -0.1710498949E+04
          59    0.2306729641E+03    0.2144965251E+03   -0.1692944320E+04
          60    0.1775636939E+03    0.1575344701E+03   -0.9806890182E+03
          61    0.2252563148E+03    0.2035645102E+03   -0.1596846503E+04
          62    0.2023439412E+03    0.1409742485E+03   -0.1112671804E+04
          63    0.2286614745E+03   -0.2107684733E+03   -0.1693584672E+04
          64    0.1752647159E+03   -0.1609414755E+03   -0.1299613775E+04
          65    0.1672692478E+03    0.1392893267E+03   -0.1664676427E+04
          66    0.1605939569E+03   -0.1308371411E+03   -0.1135657529E+04
          67    0.2387342372E+03    0.9476303292E+02   -0.7705396579E+04
          68    0.2314675048E+03   -0.2207228563E+03   -0.1713017110E+04
          69    0.2228387954E+03    0.1986367817E+03   -0.1649066672E+04
          70    0.1782291779E+03    0.1591826004E+03    0.6655169382E+03
          71    0.2330476316E+03    0.2249029192E+03   -0.1594067846E+04
          72    0.1686619748E+03    0.1350502824E+03   -0.1647355159E+04
          73    0.1804803309E+03    0.1308576218E+03   -0.1708809804E+04
          74    0.2385314491E+03    0.9455859305E+02   -0.7776925015E+04
          75    0.1528098184E+03   -0.1034289968E+03   -0.1688916534E+04
          76    0.1834280902E+03    0.1522658429E+03   -0.6067009755E+03
          77    0.1754818356E+03    0.1578014603E+03   -0.1247151400E+04
          78    0.1775780696E+03    0.1503311353E+03   -0.1258013364E+04
          79    0.1776235164E+03    0.1594223821E+03   -0.1075621706E+04
          80    0.2012225003E+03    0.1545433043E+03   -0.1641209305E+04
          81    0.2271264466E+03    0.2132624935E+03   -0.1476625173E+04
          82    0.1822964220E+03    0.1544004571E+03   -0.5932403533E+03
          83    0.1811229760E+03    0.1582061206E+03   -0.5271527403E+03
          84    0.2295549539E+03    0.1061103032E+03    0.7036680204E+03
          85    0.1852187544E+03    0.1344543778E+03   -0.1648855147E+04
          86    0.2019508166E+03    0.1404668353E+03   -0.1014202926E+04
          87    0.1746040534E+03   -0.1629393458E+03   -0.1210215820E+04
          88    0.1739590076E+03    0.1591239792E+03   -0.1004637984E+04
          89    0.2246012730E+03    0.1945047553E+03   -0.1511659537E+04
          90    0.1752028975E+03   -0.1581470907E+03   -0.1384498758E+04
          91    0.2311892354E+03    0.1032462653E+03   -0.9634958540E+03
          92    0.2289955517E+03    0.1077668575E+03   -0.1141666308E+04
          93    0.2349502742E+03   -0.2116377835E+03   -0.1721477290E+04
          94    0.1952787020E+03    0.1488827634E+03   -0.1597512822E+04
          95    0.1754127171E+03    0.1551945953E+03   -0.1332900143E+04
          96    0.2274894245E+03    0.1013089410E+03   -0.7210344448E+04
          97    0.2274956330E+03    0.9993048766E+02   -0.7182785739E+04
          98    0.1749975585E+03   -0.1523069182E+03   -0.1377217385E+04
          99    0.2037024495E+03    0.1395853527E+03   -0.6734239387E+03
         100    0.2249063057E+03    0.1882884139E+03   -0.1487257381E+04
