     Index              y_true              y_pred        descriptor_1        descriptor_2
         1    0.8950000000E+02    0.1206884589E+03    0.5830000000E+00   -0.3161992539E-02
         2    0.3091000000E+03    0.3574135940E+03   -0.1387500000E+01   -0.1077746937E-01
         3    0.2566500000E+03    0.2157087949E+03   -0.1791000000E+00    0.0000000000E+00
         4    0.4711500000E+03    0.4538751390E+03   -0.1803300000E+01    0.6957333075E-01
         5    0.4680000000E+03    0.4279524041E+03   -0.2258500000E+01   -0.7423076909E-01
         6    0.2530000000E+03    0.2384597767E+03   -0.4050000000E+00   -0.8604408608E-02
         7    0.2401500000E+03    0.2617854600E+03   -0.4201000000E+00    0.2924439395E-01
         8    0.3260000000E+03    0.3137928284E+03   -0.9568000000E+00    0.5197975860E-02
         9    0.2490000000E+03    0.2436998237E+03   -0.4377000000E+00   -0.6419442125E-02
        10    0.4780000000E+03    0.5083387181E+03   -0.2342300000E+01    0.4935937750E-01
        11    0.3990000000E+03    0.3827171692E+03   -0.1874000000E+01   -0.7105926008E-01
        12    0.4380000000E+03    0.4424150696E+03   -0.1971800000E+01    0.1305654128E-01
        13    0.2466500000E+03    0.2323746344E+03   -0.3206000000E+00   -0.1134015228E-02
        14    0.3450000000E+03    0.3757840302E+03   -0.1517700000E+01   -0.6471845900E-02
        15    0.3860000000E+03    0.3973197619E+03   -0.2188500000E+01   -0.1131213070E+00
        16    0.4240000000E+03    0.3572999986E+03   -0.1561900000E+01   -0.4857167338E-01
        17    0.4097000000E+03    0.4052076679E+03   -0.1408300000E+01    0.6896006226E-01
        18    0.2516000000E+03    0.2801337221E+03   -0.6930000000E+00    0.2750231680E-02
        19    0.2720000000E+03    0.2729281713E+03   -0.5882000000E+00    0.1264374306E-01
        20    0.2561000000E+03    0.2599018238E+03   -0.8037000000E+00   -0.5676451123E-01
        21    0.9070000000E+02    0.7412668413E+02    0.9783000000E+00    0.0000000000E+00
        22    0.2634000000E+03    0.2465082511E+03   -0.5062000000E+00   -0.1623652264E-01
        23    0.2396000000E+03    0.2582875025E+03   -0.4564000000E+00    0.1525549846E-01
        24    0.1693000000E+03    0.2083957244E+03   -0.5631000000E+00   -0.9566270950E-01
        25    0.4150000000E+03    0.3983567676E+03   -0.1672500000E+01   -0.6388605000E-04
        26    0.9034100000E+02    0.1039693050E+03    0.6668000000E+00   -0.1455985937E-01
        27    0.1588000000E+03    0.1789382804E+03    0.1246000000E+00    0.6703572480E-03
        28    0.2480000000E+03    0.2405442842E+03   -0.3558000000E+00    0.5674500525E-02
        29    0.3945000000E+03    0.3461850509E+03   -0.1481200000E+01   -0.5076222567E-01
        30    0.3674300000E+03    0.3811858027E+03   -0.1533400000E+01   -0.3373360320E-03
        31    0.2561000000E+03    0.2641484152E+03   -0.4257000000E+00    0.3220117193E-01
        32    0.4920000000E+03    0.5281141549E+03   -0.2234600000E+01    0.1074230721E+00
        33    0.3334000000E+03    0.3498424951E+03   -0.2390700000E+01   -0.2403709187E+00
        34    0.5132000000E+03    0.4684011797E+03   -0.2244800000E+01    0.0000000000E+00
        35    0.3891500000E+03    0.3485193439E+03   -0.1657100000E+01   -0.8456618016E-01
        36    0.2990000000E+03    0.2655755999E+03   -0.5815000000E+00    0.1131537544E-02
        37    0.1743000000E+03    0.1780782365E+03   -0.7298000000E+00   -0.1850214406E+00
        38    0.3281500000E+03    0.2925351685E+03   -0.7991000000E+00    0.1732534528E-02
        39    0.3275000000E+03    0.3586391023E+03   -0.1255800000E+01    0.1977161121E-01
        40    0.3380000000E+03    0.3973495819E+03   -0.2290500000E+01   -0.1350560930E+00
        41    0.4460000000E+03    0.4468271214E+03   -0.2172100000E+01   -0.2234576700E-01
        42    0.3387000000E+03    0.3588459010E+03   -0.1436600000E+01   -0.1883760168E-01
