        Rank        RMSE       MaxAE  Feature_ID
           1   29.820628   69.490904  (     158   10167)
           2   30.023927   81.911733  (    2009   14928)
           3   30.173388   72.361926  (       3   14746)
           4   30.402734   70.184188  (      28   10167)
           5   30.405907   86.196706  (    2009   10286)
           6   30.498741   71.938077  (     111   10167)
           7   30.509255  102.579341  (    4663   17493)
           8   30.567183   83.496851  (     735   14928)
           9   30.628612  105.024937  (    1725   14928)
          10   30.634737   69.224532  (       3   10167)
          11   30.652922   87.320949  (    4486   14928)
          12   30.654932   77.054114  (     111   14746)
          13   30.662967   70.426678  (     191   10045)
          14   30.740759   81.171097  (    8041   13378)
          15   30.823466   72.366649  (      27   14746)
          16   30.832846   88.423115  (    1222   14928)
          17   30.842508   84.408931  (    8041   10416)
          18   30.880943   75.499610  (     549   10167)
          19   30.944667   70.049517  (      73   10167)
          20   30.955474   91.729674  (    4486   10286)
          21   30.958028   84.021928  (    8041   12064)
          22   30.993349   72.551532  (     548   10045)
          23   31.014892   84.121306  (     158   15705)
          24   31.019865   88.678988  (    2009   10824)
          25   31.042586   77.423267  (       3   14928)
          26   31.071707   87.620292  (     735   10286)
          27   31.075455   77.620113  (    5777   13378)
          28   31.127135   82.468409  (    8041   16176)
          29   31.147693   92.389851  (    6184   10416)
          30   31.172388   71.652254  (     483   10045)
          31   31.192189   68.253754  (     191   10041)
          32   31.207364   73.049574  (     110   10167)
          33   31.225419  109.562224  (    1725   10286)
          34   31.239586   74.128131  (     827   10045)
          35   31.245855   80.881615  (    5777   10416)
          36   31.274245   92.646062  (    1222   10286)
          37   31.277631   72.089829  (     367   10045)
          38   31.280310   73.196648  (       3   13387)
          39   31.306719   71.613992  (      33   10167)
          40   31.340940   80.461275  (    5777   12064)
          41   31.347200  102.504003  (    4486   18072)
          42   31.366792   97.098108  (    6331   12064)
          43   31.393491   95.771614  (    2009   18072)
          44   31.408294   97.993755  (    2219   10416)
          45   31.422740   86.990876  (    5478   10167)
          46   31.438981   88.712935  (    1585   10171)
          47   31.447225   74.230315  (       3   15705)
          48   31.449313   91.745058  (    3773   10167)
          49   31.459047   69.303699  (     302   10061)
          50   31.459430   85.780648  (    8041   15564)
          51   31.492320   79.555998  (      33   14746)
          52   31.500174   79.130575  (    5777   11086)
          53   31.504905   70.908261  (     548   10041)
          54   31.512701   71.812891  (     557   10045)
          55   31.523085   76.501011  (    5777   11133)
          56   31.523184   72.718639  (       3   15249)
          57   31.530275   71.658868  (       8   14928)
          58   31.538383   72.679384  (     497   10045)
          59   31.553621   77.905472  (     236   10167)
          60   31.559620   73.750411  (      27   10045)
          61   31.562737   71.797832  (     503   10045)
          62   31.563658   78.938467  (    5777   16176)
          63   31.569646   92.266680  (    6959   14928)
          64   31.575163  103.039167  (    5766   17493)
          65   31.578945   70.750369  (     600   10045)
          66   31.584663   80.686442  (    2048   10167)
          67   31.588858   74.724015  (     191   10338)
          68   31.596458   71.520896  (       3   10286)
          69   31.609995   75.724132  (       6   14746)
          70   31.617831   72.250735  (     280   10167)
          71   31.618626   83.487696  (      14   17730)
          72   31.626751   90.083973  (    4867   10077)
          73   31.628772   80.125145  (    8041   11133)
          74   31.630720   73.148500  (       3   15151)
          75   31.632702   71.766141  (     443   10045)
          76   31.643238   94.518369  (    6331   13378)
          77   31.645260   73.764832  (      24   10167)
          78   31.654193   81.259365  (     735   10544)
          79   31.655614   95.291892  (    2219   13378)
          80   31.656451   72.954232  (       8   10544)
          81   31.660859   97.766681  (    2219   12064)
          82   31.666921   71.878813  (     567   10061)
          83   31.679239  116.836025  (    7230   17112)
          84   31.684522   83.134276  (      29   17730)
          85   31.688849   70.024051  (     483   10041)
          86   31.688937   86.049370  (     191   13970)
          87   31.689425   96.797497  (    1222   18072)
          88   31.694723   71.478245  (      32   10167)
          89   31.698002   93.038415  (    6184   15249)
          90   31.709014   85.951902  (     263   14928)
          91   31.713413   90.502777  (    3425   10167)
          92   31.713781   74.558805  (      27   15705)
          93   31.750781   69.111334  (     957   10167)
          94   31.767970   67.497428  (      28   14928)
          95   31.770380   72.794190  (     459   10045)
          96   31.770789   64.761839  (    1032   14968)
          97   31.770912   62.555234  (     158   15249)
          98   31.788010   94.378115  (    4486   10824)
          99   31.799342   74.094196  (    2642   10019)
         100   31.799807   86.775054  (    5543   19615)
