        Rank        RMSE       MaxAE  Feature_ID
           1    3.486188    9.800424  (      95   12263)
           2    3.500478    9.426142  (    5352   10091)
           3    3.511628    7.907050  (    9519   19354)
           4    3.525317   10.800418  (    3898   10183)
           5    3.536804    8.712135  (      95   12514)
           6    3.539858    9.742302  (      95   10809)
           7    3.541177    9.846743  (      95   11340)
           8    3.541654    9.836865  (      95   11597)
           9    3.544285    9.832134  (      95   11403)
          10    3.549102    9.825282  (      95   11631)
          11    3.552814   10.543930  (     818   10183)
          12    3.560000    9.024237  (      95   11828)
          13    3.561271   10.011265  (      95   10275)
          14    3.563757    8.594984  (    3898   19354)
          15    3.563964    9.503928  (    9519   11724)
          16    3.564063   10.536157  (     929   10183)
          17    3.566335    9.823156  (    9519   10183)
          18    3.566529    9.904573  (      95   10760)
          19    3.566557    9.018898  (     101   11828)
          20    3.570099   13.574315  (    1453   12555)
          21    3.574270    9.739830  (      95   10056)
          22    3.578144   10.707501  (    1131   10381)
          23    3.580584    8.534132  (    4218   10077)
          24    3.581956    9.948962  (    3366   12263)
          25    3.592863    9.571637  (     818   19354)
          26    3.593017   10.007058  (    1543   10091)
          27    3.594736    9.181429  (     101   10173)
          28    3.597201   10.596056  (    3898   11724)
          29    3.602975    9.575853  (     929   19354)
          30    3.604672   13.493572  (    1453   18200)
          31    3.605952    9.716989  (     533   10091)
          32    3.606305    8.955413  (     101   10388)
          33    3.607366    9.763443  (    3898   15693)
          34    3.608210   11.303360  (    3898   10873)
          35    3.610854   10.326368  (    9519   10873)
          36    3.611614    9.645353  (    1039   12263)
          37    3.612486    8.947987  (     101   10115)
          38    3.613844    9.331777  (    4889   10091)
          39    3.615348   10.423319  (      95   12983)
          40    3.616521    8.866199  (    5352   10077)
          41    3.617897    9.631905  (    4073   10091)
          42    3.619645   10.032187  (    9519   14644)
          43    3.620213    9.823663  (      95   10909)
          44    3.621421    9.653477  (    8032   10091)
          45    3.623790   10.938134  (    1085   10091)
          46    3.624061   10.110323  (     145   11828)
          47    3.624511    8.943484  (    4889   10077)
          48    3.625853    9.546837  (    1039   10091)
          49    3.625972    9.520561  (    9519   17472)
          50    3.626974   10.535355  (    1755   10183)
          51    3.627136   10.586789  (     101   11403)
          52    3.627429    9.015140  (     101   12439)
          53    3.627603    9.953870  (    7883   10091)
          54    3.627727   10.577910  (     101   11631)
          55    3.628170    8.607542  (     101   10028)
          56    3.628337    9.054202  (     101   10877)
          57    3.629055    9.027397  (     101   10377)
          58    3.629469   10.044981  (    4460   10091)
          59    3.629597    9.999210  (    5465   18200)
          60    3.630412    9.056963  (     101   10868)
          61    3.632820    9.906016  (      95   13621)
          62    3.633634    9.274470  (    9519   18532)
          63    3.633822    9.015021  (     101   12056)
          64    3.634016    9.980135  (      95   10555)
          65    3.635338    9.071145  (     101   10786)
          66    3.635760    9.923810  (    1908   10091)
          67    3.636990   10.458637  (      95   12230)
          68    3.637842   10.749818  (      74   10809)
          69    3.638716    9.540927  (    1908   10077)
          70    3.639378    9.971088  (    4920   10091)
          71    3.639437   10.378702  (    1210   18200)
          72    3.640656    9.911691  (    5930   18200)
          73    3.640727    8.215133  (    9519   12984)
          74    3.641335    9.093607  (     401   10077)
          75    3.641815    9.087313  (     101   10700)
          76    3.642623   10.541525  (      95   19234)
          77    3.642670    9.996974  (    3366   11340)
          78    3.642914   10.038951  (    4609   10091)
          79    3.643425    9.986328  (    3366   11597)
          80    3.643488    9.808299  (    3144   10091)
          81    3.643947    9.090154  (     101   10686)
          82    3.644556    9.747316  (      44   10173)
          83    3.644759   10.048558  (    4761   10091)
          84    3.645746    9.980863  (    3366   11403)
          85    3.646055   13.685056  (    1453   17015)
          86    3.646226   10.347976  (    3898   18532)
          87    3.646440   10.741382  (    9799   10183)
          88    3.647085    9.944515  (    5325   10091)
          89    3.647461   13.777767  (    1453   15882)
          90    3.647734    7.831179  (    9853   10129)
          91    3.648419    9.819457  (      95   10975)
          92    3.650073    9.907044  (      95   11348)
          93    3.650645    9.614748  (      44   11828)
          94    3.650779    9.140341  (    9853   12263)
          95    3.650809   10.062356  (    4675   10091)
          96    3.651231    9.973464  (    3366   11631)
          97    3.651494   10.371102  (     145   12263)
          98    3.651707   10.155778  (      95   11058)
          99    3.651755    9.835547  (      95   13218)
         100    3.652057   10.611751  (     101   11340)
