Model_ID, [(c_i,i=0,n)_j,j=1,ntask]
           1    0.3092150657E+03    0.2850027375E+03    0.2655608595E+03
           2    0.2845246997E+03    0.2422546314E+03   -0.1344555351E+03
           3    0.1523525062E+03   -0.1407462488E+03    0.7255481639E+03
           4    0.3018078046E+03    0.2786404237E+03    0.2638111338E+03
           5    0.2861284707E+03    0.2458242546E+03   -0.1943013438E+03
           6    0.3343593051E+03    0.1520391493E+03   -0.4777061444E+03
           7    0.3059811964E+03    0.2818428421E+03    0.2136933759E+03
           8    0.3055024665E+03    0.2825162749E+03    0.2209527776E+03
           9    0.2680985342E+03    0.2338384434E+03    0.4274792952E+03
          10    0.3310220795E+03    0.1462869803E+03    0.9045490624E+03
          11    0.1140497189E+03    0.1094720265E+03    0.3021408231E+03
          12    0.2981519832E+03   -0.2490889279E+03    0.2104350815E+03
          13    0.2745142667E+03    0.2395314266E+03   -0.1276317090E+03
          14    0.2960902722E+03    0.2517244075E+03   -0.3902435201E+03
          15    0.1495548447E+03   -0.1420495683E+03    0.7235304432E+03
          16    0.2243051641E+03    0.9683066999E+02    0.3826661398E+03
          17    0.1845227745E+03    0.1795973441E+03   -0.3810995316E+03
          18    0.1386814941E+03    0.1183364983E+03   -0.6807470825E+03
          19    0.2880643659E+03    0.2494223938E+03   -0.3489190602E+03
          20    0.1496320025E+03   -0.1423754473E+03    0.3433451571E+03
          21    0.2531218832E+03   -0.2029605106E+03    0.1508537326E+04
          22    0.1650157903E+03    0.1530999802E+03    0.4972907540E+03
          23    0.2047314322E+03    0.8607042151E+02   -0.1941507856E+03
          24    0.2682650208E+03    0.2299274267E+03   -0.4281524951E+03
          25    0.2966138774E+03    0.2531215797E+03   -0.3851045771E+03
          26    0.2966178946E+03    0.2544025464E+03   -0.3856441926E+03
          27    0.1512534339E+03   -0.1413154662E+03    0.2325654726E+03
          28    0.3385411605E+03    0.2789211509E+03    0.1242113440E+04
          29    0.2985821511E+03   -0.2484097530E+03    0.2022437527E+03
          30    0.1533689996E+03   -0.1411152748E+03    0.3208084751E+03
          31    0.1497970470E+03   -0.1414240208E+03    0.7398545833E+03
          32    0.1668352494E+03    0.1696211505E+03    0.7765454691E+03
          33    0.1826010950E+03    0.1688810636E+03   -0.2123061546E+03
          34    0.1321054525E+03    0.1244210091E+03   -0.1262868907E+04
          35    0.1292287235E+03   -0.9024945103E+02    0.4422072080E+03
          36    0.2618480263E+03    0.1221860058E+03   -0.9375792710E+03
          37    0.2984211569E+03    0.2487494746E+03    0.2124171068E+03
          38    0.1878636237E+03    0.1752027569E+03    0.1738029764E+03
          39    0.1485154451E+03   -0.9770627288E+02    0.4729407107E+03
          40    0.1840694592E+03    0.1799052495E+03   -0.3784841109E+03
          41    0.3097335156E+03    0.2927588635E+03    0.1855393423E+03
          42    0.1400961857E+03    0.1144611720E+03    0.7258038372E+03
          43    0.2839841240E+03    0.2427169496E+03    0.3556850721E+03
          44    0.1116733590E+03    0.7722945639E+02    0.4297925514E+03
          45    0.3080402789E+03    0.2889626954E+03    0.2055312792E+03
          46    0.1474768400E+03    0.1087012231E+03   -0.3035032651E+03
          47    0.1500716927E+03   -0.1417703218E+03    0.7305710277E+03
          48    0.3014422448E+03    0.2650311382E+03    0.2258322217E+03
          49    0.1472119693E+03    0.1091857888E+03   -0.2998407152E+03
          50    0.1765107788E+03    0.1240548309E+03   -0.3566056746E+03
          51    0.2840952407E+03    0.2407712422E+03    0.3750130412E+03
          52    0.1466257094E+03    0.1096178713E+03   -0.2998786304E+03
          53    0.1522026867E+03   -0.1318037668E+03   -0.4554856567E+03
          54    0.2842861246E+03    0.2405444418E+03    0.3741027360E+03
          55    0.1502654800E+03   -0.1413023549E+03    0.7334473748E+03
          56    0.2859235183E+03    0.2527109202E+03    0.1701344525E+03
          57    0.2279891982E+03    0.2370461137E+03    0.4811568250E+03
          58    0.2861531384E+03    0.2475072998E+03   -0.3821333486E+03
          59    0.2842627385E+03    0.2426416416E+03   -0.1304411947E+03
          60    0.1108684332E+03    0.7760409789E+02    0.5707722273E+03
          61    0.1508063189E+03   -0.1409527802E+03    0.7266070976E+03
          62    0.3072562383E+03    0.2864984543E+03    0.2708648902E+03
          63    0.1521283522E+03   -0.1397531177E+03    0.7244311398E+03
          64    0.2708259593E+03    0.2301517034E+03    0.3763807538E+03
          65    0.1555562921E+03   -0.1356917897E+03    0.9107273984E+03
          66    0.1516113256E+03   -0.1430555065E+03   -0.3245408372E+03
          67    0.2837887158E+03   -0.2379565659E+03    0.3562189659E+03
          68    0.1894472113E+03    0.1662466414E+03    0.3050689583E+03
          69    0.1504165937E+03   -0.1411611232E+03    0.7300977158E+03
          70    0.1497836426E+03   -0.1415845444E+03    0.7330682245E+03
          71    0.2976361754E+03    0.2463925227E+03   -0.3523419251E+03
          72    0.1350192290E+03    0.1218763862E+03   -0.1085895147E+04
          73    0.2832747432E+03    0.2498269312E+03   -0.2887558077E+03
          74    0.3423613234E+03    0.3053151655E+03   -0.6673199276E+03
          75    0.3161052278E+03    0.3107675848E+03    0.2179841391E+03
          76    0.1428200380E+03    0.1059222079E+03   -0.4685665049E+03
          77    0.1522683357E+03   -0.1403637662E+03    0.2078022219E+03
          78    0.2855635548E+03    0.2427081297E+03    0.1643763261E+03
          79    0.1499409464E+03   -0.1414653651E+03    0.7318460408E+03
          80    0.2988538525E+03    0.2480579908E+03    0.2041471874E+03
          81    0.1881934893E+03    0.8022728382E+02   -0.1044970733E+04
          82    0.2885851096E+03    0.2521776729E+03   -0.3409598642E+03
          83    0.1500788627E+03   -0.1413627338E+03    0.7305966117E+03
          84    0.2753552857E+03    0.2377868601E+03   -0.6053222078E+03
          85    0.1525268332E+03   -0.1296207186E+03    0.4546624176E+03
          86    0.2758140926E+03    0.2394347254E+03   -0.5880905203E+03
          87    0.2866189286E+03    0.2488569342E+03   -0.3767469895E+03
          88    0.2843900412E+03    0.2401475238E+03    0.3578246594E+03
          89    0.2587742546E+03    0.9863580270E+02   -0.3949159885E+03
          90    0.1542641965E+03   -0.1360567115E+03    0.1181706856E+04
          91    0.2860213413E+03    0.2460087282E+03   -0.3921301833E+03
          92    0.1653514149E+03    0.1582283539E+03   -0.4955408230E+03
          93    0.1833719856E+03    0.1699432230E+03    0.4437656439E+03
          94    0.2865770786E+03    0.2500898109E+03   -0.3770678139E+03
          95    0.3081594062E+03    0.2878934016E+03   -0.2011388872E+03
          96    0.1510656141E+03    0.1069892162E+03   -0.2748069394E+03
          97    0.2965605134E+03    0.2534922391E+03   -0.3651096791E+03
          98    0.1502179174E+03   -0.1412609636E+03    0.7291734383E+03
          99    0.2593601866E+03   -0.2045641739E+03    0.3199827636E+03
         100    0.2958264925E+03    0.2556065084E+03   -0.3601223049E+03
