Model_ID, [(c_i,i=0,n)_j,j=1,ntask]
           1    0.7822156767E+02   -0.3902519848E+02    0.9213833204E+03
           2    0.8447882767E+02    0.7470522637E+02   -0.2778028101E+03
           3    0.8510291390E+02   -0.4128310449E+02    0.5643793552E+02
           4    0.8012410748E+02    0.7718316647E+02    0.2721027951E+03
           5    0.7519773852E+02   -0.7168066472E+02   -0.3005499463E+03
           6    0.7565824144E+02   -0.3558707193E+02    0.2523218383E+03
           7    0.7152135253E+02    0.7101713732E+02    0.3549334380E+04
           8    0.7090952057E+02    0.7106846414E+02    0.1660952503E+04
           9    0.7334280109E+02   -0.3448203325E+02    0.1153473960E+03
          10    0.8019474773E+02   -0.6766939466E+02    0.1335131091E+03
          11    0.7310147373E+02   -0.3387370842E+02   -0.5940273224E+02
          12    0.7771124033E+02   -0.3711333040E+02    0.8570604257E+02
          13    0.7822456787E+02   -0.3397040104E+02   -0.5221802402E+03
          14    0.7827097863E+02    0.3920819352E+02    0.9164311048E+03
          15    0.7312820001E+02   -0.3357832485E+02   -0.5644577343E+02
          16    0.7599023886E+02   -0.6204397901E+02    0.1011090845E+03
          17    0.8532179800E+02   -0.4115886251E+02    0.5625574483E+02
          18    0.7804504948E+02   -0.1952451198E+02    0.9124997924E+03
          19    0.8651052968E+02    0.8139865690E+02    0.2350048557E+03
          20    0.7523496961E+02   -0.3526553992E+02   -0.2513791461E+03
          21    0.7894805025E+02   -0.3759219328E+02    0.3598339017E+03
          22    0.6935680666E+02   -0.6130509455E+02    0.6650410875E+02
          23    0.7207277499E+02   -0.3342106176E+02    0.1305621105E+03
          24    0.8420127174E+02   -0.3923763247E+02    0.8916563209E+02
          25    0.8499506448E+02   -0.4092060495E+02    0.5599543147E+02
          26    0.8549571105E+02   -0.4120529498E+02   -0.5540547105E+02
          27    0.7299408340E+02   -0.3332135454E+02   -0.5645928721E+02
          28    0.7498634890E+02   -0.7160873105E+02   -0.2876122738E+03
          29    0.7294329443E+02   -0.3284670008E+02   -0.5497133242E+02
          30    0.7533677064E+02   -0.3503029393E+02    0.1263758293E+03
          31    0.7743355778E+02   -0.3839416989E+02    0.9106470500E+03
          32    0.7294575151E+02   -0.3283979976E+02    0.5476888942E+02
          33    0.8394003658E+02   -0.3995892758E+02   -0.5421636614E+02
          34    0.8243859452E+02   -0.1903278211E+02   -0.6232518497E+02
          35    0.8518704577E+02    0.7653783551E+02   -0.1582889677E+03
          36    0.8414734877E+02   -0.3976621905E+02    0.5754871092E+02
          37    0.7698813901E+02   -0.4004125123E+02   -0.2981455325E+03
          38    0.7287385939E+02   -0.3295588824E+02   -0.5617847019E+02
          39    0.8654652188E+02    0.8170293806E+02    0.2355877141E+03
          40    0.7186665896E+02   -0.3286629137E+02   -0.6182700088E+02
          41    0.7360199249E+02   -0.3405827863E+02   -0.2429888227E+03
          42    0.8466246314E+02   -0.4067023157E+02    0.5549231616E+02
          43    0.8251731854E+02   -0.3903503122E+02    0.5320602354E+02
          44    0.7465737088E+02   -0.3442244848E+02   -0.2831344162E+03
          45    0.8468984574E+02   -0.7266735177E+02   -0.2912422167E+03
          46    0.8521865305E+02   -0.4117363834E+02    0.5739443662E+02
          47    0.7888249219E+02   -0.3762376696E+02   -0.1633802781E+03
          48    0.7758993810E+02   -0.1934855294E+02    0.9058076865E+03
          49    0.6976208603E+02    0.6643595997E+02    0.6980272323E+03
          50    0.7508496018E+02   -0.3486288113E+02   -0.2987481740E+03
          51    0.7195007702E+02   -0.3244734582E+02   -0.5316998973E+02
          52    0.7490699141E+02   -0.3502915233E+02    0.2485728173E+03
          53    0.7025143062E+02   -0.3828378959E+02    0.5582582591E+02
          54    0.7679702088E+02   -0.7537068892E+02   -0.9274243767E+02
          55    0.7195417128E+02   -0.3261937584E+02   -0.5824364920E+02
          56    0.7483207037E+02   -0.7144244610E+02    0.9264371899E+03
          57    0.7790092748E+02   -0.6743082702E+02   -0.2514273366E+03
          58    0.7160765097E+02   -0.3304661020E+02    0.6105755411E+02
          59    0.8443268364E+02   -0.4054074499E+02    0.5502236061E+02
          60    0.8217835251E+02    0.7438308549E+02   -0.8762439491E+02
          61    0.7299526967E+02   -0.3315662020E+02   -0.5595511088E+02
          62    0.7536798015E+02   -0.3612934922E+02   -0.3630768247E+03
          63    0.7290572457E+02   -0.3308797958E+02   -0.5592725009E+02
          64    0.8702928824E+02    0.8384557364E+02    0.2364597896E+03
          65    0.7218845826E+02   -0.3246854890E+02   -0.5780207777E+02
          66    0.7281665378E+02   -0.3302094859E+02   -0.5586337687E+02
          67    0.7136580562E+02   -0.3537353155E+02    0.4291386666E+03
          68    0.7272688848E+02   -0.3295461426E+02   -0.5576362089E+02
          69    0.8432554873E+02    0.7528669665E+02   -0.1816714667E+03
          70    0.7482701483E+02   -0.3305320132E+02    0.1226555943E+03
          71    0.7365953306E+02    0.6240175419E+02    0.1051990295E+03
          72    0.8671809835E+02    0.8273692719E+02    0.2378001665E+03
          73    0.7263521864E+02   -0.3288810287E+02   -0.5562604391E+02
          74    0.8292258134E+02   -0.7373032390E+02   -0.2971577293E+03
          75    0.8355399667E+02    0.7268994142E+02   -0.8669735822E+02
          76    0.7181626639E+02   -0.3235164500E+02   -0.5835243094E+02
          77    0.6895050852E+02   -0.3032713397E+02   -0.5717320632E+02
          78    0.7268663549E+02   -0.3310152637E+02   -0.5558716344E+02
          79    0.7198793684E+02   -0.3230761610E+02   -0.2898640570E+02
          80    0.7395939780E+02   -0.7047555209E+02    0.9057196227E+03
          81    0.7156271750E+02   -0.3264568746E+02   -0.6116032131E+02
          82    0.7533821847E+02   -0.6038822478E+02   -0.5212100313E+02
          83    0.8597029385E+02    0.8257741666E+02    0.2283934939E+03
          84    0.6988000692E+02   -0.3162352108E+02   -0.6178225755E+02
          85    0.7180119246E+02   -0.3189091557E+02   -0.5635641656E+02
          86    0.8401368468E+02   -0.4025706900E+02   -0.5718844925E+02
          87    0.7114778549E+02   -0.2837436008E+02   -0.2940464834E+03
          88    0.7169828338E+02   -0.3197797419E+02   -0.5808436694E+02
          89    0.7477320038E+02    0.3561818890E+02   -0.5238144487E+03
          90    0.7476915463E+02   -0.3560130324E+02   -0.5238255803E+03
          91    0.8465616090E+02   -0.4034922198E+02    0.5463194873E+02
          92    0.7146201843E+02   -0.3276983260E+02    0.6099426458E+02
          93    0.6168173883E+02   -0.5233362834E+02    0.7631054245E+02
          94    0.7040156367E+02    0.6750454709E+02    0.1412812792E+04
          95    0.8291809101E+02   -0.7286161018E+02   -0.2838774621E+03
          96    0.7144903127E+02   -0.3215726107E+02   -0.5039805691E+02
          97    0.7360595001E+02   -0.6356142893E+02    0.4560950757E+03
          98    0.7740981341E+02   -0.3411624157E+02   -0.5157141466E+03
          99    0.7534396699E+02   -0.6047250376E+02   -0.5184612309E+02
         100    0.7291945304E+02   -0.3295473399E+02   -0.5514825181E+02
