Model_ID, [(c_i,i=0,n)_j,j=1,ntask]
           1    0.4903695501E+02   -0.4474867083E+02    0.3840249230E+03
           2    0.2645419537E+02    0.3126916567E+02   -0.1117923114E+04
           3    0.4879547315E+02   -0.4422749218E+02    0.3784380796E+03
           4    0.2587531650E+02    0.1846888496E+02   -0.1166028869E+04
           5    0.2601009332E+02    0.1895838988E+02    0.8321899949E+03
           6    0.4965012459E+02   -0.4480036824E+02    0.3730732114E+03
           7    0.4876095484E+02   -0.4413463416E+02    0.3775432883E+03
           8    0.4826117513E+02   -0.4434854474E+02    0.3744373440E+03
           9    0.4523883046E+02    0.4086367173E+02   -0.5960793028E+03
          10    0.3575428100E+02    0.3165608169E+02    0.3673279701E+03
          11    0.2704034938E+02    0.3058869883E+02   -0.1083474822E+04
          12    0.4886910648E+02   -0.4321747130E+02    0.3740172115E+03
          13    0.4388950975E+02    0.4340219289E+02    0.3754461670E+03
          14    0.2782814593E+02    0.3016448097E+02   -0.1077096565E+04
          15    0.1484200235E+02    0.6822666119E+02   -0.4958474137E+03
          16    0.4547709027E+02    0.4031894140E+02   -0.5971558867E+03
          17    0.4879816853E+02   -0.4328970260E+02    0.3728019120E+03
          18    0.3592625947E+02    0.2906489975E+02    0.3658300117E+03
          19    0.2750079738E+02    0.3029924172E+02   -0.1072458606E+04
          20    0.4460814570E+02    0.4387693270E+02   -0.3307978104E+03
          21    0.5080124031E+02   -0.5182261775E+02    0.3721726508E+03
          22    0.4406133150E+02   -0.4614790203E+02   -0.3385093722E+03
          23    0.2714945901E+02    0.3053922354E+02   -0.1096280410E+04
          24    0.4941872300E+02   -0.4505278456E+02    0.1703364412E+03
          25    0.4840573751E+02    0.5422210328E+02   -0.2341996624E+03
          26    0.4499142042E+02    0.4267616949E+02   -0.2286815073E+03
          27    0.1797507697E+02    0.7219276800E+02   -0.5819940502E+03
          28    0.4791838539E+02    0.4856949629E+02   -0.5903658166E+03
          29    0.1459681519E+02    0.6836681113E+02   -0.4942161340E+03
          30    0.4936240996E+02   -0.4415101366E+02    0.3665357633E+03
          31    0.4858554010E+02   -0.4356283768E+02    0.3724726811E+03
          32    0.4988721039E+02   -0.4358850751E+02   -0.2240461762E+03
          33    0.3571288934E+02    0.2923483288E+02    0.3713896652E+03
          34    0.4858057469E+02   -0.4358370041E+02    0.3715884986E+03
          35    0.4431026332E+02    0.4234691119E+02   -0.2274842796E+03
          36    0.4857417902E+02    0.4356280775E+02    0.3723381461E+03
          37    0.4863793180E+02   -0.4368715708E+02    0.3737437135E+03
          38    0.4657375759E+02    0.4284747613E+02    0.7522252469E+03
          39    0.4747146496E+02    0.3880730924E+02   -0.6441082642E+03
          40    0.4856770649E+02   -0.4354076240E+02    0.3730799244E+03
          41    0.4850937344E+02    0.4341884309E+02    0.3708173559E+03
          42    0.4856275348E+02   -0.4356186464E+02    0.3721980643E+03
          43    0.3677535062E+02   -0.2906260589E+02    0.3508161355E+03
          44    0.4334116423E+02    0.3898291688E+02   -0.5477497860E+03
          45    0.5049042056E+02   -0.4341521684E+02   -0.3174522509E+03
          46    0.1468536955E+02    0.6828281146E+02   -0.4961666594E+03
          47    0.5017610754E+02   -0.4680301216E+02   -0.3102479512E+03
          48    0.4527484323E+02    0.4403114980E+02   -0.3285461008E+03
          49    0.2719428982E+02    0.3045754262E+02   -0.1082469253E+04
          50    0.4602996643E+02    0.4433999781E+02    0.3692433437E+03
          51    0.5134696699E+02   -0.4555886835E+02    0.2869234801E+03
          52    0.1914077864E+02   -0.7185846796E+02   -0.5905698697E+03
          53    0.5138261082E+02   -0.4550842076E+02    0.2931718933E+03
          54    0.3626997080E+02    0.3147027980E+02    0.3671041955E+03
          55    0.4682782643E+02    0.4229147814E+02    0.7539860749E+03
          56    0.3042654356E+02    0.3290451187E+02   -0.1057557038E+04
          57    0.4901908765E+02    0.4239452001E+02    0.3698429010E+03
          58    0.4523002020E+02    0.4206999888E+02   -0.2284112604E+03
          59    0.2778415615E+02    0.2999148366E+02   -0.1082662593E+04
          60    0.5115605472E+02   -0.4484195161E+02    0.2964318502E+03
          61    0.4485449012E+02   -0.4144244760E+02   -0.5921321657E+03
          62    0.5126217895E+02   -0.5098805026E+02   -0.3251716195E+03
          63    0.5000602951E+02   -0.4325469821E+02    0.3698220257E+03
          64    0.5143940241E+02   -0.5072273970E+02   -0.3265067825E+03
          65    0.1505491317E+02   -0.7113165417E+02   -0.5755930536E+03
          66    0.1442895390E+02    0.6832472993E+02   -0.4904654375E+03
          67    0.5050274383E+02   -0.5116978841E+02    0.3661007633E+03
          68    0.1912732508E+02   -0.7140080427E+02   -0.5848476631E+03
          69    0.4375087112E+02   -0.4434217202E+02   -0.2302819150E+03
          70    0.3570966123E+02    0.3198043579E+02    0.3574527818E+03
          71    0.4554406559E+02    0.4351684153E+02   -0.3260347276E+03
          72    0.3573043419E+02    0.3147872186E+02    0.3595185791E+03
          73    0.1465634654E+02    0.6413795277E+02   -0.5164904989E+03
          74    0.4462186304E+02    0.3948690751E+02   -0.3995471148E+03
          75    0.5049863998E+02   -0.5194658944E+02   -0.3206136807E+03
          76    0.3544664270E+02   -0.3227215653E+02    0.3642025740E+03
          77    0.4815197148E+02    0.4410778832E+02    0.3654223966E+03
          78    0.5045877465E+02   -0.5104655890E+02    0.3651009992E+03
          79    0.4997723558E+02   -0.4187113803E+02   -0.2171924917E+03
          80    0.4754171580E+02    0.4511019650E+02    0.3722317345E+03
          81    0.4905393402E+02   -0.4216453747E+02    0.3688914949E+03
          82    0.4670046685E+02    0.4257803216E+02    0.7764338515E+03
          83    0.4551562445E+02    0.4338764730E+02   -0.3276961593E+03
          84    0.1511129262E+02    0.7790104965E+02    0.3552202861E+03
          85    0.5252832793E+02   -0.5043038334E+02   -0.3226966891E+03
          86    0.5265493616E+02    0.2189353203E+02   -0.3003410326E+03
          87    0.4522150285E+02    0.4202650786E+02   -0.2245277058E+03
          88    0.5135618031E+02   -0.4524984832E+02    0.3015474858E+03
          89    0.4389560395E+02   -0.4466172620E+02   -0.3309637039E+03
          90    0.2017571384E+02    0.6911941052E+02   -0.5854858924E+03
          91    0.4539075134E+02    0.4240574431E+02   -0.3244493491E+03
          92    0.2726318459E+02    0.3033319110E+02   -0.1067215798E+04
          93    0.4821622962E+02   -0.4257323644E+02    0.3629196831E+03
          94    0.4913045802E+02   -0.4294291139E+02   -0.2218881619E+03
          95    0.4468150262E+02    0.4352848391E+02   -0.3411414886E+03
          96    0.4913231982E+02   -0.4439662560E+02    0.1672788278E+03
          97    0.4550812805E+02    0.4005212380E+02   -0.4502002198E+03
          98    0.1911423507E+02    0.7067321098E+02   -0.5877852555E+03
          99    0.5133888454E+02   -0.5070947518E+02   -0.3243560077E+03
         100    0.5160739650E+02   -0.4444997850E+02    0.3111509089E+03
