     Index              y_true              y_pred        descriptor_1        descriptor_2
         1    0.1576000000E+02    0.1507555175E+02   -0.4887464343E+00    0.6575420000E-01
         2    0.1262000000E+02    0.1559752150E+02   -0.8628729833E+00   -0.3912384000E-01
         3    0.4810000000E+01    0.6185691652E+01   -0.2833363584E-01    0.6674731000E-01
         4    0.1012000000E+02    0.1378185532E+02   -0.5501351861E+00    0.2712576000E-01
         5    0.3850000000E+02    0.3082517968E+02   -0.1375063314E+01    0.4266460000E-01
         6    0.4060000000E+01    0.6154111511E+01   -0.2307967574E+00    0.5114480000E-02
         7    0.6140000000E+01    0.3733954855E+01    0.3627564416E-01    0.4818648000E-01
         8    0.5980000000E+01    0.3857791549E+01    0.1286500488E-01    0.4303966000E-01
         9    0.3366000000E+02    0.3670605303E+02   -0.1552957000E+01    0.8026450000E-01
        10    0.4390000000E+01    0.3547562152E+01   -0.7806546748E-01    0.1076183000E-01
        11    0.2638000000E+02    0.2240366828E+02   -0.1433640600E+01   -0.1058007600E+00
        12    0.1470000000E+02    0.1556148806E+02   -0.5993970300E+00    0.3988448000E-01
        13    0.2347000000E+02    0.2131932278E+02   -0.9591361200E+00    0.2065772000E-01
        14    0.2613000000E+02    0.2159821743E+02   -0.7744289838E+00    0.8076885000E-01
        15    0.7980000000E+01    0.6333085367E+01   -0.2382174541E+00    0.5652720000E-02
        16    0.1316000000E+02    0.1798058617E+02   -0.3832397076E+00    0.1427280000E+00
        17    0.2309000000E+02    0.1960130337E+02   -0.7544500294E+00    0.5579280000E-01
        18    0.2213000000E+02    0.2480163373E+02   -0.1047984593E+01    0.4790200000E-01
        19    0.1337000000E+02    0.1118940163E+02   -0.5814701878E+00   -0.2259472000E-01
        20    0.2218000000E+02    0.2433162420E+02   -0.1106655589E+01    0.2288512000E-01
        21    0.7530000000E+01    0.1412033681E+02   -0.4897963882E+00    0.5060384000E-01
        22    0.4660000000E+01    0.7672273437E+01   -0.1490996808E-01    0.9388590000E-01
        23    0.4660000000E+01    0.5703868538E+01    0.6154967910E-02    0.6968052000E-01
        24    0.1560000000E+01    0.2195036615E+01    0.4619463921E-01    0.2728449000E-01
        25    0.2600000000E+01    0.1418091528E+01    0.0000000000E+00    0.1269060000E-02
        26    0.2280000000E+01    0.5276237352E+00    0.0000000000E+00   -0.1255878000E-01
        27    0.1002000000E+02    0.1477767824E+02   -0.1191213688E+01   -0.1510115400E+00
        28    0.5650000000E+01    0.2602972138E+01    0.6178015870E-01    0.3832593000E-01
        29    0.1799000000E+02    0.1717827566E+02   -0.6875897886E+00    0.3835756000E-01
        30    0.4200000000E+00    0.8450416977E+00    0.0000000000E+00   -0.7629680000E-02
        31    0.6650000000E+01    0.5341546567E+01   -0.5138517965E-01    0.4667740000E-01
        32    0.2455000000E+02    0.2047914169E+02   -0.8600372718E+00    0.3753792000E-01
        33    0.9540000000E+01    0.1008117586E+02   -0.9432954982E-01    0.1073089600E+00
        34    0.2492000000E+02    0.2524018851E+02   -0.1525347040E+01   -0.8944788000E-01
        35    0.6970000000E+01    0.5836269073E+01    0.1697262840E-01    0.7500339000E-01
        36    0.1000000000E+00   -0.1458450236E+01    0.0000000000E+00   -0.4340000000E-01
        37    0.4360000000E+01    0.5195665931E+01   -0.1108276914E+00    0.2646084000E-01
        38    0.3140000000E+01    0.3774435103E+01    0.1595183753E+00    0.8603352000E-01
        39    0.1128000000E+02    0.1184974035E+02   -0.2744465922E+00    0.8037846000E-01
        40    0.3600000000E+01    0.5789440763E+01   -0.3270475683E+00   -0.2961546000E-01
        41    0.1040000000E+01    0.7816395770E+00   -0.5831293070E+00   -0.1847151600E+00
        42    0.2305000000E+02    0.2466240437E+02   -0.1727267870E+01   -0.1593988000E+00
