        Rank        RMSE       MaxAE  Feature_ID
           1   26.627035   58.331232  (      17   19752)
           2   27.029876   58.137767  (      24   19752)
           3   27.164499   83.310072  (      17   14784)
           4   27.420527   67.008401  (    1694   15021)
           5   27.433609   66.981693  (    1694   14984)
           6   27.501256   68.205436  (     378   15021)
           7   27.509999   68.240178  (     378   14984)
           8   27.606396   68.566843  (     162   15021)
           9   27.613411   68.600991  (     162   14984)
          10   27.660966   67.528751  (    1292   15021)
          11   27.672345   67.564112  (    1292   14984)
          12   27.673003   68.767994  (      24   10160)
          13   27.678719   67.887130  (    1694   15357)
          14   27.701270   68.530527  (    1944   14908)
          15   27.733396   80.757582  (     624   15357)
          16   27.769035   68.425389  (      17   10160)
          17   27.789245   77.383616  (      19   17888)
          18   27.828450   68.296903  (    4160   15021)
          19   27.834901   67.762311  (    1694   14908)
          20   27.836311   64.864408  (     159   15458)
          21   27.843907   68.270570  (    4160   14984)
          22   27.866660   75.628507  (    5190   19752)
          23   27.905521   68.670096  (    1292   15357)
          24   27.907085   68.341748  (    1694   14328)
          25   27.934354   61.237451  (      16   10064)
          26   27.946225   69.941898  (    1944   17802)
          27   27.961199   65.321630  (     159   15188)
          28   27.976742   89.001011  (       7   10278)
          29   28.000785   66.332467  (     378   14908)
          30   28.003403   68.074263  (    7393   15357)
          31   28.035117   80.337422  (     624   14328)
          32   28.040482   66.867217  (    2277   15021)
          33   28.052782   66.902418  (    2277   14984)
          34   28.053945   69.151350  (    4160   15357)
          35   28.062459   72.648772  (     338   13602)
          36   28.083354   69.102410  (     378   15357)
          37   28.083979   61.074673  (      13   10064)
          38   28.098190   55.071043  (     136   10603)
          39   28.100782   68.978735  (    4160   14908)
          40   28.102385   69.366061  (    1292   14328)
          41   28.103436   70.421841  (    1694   12808)
          42   28.105855   66.154634  (     162   14908)
          43   28.110086   66.905847  (    1944   12808)
          44   28.114995   68.710025  (    1694   17802)
          45   28.125653   66.961842  (    1292   14908)
          46   28.149695   66.887296  (    7393   15021)
          47   28.163935   66.859823  (    7393   14984)
          48   28.202876   83.091144  (      24   14784)
          49   28.221986   67.234681  (    1944   15901)
          50   28.225605   69.782787  (     378   14328)
          51   28.238654   80.422453  (      17   15656)
          52   28.260190   69.008933  (    1323    3316)
          53   28.261740   68.780485  (    7393   14328)
          54   28.270016   80.172394  (    8692   14908)
          55   28.277840   68.165636  (       7   10001)
          56   28.286161   67.218582  (      24   14302)
          57   28.294777   69.216809  (     159   11217)
          58   28.300388   66.630822  (      17   14302)
          59   28.301614   90.398537  (       7   10075)
          60   28.311554   86.786568  (      17   13602)
          61   28.313124   67.387764  (     399   15967)
          62   28.316543   71.720578  (    4160   12808)
          63   28.328143   68.600023  (    4160   14328)
          64   28.336853   69.065912  (    4168   14908)
          65   28.355716   72.741474  (     357   13602)
          66   28.378380   69.924482  (    4160   17802)
          67   28.381543   67.908371  (    1292   17802)
          68   28.381672   87.325485  (      24   13602)
          69   28.394402   69.307016  (     162   15357)
          70   28.404024   68.288263  (    1384   15021)
          71   28.404557   83.402227  (    8692   15021)
          72   28.404818   68.800321  (     378   12808)
          73   28.409124   66.436966  (     159   15069)
          74   28.413932   68.324007  (    1384   14984)
          75   28.424795   83.440925  (    8692   14984)
          76   28.433910   90.385362  (       7   10152)
          77   28.435140   81.131066  (     624   17802)
          78   28.443855   68.583351  (    7393   17802)
          79   28.447272   69.566601  (    1292   12808)
          80   28.450372   65.626595  (     159   17021)
          81   28.459091   67.457199  (    2277   14908)
          82   28.460799   87.688377  (       7   10226)
          83   28.475624   78.552825  (    8692   12808)
          84   28.492483   65.389425  (     159   17977)
          85   28.494251   64.607594  (      24   10064)
          86   28.501896   69.972847  (     162   14328)
          87   28.524506   59.986734  (     102   10121)
          88   28.535572   74.926955  (    7393   14784)
          89   28.537265   67.349940  (     136   10232)
          90   28.538635   67.678772  (    7393   14908)
          91   28.539032   70.490531  (    4168   17802)
          92   28.543262   69.725152  (      24   11300)
          93   28.548699   64.870751  (      17   10064)
          94   28.549222   82.398067  (     289   14897)
          95   28.553044   66.186526  (     121   10589)
          96   28.565100   67.305990  (     378   17802)
          97   28.567287   68.302812  (     162   12808)
          98   28.572479   67.432218  (    4088   10475)
          99   28.572941   78.159189  (       1   10011)
         100   28.575808   70.572039  (    1694   15901)
