Model_ID, [(c_i,i=0,n)_j,j=1,ntask]
           1    0.1677412901E+03    0.9247672608E+02   -0.2797450035E+03
           2    0.1672901032E+03    0.9755375222E+02   -0.2722221588E+03
           3    0.1964373825E+03   -0.1202678757E+03   -0.2794139019E+03
           4    0.1857206381E+03   -0.1303953573E+03   -0.4156663521E+03
           5    0.1929473264E+03    0.1202653775E+03   -0.2777191968E+03
           6    0.1876324867E+03   -0.1267622513E+03   -0.4346277582E+03
           7    0.2873162855E+03    0.1725902825E+03   -0.2838832333E+03
           8    0.1895608740E+03   -0.1266561650E+03   -0.4192801717E+03
           9    0.1680672676E+03    0.1093836192E+03   -0.2591063522E+03
          10    0.1742270147E+03   -0.9217812044E+02   -0.2906723640E+03
          11    0.1976966305E+03   -0.1209306141E+03   -0.2833733027E+03
          12    0.1969759926E+03   -0.1197917733E+03   -0.2706828906E+03
          13    0.1916395572E+03   -0.1228548355E+03   -0.4358241785E+03
          14    0.1962593551E+03   -0.1212646548E+03   -0.2732654021E+03
          15    0.1958159872E+03   -0.1214140604E+03   -0.2722551757E+03
          16    0.1787471133E+03    0.9895403228E+02   -0.2347154257E+03
          17    0.1966617469E+03   -0.1211009032E+03   -0.2733114619E+03
          18    0.1979039389E+03   -0.1204729434E+03   -0.2746452051E+03
          19    0.1969223085E+03   -0.1218631434E+03    0.2491301838E+03
          20    0.8690694522E+02   -0.1727506919E+03   -0.2411120358E+03
          21    0.1786306265E+03    0.8396199757E+02   -0.2562873026E+03
          22    0.1940223757E+03   -0.1229129836E+03    0.2390505727E+03
          23    0.3120730620E+03   -0.2070659975E+03   -0.2736198385E+03
          24    0.1779500194E+03    0.8860311503E+02   -0.2486873385E+03
          25    0.1945174998E+03   -0.1218074045E+03   -0.2725940671E+03
          26    0.1992510467E+03   -0.1158537205E+03   -0.2794713760E+03
          27    0.1938877696E+03   -0.1218814130E+03   -0.2642524807E+03
          28    0.1856345480E+03   -0.1335215010E+03    0.3696104260E+03
          29    0.1997068223E+03   -0.1170192779E+03   -0.2862156559E+03
          30    0.2895609618E+03    0.1774478206E+03   -0.2063416982E+03
          31    0.2024851855E+03    0.1073602962E+03   -0.2489614761E+03
          32    0.1989324868E+03   -0.1222875530E+03    0.2475206573E+03
          33    0.1689082547E+03    0.9575891501E+02   -0.2367013177E+03
          34    0.2885708903E+03    0.1779921879E+03   -0.2038185996E+03
          35    0.1941957368E+03   -0.1218533684E+03   -0.2605403451E+03
          36    0.1725788468E+03    0.9248504891E+02    0.4323749020E+03
          37    0.1767229219E+03   -0.8967484605E+02   -0.2923959070E+03
          38    0.1984677004E+03   -0.1101905339E+03   -0.3173164379E+03
          39    0.2919776004E+03    0.2077090262E+03    0.6389417306E+03
          40    0.2217236115E+03    0.1245958969E+03   -0.4646410146E+03
          41    0.1547064642E+03    0.7583894703E+02   -0.2659677829E+03
          42    0.1962298511E+03   -0.1200145557E+03   -0.2655874510E+03
          43    0.1965049955E+03   -0.1121442052E+03   -0.3343333385E+03
          44    0.2779288266E+03    0.2059151137E+03    0.4427692716E+03
          45    0.2911869880E+03   -0.1982580328E+03   -0.1366124146E+03
          46    0.1953326057E+03   -0.1221760861E+03   -0.2590900319E+03
          47    0.2886675307E+03   -0.1810277675E+03   -0.2653254368E+03
          48    0.1985523852E+03   -0.1172330431E+03   -0.2806738169E+03
          49    0.1980991285E+03   -0.1173826605E+03   -0.2796576315E+03
          50    0.1714114557E+03   -0.9354061834E+02    0.2472576806E+03
          51    0.1695626336E+03    0.9458244241E+02   -0.2620282170E+03
          52    0.1985454408E+03   -0.1105242897E+03   -0.3305857813E+03
          53    0.1968336589E+03   -0.1216730345E+03    0.2371549010E+03
          54    0.1744975820E+03   -0.9362157772E+02    0.2752533018E+03
          55    0.1989646554E+03   -0.1170679233E+03   -0.2806977691E+03
          56    0.1961601916E+03   -0.1233256952E+03    0.2415853219E+03
          57    0.1998515571E+03   -0.1077359742E+03   -0.2080020707E+03
          58    0.3112493378E+03    0.2155729607E+03   -0.1558370323E+03
          59    0.2010178113E+03   -0.1069285766E+03   -0.2043274821E+03
          60    0.1913985224E+03   -0.1318023993E+03    0.1217351662E+03
          61    0.1970207813E+03   -0.1100173638E+03   -0.2758095626E+03
          62    0.2887192222E+03    0.1609485141E+03   -0.3162697977E+03
          63    0.2002325966E+03   -0.1164531321E+03   -0.2822617662E+03
          64    0.1924450219E+03   -0.1297159046E+03    0.1318523364E+03
          65    0.1786802488E+03    0.1049511112E+03   -0.2240438257E+03
          66    0.1871241249E+03   -0.1235602553E+03   -0.3129302805E+03
          67    0.1715991590E+03   -0.9176302926E+02   -0.2671072814E+03
          68    0.1893868614E+03   -0.1284524577E+03    0.3563326394E+03
          69    0.1710250180E+03    0.8915939525E+02   -0.2692193878E+03
          70    0.2248934268E+03    0.1205802386E+03   -0.4673365837E+03
          71    0.1840980318E+03    0.8570953386E+02    0.2692483620E+03
          72    0.1967696383E+03   -0.1178007821E+03   -0.2805446733E+03
          73    0.1547408239E+03   -0.1032872869E+03   -0.4601040496E+03
          74    0.2287398274E+03    0.1169572296E+03    0.2709061165E+03
          75    0.2854916064E+03    0.1661422820E+03    0.2668392809E+03
          76    0.1755781291E+03   -0.9157660832E+02    0.2452343334E+03
          77    0.2881308585E+03   -0.2021463583E+03   -0.1373736292E+03
          78    0.1949402362E+03    0.1206826621E+03    0.4062881291E+03
          79    0.1617001752E+03   -0.9668129238E+02   -0.4176266865E+03
          80    0.2921602355E+03   -0.2012864030E+03   -0.1415644338E+03
          81    0.1968996007E+03   -0.1204505368E+03   -0.2519055859E+03
          82    0.1888896053E+03   -0.1333028660E+03    0.2978427261E+03
          83    0.1945021527E+03   -0.1236935051E+03    0.2356283849E+03
          84    0.1775798425E+03    0.8837187667E+02    0.4142609634E+03
          85    0.3119110164E+03    0.2107207273E+03    0.3026366641E+03
          86    0.1887609538E+03   -0.1208089420E+03   -0.2047286617E+03
          87    0.1985039331E+03   -0.1160689350E+03   -0.2744108499E+03
          88    0.1961314965E+03   -0.1178545229E+03   -0.2717009261E+03
          89    0.2849427097E+03   -0.1993565375E+03    0.1339919923E+03
          90    0.2036336364E+03   -0.1171405148E+03    0.1207584314E+03
          91    0.2074374086E+03   -0.1064101645E+03   -0.2606411324E+03
          92    0.2880705664E+03   -0.2073347793E+03    0.1316551477E+03
          93    0.1986346257E+03    0.1158429336E+03    0.3939489356E+03
          94    0.2845551161E+03    0.1692200239E+03   -0.2655161840E+03
          95    0.2811961571E+03    0.1854061932E+03   -0.5295543535E+03
          96    0.2742200246E+03   -0.1864337522E+03   -0.3583252560E+03
          97    0.1963411798E+03   -0.1228798752E+03    0.1610461333E+03
          98    0.2848116637E+03    0.1692168589E+03    0.2693544148E+03
          99    0.3133690800E+03   -0.2042661103E+03   -0.2627492962E+03
         100    0.1930954174E+03   -0.1271279024E+03    0.1906198222E+03
