Model_ID, [(c_i,i=0,n)_j,j=1,ntask]
           1    0.3433445920E+03    0.2448745539E+03    0.2103003955E+03
           2    0.3697698352E+03    0.2820462810E+03   -0.1635548587E+03
           3    0.3664846672E+03    0.2753227079E+03   -0.1734774677E+03
           4    0.3530577352E+03    0.2520497753E+03   -0.1716299126E+03
           5    0.2792707665E+03   -0.7317009802E+02   -0.1594246315E+03
           6    0.3553770385E+03    0.2512812715E+03    0.1608370532E+03
           7    0.3560963299E+03    0.2577070620E+03   -0.1612332677E+03
           8    0.2605586922E+03   -0.6849388881E+02   -0.1531432359E+03
           9    0.2654560859E+03   -0.7109289548E+02   -0.1623498312E+03
          10    0.2832431001E+03   -0.7321603219E+02   -0.1679165766E+03
          11    0.3489160768E+03    0.2492938562E+03   -0.2688057737E+03
          12    0.2817355884E+03   -0.1652660058E+03    0.6399063777E+02
          13    0.1713835073E+03    0.8705627657E+02    0.2344191605E+03
          14    0.2537028649E+03   -0.5919192051E+02   -0.1529863358E+03
          15    0.2642899334E+03   -0.6859239129E+02   -0.1610025229E+03
          16    0.3752538524E+03    0.2899584085E+03    0.8746957727E+03
          17    0.3574620689E+03    0.2904809800E+03    0.3421733952E+03
          18    0.2843322435E+03   -0.1660892715E+03   -0.7397151610E+02
          19    0.3662947598E+03    0.2753090004E+03    0.1696621815E+03
          20    0.2637821828E+03   -0.1642425751E+03   -0.5456124414E+02
          21    0.3878975141E+03    0.2866816886E+03   -0.2412311733E+03
          22    0.2792221626E+03   -0.7015877833E+02   -0.1581851157E+03
          23    0.2858538265E+03   -0.1745502384E+03    0.6409690892E+02
          24    0.2691629654E+03   -0.1669146759E+03    0.6280997983E+02
          25    0.3404622103E+03    0.2451000451E+03   -0.2139870358E+03
          26    0.3616813835E+03    0.2672932259E+03    0.3427921841E+03
          27    0.2826471849E+03   -0.7130343138E+02   -0.1628716281E+03
          28    0.3992785853E+03   -0.2916080074E+03   -0.7718594511E+03
          29    0.2574031163E+03   -0.5902544276E+02   -0.1589383038E+03
          30    0.3397854852E+03    0.2417206607E+03   -0.1066864655E+03
          31    0.3530494602E+03    0.2562730157E+03   -0.2451203351E+03
          32    0.2831206894E+03   -0.7033071882E+02   -0.1670154030E+03
          33    0.2659623173E+03    0.5955503471E+02   -0.1611161358E+03
          34    0.3404520994E+03    0.2572284160E+03   -0.2813385265E+03
          35    0.3024537515E+03   -0.7541512500E+02   -0.1592600818E+03
          36    0.2525842936E+03   -0.5544554043E+02   -0.1502354841E+03
          37    0.2824290141E+03   -0.6693879901E+02   -0.1535099868E+03
          38    0.2654783793E+03   -0.6878010976E+02   -0.1600637556E+03
          39    0.3621289961E+03    0.2744846346E+03    0.1849640673E+03
          40    0.3604726636E+03    0.2889758467E+03   -0.3089378238E+03
          41    0.3615054229E+03    0.2656196487E+03   -0.1703870965E+03
          42    0.3612144910E+03    0.2919876076E+03   -0.3178509852E+03
          43    0.2836746680E+03   -0.1630285803E+03   -0.6336427097E+02
          44    0.3420812343E+03    0.2478378263E+03   -0.2077338745E+03
          45    0.3429857592E+03    0.2481831701E+03   -0.2050956519E+03
          46    0.3422775380E+03    0.2474986619E+03    0.2073526452E+03
          47    0.3423616070E+03    0.2476317909E+03   -0.2070567451E+03
          48    0.3450694464E+03    0.2468915171E+03   -0.2826513029E+03
          49    0.3515124352E+03    0.2529962653E+03    0.1685493198E+03
          50    0.2867048637E+03   -0.7140615247E+02   -0.1718952832E+03
          51    0.2719701152E+03   -0.1687673298E+03   -0.5801470422E+02
          52    0.3698261064E+03   -0.1681889447E+03    0.1566000613E+03
          53    0.2880499752E+03   -0.6936921504E+02   -0.1626007202E+03
          54    0.3417256633E+03    0.2585921381E+03   -0.2672618372E+03
          55    0.3428401778E+03    0.1360198456E+03   -0.9878194264E+02
          56    0.3528750200E+03    0.2549160314E+03   -0.1654308902E+03
          57    0.2858982822E+03   -0.6773126659E+02   -0.1583678013E+03
          58    0.3429344909E+03    0.2458806827E+03    0.2055165938E+03
          59    0.2554240327E+03   -0.5578472044E+02   -0.1546915896E+03
          60    0.2658236741E+03   -0.1640320595E+03    0.6388727027E+02
          61    0.3471945618E+03    0.2379899051E+03    0.2542451251E+03
          62    0.3428249456E+03    0.2456564226E+03    0.1992521906E+03
          63    0.3427671990E+03    0.2475396437E+03    0.2054806869E+03
          64    0.3521594996E+03    0.2438101485E+03   -0.1558007780E+03
          65    0.2609162326E+03    0.5353770619E+02   -0.1623737701E+03
          66    0.3418918036E+03    0.2472146660E+03   -0.2078938134E+03
          67    0.2691340638E+03   -0.6580588624E+02   -0.1551498983E+03
          68    0.2875777791E+03   -0.1680913094E+03   -0.7106421597E+02
          69    0.3375696994E+03    0.1949716251E+03    0.4251311565E+03
          70    0.3523843873E+03    0.2548358288E+03   -0.1659826640E+03
          71    0.2622634763E+03   -0.6483212377E+02   -0.1542604054E+03
          72    0.3525461597E+03    0.2546184210E+03   -0.1658584339E+03
          73    0.3527079386E+03    0.2588195553E+03   -0.3637913454E+03
          74    0.2626833972E+03   -0.5094905562E+02   -0.1620259407E+03
          75    0.2650834527E+03   -0.6295125956E+02   -0.1481932110E+03
          76    0.2815699166E+03   -0.1644324671E+03    0.6790621401E+02
          77    0.2699389743E+03    0.5965146671E+02   -0.1700042346E+03
          78    0.3489004343E+03    0.2598964872E+03   -0.2214973901E+03
          79    0.2797012015E+03   -0.1651437988E+03    0.6359107030E+02
          80    0.3421664028E+03    0.2518077683E+03   -0.2027796669E+03
          81    0.3527617124E+03    0.2544547404E+03   -0.1652621082E+03
          82    0.1592559373E+03    0.9586208584E+02    0.2393696201E+03
          83    0.2957932632E+03   -0.1955709065E+03   -0.1783507684E+03
          84    0.3094414999E+03   -0.1648556572E+03    0.9462158367E+02
          85    0.2825092148E+03   -0.6752075185E+02   -0.1604149767E+03
          86    0.2892396556E+03   -0.2089222514E+03   -0.9205801672E+03
          87    0.2561756201E+03   -0.5558699627E+02   -0.1581799702E+03
          88    0.2861997923E+03   -0.6708826973E+02   -0.1617501887E+03
          89    0.2682246016E+03   -0.6735662889E+02   -0.1601290759E+03
          90    0.2856001753E+03   -0.1642330335E+03   -0.6899664261E+02
          91    0.3129152774E+03   -0.1681673746E+03   -0.9572395659E+02
          92    0.3093272690E+03   -0.1633800065E+03   -0.9686969634E+02
          93    0.3376964165E+03    0.1945943163E+03    0.4245901034E+03
          94    0.3631907942E+03    0.1494248406E+03    0.2126234716E+03
          95    0.3381140105E+03   -0.1685758092E+03   -0.6978621748E+02
          96    0.1917391767E+03   -0.8089361782E+02   -0.2686382956E+03
          97    0.3507513970E+03    0.1439543048E+03   -0.9955650300E+02
          98    0.3531829676E+03    0.2492861494E+03   -0.1578041958E+03
          99    0.3458097762E+03    0.2384722018E+03    0.2607544280E+03
         100    0.2761738033E+03   -0.1782964117E+03   -0.5809976346E+02
