Model_ID, [(c_i,i=0,n)_j,j=1,ntask]
           1    0.2890711066E+02   -0.2899383769E+02    0.3848164554E+03
           2    0.9574353701E+01    0.6520328371E+02    0.9882277299E+02
           3    0.9615578849E+01    0.6419773170E+02   -0.3332275704E+03
           4    0.1338795508E+02    0.4128563925E+02    0.1664061049E+03
           5    0.1048517927E+02    0.4326734066E+02   -0.3086688252E+03
           6    0.1088679727E+02    0.6351713377E+02   -0.9871261615E+02
           7    0.1351316365E+02    0.4121912591E+02    0.1660662289E+03
           8    0.1051549255E+02    0.4324012206E+02    0.3082941864E+03
           9    0.9529235431E+01    0.6412223455E+02   -0.3342019673E+03
          10    0.9493970190E+01    0.6511744612E+02    0.9904787861E+02
          11    0.1351797032E+02    0.4116234979E+02   -0.1657229043E+03
          12    0.1064543738E+02    0.4316964589E+02   -0.3074728167E+03
          13    0.1377656140E+02    0.4102532565E+02   -0.1593276327E+03
          14    0.1067539532E+02    0.4314274792E+02    0.3071029969E+03
          15    0.1364204575E+02    0.4109688168E+02   -0.1653919964E+03
          16    0.2844995319E+02   -0.2958744201E+02    0.1660167268E+03
          17    0.1389808602E+02    0.4096227701E+02   -0.1590342433E+03
          18    0.1103696888E+02    0.6338374100E+02   -0.9813638577E+02
          19    0.1081910920E+02    0.6341578675E+02   -0.9888482823E+02
          20    0.1123596316E+02    0.6314999623E+02   -0.9747649337E+02
          21    0.1389575657E+02    0.4117739951E+02    0.1651747686E+03
          22    0.1401567009E+02    0.4111611623E+02    0.1648949517E+03
          23    0.2913775644E+02   -0.2911263139E+02    0.1135870135E+03
          24    0.1097094224E+02    0.6328008653E+02   -0.9829929354E+02
          25    0.1117181956E+02    0.6304393786E+02   -0.9762957707E+02
          26    0.1060927413E+02    0.6316002609E+02   -0.1544704199E+03
          27    0.1424229065E+02    0.4055497591E+02   -0.1621525125E+03
          28    0.1032331142E+02    0.6384669062E+02    0.9598467202E+02
          29    0.8726963996E+01    0.6492413575E+02    0.3515679484E+03
          30    0.1083489722E+02    0.6354859045E+02   -0.9782112997E+02
          31    0.1436000110E+02    0.4049540904E+02   -0.1618806156E+03
          32    0.1213741038E+02    0.3873644859E+02   -0.1546353433E+03
          33    0.1074253791E+02    0.6365949499E+02    0.9783611024E+02
          34    0.1330445635E+02    0.4130866252E+02    0.1622952349E+03
          35    0.2970394312E+02   -0.2812778485E+02    0.1179599991E+03
          36    0.1045989976E+02    0.6398854816E+02   -0.9829851653E+02
          37    0.2951728238E+02   -0.2708664630E+02    0.1844781937E+03
          38    0.1416132297E+02    0.4060493412E+02   -0.1621576510E+03
          39    0.1075213355E+02    0.6365459513E+02   -0.9771129469E+02
          40    0.1343079195E+02    0.4124117171E+02    0.1619443239E+03
          41    0.1442469926E+02    0.4076583189E+02   -0.2889699335E+03
          42    0.2957464926E+02   -0.2831461682E+02   -0.1646243720E+03
          43    0.1427979494E+02    0.4054465667E+02   -0.1618769079E+03
          44    0.3211590703E+02   -0.2733365653E+02   -0.3135397373E+03
          45    0.1076189022E+02    0.6364953916E+02   -0.9758054370E+02
          46    0.1454000636E+02    0.4070899512E+02   -0.2885534170E+03
          47    0.9995871156E+01    0.5692620295E+02   -0.5195038476E+03
          48    0.1304771088E+02    0.3809208630E+02    0.1514680826E+03
          49    0.9872629327E+01    0.5688927977E+02   -0.5229802674E+03
          50    0.8626716517E+01    0.6486585629E+02    0.3528848662E+03
          51    0.1053477812E+02    0.6306947821E+02   -0.1548396575E+03
          52    0.1228472207E+02    0.3865386285E+02   -0.1540364203E+03
          53    0.1067230608E+02    0.6375783714E+02    0.9751181754E+02
          54    0.2879711940E+02   -0.2914010475E+02    0.1961787587E+03
          55    0.1365688647E+02    0.5544176604E+02    0.1301381146E+03
          56    0.1024767808E+02    0.6375649218E+02    0.9620642917E+02
          57    0.1318933804E+02    0.4120226666E+02   -0.1058855372E+03
          58    0.1076639424E+02    0.6344834331E+02   -0.9800092246E+02
          59    0.1009285416E+02    0.6364638310E+02    0.1577366368E+03
          60    0.1415354176E+02    0.4058158076E+02   -0.1615127133E+03
          61    0.1067476623E+02    0.6355755958E+02    0.9800616013E+02
          62    0.1318436487E+02    0.3801726707E+02    0.1509560681E+03
          63    0.1055319983E+02    0.6260817905E+02   -0.3522026964E+03
          64    0.1281688694E+02    0.3821168028E+02    0.1524272392E+03
          65    0.1038757788E+02    0.6389311877E+02   -0.9849799920E+02
          66    0.1064555597E+02    0.6326248131E+02   -0.1793791111E+03
          67    0.1405581380E+02    0.4066663459E+02   -0.1616338155E+03
          68    0.1403350459E+02    0.4068427135E+02    0.1616329870E+03
          69    0.1046606979E+02    0.6268740930E+02   -0.3531024138E+03
          70    0.1331768339E+02    0.4113282991E+02   -0.1056369735E+03
          71    0.1427219100E+02    0.4052113123E+02   -0.1612281078E+03
          72    0.1068284082E+02    0.6355530439E+02   -0.9789485638E+02
          73    0.8763430590E+01    0.5867407788E+02    0.6799832172E+03
          74    0.8901646288E+01    0.5869610892E+02    0.6751349864E+03
          75    0.1405989249E+02    0.4066397057E+02   -0.1615132236E+03
          76    0.1239608877E+02    0.3852563652E+02   -0.1532733108E+03
          77    0.1445914029E+02    0.5495251603E+02    0.1237867865E+03
          78    0.1424800733E+02    0.4054592775E+02   -0.1614037418E+03
          79    0.1403583925E+02    0.4068300714E+02   -0.1615052760E+03
          80    0.1404057123E+02    0.4068115354E+02   -0.1614884767E+03
          81    0.1404531600E+02    0.4067929369E+02   -0.1614709411E+03
          82    0.1359300533E+02    0.5534741040E+02    0.1306110874E+03
          83    0.1417532167E+02    0.4060540268E+02   -0.1613410223E+03
          84    0.1415262755E+02    0.4062355127E+02    0.1613470152E+03
          85    0.1107204223E+02    0.6329714800E+02    0.9597428081E+02
          86    0.1402141925E+02    0.4069825216E+02    0.1614550376E+03
          87    0.1069108277E+02    0.6355288450E+02   -0.9777759677E+02
          88    0.1417936993E+02    0.4060277064E+02   -0.1612206190E+03
          89    0.1436575548E+02    0.4048635792E+02   -0.1611287495E+03
          90    0.1404769552E+02    0.4067800745E+02   -0.1613404518E+03
          91    0.1415492423E+02    0.4062233286E+02   -0.1612196708E+03
          92    0.1416022136E+02    0.4061979783E+02   -0.1611942187E+03
          93    0.1402572964E+02    0.4069546565E+02   -0.1613234913E+03
          94    0.1416553049E+02    0.4061725708E+02   -0.1611680363E+03
          95    0.1236807660E+02    0.3832642170E+02    0.2454641845E+03
          96    0.1306300490E+02    0.4106492275E+02   -0.3659611903E+03
          97    0.1060224438E+02    0.6365947140E+02    0.9769899501E+02
          98    0.1414124121E+02    0.4063674170E+02    0.1611591397E+03
          99    0.8496815889E+01    0.6535266817E+02   -0.3453839808E+03
         100    0.1295635304E+02    0.3813495664E+02    0.1518876202E+03
