Model_ID, [(c_i,i=0,n)_j,j=1,ntask]
           1    0.1696149570E+01    0.2488523719E+02   -0.2584201184E+03
           2    0.4016308189E+01    0.2455884364E+02    0.1950979541E+03
           3    0.1646522918E+01    0.2526489231E+02   -0.2578144127E+03
           4    0.1699774173E+01    0.2490045921E+02   -0.2563932758E+03
           5    0.1575038026E+01    0.2505742961E+02   -0.2565825030E+03
           6    0.1812912988E+01    0.2469831325E+02   -0.2578529465E+03
           7    0.1757324506E+01   -0.2482245789E+02   -0.2565953391E+03
           8    0.1070900883E+01    0.2571423897E+02   -0.2555837027E+03
           9    0.1603974142E+01    0.2499295989E+02   -0.2567708378E+03
          10    0.1756194634E+01    0.2419255889E+02   -0.2609166587E+03
          11    0.1709750623E+01    0.2484753452E+02   -0.2565141867E+03
          12    0.1707561281E+01   -0.2485009569E+02   -0.2565067966E+03
          13    0.1679227987E+01    0.2489218620E+02   -0.2566785258E+03
          14    0.1977344961E+01    0.1375180109E+02   -0.2193407358E+03
          15    0.1652315945E+01   -0.2493065193E+02   -0.2568505399E+03
          16    0.1650456916E+01    0.2493237729E+02   -0.2568430927E+03
          17    0.1806760745E+01    0.2469286043E+02   -0.2559635793E+03
          18    0.1761108086E+01    0.2477418580E+02   -0.2565857137E+03
          19    0.1576497003E+01    0.2502826175E+02   -0.2573984187E+03
          20    0.1609823432E+01   -0.2493972057E+02   -0.2567604784E+03
          21    0.1616950227E+01    0.2558454706E+02   -0.2521931069E+03
          22    0.1788452320E+01    0.2471314037E+02   -0.2567720681E+03
          23    0.3561509638E+01    0.1997570746E+02    0.1977691053E+03
          24    0.1665710718E+01    0.2486652177E+02   -0.2569621299E+03
          25    0.1569686846E+01    0.2502421622E+02   -0.2554839559E+03
          26    0.1820767897E+01   -0.2486766694E+02   -0.2543464747E+03
          27    0.1568301327E+01    0.2630811134E+02   -0.2595324285E+03
          28    0.9870382250E+01    0.1226407997E+02   -0.2598441091E+03
          29    0.2268277954E+01    0.2406475213E+02   -0.2535514789E+03
          30    0.3769513641E+01    0.1966410164E+02    0.1958944868E+03
          31    0.3608120824E+01    0.1984445658E+02    0.1956601796E+03
          32    0.7937534397E+01   -0.1260739393E+02   -0.3325091744E+03
          33    0.3603797939E+01    0.1984952739E+02    0.1956998727E+03
          34    0.3594772824E+01    0.1986032959E+02    0.1957568091E+03
          35    0.3583713631E+01    0.1987242080E+02    0.1958858543E+03
          36    0.8160685288E+01   -0.1215999061E+02   -0.2854060911E+03
          37    0.3572959281E+01   -0.1988379707E+02    0.1960129710E+03
          38    0.3473957681E+01    0.1991868354E+02    0.1914850918E+03
          39    0.8057059563E+00    0.2604279512E+02   -0.2588288533E+03
          40    0.1029730143E+02   -0.1109929321E+02   -0.1541319879E+03
          41    0.3525952652E+01    0.2761071702E+02   -0.1664536026E+03
          42    0.1127371344E+01    0.2552205111E+02   -0.2536871337E+03
          43    0.1129694373E+01    0.2551857222E+02   -0.2536767262E+03
          44    0.9203919586E+00   -0.2578546529E+02   -0.2554231091E+03
          45    0.8284071246E+00    0.2596510844E+02   -0.2577446023E+03
          46    0.3200040270E+01    0.2220622493E+02   -0.2957664201E+03
          47    0.9431067030E+00    0.2575073056E+02   -0.2547491657E+03
          48    0.6424358819E+00    0.2611292296E+02   -0.2559318700E+03
          49    0.9398196735E+00    0.2575326889E+02   -0.2547758211E+03
          50    0.7969957703E+00    0.2596167505E+02   -0.2561633625E+03
          51    0.3356521321E+01    0.1213104093E+02   -0.2501177310E+03
          52    0.1162197948E+01    0.3140946536E+02   -0.2546651704E+03
          53    0.8371682796E+00   -0.2607286042E+02   -0.2560365861E+03
          54    0.8390559008E+00   -0.2604328465E+02   -0.2559366404E+03
          55    0.8369818493E+00   -0.2610072679E+02   -0.2561458158E+03
          56    0.4077453439E+01    0.1937149850E+02    0.1897719436E+03
          57    0.1206790302E+01    0.2539858490E+02   -0.2533539982E+03
          58    0.1072062163E+01    0.2553964205E+02   -0.2546933637E+03
          59    0.3384165039E+01    0.2786343588E+02   -0.1655078663E+03
          60    0.9131674560E+00   -0.2576906006E+02   -0.2550159192E+03
          61    0.3443398878E+01    0.1228583719E+02   -0.2794754201E+03
          62    0.2131003600E+01    0.2413464931E+02   -0.2574420485E+03
          63    0.3113072250E+01    0.2232280813E+02   -0.2959343179E+03
          64    0.3276112694E+01    0.1210389012E+02   -0.2095811093E+03
          65    0.8478706146E+00    0.2615531576E+02   -0.2564662511E+03
          66    0.4245888814E+01    0.2145269578E+02   -0.2140818642E+03
          67    0.7894901815E+00    0.2594578446E+02   -0.2557529425E+03
          68    0.7970259238E+00   -0.2590133005E+02   -0.2554020751E+03
          69    0.4437868315E+01    0.2176851317E+02   -0.2848508404E+03
          70    0.9760948523E+01    0.1133054247E+02   -0.1500967398E+03
          71    0.1065155636E+01    0.2552272018E+02   -0.2542905322E+03
          72    0.6699166046E+00    0.2608459391E+02   -0.2561457981E+03
          73    0.2573874608E+01    0.1091448026E+02    0.1905340062E+03
          74    0.3118365420E+01    0.2227886950E+02   -0.2927340599E+03
          75    0.8997287857E+00    0.2580025723E+02   -0.2548813542E+03
          76    0.9819284129E+00   -0.2566957058E+02   -0.2552292559E+03
          77    0.1101570372E+02    0.1493304001E+02   -0.2365291570E+03
          78    0.1003992643E+01    0.2589855723E+02   -0.2557159291E+03
          79    0.9245480728E+00    0.2571399027E+02   -0.2551440845E+03
          80    0.8552035959E+00   -0.2582012526E+02   -0.2554878663E+03
          81    0.9062259030E+00   -0.2574251034E+02   -0.2552261989E+03
          82    0.8626444943E+00    0.2580899045E+02   -0.2554466614E+03
          83    0.8881717303E+00    0.2577315170E+02   -0.2552865533E+03
          84    0.8372500036E+00    0.2584662322E+02   -0.2555895661E+03
          85    0.3455554682E+01   -0.1338500918E+02    0.1844331031E+03
          86    0.8876758610E+00   -0.2577093101E+02   -0.2553117694E+03
          87    0.8872062918E+00    0.2576864818E+02   -0.2553369800E+03
          88    0.1492374896E+01    0.2700524258E+02   -0.1851854076E+03
          89    0.8696472099E+00    0.2579807400E+02   -0.2553975022E+03
          90    0.9136638091E+00    0.2573052432E+02   -0.2551772463E+03
          91    0.2229185325E+01    0.1385501952E+02   -0.2838083635E+03
          92    0.9217770810E+00   -0.2571773966E+02   -0.2551363005E+03
          93    0.8528096681E+00   -0.2582295602E+02   -0.2554800785E+03
          94    0.9696295936E+01    0.1273046444E+02   -0.2903705640E+03
          95    0.7902464759E+00    0.2591315320E+02   -0.2558734131E+03
          96    0.7848367751E+01   -0.1243132989E+02   -0.3744977410E+03
          97    0.9421477806E+00    0.2568531073E+02   -0.2550355323E+03
          98    0.2956476862E+01   -0.2404817271E+02   -0.2816279334E+03
          99    0.9529771908E+00    0.2564751299E+02   -0.2546693310E+03
         100    0.1675763354E+01    0.1550579264E+02   -0.2852870016E+03
