        Rank        RMSE       MaxAE  Feature_ID
           1    3.765923   11.431899  (    4344   10385)
           2    3.848306   11.669510  (    4344   14639)
           3    3.850074   11.771401  (    4344   12758)
           4    3.905076    9.721604  (    9663   14639)
           5    3.913800   13.078138  (    1204   11662)
           6    3.923121   10.841127  (    9663   12758)
           7    3.935387   11.021962  (    8629   10385)
           8    3.939346   13.869367  (     759   11662)
           9    3.941617   13.339791  (    8166   12758)
          10    3.946718   14.975551  (      92   11662)
          11    3.962282   13.489873  (    8463   12758)
          12    3.969920   11.283178  (    8629   14639)
          13    3.981632   13.597068  (    8519   11662)
          14    3.984069   14.171918  (    5373   11662)
          15    3.994708   13.792569  (    1704   11662)
          16    3.994752   13.833400  (    1239   11662)
          17    3.995006   13.859701  (     883   11662)
          18    3.996212   13.667875  (    5377   11662)
          19    3.997665   13.791461  (    1598   11662)
          20    3.997834   13.827465  (    1331   11662)
          21    3.999867   13.764050  (    1674   11662)
          22    4.000741   13.848420  (    1105   11662)
          23    4.003179   13.805891  (    1430   11662)
          24    4.003308   13.816218  (    1412   11662)
          25    4.004241   13.843704  (    1305   11662)
          26    4.007061   13.816360  (    1348   11662)
          27    4.007346   13.824695  (    1418   11662)
          28    4.008334   11.625289  (    4986   10385)
          29    4.010186   13.835248  (    1421   11662)
          30    4.010327   13.832959  (    1614   11662)
          31    4.010347   13.786228  (    1946   11662)
          32    4.010686   13.876617  (    1351   11662)
          33    4.010982   16.044320  (      14   11662)
          34    4.011009   13.860483  (    1280   11662)
          35    4.012325   11.894211  (    4986   14639)
          36    4.012650   13.830880  (    1211   11662)
          37    4.012716   14.357727  (    1106   11662)
          38    4.014685   13.834045  (    1532   11662)
          39    4.015597   14.337516  (     865   11662)
          40    4.016059   13.739032  (    1889   11662)
          41    4.016399   13.892929  (    1445   11662)
          42    4.016753   13.642426  (     183   11662)
          43    4.017072   14.391774  (    1009   11662)
          44    4.017949   13.970495  (     833   11662)
          45    4.018827   13.922566  (    1112   11662)
          46    4.019826   13.896673  (    1449   11662)
          47    4.020397   13.848738  (    1395   11662)
          48    4.020757   13.812861  (    1693   11662)
          49    4.021052   12.252971  (    8907   12758)
          50    4.021619   13.807614  (    1658   11662)
          51    4.022720   13.957926  (    1036   11662)
          52    4.023351   13.842226  (    2033   11662)
          53    4.023390   14.379076  (    1027   11662)
          54    4.024515   11.383849  (    3752   10385)
          55    4.025208   13.867871  (    1469   11662)
          56    4.026211   13.862832  (    2004   11662)
          57    4.027560   13.213051  (    1479   12758)
          58    4.027646   13.781516  (    2850   11662)
          59    4.028426   13.961357  (     995   11662)
          60    4.028853   13.806482  (    1831   11662)
          61    4.029074   13.831741  (    1906   11662)
          62    4.029153   11.354305  (    5533   10385)
          63    4.029714   13.909572  (    1647   11662)
          64    4.029737   13.831988  (    2459   11662)
          65    4.029822   13.814295  (    2343   11662)
          66    4.029890   13.821903  (    2497   11662)
          67    4.030225   11.368519  (    4471   10385)
          68    4.030902   13.803937  (    1713   11662)
          69    4.031005   13.772997  (    1734   11662)
          70    4.031191   13.864913  (    1932   11662)
          71    4.031468   13.926507  (    1444   11662)
          72    4.031778   12.940889  (    5786   11662)
          73    4.033048   13.795882  (    2628   11662)
          74    4.033622   12.907841  (    3440   11662)
          75    4.033651   12.836089  (    6444   12758)
          76    4.034081   13.844303  (    2235   11662)
          77    4.034208   13.976072  (     909   11662)
          78    4.034344   11.645760  (    3752   14639)
          79    4.034780   11.355886  (    6057   10385)
          80    4.035081   14.399171  (    1264   11662)
          81    4.035609   13.846953  (    2271   11662)
          82    4.035719   12.152047  (     335   14639)
          83    4.036043   13.817906  (    1546   11662)
          84    4.036374   13.140341  (    8166   14639)
          85    4.036399   11.334300  (    8629   12758)
          86    4.036835   13.806134  (    2158   11662)
          87    4.037009   13.879765  (    1772   11662)
          88    4.037215   13.033195  (    8463   10385)
          89    4.037712   12.902049  (    5361   11662)
          90    4.038430   13.947266  (    1186   11662)
          91    4.038773   12.860729  (    1357   12758)
          92    4.038779   11.624608  (    6057   14639)
          93    4.038851   13.809621  (    2530   11662)
          94    4.038899   11.618858  (    5533   14639)
          95    4.039909   12.712048  (     335   12758)
          96    4.039946   11.927907  (    6019   14639)
          97    4.040062   11.343477  (    5874   10385)
          98    4.040115   14.465249  (     806   11662)
          99    4.040193   12.949341  (    5236   11662)
         100    4.041013   14.481546  (     863   11662)
