Model_ID, [(c_i,i=0,n)_j,j=1,ntask]
           1    0.4615347311E+02   -0.4031860188E+02    0.1582560482E+03
           2    0.4552313144E+02   -0.4043856188E+02    0.1983428855E+03
           3    0.5037324411E+02   -0.4753835551E+02    0.1504923932E+03
           4    0.4888884850E+02   -0.4411801134E+02    0.1298427801E+03
           5    0.5168914117E+02   -0.4748567809E+02   -0.1598181871E+03
           6    0.5170408592E+02   -0.4726750568E+02    0.1592612201E+03
           7    0.5126267662E+02   -0.4808677499E+02    0.1524932214E+03
           8    0.5162218627E+02   -0.4757074531E+02    0.1598023743E+03
           9    0.4825331703E+02   -0.4263782608E+02    0.8040462541E+02
          10    0.4814693183E+02   -0.4184150474E+02    0.9442270074E+02
          11    0.5014954368E+02   -0.4419450904E+02   -0.1408359059E+03
          12    0.4848734396E+02   -0.4126681337E+02   -0.1003243865E+03
          13    0.4961622466E+02   -0.4454202106E+02    0.1370888982E+03
          14    0.5162187977E+02   -0.4745948458E+02    0.1592142548E+03
          15    0.5169980475E+02   -0.4800223665E+02    0.1582716438E+03
          16    0.4907294455E+02   -0.4425874413E+02    0.2993327517E+03
          17    0.5007562556E+02   -0.4438387206E+02    0.1314444529E+03
          18    0.5009720778E+02   -0.4421224407E+02    0.1404235804E+03
          19    0.4792407210E+02   -0.4242073807E+02    0.9466067776E+02
          20    0.4933221385E+02   -0.4158152443E+02    0.1022489048E+03
          21    0.4719452020E+02   -0.3963997655E+02    0.1618949472E+03
          22    0.4550487115E+02   -0.4051631081E+02    0.1616241040E+03
          23    0.5132522607E+02   -0.4716934510E+02    0.1591267322E+03
          24    0.4961966305E+02   -0.4406451592E+02   -0.1902207486E+03
          25    0.5027633284E+02   -0.4472701336E+02    0.1361360755E+03
          26    0.4502841439E+02   -0.4111061456E+02    0.1631284851E+03
          27    0.4646096620E+02   -0.3993456474E+02   -0.9766866047E+02
          28    0.4753541102E+02   -0.3973975805E+02   -0.1598640358E+03
          29    0.5157411944E+02   -0.4750485235E+02    0.1580917405E+03
          30    0.5142048959E+02   -0.4727156084E+02    0.2111898767E+03
          31    0.5321115822E+02   -0.4933094925E+02    0.1355955656E+03
          32    0.4556737438E+02    0.4114160100E+02    0.1587663807E+03
          33    0.4612293706E+02   -0.3958634262E+02    0.1561120220E+03
          34    0.5150025312E+02   -0.4787451377E+02    0.1580690033E+03
          35    0.5309491793E+02   -0.4549706049E+02   -0.2160393566E+03
          36    0.4972454720E+02   -0.4358174312E+02    0.1903912419E+03
          37    0.5153049321E+02   -0.4765022101E+02    0.1577947693E+03
          38    0.5136705135E+02   -0.4739183703E+02    0.2111331556E+03
          39    0.5153356856E+02   -0.4764655844E+02    0.1577639723E+03
          40    0.5156129334E+02   -0.4770594550E+02    0.1577315063E+03
          41    0.5153062757E+02   -0.4767398801E+02    0.1577798711E+03
          42    0.5153432518E+02   -0.4764999269E+02    0.1577002713E+03
          43    0.5153806284E+02   -0.4762581815E+02    0.1576111914E+03
          44    0.5150757343E+02   -0.4759315374E+02    0.1576259374E+03
          45    0.5019351996E+02   -0.4371161612E+02    0.1383278557E+03
          46    0.5153509808E+02   -0.4765334536E+02    0.1576329472E+03
          47    0.5153817127E+02   -0.4764967710E+02    0.1576018013E+03
          48    0.4824146630E+02   -0.4513429718E+02    0.2010611872E+03
          49    0.4517743159E+02   -0.4118780157E+02    0.1625316787E+03
          50    0.4961517223E+02   -0.4383982883E+02    0.1909130943E+03
          51    0.4891870787E+02   -0.4444872374E+02    0.1813589501E+03
          52    0.4955965849E+02   -0.4426991226E+02    0.1721486370E+03
          53    0.5007857269E+02   -0.4401487401E+02    0.1390225342E+03
          54    0.4993843731E+02   -0.4444721312E+02    0.1393681976E+03
          55    0.4952774355E+02   -0.4412700903E+02    0.1899150141E+03
          56    0.4746104506E+02   -0.3979787083E+02    0.1596328091E+03
          57    0.5000135679E+02   -0.4417411742E+02    0.1389525052E+03
          58    0.4751469295E+02   -0.4147677201E+02    0.9211273599E+02
          59    0.4611099072E+02   -0.3867087289E+02    0.9981509145E+02
          60    0.5157215620E+02   -0.4740864667E+02    0.1564419274E+03
          61    0.4932912062E+02   -0.4133656041E+02    0.1014046104E+03
          62    0.4570162194E+02   -0.4138197851E+02    0.1586907064E+03
          63    0.4677257953E+02   -0.3967282241E+02    0.2166129741E+03
          64    0.5149681402E+02   -0.4778480952E+02    0.1568816890E+03
          65    0.4908784737E+02   -0.4214004409E+02    0.1023801116E+03
          66    0.5197298788E+02   -0.4884519756E+02    0.2787690857E+03
          67    0.5141998096E+02   -0.4748228898E+02   -0.2070787002E+03
          68    0.5341352938E+02   -0.4231287829E+02    0.2105060339E+03
          69    0.4814599152E+02   -0.4159438054E+02    0.8807560157E+02
          70    0.5288923699E+02   -0.4503016423E+02    0.2120969050E+03
          71    0.4985039724E+02   -0.4429240452E+02    0.1379315114E+03
          72    0.4997657318E+02   -0.4418642533E+02    0.1384333593E+03
          73    0.4997492040E+02   -0.4418915310E+02    0.1384366727E+03
          74    0.4997364298E+02   -0.4420938044E+02    0.1384756158E+03
          75    0.4596144315E+02   -0.3910796529E+02    0.1002181931E+03
          76    0.4997661497E+02   -0.4418465775E+02    0.1383539012E+03
          77    0.4976308906E+02   -0.4376251558E+02    0.1377621559E+03
          78    0.4997950857E+02   -0.4415965141E+02    0.1382260575E+03
          79    0.4997827575E+02   -0.4418002527E+02    0.1382684721E+03
          80    0.4997661327E+02   -0.4418269705E+02    0.1382707608E+03
          81    0.4600710245E+02   -0.3918381848E+02    0.1000583871E+03
          82    0.5139143081E+02   -0.4770000744E+02    0.8965612171E+02
          83    0.5312176267E+02   -0.4188042064E+02    0.2203064623E+03
          84    0.4750111154E+02   -0.4012837902E+02    0.1575999167E+03
          85    0.5132659745E+02   -0.4840107781E+02    0.1552234522E+03
          86    0.4706043505E+02   -0.4015372579E+02    0.1511689141E+03
          87    0.4974050436E+02   -0.4418194172E+02    0.7987892800E+02
          88    0.4922969103E+02   -0.4227638190E+02    0.8366092876E+02
          89    0.5314298215E+02   -0.4187741601E+02    0.2208378056E+03
          90    0.5091305789E+02   -0.4715318459E+02    0.2118180217E+03
          91    0.4918899388E+02   -0.4292090691E+02    0.1067039672E+03
          92    0.4605500050E+02   -0.3925715306E+02    0.9979697621E+02
          93    0.5503845318E+02    0.5495202235E+02    0.2038511231E+03
          94    0.4881770072E+02   -0.4182532252E+02    0.1289143112E+03
          95    0.4628385583E+02   -0.3910140977E+02    0.1325531263E+03
          96    0.7265617626E+02    0.8031558678E+02    0.3266875173E+03
          97    0.4528076157E+02   -0.4072662995E+02    0.1613294774E+03
          98    0.5130258973E+02   -0.4764381861E+02    0.2082350972E+03
          99    0.4943767039E+02   -0.4409105390E+02    0.1881768165E+03
         100    0.4979147150E+02   -0.4466685579E+02    0.1790640538E+03
