        Rank        RMSE       MaxAE  Feature_ID
           1    9.718435   21.884715  (     167   10085)
           2    9.926533   23.448656  (     167   10383)
           3    9.996715   20.823592  (     100   10085)
           4   10.008823   20.775238  (     167   10486)
           5   10.057194   20.046737  (     100   10031)
           6   10.078128   20.045504  (     100   10275)
           7   10.094187   19.933022  (     100   10124)
           8   10.096172   19.980135  (     100   10038)
           9   10.099228   26.839931  (     167   10266)
          10   10.102519   23.676132  (     943   10144)
          11   10.108318   20.989671  (     167   10132)
          12   10.112333   27.906870  (     167   10005)
          13   10.113109   20.821713  (     167   10365)
          14   10.118224   19.963807  (     100   10148)
          15   10.119480   20.022472  (     100   10036)
          16   10.126260   33.715231  (     100   10322)
          17   10.126932   21.105222  (     167   10101)
          18   10.146759   20.975731  (     167   10160)
          19   10.148237   23.815033  (     167   10586)
          20   10.150399   23.283307  (     943   10006)
          21   10.156400   21.127745  (     167   10040)
          22   10.157795   22.302854  (    2851   10085)
          23   10.163210   19.662332  (     100   10040)
          24   10.164201   21.827396  (     167   10065)
          25   10.166138   20.720014  (     167   10138)
          26   10.167540   22.481778  (    3903   10085)
          27   10.168742   27.161442  (     167   10379)
          28   10.173946   21.750405  (     167   10031)
          29   10.174643   19.887760  (     100   10046)
          30   10.179788   21.307853  (     100   10332)
          31   10.185428   24.200689  (     100   10016)
          32   10.186719   22.130909  (     261   10169)
          33   10.192002   22.295167  (     943   10085)
          34   10.193451   19.816604  (     100   10048)
          35   10.195031   34.230527  (    2059   12909)
          36   10.197159   21.996619  (     167   10408)
          37   10.197799   19.837838  (     100   10063)
          38   10.198576   21.311842  (     100   10269)
          39   10.198607   19.840093  (     100   10066)
          40   10.200065   19.867517  (     100   10071)
          41   10.200181   19.837803  (     100   10062)
          42   10.202054   19.839252  (     100   10069)
          43   10.204151   19.840498  (     100   10075)
          44   10.205064   19.810095  (     100   10067)
          45   10.205542   20.856428  (     167   10498)
          46   10.205584   19.838334  (     100   10073)
          47   10.206399   19.840579  (     100   10074)
          48   10.206894   23.180393  (     100   10061)
          49   10.208904   22.330440  (    4058   10085)
          50   10.211763   22.022807  (     167   10289)
          51   10.212962   22.365417  (     167   10382)
          52   10.213482   23.935511  (     167   10054)
          53   10.217145   20.906045  (     167   10323)
          54   10.220277   20.864147  (     167   10192)
          55   10.221217   21.854519  (     167   10099)
          56   10.222203   21.740746  (     167   10038)
          57   10.225924   20.889002  (     167   10179)
          58   10.226732   23.201596  (     167   10667)
          59   10.228905   25.702142  (    2851   10348)
          60   10.231712   19.842772  (     100   10121)
          61   10.232376   23.259934  (     943   10037)
          62   10.233097   21.907687  (    2059   10085)
          63   10.236801   22.922448  (     167   10026)
          64   10.239352   19.782019  (     100   10118)
          65   10.241407   23.405300  (     167   10090)
          66   10.242072   19.587437  (     100   10053)
          67   10.243715   21.680520  (     100   10034)
          68   10.248356   23.686897  (     167   11971)
          69   10.250049   24.635442  (     167   10144)
          70   10.251423   33.950763  (    2059   11943)
          71   10.252988   20.836339  (     167   10278)
          72   10.253292   20.835665  (     167   10241)
          73   10.253455   20.836325  (     167   10242)
          74   10.253970   20.832226  (     167   10245)
          75   10.256180   25.814917  (     167   10692)
          76   10.258185   20.825606  (     167   10249)
          77   10.261243   21.181816  (     167   10223)
          78   10.262564   20.818370  (     167   10251)
          79   10.262983   20.814627  (     167   10252)
          80   10.263173   20.815186  (     167   10253)
          81   10.264861   25.930444  (     167   10698)
          82   10.266897   20.361788  (     100   10064)
          83   10.267410   23.150438  (     167   12943)
          84   10.267676   22.223806  (     167   10036)
          85   10.268789   19.851758  (     100   10120)
          86   10.274264   22.472555  (     167   10124)
          87   10.275082   21.255247  (     167   10195)
          88   10.275832   26.982939  (     167   10043)
          89   10.275849   23.173221  (     167   13047)
          90   10.276359   20.705019  (     100   10026)
          91   10.277274   23.207386  (     167   10595)
          92   10.277349   26.057219  (     167   10717)
          93   10.277921   29.303451  (    1708   11188)
          94   10.280542   25.277046  (     167   10055)
          95   10.282324   26.462258  (     167   11055)
          96   10.284030   25.799992  (    2613   11037)
          97   10.284253   22.459589  (    4247   10085)
          98   10.286895   21.556511  (     100   10044)
          99   10.292892   21.854608  (     167   10102)
         100   10.294473   23.653012  (     167   10106)
