     Index              y_true              y_pred        descriptor_1        descriptor_2
         1    0.2744000000E+03    0.2310196589E+03   -0.3156000000E+00   -0.3132624000E-01
         2    0.3674300000E+03    0.3521492713E+03    0.1236200000E+01    0.1396121000E+00
         3    0.3275000000E+03    0.3398501467E+03    0.7413000000E+00    0.2413088000E-01
         4    0.2401500000E+03    0.2317428025E+03   -0.1052000000E+00    0.2820102000E-01
         5    0.3010000000E+03    0.3354238116E+03    0.6148000000E+00   -0.2417360000E-02
         6    0.4680000000E+03    0.4631955927E+03    0.1721500000E+01    0.2367077000E-01
         7    0.3632000000E+03    0.3671392753E+03    0.1171300000E+01    0.8602740000E-01
         8    0.3945000000E+03    0.3623101850E+03    0.8722000000E+00    0.1020544000E-01
         9    0.3334000000E+03    0.4102297138E+03    0.1793700000E+01    0.1673047200E+00
        10    0.3387000000E+03    0.3869802701E+03    0.1040900000E+01    0.2158400000E-02
        11    0.5132000000E+03    0.4364517863E+03    0.1786500000E+01    0.1044982200E+00
        12    0.3990000000E+03    0.3914985709E+03    0.1490200000E+01    0.1223904000E+00
        13    0.8950000000E+02    0.1234446769E+03   -0.6363000000E+00    0.1244570400E+00
        14    0.2720000000E+03    0.2720806333E+03    0.1520000000E-01   -0.3017126000E-01
        15    0.4380000000E+03    0.4481724073E+03    0.1534800000E+01    0.4146400000E-02
        16    0.4010000000E+03    0.4151015545E+03    0.1331600000E+01    0.2160837000E-01
        17    0.4460000000E+03    0.4338604976E+03    0.1692900000E+01    0.8327130000E-01
        18    0.1588000000E+03    0.1669009017E+03   -0.2662000000E+00    0.1314979400E+00
        19    0.2530000000E+03    0.2500191035E+03    0.8900000000E-02    0.1907540000E-01
        20    0.2634000000E+03    0.2703183287E+03    0.2154000000E+00    0.3214358000E-01
        21    0.2561000000E+03    0.1968336786E+03   -0.4920000000E-01    0.1253157500E+00
        22    0.2886400000E+03    0.2903746153E+03    0.2579000000E+00   -0.1930400000E-02
        23    0.3091000000E+03    0.3489250180E+03    0.6885000000E+00   -0.1223880000E-01
        24    0.2516000000E+03    0.2579211393E+03    0.1119000000E+00    0.3074060000E-01
        25    0.2490000000E+03    0.2591278408E+03   -0.2620000000E-01   -0.1222408000E-01
        26    0.2566500000E+03    0.2477069506E+03   -0.5716000000E+00   -0.1444282200E+00
        27    0.4920000000E+03    0.4688209202E+03    0.1741400000E+01    0.1643496000E-01
        28    0.1693000000E+03    0.2151987831E+03   -0.4177000000E+00   -0.2439510000E-01
        29    0.9070000000E+02    0.1342317635E+03   -0.9783000000E+00    0.0000000000E+00
        30    0.3891500000E+03    0.3919282382E+03    0.1103700000E+01    0.8969720000E-02
        31    0.2990000000E+03    0.2390135713E+03   -0.8430000000E-01    0.1744639000E-01
        32    0.3450000000E+03    0.3907751945E+03    0.1047800000E+01   -0.4620930000E-02
        33    0.4240000000E+03    0.3853859823E+03    0.1030700000E+01    0.2882670000E-02
        34    0.1743000000E+03    0.1799843656E+03   -0.7170000000E-01    0.1577822400E+00
        35    0.4150000000E+03    0.4191232652E+03    0.1221700000E+01   -0.1967105000E-01
        36    0.3260000000E+03    0.2948755417E+03    0.3915000000E+00    0.2651040000E-01
        37    0.3860000000E+03    0.4288536307E+03    0.1626700000E+01    0.7560735000E-01
        38    0.4097000000E+03    0.4102472026E+03    0.1701700000E+01    0.1405030900E+00
        39    0.4780000000E+03    0.4630598491E+03    0.1844300000E+01    0.5970536000E-01
        40    0.3602000000E+03    0.3358973658E+03    0.6279000000E+00    0.2967700000E-03
        41    0.2466500000E+03    0.2145349705E+03   -0.2101000000E+00    0.3752892000E-01
        42    0.4711500000E+03    0.4687109241E+03    0.1277200000E+01   -0.1183377600E+00
