        Rank        RMSE       MaxAE  Feature_ID
           1   22.535533   55.203871  (      34   10240)
           2   22.612845   53.940789  (      13   14855)
           3   22.919882   56.420161  (      34   10267)
           4   23.111614   48.938163  (       3   14406)
           5   23.130565   53.334500  (      13   11578)
           6   23.304465   55.796756  (      34   10155)
           7   23.337535   49.842073  (     654   10240)
           8   23.475955   57.067135  (      34   10150)
           9   23.512660   59.001899  (      13   10155)
          10   23.579746   57.742461  (      34   10220)
          11   23.580046   51.034447  (     654   10267)
          12   23.705263   58.996158  (      13   10150)
          13   23.718672   58.608086  (      34   10304)
          14   23.744218   51.807820  (     346   10240)
          15   23.782342   58.601954  (      34   10343)
          16   23.839725   58.388138  (      34   10388)
          17   23.901646   58.716020  (      34   10649)
          18   23.918942   58.562722  (      34   10465)
          19   23.940879   58.106013  (      34   10605)
          20   23.948230   58.587810  (      34   10451)
          21   23.967446   58.633101  (      34   10472)
          22   23.979026   58.624699  (      34   10485)
          23   23.990708   58.616418  (      34   10498)
          24   24.009808   58.926793  (      34   10772)
          25   24.011386   60.619419  (      13   10220)
          26   24.011750   52.987668  (     346   10267)
          27   24.022027   58.399183  (      34   10315)
          28   24.024165   58.496039  (      16   10782)
          29   24.056887   58.170060  (      34   10874)
          30   24.096470   59.522706  (      13   10304)
          31   24.120581   51.361350  (     362   14855)
          32   24.149984   58.892476  (      34   10597)
          33   24.157902   59.548327  (      13   10343)
          34   24.212621   52.400741  (     654   10220)
          35   24.224039   58.707562  (      34   10416)
          36   24.224422   58.701976  (      34   10711)
          37   24.225358   59.846560  (      13   10388)
          38   24.234386   51.803347  (     654   10150)
          39   24.255831   58.910313  (      34   10608)
          40   24.259445   59.333141  (      13   10649)
          41   24.273973   59.178564  (      13   10465)
          42   24.300179   59.129443  (      13   10451)
          43   24.307715   58.968816  (      34   10694)
          44   24.329120   60.077751  (      13   10605)
          45   24.334102   58.747386  (      34   10834)
          46   24.335246   59.580642  (      13   10472)
          47   24.342290   53.398689  (     654   10304)
          48   24.345635   59.580089  (      13   10485)
          49   24.353617   59.317717  (      13   10315)
          50   24.356117   59.579435  (      13   10498)
          51   24.368313   53.361538  (     654   10649)
          52   24.377988   50.747879  (     654   10155)
          53   24.384192   53.363587  (     654   10343)
          54   24.404784   59.778221  (      13   10772)
          55   24.405342   53.069841  (     654   10388)
          56   24.429374   52.930698  (     654   10315)
          57   24.433358   59.673018  (      34   12673)
          58   24.451445   60.231823  (      13   10874)
          59   24.477792   66.498887  (       3   10697)
          60   24.495101   59.288321  (      13   10597)
          61   24.495967   62.681346  (      63   10240)
          62   24.517124   57.280050  (       3   17259)
          63   24.523423   53.333464  (     654   10472)
          64   24.531449   53.319311  (     654   10485)
          65   24.539595   53.305293  (     654   10498)
          66   24.542979   59.389943  (      13   11167)
          67   24.558721   52.785780  (     654   10605)
          68   24.571231   53.352412  (     654   10608)
          69   24.577572   59.564447  (      13   10711)
          70   24.584141   59.676792  (      13   10416)
          71   24.592772   64.831868  (       3   10668)
          72   24.613907   59.777270  (      13   10608)
          73   24.622471   53.410521  (     654   10694)
          74   24.634814   59.752011  (      34   10688)
          75   24.642326   59.823018  (      34   18845)
          76   24.646198   59.813852  (      34   10544)
          77   24.661514   59.752892  (      13   10694)
          78   24.669621   58.207944  (      34   10156)
          79   24.669693   52.612003  (     346   10155)
          80   24.671072   60.493435  (      34   15321)
          81   24.680759   59.545266  (      13   10834)
          82   24.687332   55.205984  (     346   10304)
          83   24.694658   53.606359  (     654   10597)
          84   24.703630   52.302738  (     654   10156)
          85   24.707563   58.108340  (      13   12673)
          86   24.716231   53.794996  (     654   10772)
          87   24.721142   63.702420  (      63   10267)
          88   24.727202   51.786369  (      13   10162)
          89   24.735980   53.339015  (     654   10711)
          90   24.741496   53.551782  (     654   10465)
          91   24.749101   55.194323  (     346   10343)
          92   24.755261   55.211201  (     346   10649)
          93   24.783384   53.592793  (     654   10451)
          94   24.799836   54.335672  (     654   12673)
          95   24.809283   60.508586  (      34   14168)
          96   24.814600   59.944956  (      34   11562)
          97   24.831960   53.364383  (     654   10834)
          98   24.842491   53.002332  (     654   10874)
          99   24.845080   58.011644  (      13   10156)
         100   24.874343   51.732550  (     362   11578)
