Model_ID, [(c_i,i=0,n)_j,j=1,ntask]
           1    0.2044920082E+03    0.1822323081E+03    0.6120804821E+03
           2    0.2044277906E+03    0.1816749478E+03    0.6072055179E+03
           3    0.2047534292E+03    0.1807713258E+03   -0.6247455197E+03
           4    0.2047264032E+03    0.1802746394E+03   -0.6211324634E+03
           5    0.3014368397E+03    0.2485336615E+03   -0.1989213147E+03
           6    0.2914075699E+03    0.2482918300E+03   -0.1824405393E+03
           7    0.2168808600E+03    0.1802282314E+03   -0.1572299400E+03
           8    0.2046813067E+03    0.1796497308E+03    0.6194417412E+03
           9    0.1991337976E+03    0.1905248822E+03   -0.5651851808E+03
          10    0.2047149563E+03    0.1797038571E+03    0.6203738155E+03
          11    0.2046529192E+03    0.1800569546E+03   -0.5701103335E+03
          12    0.2047151278E+03    0.1800719941E+03   -0.5656496916E+03
          13    0.2145445866E+03    0.1699318125E+03   -0.1653363255E+03
          14    0.3012283203E+03    0.2503067863E+03   -0.1983040147E+03
          15    0.2046578099E+03    0.1791654627E+03    0.6161102604E+03
          16    0.1991794698E+03    0.1898598636E+03   -0.5680372464E+03
          17    0.2911144755E+03    0.2498896983E+03   -0.1816498985E+03
          18    0.2033213554E+03    0.1790127088E+03   -0.5727433392E+03
          19    0.2040261059E+03    0.1798814694E+03   -0.5773155314E+03
          20    0.2172411352E+03    0.2020378809E+03   -0.5545482986E+03
          21    0.1991716903E+03    0.1890494162E+03    0.5746722740E+03
          22    0.2091756640E+03    0.1756555457E+03   -0.4062398740E+03
          23    0.2094884786E+03    0.1746042218E+03   -0.4164361466E+03
          24    0.2041701023E+03    0.1795504986E+03   -0.5734770237E+03
          25    0.1923877741E+03    0.1841457083E+03    0.1310064554E+04
          26    0.2037037760E+03    0.1804215222E+03   -0.5543906984E+03
          27    0.2042280505E+03    0.1794011091E+03   -0.5725125487E+03
          28    0.1924529900E+03    0.1888529558E+03   -0.1373801736E+03
          29    0.1916973306E+03    0.1859272396E+03    0.1280720069E+04
          30    0.2039552506E+03    0.1796992442E+03   -0.5708887801E+03
          31    0.2034176837E+03    0.1809893323E+03    0.5347834821E+03
          32    0.2043015876E+03    0.1844182031E+03   -0.1159623603E+03
          33    0.2023308468E+03    0.1823748151E+03   -0.9831926874E+03
          34    0.1926174705E+03    0.1882863129E+03    0.1343657192E+03
          35    0.2049283123E+03    0.1786893609E+03   -0.5742253821E+03
          36    0.2036687934E+03    0.1799831703E+03   -0.5680534118E+03
          37    0.2023967474E+03    0.1821813766E+03   -0.9924493843E+03
          38    0.1951230614E+03    0.1937210868E+03   -0.4188668519E+03
          39    0.1992253542E+03    0.1884036775E+03    0.5791687554E+03
          40    0.2020223771E+03    0.1830340666E+03   -0.9381181707E+03
          41    0.2037297212E+03    0.1798366137E+03   -0.5673211259E+03
          42    0.1992348018E+03    0.1882215558E+03    0.5794252031E+03
          43    0.2197488214E+03    0.1600345777E+03   -0.2337482330E+03
          44    0.1966939489E+03   -0.1881859595E+03    0.4730362797E+03
          45    0.2111506972E+03    0.1709558743E+03   -0.4648716667E+03
          46    0.2048671579E+03    0.1781139450E+03   -0.5789415001E+03
          47    0.1950500228E+03    0.1925364023E+03    0.4380481866E+03
          48    0.2029719302E+03    0.1816143264E+03   -0.5033767876E+03
          49    0.2110324917E+03    0.1749445658E+03   -0.4387215200E+03
          50    0.2039329854E+03    0.1852181169E+03   -0.5025004661E+03
          51    0.2037044106E+03    0.1869476405E+03    0.1246395130E+03
          52    0.2105657614E+03    0.1722516759E+03   -0.4460891028E+03
          53    0.2244494341E+03    0.1622215736E+03   -0.2469972202E+03
          54    0.2192559661E+03    0.1602739657E+03   -0.2354011507E+03
          55    0.1836039057E+03   -0.1919176229E+03   -0.1594646231E+03
          56    0.2038236795E+03    0.1794752025E+03   -0.5597804672E+03
          57    0.2741426380E+03    0.1921305943E+03   -0.7789063023E+02
          58    0.3178926902E+03    0.3156349078E+03   -0.8248941706E+02
          59    0.2027758529E+03    0.1804749966E+03   -0.5482875813E+03
          60    0.2199257593E+03    0.1594998082E+03   -0.2298817653E+03
          61    0.1951491336E+03    0.1930728920E+03   -0.4205226289E+03
          62    0.1915362926E+03    0.1891470463E+03    0.1401414034E+03
          63    0.3004334986E+03   -0.2528465799E+03    0.2062760755E+03
          64    0.1899780326E+03    0.1865315063E+03    0.2378777903E+04
          65    0.2035702603E+03    0.1770670321E+03   -0.5862280618E+03
          66    0.2786415356E+03    0.1972769557E+03   -0.7341676865E+02
          67    0.2038496902E+03    0.1784344987E+03   -0.5841024610E+03
          68    0.2238842395E+03    0.1625749721E+03   -0.2486375108E+03
          69    0.2048958870E+03    0.1854220354E+03   -0.1413531311E+03
          70    0.1991923701E+03    0.1875210258E+03    0.5723275492E+03
          71    0.1970104182E+03    0.2021010708E+03   -0.3765637358E+03
          72    0.2026322170E+03    0.1819603970E+03   -0.4790115361E+03
          73    0.2004641644E+03    0.1827375465E+03   -0.2486047687E+03
          74    0.1429342318E+03    0.1302180655E+03   -0.4773529714E+03
          75    0.1950708709E+03    0.1919248301E+03    0.4416322061E+03
          76    0.2110214211E+03    0.1742129017E+03   -0.4384448967E+03
          77    0.2048380411E+03    0.1776662561E+03   -0.5755964412E+03
          78    0.2042674926E+03    0.1779275935E+03   -0.5890012879E+03
          79    0.2904426916E+03    0.1174881828E+03   -0.1949365110E+03
          80    0.2188929116E+03    0.1612658400E+03   -0.2256758633E+03
          81    0.2048872268E+03    0.1776951352E+03   -0.5702140013E+03
          82    0.1977388022E+03    0.1861601686E+03   -0.2582781053E+03
          83    0.2194096679E+03    0.1597744647E+03   -0.2308937636E+03
          84    0.1992020012E+03    0.1873422368E+03    0.5726460138E+03
          85    0.1902438651E+03   -0.1861006835E+03   -0.3684114961E+03
          86    0.2200043584E+03    0.1734951179E+03   -0.2786395909E+03
          87    0.2002076315E+03    0.1847732533E+03   -0.1039383883E+03
          88    0.2043751788E+03    0.1776302075E+03    0.5845245728E+03
          89    0.2190275864E+03    0.1595958504E+03   -0.2324860403E+03
          90    0.2059666263E+03    0.1839013222E+03    0.1349820715E+03
          91    0.2140302508E+03    0.1801470960E+03   -0.6473947447E+03
          92    0.2156341481E+03    0.1686587511E+03   -0.1684084276E+03
          93    0.2200008806E+03    0.1733799543E+03   -0.2787159571E+03
          94    0.2179046941E+03    0.1632769652E+03   -0.2290583357E+03
          95    0.2035590913E+03    0.1766236667E+03   -0.5836975306E+03
          96    0.2048779069E+03    0.1769562733E+03   -0.5843890830E+03
          97    0.2183772511E+03    0.1615548078E+03   -0.2268074660E+03
          98    0.2044719580E+03    0.1774543903E+03   -0.5840410211E+03
          99    0.1423034139E+03    0.1304810438E+03   -0.4752482679E+03
         100    0.2032632864E+03    0.1805030538E+03   -0.8222345791E+03
