        Rank        RMSE       MaxAE  Feature_ID
           1   31.408879   88.498980  (    4230   10005)
           2   31.665338   89.452220  (    2113   10005)
           3   31.754794   89.011612  (     768   10470)
           4   31.765029   88.827981  (     768   10488)
           5   31.817671   89.692442  (     395   10470)
           6   31.833182   89.514566  (     395   10488)
           7   31.906538   89.088453  (     768   10289)
           8   31.915079   89.765379  (     395   10289)
           9   31.930817   89.552685  (     395   10550)
          10   31.945290   89.986109  (     395   10116)
          11   31.993048   87.503361  (     650   10470)
          12   32.003702   87.320974  (     650   10488)
          13   32.061737   87.295008  (     395   10005)
          14   32.074593   89.314602  (     768   10116)
          15   32.082205   88.850166  (     768   10550)
          16   32.110281   89.259451  (     768   10605)
          17   32.114115   87.365090  (     650   10550)
          18   32.122518   87.588055  (     650   10289)
          19   32.123836   89.801830  (     768   10463)
          20   32.126323   90.446629  (     395   10463)
          21   32.128381   89.922466  (     395   10605)
          22   32.147497   88.659192  (     768   10808)
          23   32.170065   89.839524  (    1084   10470)
          24   32.178063   89.341387  (     395   10808)
          25   32.186366   89.769221  (    6769   10005)
          26   32.193322   89.654391  (    1084   10488)
          27   32.203757   89.401031  (     828   10470)
          28   32.213637   88.922706  (     554   10470)
          29   32.216930   89.218748  (     828   10488)
          30   32.223306   89.012839  (     554   10289)
          31   32.228092   88.796235  (     554   10550)
          32   32.246718   87.839778  (     650   10116)
          33   32.250606   88.740627  (     554   10488)
          34   32.263679   89.700814  (    1084   10550)
          35   32.264136   89.920197  (    1084   10289)
          36   32.302128   89.488851  (     768   10768)
          37   32.306405   90.845210  (     694   10470)
          38   32.317293   90.666427  (     694   10488)
          39   32.327824   89.260089  (     828   10550)
          40   32.331371   89.478005  (     828   10289)
          41   32.332204   87.751800  (     650   10605)
          42   32.349936   88.290979  (     650   10463)
          43   32.351475   90.147292  (    1084   10116)
          44   32.363255   87.155343  (     650   10808)
          45   32.366901   90.030417  (     788   11647)
          46   32.384746   90.047229  (     553   10470)
          47   32.391988   88.168414  (    1184   10470)
          48   32.396795   86.562483  (     768   10005)
          49   32.407902   87.982856  (    1184   10488)
          50   32.413726   89.867639  (     553   10488)
          51   32.429591   90.127511  (     553   10289)
          52   32.437165   90.911932  (     694   10289)
          53   32.439387   89.702511  (     554   10463)
          54   32.442128   87.763223  (     633   14517)
          55   32.443927   90.700900  (     694   10550)
          56   32.447232   89.705433  (     828   10116)
          57   32.447767   90.953482  (     245   10470)
          58   32.449086   89.170334  (     554   10605)
          59   32.452211   89.133113  (     716   10470)
          60   32.455300   91.031614  (     245   10289)
          61   32.455860   88.954035  (     716   10488)
          62   32.458647   89.272061  (     768   11364)
          63   32.471348   90.110271  (     395   10768)
          64   32.474123   86.490602  (     650   10005)
          65   32.476167   89.921666  (     395   11364)
          66   32.478262   90.779853  (     245   10488)
          67   32.478884   90.091955  (    1084   10605)
          68   32.487268   90.826292  (     245   10550)
          69   32.488353   90.635737  (    1084   10463)
          70   32.500164   88.030464  (    1184   10550)
          71   32.506646   88.581527  (     554   10808)
          72   32.512017   88.255766  (    1184   10289)
          73   32.520180   89.490162  (    1084   10808)
          74   32.521870   89.638931  (    1115   14517)
          75   32.522188   90.199611  (     788   11260)
          76   32.525472   91.117188  (     694   10116)
          77   32.536586   89.645103  (     828   10605)
          78   32.542812   89.324759  (     633   17420)
          79   32.544306   90.183076  (     828   10463)
          80   32.561496   90.506270  (     694   10808)
          81   32.569256   89.128044  (     633   17446)
          82   32.571019   89.197379  (     395   10599)
          83   32.578136   89.049574  (     828   10808)
          84   32.584166   89.209489  (     554   10116)
          85   32.590733   89.218225  (     633   19144)
          86   32.593402   86.032238  (    1295   10610)
          87   32.596148   85.396726  (    2226   10488)
          88   32.597253   86.724041  (    1144   10116)
          89   32.597881   90.426830  (    1789   10470)
          90   32.598984   85.588115  (    2226   10470)
          91   32.604340   88.989423  (     716   10550)
          92   32.609043   88.989356  (    1184   10463)
          93   32.609157   89.205701  (     716   10289)
          94   32.613612   89.043880  (     357   10204)
          95   32.614357   91.262577  (     861   10470)
          96   32.615025   91.533035  (    4230   10116)
          97   32.617441   91.017883  (     298   10204)
          98   32.620451   90.239858  (    1789   10488)
          99   32.623512  104.503281  (    2530   10003)
         100   32.623652   90.811471  (     553   10463)
