Model_ID, [(c_i,i=0,n)_j,j=1,ntask]
           1    0.3396692174E+03    0.2924823050E+03   -0.3700919782E+03
           2    0.1178855385E+03    0.9676454514E+02    0.4895561034E+03
           3    0.2419594872E+03    0.2238699339E+03    0.9464905827E+03
           4    0.2704893473E+03    0.2614976858E+03    0.6992151990E+03
           5    0.2761355833E+03    0.2851771581E+03    0.6733948928E+03
           6    0.2769279841E+03    0.2723991507E+03    0.7637320921E+03
           7    0.2337101536E+03   -0.1887045192E+03    0.1102105106E+04
           8    0.2718657455E+03    0.2736113790E+03    0.1526762194E+04
           9    0.1860837659E+03   -0.1803921610E+03   -0.3890673123E+03
          10    0.2903298943E+03    0.2676854095E+03    0.7828422339E+03
          11    0.1787752698E+03   -0.1796593102E+03   -0.1668256567E+04
          12    0.2444551995E+03   -0.2043060763E+03    0.9982797512E+03
          13    0.1815797991E+03   -0.1791335930E+03   -0.7203889335E+03
          14    0.2597493468E+03    0.1256432761E+03    0.7536266959E+03
          15    0.2719996152E+03    0.2662289528E+03    0.7454883855E+03
          16    0.2593048154E+03    0.1330292014E+03    0.8650274021E+03
          17    0.2512376467E+03    0.1313486179E+03   -0.1936988447E+04
          18    0.3281765099E+03    0.2827056984E+03    0.1052524384E+04
          19    0.1894565851E+03   -0.1777194852E+03    0.9414134459E+03
          20    0.1824323831E+03   -0.1818689994E+03    0.6062236153E+03
          21    0.2687023016E+03    0.2716826091E+03    0.5775283903E+03
          22    0.1892663233E+03   -0.1749214719E+03   -0.1060016925E+04
          23    0.2624948080E+03    0.1340777119E+03   -0.2058508493E+04
          24    0.2351541863E+03    0.1191459349E+03   -0.1895163304E+04
          25    0.2339959184E+03    0.1827631768E+03    0.1060850629E+04
          26    0.2411306369E+03    0.2184621811E+03    0.8799762154E+03
          27    0.2525846402E+03    0.1316427814E+03   -0.9830648351E+03
          28    0.2612415934E+03    0.1282238429E+03    0.8104103443E+03
          29    0.2424507966E+03    0.2238142782E+03    0.9518818396E+03
          30    0.3279707494E+03    0.2826077165E+03    0.1052093037E+04
          31    0.1833872696E+03   -0.1812436580E+03    0.6175754265E+03
          32    0.2795607871E+03    0.2621755549E+03    0.6611442220E+03
          33    0.1909003755E+03    0.1743478538E+03    0.1958407468E+04
          34    0.1775314958E+03   -0.1828409675E+03   -0.7351284013E+03
          35    0.2519258661E+03    0.1265484415E+03   -0.1982375187E+04
          36    0.3292402645E+03    0.2912000421E+03   -0.8791566880E+03
          37    0.2910461649E+03    0.2752954392E+03    0.8069010499E+03
          38    0.2507860558E+03   -0.1983102959E+03    0.9332772321E+03
          39    0.2696035026E+03    0.2840997697E+03    0.6556100684E+03
          40    0.2364403645E+03    0.1193520932E+03   -0.9590514869E+03
          41    0.1814343547E+03   -0.1822809230E+03    0.5861978184E+03
          42    0.3288606437E+03    0.2894606386E+03   -0.1036425659E+04
          43    0.2452450740E+03   -0.1961853922E+03    0.1071674186E+04
          44    0.1815880906E+03   -0.1821107798E+03    0.5859830396E+03
          45    0.1919594023E+03   -0.1708370490E+03    0.8895611243E+03
          46    0.1892237851E+03   -0.1769009604E+03    0.9171705682E+03
          47    0.3294808924E+03    0.2911772679E+03   -0.1013802047E+04
          48    0.1862345997E+03   -0.1780877419E+03    0.8678843356E+03
          49    0.1867543689E+03   -0.1778018819E+03    0.8790273135E+03
          50    0.1868520010E+03   -0.1788626449E+03    0.6387255938E+03
          51    0.2533318331E+03    0.1137887557E+03    0.9141269778E+03
          52    0.1958701844E+03   -0.1562262132E+03   -0.2120215984E+04
          53    0.2339681965E+03    0.1939633402E+03    0.1022569807E+04
          54    0.2609666344E+03    0.2628176016E+03    0.5528977310E+03
          55    0.1858344492E+03   -0.1801613195E+03    0.6396064762E+03
          56    0.1868192635E+03   -0.1788808294E+03    0.6380682076E+03
          57    0.1730671902E+03   -0.1850792041E+03   -0.1678421103E+04
          58    0.2428002411E+03    0.1204614426E+03    0.8389212209E+03
          59    0.2515535522E+03   -0.1988949709E+03    0.9455867374E+03
          60    0.1724875865E+03   -0.1867358407E+03   -0.5540163169E+03
          61    0.1901597889E+03   -0.1752452679E+03   -0.9124009946E+03
          62    0.1900779301E+03   -0.1743390884E+03    0.6056037992E+03
          63    0.1901096316E+03   -0.1752823963E+03   -0.9122099698E+03
          64    0.2035330984E+03   -0.1643991377E+03    0.7354533167E+03
          65    0.2750598671E+03    0.2601525903E+03   -0.4515219778E+03
          66    0.2604652500E+03    0.1221061250E+03   -0.2021516105E+04
          67    0.1887225530E+03   -0.1784389631E+03    0.1884080327E+04
          68    0.3321506828E+03    0.2971169949E+03    0.9645141551E+03
          69    0.3277031093E+03    0.2791962099E+03   -0.7415613036E+03
          70    0.2769429803E+03    0.2776197487E+03   -0.6876355469E+03
          71    0.1899388788E+03   -0.1753981468E+03    0.9110304276E+03
          72    0.2922629899E+03   -0.2812986238E+03    0.8257592358E+03
          73    0.1792513987E+03   -0.1790077692E+03   -0.1036014823E+04
          74    0.1916535926E+03   -0.1711898063E+03    0.1701919154E+04
          75    0.2338940692E+03    0.1851689500E+03    0.1081858150E+04
          76    0.2727112657E+03    0.2618747803E+03    0.5902053757E+03
          77    0.1848526101E+03   -0.1787073128E+03    0.8307830783E+03
          78    0.2660602866E+03    0.1310634495E+03    0.8166125735E+03
          79    0.2419456531E+03    0.2188749513E+03    0.8620324064E+03
          80    0.2639245133E+03    0.1341718716E+03   -0.1035789848E+04
          81    0.2685454361E+03    0.2570387446E+03    0.4933441507E+03
          82    0.2415496340E+03    0.2087938367E+03    0.9797453423E+03
          83    0.1858403936E+03   -0.1789043017E+03    0.1506367561E+04
          84    0.3277169409E+03    0.2835617255E+03    0.8871299578E+03
          85    0.1917536746E+03    0.1729866500E+03    0.9616994672E+03
          86    0.1220718132E+03    0.9525147102E+02   -0.4791197939E+03
          87    0.2625745416E+03    0.2570361467E+03    0.5770587199E+03
          88    0.2709443305E+03    0.2671071876E+03   -0.6254997380E+03
          89    0.2578969671E+03    0.1302918547E+03   -0.9930492372E+03
          90    0.2344441205E+03   -0.1886168779E+03    0.1110661640E+04
          91    0.2459493361E+03   -0.1965981029E+03    0.1083146603E+04
          92    0.1856238571E+03   -0.1787415758E+03    0.7180918056E+03
          93    0.1900699035E+03   -0.1755919213E+03    0.1263154704E+04
          94    0.1858012002E+03   -0.1789274492E+03    0.1504577976E+04
          95    0.2532960596E+03    0.1266698841E+03   -0.9986691335E+03
          96    0.2451705398E+03    0.1927368071E+03    0.1053080561E+04
          97    0.2432453641E+03    0.2240670573E+03    0.9305752865E+03
          98    0.3274966767E+03    0.2832119551E+03    0.8869417663E+03
          99    0.2682110966E+03   -0.2566667398E+03    0.4841580602E+03
         100    0.3484723681E+03    0.3190576452E+03    0.7616041697E+03
