     Index              y_true              y_pred        descriptor_1        descriptor_2
         1    0.4920000000E+03    0.5050146433E+03   -0.1275100000E+01   -0.2379567600E+00
         2    0.9034100000E+02    0.1178022707E+03    0.6393000000E+00    0.2566320000E-01
         3    0.2530000000E+03    0.2506323567E+03   -0.2375000000E+00    0.2567601800E+00
         4    0.1588000000E+03    0.1640185465E+03    0.4079000000E+00   -0.1558740000E-02
         5    0.2480000000E+03    0.2513214261E+03   -0.1331000000E+00    0.9878920000E-01
         6    0.2634000000E+03    0.2417584033E+03   -0.5974000000E+00    0.8527000000E+00
         7    0.8950000000E+02    0.1097761523E+03    0.6968000000E+00    0.5095440000E-02
         8    0.3990000000E+03    0.3842466401E+03   -0.1287600000E+01    0.7348440000E+00
         9    0.3091000000E+03    0.3300212530E+03   -0.1989000000E+00   -0.4271152500E+00
        10    0.2886400000E+03    0.2471563513E+03   -0.2651000000E+00    0.3245568000E+00
        11    0.3891500000E+03    0.4016630845E+03   -0.9519000000E+00    0.1067404800E+00
        12    0.3387000000E+03    0.3587091886E+03   -0.5039000000E+00   -0.2082679200E+00
        13    0.3945000000E+03    0.4085405841E+03   -0.9142000000E+00   -0.2696960000E-02
        14    0.3380000000E+03    0.3928256817E+03   -0.7895000000E+00   -0.6067009000E-01
        15    0.2561000000E+03    0.2630701874E+03   -0.2336000000E+00    0.1527550000E+00
        16    0.4240000000E+03    0.3686866655E+03   -0.6300000000E+00   -0.1029013800E+00
        17    0.1693000000E+03    0.2435842158E+03   -0.5811000000E+00    0.8144552400E+00
        18    0.3860000000E+03    0.3754859538E+03   -0.6805000000E+00   -0.8286362000E-01
        19    0.3632000000E+03    0.3252746414E+03   -0.5837000000E+00    0.1725804600E+00
        20    0.4680000000E+03    0.4842425938E+03   -0.1343600000E+01    0.2629956000E-01
        21    0.5132000000E+03    0.4760214102E+03   -0.1199900000E+01   -0.1186615200E+00
        22    0.4150000000E+03    0.3425284279E+03   -0.7250000000E+00    0.2426424000E+00
        23    0.2990000000E+03    0.2865018685E+03   -0.3475000000E+00    0.1339570400E+00
        24    0.4780000000E+03    0.4945496665E+03   -0.1286000000E+01   -0.1393180800E+00
        25    0.9070000000E+02    0.5437709359E+02    0.1000000000E+01    0.0000000000E+00
        26    0.4380000000E+03    0.4374093116E+03   -0.1139700000E+01    0.9857477000E-01
        27    0.1743000000E+03    0.1596714569E+03    0.1693000000E+00    0.3813862500E+00
        28    0.2401500000E+03    0.2575057455E+03   -0.1604000000E+00    0.8979325000E-01
        29    0.4097000000E+03    0.4176093773E+03   -0.1328900000E+01    0.5314859400E+00
        30    0.2744000000E+03    0.2380836012E+03   -0.2525000000E+00    0.3778588000E+00
        31    0.2490000000E+03    0.2585959612E+03   -0.1515000000E+00    0.6817371000E-01
        32    0.2680300000E+03    0.2630310072E+03    0.9000000000E-02   -0.2013651900E+00
        33    0.2466500000E+03    0.2626939637E+03   -0.2746000000E+00    0.2156281600E+00
        34    0.2516000000E+03    0.2931925623E+03   -0.3694000000E+00    0.1130695500E+00
        35    0.2566500000E+03    0.2622154818E+03   -0.2614000000E+00    0.2001253100E+00
        36    0.3602000000E+03    0.3439811914E+03   -0.5327000000E+00   -0.4978348000E-01
        37    0.3275000000E+03    0.3286725820E+03   -0.6138000000E+00    0.1896984800E+00
        38    0.2396000000E+03    0.2638129248E+03   -0.1968000000E+00    0.9312100000E-01
        39    0.4711500000E+03    0.4307822116E+03   -0.8592000000E+00   -0.2588456700E+00
        40    0.3450000000E+03    0.3588568111E+03   -0.7874000000E+00    0.2047485800E+00
        41    0.3281500000E+03    0.3262536681E+03   -0.5739000000E+00    0.1505248800E+00
        42    0.4460000000E+03    0.4605338357E+03   -0.1290800000E+01    0.1365524100E+00
