        Rank        RMSE       MaxAE  Feature_ID
           1    6.535654   16.390408  (    9993   10173)
           2    6.560014   13.055982  (     492   10511)
           3    6.570063   10.736221  (    3211   10173)
           4    6.751727   14.113356  (    9505   10173)
           5    6.778591   12.226582  (     492   10173)
           6    6.821025   17.302966  (    4845   10511)
           7    6.829691   16.032353  (    4340   10511)
           8    6.831002   15.105068  (     369   10511)
           9    6.908818   15.003882  (    9747   10511)
          10    6.911571   13.772985  (    5384   10173)
          11    6.926543   20.946532  (    6316   10173)
          12    6.928886   19.970681  (    9332   10173)
          13    6.935262   14.227425  (    2818   10173)
          14    6.941946   11.486841  (    3579   10173)
          15    6.945908   14.348790  (      89   10511)
          16    6.946105   20.239745  (     871   19219)
          17    6.946654   21.002249  (    9229   10173)
          18    6.947513   16.626740  (    2399   10173)
          19    6.949753   21.258761  (     565   15073)
          20    6.953923   19.624532  (    8480   10511)
          21    6.954636   17.251537  (     506   19689)
          22    6.976145   13.702234  (      89   10173)
          23    6.981577   20.963318  (    8717   10173)
          24    6.981808   17.660918  (    8281   10511)
          25    6.982326   15.945772  (    2481   10173)
          26    6.983070   18.307459  (    5965   10173)
          27    6.987496   19.124013  (    3945   10511)
          28    6.987506   20.951669  (    8183   10173)
          29    6.991508   19.183733  (    7227   10173)
          30    6.993183   16.345032  (    6682   10173)
          31    6.995777   18.616116  (    2446   19916)
          32    6.998741   19.223584  (    3211   14810)
          33    7.008584   13.570981  (    8281   10173)
          34    7.014296   18.281678  (    8739   10173)
          35    7.015267   20.667226  (     565   12734)
          36    7.015970   20.959044  (    8496   10173)
          37    7.019673   16.420573  (    3379   10173)
          38    7.021682   18.648449  (     407   15201)
          39    7.030567   14.102957  (    2100   19689)
          40    7.041004   15.195577  (    2802   19689)
          41    7.043598   14.819477  (    4845   10173)
          42    7.044944   17.437965  (    5686   13148)
          43    7.045745   16.001153  (     623   19689)
          44    7.047262   14.816282  (     167   13148)
          45    7.059303   15.380287  (     132   16070)
          46    7.060231   20.944272  (    4399   10173)
          47    7.061011   17.465960  (    2397   18785)
          48    7.062713   17.146297  (    4377   10173)
          49    7.067455   14.705415  (    7112   10511)
          50    7.072861   18.426993  (    5803   10511)
          51    7.082654   15.212273  (    1003   19651)
          52    7.084755   15.395061  (    2397   16637)
          53    7.090540   19.771379  (    2778   10511)
          54    7.090653   16.237220  (    2397   16070)
          55    7.091130   17.252437  (    2778   10173)
          56    7.091387   14.852544  (    6175   10173)
          57    7.092349   19.735037  (    4377   10511)
          58    7.095926   17.012141  (    1228   10173)
          59    7.096084   19.984394  (    9874   10511)
          60    7.096483   17.854555  (     565   15267)
          61    7.098152   20.039105  (    6708   19689)
          62    7.099057   17.697739  (    2397   13894)
          63    7.100714   17.810221  (    3366   10511)
          64    7.101719   21.051715  (     565   12689)
          65    7.101898   18.627865  (    1015   15885)
          66    7.102935   14.798600  (    4846   10173)
          67    7.104767   20.985255  (    8439   10173)
          68    7.107111   20.326843  (     871   18772)
          69    7.107503   17.798653  (     620   15732)
          70    7.108967   18.604639  (    1015   19916)
          71    7.111010   12.944220  (    5089   10511)
          72    7.112898   19.210288  (    7767   10173)
          73    7.117424   19.069477  (    2446   19670)
          74    7.121691   18.911573  (     458   15201)
          75    7.122613   16.599448  (     424   10511)
          76    7.125494   18.481041  (    2367   19670)
          77    7.132377   19.119146  (    6682   10511)
          78    7.132686   18.620176  (     664   15885)
          79    7.139873   19.228388  (    6951   10173)
          80    7.140232   18.553940  (     845   15885)
          81    7.141742   14.250643  (     821   19689)
          82    7.145045   20.344796  (    1643   10173)
          83    7.146697   14.364069  (    8261   10173)
          84    7.146896   18.057246  (    6277   15201)
          85    7.147086   18.259156  (     531   15732)
          86    7.153700   16.721497  (    4846   10511)
          87    7.155406   15.304450  (     104   19689)
          88    7.156001   18.628590  (     737   15885)
          89    7.158082   14.114002  (    4367   10511)
          90    7.160783   15.573090  (    3068   10173)
          91    7.161197   20.522653  (    8378   10173)
          92    7.161451   17.499913  (    5951   10511)
          93    7.169994   21.526396  (     565   12985)
          94    7.172450   18.580305  (    1007   15885)
          95    7.174186   17.945672  (     531   15885)
          96    7.174649   21.052437  (    8710   10173)
          97    7.174889   16.993689  (     609   10511)
          98    7.180763   19.273370  (    6132   10173)
          99    7.185062   21.748203  (    6951   10511)
         100    7.185585   16.438579  (     216   13148)
