        Rank        RMSE       MaxAE  Feature_ID
           1    2.978431    8.189098  (    9880   10756)
           2    3.007982    6.411984  (      12   10007)
           3    3.039812    8.074321  (    1035   13908)
           4    3.044770    6.768260  (      12   10003)
           5    3.058610    7.260449  (      12   10001)
           6    3.064237    7.847815  (    1035   13655)
           7    3.066079    7.798496  (    9880   10190)
           8    3.067238    7.741425  (     107   16899)
           9    3.069273    8.700783  (    9880   12248)
          10    3.080133    7.569822  (      85   19493)
          11    3.080726    7.394951  (    1035   14716)
          12    3.099926    7.616089  (     123   13908)
          13    3.102007    6.679748  (      12   10190)
          14    3.105826    7.591795  (     123   16529)
          15    3.108630    8.769275  (     115   18475)
          16    3.110002    7.450329  (    1035   14365)
          17    3.111867    7.432279  (    1035   14406)
          18    3.113129    8.629784  (    9880   11474)
          19    3.117742    8.329303  (    9880   10028)
          20    3.123990    8.639357  (    9880   11663)
          21    3.124396    7.586547  (    5198   13655)
          22    3.125492    7.780402  (    5198   13908)
          23    3.130145    7.296563  (    1035   13739)
          24    3.130915    7.599641  (     123   13266)
          25    3.132549    8.080955  (    1035   13266)
          26    3.133676    7.922987  (    2096   18475)
          27    3.135351   10.696396  (    6507   13655)
          28    3.136411    9.839409  (    6507   14406)
          29    3.138891    9.987271  (    6507   19607)
          30    3.138970    8.614914  (      84   19493)
          31    3.141609    7.485221  (     123   12974)
          32    3.141648    8.529719  (      12   10002)
          33    3.144411    8.569797  (      97   18475)
          34    3.148285    7.447273  (      12   11967)
          35    3.148654    7.616444  (     123   15307)
          36    3.149631    7.885165  (    1035   13205)
          37    3.150850    7.619246  (     123   13655)
          38    3.151268    8.139547  (     456   18475)
          39    3.152428    7.677652  (    1035   19687)
          40    3.152717    8.014923  (     123   15431)
          41    3.154676    9.371351  (    3505   10090)
          42    3.155114    8.350027  (    9880   10031)
          43    3.155679    7.058480  (      12   10100)
          44    3.156344    7.844242  (    1035   15307)
          45    3.158733    7.400635  (     123   12501)
          46    3.159320    8.484631  (     105   18475)
          47    3.160928   10.368442  (    6507   13147)
          48    3.161402    8.525643  (    9880   11193)
          49    3.161464    7.865562  (    2971   15307)
          50    3.162695    8.615431  (    9880   10800)
          51    3.163271    7.366108  (     123   13739)
          52    3.163468    7.321311  (    5166   15307)
          53    3.163694    8.610157  (    9880   10911)
          54    3.165166    8.465782  (     146   18475)
          55    3.165429   10.045563  (    6507   14365)
          56    3.165547    8.308761  (    1035   13626)
          57    3.165899    8.307271  (    1035   13611)
          58    3.166095    9.187410  (     106   13908)
          59    3.166451    8.224281  (    1035   13074)
          60    3.167925    9.967238  (    6507   14435)
          61    3.168009    7.079496  (      84   19321)
          62    3.169290   10.506113  (    6507   12950)
          63    3.169664   10.227669  (    6507   15307)
          64    3.170131    7.806154  (    1035   12950)
          65    3.170697    8.048450  (    1035   13360)
          66    3.171578    8.635557  (    9880   10639)
          67    3.172905    7.779399  (    1035   16529)
          68    3.173150    7.362636  (     123   13097)
          69    3.173433    7.729573  (      12   11298)
          70    3.174218    7.708724  (    1035   19607)
          71    3.174915    8.580156  (    9880   11215)
          72    3.175753    7.435595  (     123   14716)
          73    3.175844    7.509487  (     123   13074)
          74    3.175884    7.509541  (     123   13912)
          75    3.176199    8.447937  (    9880   11425)
          76    3.176370    9.911371  (    6507   14066)
          77    3.177899   10.030587  (    6507   14716)
          78    3.178520    9.832899  (    6507   13555)
          79    3.178784    8.976647  (     106   13655)
          80    3.179244    8.574765  (    9880   11178)
          81    3.179346    7.370041  (    5198   14716)
          82    3.179745    8.082246  (    1035   13857)
          83    3.180013    8.044666  (    1035   13231)
          84    3.180380    7.454622  (    1035   14435)
          85    3.180984    7.602023  (     123   13205)
          86    3.181203    8.556268  (    9880   11273)
          87    3.182622    8.009398  (    1035   13034)
          88    3.182670    8.365525  (    1035   14176)
          89    3.182932    9.838675  (    6507   13627)
          90    3.183573    7.419470  (    5198   14406)
          91    3.184796    8.601035  (    9880   11667)
          92    3.185420   10.723140  (    6507   13034)
          93    3.185747    7.580234  (     123   13611)
          94    3.185764    7.582453  (     123   13626)
          95    3.185985    9.644860  (     596   16899)
          96    3.186308   10.233806  (    6507   19687)
          97    3.187013    8.266370  (    1035   13103)
          98    3.187092    8.780691  (    3505   10007)
          99    3.187382    8.590518  (    9880   11129)
         100    3.187841   10.736577  (    6507   13049)
