        Rank        RMSE       MaxAE  Feature_ID
           1   23.619739   62.229461  (      82   17182)
           2   24.078408   60.602946  (      82   16649)
           3   24.079104   60.864024  (      82   16449)
           4   24.154898   61.672752  (      82   15010)
           5   24.299567   77.132704  (       7   12769)
           6   24.363087   61.298873  (      82   18453)
           7   24.474592   61.980207  (      82   17294)
           8   24.532200   61.090572  (      82   13129)
           9   24.593737   54.809093  (       7   17661)
          10   24.604095   62.448710  (      82   16295)
          11   24.604152   60.626059  (      82   14067)
          12   24.632164   61.275175  (      82   17666)
          13   24.638773   61.859583  (      82   12399)
          14   24.660784   51.685079  (       7   12494)
          15   24.702194   55.994216  (       7   11490)
          16   24.711417   61.411893  (      82   15602)
          17   24.728499   62.314363  (      82   15076)
          18   24.754673   76.157760  (       7   13420)
          19   24.758903   63.623422  (      82   11561)
          20   24.799125   62.008516  (      82   15398)
          21   24.843579   60.290863  (      82   15601)
          22   24.892235   61.600316  (      82   16409)
          23   24.899801   61.883260  (      82   15413)
          24   24.923870   61.173069  (      82   17229)
          25   24.924347   61.095311  (      82   18820)
          26   24.936324   61.284125  (      82   16610)
          27   24.941487   61.365148  (      82   19367)
          28   24.955325   61.449709  (      82   17733)
          29   24.964378   61.334381  (      82   15599)
          30   24.973729   61.026932  (      82   19826)
          31   25.001989   61.376901  (      82   15890)
          32   25.006590   76.254596  (       7   19074)
          33   25.012261   61.495998  (      82   15014)
          34   25.075909   62.994480  (      82   16429)
          35   25.118990   62.277596  (      82   18193)
          36   25.122853   60.538939  (      82   16514)
          37   25.125513   61.206108  (    2502   10736)
          38   25.142676   60.565801  (    9071   10742)
          39   25.186377   62.132653  (      82   19150)
          40   25.186558   62.929181  (      14   11867)
          41   25.190298   64.677749  (      82   11235)
          42   25.206256   54.715878  (       7   12244)
          43   25.216575   82.571914  (       7   19926)
          44   25.235093   61.537873  (      82   17066)
          45   25.242140   62.774139  (      82   15998)
          46   25.252394   58.581931  (      82   14794)
          47   25.253149   62.502033  (      82   16730)
          48   25.254778   66.764021  (      12   10995)
          49   25.258324   62.475583  (      82   19519)
          50   25.259724   62.055106  (    2502   11444)
          51   25.262670   62.696093  (      82   14352)
          52   25.265052   54.406581  (    2502   13032)
          53   25.275214   62.720365  (      82   14184)
          54   25.282677   60.355321  (      82   16740)
          55   25.309417   66.999276  (      12   10075)
          56   25.315351   63.096364  (      82   19581)
          57   25.320142   62.658574  (      82   13643)
          58   25.320632   51.802444  (       7   15850)
          59   25.320810   62.289713  (      14   12429)
          60   25.328121   62.765189  (      82   18073)
          61   25.341659   70.023791  (     476   10649)
          62   25.360036   66.912991  (       7   13328)
          63   25.361979   59.128558  (    3056   10995)
          64   25.366254   59.146107  (      82   12156)
          65   25.370971   60.582625  (     167   14127)
          66   25.372459   62.865735  (      82   19029)
          67   25.375452   73.306312  (     476   10059)
          68   25.378833   55.538447  (       7   12078)
          69   25.385331   78.776681  (       7   13830)
          70   25.396963   62.806133  (      82   18896)
          71   25.399479   62.799235  (      82   18887)
          72   25.405099   62.783210  (      82   18709)
          73   25.405541   62.782075  (      82   18713)
          74   25.409685   62.771542  (      82   18752)
          75   25.411741   87.998624  (       7   10986)
          76   25.415252   62.757509  (      82   18809)
          77   25.421059   62.743440  (      82   18875)
          78   25.422280   62.672088  (      14   10831)
          79   25.424510   58.687664  (    2502   15323)
          80   25.425258   62.732906  (      82   18902)
          81   25.425728   62.731768  (      82   18909)
          82   25.425745   61.922973  (      82   19036)
          83   25.432015   62.715655  (      82   18746)
          84   25.434887   62.708712  (      82   18731)
          85   25.439914   61.874387  (     167   12860)
          86   25.450404   63.679490  (      14   10887)
          87   25.456068   54.862604  (       7   15977)
          88   25.457400   62.592990  (      82   15923)
          89   25.460838   62.648995  (      82   18598)
          90   25.466176   60.070830  (    9071   11187)
          91   25.468504   62.045654  (      82   19384)
          92   25.488546   87.883082  (       7   11030)
          93   25.488923   62.458237  (      82   19123)
          94   25.491568   63.563897  (      82   15714)
          95   25.492339   83.344502  (       7   10036)
          96   25.494797   70.819510  (    5465   10700)
          97   25.506613   57.461675  (      82   17500)
          98   25.517001   62.747166  (      82   19627)
          99   25.519567   61.582147  (      82   18032)
         100   25.520722   63.557825  (      14   10715)
