        Rank        RMSE       MaxAE  Feature_ID
           1    3.158872    7.870990  (    1993   11176)
           2    3.175718    7.051615  (    1194   10534)
           3    3.188864    7.030340  (    2204   10534)
           4    3.193811    7.847400  (    3350   12288)
           5    3.197962    8.204175  (    5003   11176)
           6    3.209027    9.013578  (       5   10041)
           7    3.211958    8.176460  (     602   13167)
           8    3.213650    8.588531  (    5414   10689)
           9    3.215716    8.939319  (       2   10004)
          10    3.216011    8.946615  (       1   10004)
          11    3.216512    7.332925  (    3014   11356)
          12    3.221494    7.838787  (    1027   10534)
          13    3.225743    7.946475  (       2   10003)
          14    3.229100    9.016932  (       4   10041)
          15    3.234291    8.227383  (       2   10009)
          16    3.234611    8.347195  (    6931   11176)
          17    3.235975    8.190197  (    5011   11176)
          18    3.236853    8.359158  (       5   10012)
          19    3.238793    8.209084  (    5078   11176)
          20    3.241149    8.364569  (       4   10012)
          21    3.241422    8.212067  (       2   10002)
          22    3.241943    8.483489  (       2   10014)
          23    3.242143    8.652951  (    1445   11176)
          24    3.243439    7.404299  (       2   10007)
          25    3.244360    7.441968  (       2   10008)
          26    3.245179    7.958497  (       1   10003)
          27    3.245562    8.269396  (       2   10012)
          28    3.245772    7.804688  (       1   10001)
          29    3.246136    6.858675  (    1194   10689)
          30    3.246850    8.147849  (     467   11176)
          31    3.248536    7.652493  (    3014   10534)
          32    3.249470    8.215564  (    6620   11176)
          33    3.249581    7.797511  (       2   10001)
          34    3.252191    8.277881  (       1   10012)
          35    3.252531    7.416344  (       1   10007)
          36    3.253072    8.491883  (       1   10014)
          37    3.254238    8.261627  (    4576   11176)
          38    3.255256    8.187584  (    5951   11176)
          39    3.255283    8.315924  (       5   10062)
          40    3.257811    8.222072  (       1   10002)
          41    3.258345    8.812558  (       2   10013)
          42    3.258641    7.973591  (       2   10006)
          43    3.258810    8.988560  (       9   10004)
          44    3.259289    8.819852  (       1   10013)
          45    3.260204    8.190861  (    1421   10012)
          46    3.260295    8.214744  (    6127   11176)
          47    3.260524    8.909515  (       4   10013)
          48    3.260860    8.238093  (       1   10009)
          49    3.261125    7.143641  (     443   12428)
          50    3.261459    8.218952  (    5953   11176)
          51    3.261670    8.905314  (       5   10013)
          52    3.262422    7.667114  (       2   10005)
          53    3.264267    7.676003  (       1   10005)
          54    3.265176    8.219158  (    6110   11176)
          55    3.265415    8.218479  (    6232   11176)
          56    3.266840    8.553474  (       2   10016)
          57    3.266987    8.218774  (    6406   11176)
          58    3.268576    7.982766  (     132   10534)
          59    3.268638    7.982248  (    8556   11176)
          60    3.269180    7.996293  (       1   10006)
          61    3.269333    8.273666  (       2   10010)
          62    3.269912    6.837632  (    2204   10689)
          63    3.269924    8.303689  (    1616   10689)
          64    3.272014    8.219934  (    6649   11176)
          65    3.272440    9.034630  (       4   10004)
          66    3.273087    8.227655  (    6112   11176)
          67    3.273204    8.224180  (    6453   11176)
          68    3.273609    7.651899  (    1027   10689)
          69    3.274506    7.855718  (       2   10022)
          70    3.274793    9.030450  (       5   10004)
          71    3.274962    7.010431  (    1194   11023)
          72    3.275129    7.958520  (       2   12176)
          73    3.275454    7.947307  (    1670   10534)
          74    3.276388    7.260920  (       5   12176)
          75    3.277168    8.010285  (    3231   11176)
          76    3.278361    8.205576  (       2   10011)
          77    3.279835    8.095125  (       8   11176)
          78    3.279954    7.822511  (       2   10017)
          79    3.280720    8.499994  (    1616   10534)
          80    3.280944    8.226293  (    7549   11176)
          81    3.281657    7.106020  (    3014   17218)
          82    3.282361    8.398691  (      11   10012)
          83    3.282436    8.307746  (     602   12288)
          84    3.282740    8.080585  (    1027   12049)
          85    3.282934    8.561853  (       1   10016)
          86    3.283564    7.788703  (    1993   10824)
          87    3.284584    7.464525  (       1   10008)
          88    3.284671    8.092070  (       5   10336)
          89    3.285354    8.256751  (    7046   11176)
          90    3.285935    7.937076  (     157   10534)
          91    3.286011    9.050032  (      11   10041)
          92    3.286325    7.748082  (    1670   10689)
          93    3.286329    7.713560  (     241   10534)
          94    3.286952    7.800616  (     132   10689)
          95    3.289008    8.283556  (       1   10010)
          96    3.289594    8.846661  (     139   12428)
          97    3.289651    7.845674  (       9   10001)
          98    3.291361    8.215171  (       1   10011)
          99    3.292394    8.410490  (    1616   11023)
         100    3.293405    7.583519  (    3014   11023)
