Model_ID, [(c_i,i=0,n)_j,j=1,ntask]
           1    0.1452212385E+03   -0.1200071802E+03    0.2873525323E+04
           2    0.2641883669E+03   -0.1253943139E+03    0.1115423237E+04
           3    0.2657111760E+03    0.8138653965E+02    0.1105119992E+04
           4    0.1446965699E+03   -0.1191598139E+03    0.4256043898E+04
           5    0.2706965178E+03    0.8797315893E+02    0.1013158534E+04
           6    0.1499557975E+03   -0.1217283704E+03   -0.1782056925E+03
           7    0.1487069739E+03   -0.1154927371E+03    0.2960362091E+04
           8    0.1460487766E+03   -0.1179845347E+03    0.3180428507E+04
           9    0.2291885599E+03   -0.1823244621E+03    0.4914698041E+03
          10    0.1943951952E+03    0.9864958943E+02   -0.8246506423E+02
          11    0.1444971725E+03    0.1178339129E+03   -0.3146503785E+04
          12    0.2155670401E+03    0.8723748070E+02   -0.9815194986E+02
          13    0.2090485286E+03   -0.9468848894E+02    0.2462046369E+03
          14    0.2157081508E+03    0.8699647577E+02   -0.9841906104E+02
          15    0.1458410165E+03   -0.1178885306E+03    0.3217461267E+04
          16    0.2093218629E+03   -0.9445858127E+02    0.2448703019E+03
          17    0.1366829304E+03   -0.1217846316E+03    0.2873200329E+04
          18    0.2272363673E+03   -0.1591712993E+03    0.4094034755E+03
          19    0.2300048519E+03   -0.1873000159E+03    0.4411839131E+03
          20    0.1480963628E+03   -0.1125232822E+03   -0.1787396219E+03
          21    0.1466254541E+03   -0.1184263321E+03    0.4173700525E+04
          22    0.1449587189E+03   -0.1181269590E+03    0.3159892207E+04
          23    0.1452761281E+03   -0.1180031176E+03    0.3156669903E+04
          24    0.2317007849E+03   -0.1895032779E+03    0.4651809673E+03
          25    0.1807553177E+03   -0.1694095676E+03    0.3740516141E+03
          26    0.1444758220E+03    0.1170451929E+03    0.3284110087E+04
          27    0.1447266591E+03   -0.1182389525E+03    0.3162655534E+04
          28    0.2091202965E+03    0.8826534049E+02   -0.1092810037E+03
          29    0.2170620477E+03   -0.9153129982E+02    0.3802818236E+04
          30    0.2307052103E+03   -0.1839166546E+03    0.5134372040E+03
          31    0.1446681139E+03   -0.1182820178E+03    0.3159908174E+04
          32    0.1446610885E+03   -0.1182860264E+03    0.3159738307E+04
          33    0.1446544348E+03   -0.1182898052E+03    0.3159459495E+04
          34    0.2213256121E+03    0.9779095574E+02   -0.1064892352E+03
          35    0.1247425755E+03   -0.9135510440E+02    0.1396793082E+03
          36    0.1445968268E+03   -0.1183322780E+03    0.3156479620E+04
          37    0.2131627233E+03    0.9807510946E+02   -0.1107644563E+03
          38    0.2660116898E+03   -0.1237314525E+03   -0.1827417962E+04
          39    0.1780858981E+03    0.8355317598E+02   -0.7111844653E+02
          40    0.1334783754E+03   -0.1245297416E+03    0.2764105737E+04
          41    0.2160266647E+03    0.8660287516E+02   -0.9868537380E+02
          42    0.1504346334E+03   -0.1067759760E+03    0.3132552727E+04
          43    0.2151825279E+03    0.8738594915E+02   -0.9928904173E+02
          44    0.1462997376E+03   -0.1227237967E+03    0.2488732065E+04
          45    0.2211778939E+03    0.9840517356E+02   -0.1054290428E+03
          46    0.2215295977E+03    0.9749383860E+02   -0.1072086671E+03
          47    0.2207680565E+03    0.8762573291E+02   -0.9989851778E+02
          48    0.2244049984E+03   -0.9477251894E+02    0.8171845266E+03
          49    0.2087651898E+03    0.9534469638E+02   -0.2427566463E+03
          50    0.1444156282E+03   -0.1184129421E+03    0.3144668389E+04
          51    0.2160009888E+03    0.9778453571E+02   -0.9322017542E+02
          52    0.2598033746E+03   -0.1489341127E+03    0.5306865858E+03
          53    0.2156737640E+03    0.9779159825E+02   -0.9323421481E+02
          54    0.2157453800E+03    0.9872216327E+02   -0.9166291493E+02
          55    0.1419901086E+03   -0.1202697935E+03    0.2451049094E+04
          56    0.2085826523E+03   -0.9492208533E+02    0.2429317803E+03
          57    0.1797316029E+03    0.8433926850E+02    0.2872933845E+04
          58    0.2088243033E+03    0.9862648047E+02   -0.1158714734E+03
          59    0.2165459894E+03    0.8560966423E+02   -0.1068860610E+03
          60    0.2609705872E+03   -0.1265701808E+03    0.1156179321E+04
          61    0.1451524957E+03   -0.1174286241E+03    0.5586809357E+04
          62    0.2205952211E+03    0.8817760326E+02   -0.9880969517E+02
          63    0.1489532125E+03   -0.1200060186E+03    0.2617791936E+04
          64    0.2144691955E+03    0.8829959947E+02   -0.6074624327E+02
          65    0.2634489616E+03   -0.1297950977E+03    0.3797351741E+04
          66    0.1494677825E+03   -0.1048404605E+03    0.6347482912E+04
          67    0.2262190309E+03   -0.2019283057E+03    0.5363226706E+03
          68    0.2158114448E+03    0.9754162082E+02   -0.9377063693E+02
          69    0.1766359526E+03   -0.7775689464E+02    0.9018173556E+02
          70    0.2209182410E+03    0.8741731332E+02   -0.1004889394E+03
          71    0.1442392071E+03   -0.1184509291E+03    0.3108717128E+04
          72    0.1918039948E+03    0.9829949124E+02   -0.8053412367E+02
          73    0.1947192427E+03   -0.7430357385E+02    0.1521814193E+03
          74    0.2107219216E+03   -0.9478102388E+02    0.2326116125E+03
          75    0.2163037569E+03   -0.9124101810E+02    0.5051273280E+04
          76    0.2078165709E+03   -0.9538096770E+02    0.2407664788E+03
          77    0.1443979021E+03   -0.1174613178E+03   -0.2572282575E+04
          78    0.1459738122E+03   -0.1168395203E+03    0.4083858592E+04
          79    0.2645429024E+03    0.8002207609E+02    0.1134768471E+04
          80    0.2142470363E+03    0.9825152880E+02   -0.8971471038E+02
          81    0.2207778512E+03   -0.9177714016E+02    0.8300037446E+03
          82    0.2155503476E+03    0.8664469308E+02   -0.1173505958E+03
          83    0.1935161488E+03    0.8645385388E+02   -0.5054518860E+02
          84    0.2141862524E+03    0.9534264948E+02   -0.1012301521E+03
          85    0.2177220589E+03   -0.9161761980E+02    0.3652629063E+04
          86    0.2286914763E+03   -0.1603110228E+03    0.4277700872E+03
          87    0.1757617726E+03    0.8111407658E+02   -0.7784426976E+02
          88    0.2183069318E+03    0.8601536134E+02   -0.5634851488E+02
          89    0.2059240231E+03   -0.9636922755E+02   -0.2271834084E+03
          90    0.2172308726E+03   -0.9155044839E+02    0.2484757378E+04
          91    0.2135307584E+03    0.8707265134E+02   -0.6362126578E+02
          92    0.1462929727E+03   -0.1227009392E+03    0.3678349360E+04
          93    0.1336100556E+03   -0.1203241423E+03    0.2682421141E+04
          94    0.2222102337E+03   -0.1217411323E+03    0.1123520947E+03
          95    0.1336365070E+03   -0.1203850750E+03    0.2537690937E+04
          96    0.2238083605E+03   -0.1922332449E+03    0.3472509636E+03
          97    0.1497279694E+03   -0.1060266656E+03    0.4665564845E+04
          98    0.1807480108E+03   -0.1663468989E+03    0.7382084826E+03
          99    0.1809877322E+03    0.7790698991E+02    0.3036369718E+04
         100    0.2155509958E+03    0.9327879545E+02   -0.5476080648E+02
