     Index              y_true              y_pred        descriptor_1        descriptor_2
         1    0.2551000000E+02    0.2590809038E+02   -0.1793968788E-02    0.1789824000E-01
         2    0.4460000000E+02    0.3696972851E+02   -0.8186693722E-01    0.5039538465E-01
         3    0.4537000000E+02    0.4324426989E+02   -0.3804032484E+00   -0.2157715560E-02
         4    0.2817000000E+02    0.2597810323E+02   -0.2881470519E-01    0.1066807692E-01
         5    0.2067000000E+02    0.2335638594E+02    0.2890289550E-01    0.1383045663E-01
         6    0.6029000000E+02    0.6152393942E+02   -0.4486214329E+00    0.6952292783E-01
         7    0.2720000000E+02    0.2665622837E+02   -0.6380786924E-01    0.4223112460E-02
         8    0.5100000000E+02    0.4826616900E+02   -0.2932652115E+00    0.4722874664E-01
         9    0.6660000000E+02    0.7131601721E+02   -0.8410344618E+00    0.8116983928E-02
        10    0.3615000000E+02    0.4820982640E+02   -0.4037066683E+00    0.1597545979E-01
        11    0.2622000000E+02    0.2945338893E+02   -0.5367948656E-01    0.2095977702E-01
        12    0.6383000000E+02    0.5515002385E+02   -0.4985160790E+00    0.2386464953E-01
        13    0.1850000000E+02    0.2053787684E+02    0.0000000000E+00   -0.8277590880E-02
        14    0.5774000000E+02    0.4500270642E+02   -0.3534834961E+00    0.1412777098E-01
        15    0.6524000000E+02    0.5965591153E+02   -0.4490222940E+00    0.6013023754E-01
        16    0.2078000000E+02    0.2423845466E+02    0.1001269683E-01    0.1291476094E-01
        17    0.6276000000E+02    0.5332042978E+02   -0.4636281201E+00    0.2455966938E-01
        18    0.1790000000E+02    0.2339232935E+02    0.4037304600E-01    0.1722583299E-01
        19    0.6511000000E+02    0.4856703031E+02   -0.4108148634E+00    0.1575653280E-01
        20    0.6900000000E+02    0.7208018361E+02   -0.8682670490E+00    0.4275927040E-02
        21    0.1464000000E+02    0.3940437236E+02   -0.2048034306E+00    0.2801295185E-01
        22    0.5060000000E+01    0.2026050630E+02   -0.3360041149E+00   -0.1038881302E+00
        23    0.2681000000E+02    0.1944871193E+02    0.2065386286E-01   -0.7896117850E-02
        24    0.3120000000E+02    0.2451021994E+02    0.2673664686E-01    0.1895512002E-01
        25    0.7737000000E+02    0.6486899330E+02   -0.1084173890E+01   -0.9210012000E-01
        26    0.2045000000E+02    0.2164372759E+02    0.0000000000E+00   -0.2783780000E-02
        27    0.5646000000E+02    0.5272414370E+02   -0.7889135698E+00   -0.6962916948E-01
        28    0.5090000000E+02    0.6451617955E+02   -0.6343507833E+00    0.3230030700E-01
        29    0.2680000000E+02    0.2744634119E+02   -0.9977535856E-01   -0.1938752970E-02
        30    0.8285000000E+02    0.1009628244E+03   -0.1206398753E+01    0.5293417278E-01
        31    0.4216000000E+02    0.3855646812E+02   -0.1325850074E+00    0.4405431083E-01
        32    0.1845000000E+02    0.1853266541E+02    0.8929662560E-01    0.6803917344E-02
        33    0.3187000000E+02    0.2241354721E+02    0.1750387120E-01    0.5949617388E-02
        34    0.6942000000E+02    0.7357946726E+02   -0.1146197554E+01   -0.6622150129E-01
        35    0.4263000000E+02    0.4113866727E+02   -0.3514962748E+00   -0.4511263548E-02
        36    0.2548000000E+02    0.2764752067E+02   -0.9642609413E-01    0.0000000000E+00
        37    0.5301000000E+02    0.5721370252E+02   -0.1180134336E+00    0.1408291200E+00
        38    0.3682000000E+02    0.3777262448E+02   -0.7676991534E+00   -0.1379579675E+00
        39    0.4307000000E+02    0.4588847547E+02   -0.4678088371E+00   -0.1353439048E-01
        40    0.7420000000E+02    0.6766187384E+02   -0.5462146799E+00    0.7264578649E-01
        41    0.9080000000E+02    0.6951997082E+02   -0.7280190015E+00    0.3088957646E-01
        42    0.1790000000E+02    0.3245190309E+02   -0.5230217651E-01    0.3624251200E-01
