        Rank        RMSE       MaxAE  Feature_ID
           1    4.615681   16.495419  (    2038   12379)
           2    4.652438   17.117786  (    2437   12379)
           3    4.686184   17.369758  (    2437   10108)
           4    4.713190   16.950974  (       1   10001)
           5    4.720242   16.635879  (    9520   17245)
           6    4.726013   16.569354  (    2038   10108)
           7    4.734770   17.412965  (      77   16671)
           8    4.735279   15.604907  (      20   12379)
           9    4.739558   17.065750  (       1   10002)
          10    4.739967   16.855139  (    8708   12379)
          11    4.744374   16.729166  (       1   10003)
          12    4.749200   16.457016  (    1097   12379)
          13    4.749607   16.703584  (    6570   17245)
          14    4.750252   16.134331  (       1   10008)
          15    4.757170   16.900268  (    8411   18165)
          16    4.757743   15.733521  (    3638   13081)
          17    4.759003   16.135395  (     413   16671)
          18    4.761747   16.041864  (       1   10010)
          19    4.762521   17.452908  (    3028   13081)
          20    4.765825   16.737793  (    5770   17245)
          21    4.766504   16.850519  (       1   10004)
          22    4.767418   18.745005  (     177   10108)
          23    4.767618   18.531967  (     366   12379)
          24    4.769260   15.153751  (       1   10005)
          25    4.770078   16.784012  (    5322   12379)
          26    4.770767   18.488412  (     268   12379)
          27    4.770948   18.493644  (     274   12379)
          28    4.771085   14.965149  (       1   10090)
          29    4.772356   16.764551  (    4080   12379)
          30    4.772551   18.693130  (    8411   12379)
          31    4.773731   17.108402  (    8708   10108)
          32    4.773909   18.528945  (     372   12379)
          33    4.774296   15.806532  (       1   10006)
          34    4.774439   14.347283  (       1   10011)
          35    4.775493   17.024052  (     311   17245)
          36    4.776454   16.805296  (    4108   12379)
          37    4.777325   15.783679  (       1   10007)
          38    4.777349   15.813928  (       1   10012)
          39    4.777991   15.078357  (       1   10009)
          40    4.781591   18.516410  (     347   12379)
          41    4.781916   14.335298  (       1   10013)
          42    4.781931   17.043739  (     450   17245)
          43    4.782017   17.688356  (    2312   10108)
          44    4.782208   16.753231  (    4860   12379)
          45    4.783199   17.797938  (       1   10030)
          46    4.783944   16.783282  (    2663   12379)
          47    4.786262   18.521333  (     324   12379)
          48    4.786865   17.314735  (    8863   13081)
          49    4.786875   14.937515  (       1   10184)
          50    4.787538   18.489106  (     177   12379)
          51    4.789603   16.916908  (     177   18165)
          52    4.789615   17.316317  (    6518   13081)
          53    4.791875   18.476751  (     321   12379)
          54    4.792194   18.509341  (     348   12379)
          55    4.792942   15.361717  (       1   10199)
          56    4.793049   14.775755  (       1   10014)
          57    4.793713   17.365867  (    2174   16671)
          58    4.793883   16.667590  (    8245   17245)
          59    4.794699   18.714373  (    7742   12379)
          60    4.795188   15.679951  (       1   10015)
          61    4.795613   17.478441  (      77   13081)
          62    4.796855   17.307180  (     311   14572)
          63    4.798099   14.364325  (       1   10054)
          64    4.798208   14.356436  (       1   10033)
          65    4.798951   18.551743  (     542   12379)
          66    4.799712   14.069676  (       1   10017)
          67    4.800115   18.596733  (     485   12379)
          68    4.800535   18.221791  (       1   10108)
          69    4.800638   16.722572  (    1552   12379)
          70    4.801442   17.332723  (     450   14572)
          71    4.802230   18.593659  (    1165   12379)
          72    4.802653   14.858980  (       1   10478)
          73    4.803010   18.759783  (     366   10108)
          74    4.803713   14.078506  (       1   10018)
          75    4.804588   18.648517  (    6331   10108)
          76    4.805273   15.400666  (       1   10035)
          77    4.805333   15.735534  (       1   10016)
          78    4.805609   17.329197  (    2660   16671)
          79    4.806280   17.529533  (    1775   13081)
          80    4.806505   18.668080  (    1070   12379)
          81    4.808634   18.751820  (    1788   10108)
          82    4.808821   18.625102  (     872   12379)
          83    4.809279   16.165865  (     413   13081)
          84    4.809422   17.333465  (    3041   16671)
          85    4.809863   18.576971  (     710   12379)
          86    4.809891   18.528007  (     476   12379)
          87    4.810258   17.291553  (    5400   13081)
          88    4.810534   14.753961  (       1   10096)
          89    4.810922   18.714714  (     274   10108)
          90    4.810947   18.709076  (     268   10108)
          91    4.811431   18.754348  (     372   10108)
          92    4.811472   13.861317  (       1   10958)
          93    4.811485   18.495895  (     115   12379)
          94    4.811941   17.021918  (    5322   10108)
          95    4.811967   16.486071  (    8411   10730)
          96    4.811971   18.138365  (       1   10136)
          97    4.812230   17.684962  (    2437   17245)
          98    4.812617   13.842711  (       1   12887)
          99    4.813093   18.616793  (       1   10306)
         100    4.813284   14.786307  (       1   10019)
