        Rank        RMSE       MaxAE  Feature_ID
           1   27.251766   62.104362  (    7349   11175)
           2   27.435581   62.782399  (    9277   11175)
           3   27.548260   79.347391  (    2962   11473)
           4   27.881251   72.002580  (    1421   11473)
           5   28.032031   67.641993  (      29   11175)
           6   28.180236   85.353002  (    6398   11473)
           7   28.271330   76.410014  (    2962   15308)
           8   28.372825   64.673955  (    1430   11981)
           9   28.572081   66.583856  (    1430   14775)
          10   28.677586   69.540161  (    2382   11175)
          11   28.792252   64.894487  (     706   10036)
          12   28.809668   64.770055  (     706   10033)
          13   28.832573   85.307914  (    4825   11473)
          14   28.866703   64.980617  (     736   10036)
          15   28.885244   64.856494  (     736   10033)
          16   28.893198   69.579604  (      29   10346)
          17   28.987641   76.205445  (      14   16934)
          18   29.028426   85.662592  (    9944   11473)
          19   29.050955   59.128805  (    2416   13000)
          20   29.113055   74.837497  (     431   11043)
          21   29.125788   67.985400  (    3371   11981)
          22   29.134327   59.406969  (     290   10468)
          23   29.148197   81.091950  (    4084   16078)
          24   29.197195   74.935615  (     421   11043)
          25   29.208223   68.369848  (       4   10155)
          26   29.208877   64.219912  (    2759   11981)
          27   29.216433   59.303439  (     299   10468)
          28   29.224218   70.003785  (    3371   14775)
          29   29.240400   70.027698  (      29   10516)
          30   29.244805   61.160508  (      50   11981)
          31   29.289185   78.838642  (    2962   18881)
          32   29.310456   80.615218  (      12   13795)
          33   29.319698   58.369941  (      29   10155)
          34   29.335135   70.737106  (      14   10005)
          35   29.342678   99.842686  (    2277   11136)
          36   29.354985   66.044674  (    1654   10155)
          37   29.359589   66.551385  (    1407   11981)
          38   29.368691   64.040407  (      17   10033)
          39   29.371463   73.234291  (    2453   11473)
          40   29.374043   89.543871  (    1417   15308)
          41   29.384691   79.643252  (    1421   15308)
          42   29.389322   73.848095  (     480   10723)
          43   29.448162   79.223933  (      13   13795)
          44   29.452672   78.394474  (      15   13795)
          45   29.455409   64.399580  (     448   11981)
          46   29.457006   66.107760  (    2759   14775)
          47   29.474299   75.919724  (    7298   11016)
          48   29.474726   65.186190  (      17   10036)
          49   29.479681   64.087291  (      29   12145)
          50   29.495728   84.956419  (    6398   15308)
          51   29.506534   81.635683  (    6872   11473)
          52   29.511058   72.476664  (     431   11667)
          53   29.532607   64.144178  (     448   14775)
          54   29.533667   64.853959  (      29   11759)
          55   29.533821   60.643738  (      17   10468)
          56   29.596339   72.578224  (     421   11667)
          57   29.601299   60.918453  (      50   14775)
          58   29.617864   65.476196  (       4   10005)
          59   29.619663   64.072359  (      29   11537)
          60   29.636546   64.510731  (      29   11023)
          61   29.653228   69.076177  (     290   10033)
          62   29.662518   73.069490  (     739   12087)
          63   29.677583   74.708780  (      99   10011)
          64   29.697199   73.575054  (     431   10051)
          65   29.705821   72.787709  (      29   14324)
          66   29.722931   83.709451  (    1866   16078)
          67   29.723530   74.455065  (    5253   11016)
          68   29.726901   78.557178  (    1654   11828)
          69   29.734007   76.793614  (     480   11433)
          70   29.735469   68.968462  (     299   10033)
          71   29.738967   76.891401  (      18   15904)
          72   29.745355   67.988344  (     290   10036)
          73   29.749749   73.695181  (     421   10051)
          74   29.757048   73.351356  (     431   19507)
          75   29.769063   64.764999  (      29   10713)
          76   29.770604   64.587363  (    2081   11981)
          77   29.772459   71.736093  (     220   11175)
          78   29.774450   71.546526  (      14   10008)
          79   29.781221   66.874175  (    1407   14775)
          80   29.786166   82.220561  (    8754   11473)
          81   29.823043   73.394207  (    3051   11473)
          82   29.824078   68.570733  (       4   10457)
          83   29.826395   67.879639  (     299   10036)
          84   29.833320   69.309848  (     189   10097)
          85   29.834626   68.603573  (       4   10462)
          86   29.842621   73.448478  (     421   19507)
          87   29.842790   69.617438  (      29   11007)
          88   29.843165   73.044969  (     421   18556)
          89   29.843348   67.437421  (    2838   11981)
          90   29.849216   66.548148  (       4   10010)
          91   29.855055   63.987293  (      29   10634)
          92   29.860488   72.048436  (     290   10333)
          93   29.867723   71.293892  (      14   10013)
          94   29.886171   71.860865  (      14   10010)
          95   29.898282   72.613272  (     156   10091)
          96   29.912314   66.243630  (    1654   10462)
          97   29.914357   66.521991  (    2081   14775)
          98   29.915784   66.177744  (    1654   10457)
          99   29.916992   72.813250  (     431   18556)
         100   29.921747   68.568655  (    4148   13964)
