     Index              y_true              y_pred        descriptor_1        descriptor_2
         1    0.2720000000E+03    0.2399298902E+03   -0.3525514000E+00    0.5968488000E-01
         2    0.1743000000E+03    0.1389740526E+03   -0.4860399900E+00    0.4402417500E+00
         3    0.4920000000E+03    0.4634406704E+03    0.5230141500E+00    0.4418000000E-04
         4    0.2680300000E+03    0.2977222614E+03    0.1842180000E-02    0.2170336500E+00
         5    0.9034100000E+02    0.1529206531E+03   -0.8259219600E+00   -0.9597520000E-01
         6    0.8950000000E+02    0.8864844426E+02   -0.7872440700E+00    0.3132131200E+00
         7    0.3990000000E+03    0.3893910712E+03    0.2266672300E+00    0.1134012000E-01
         8    0.2516000000E+03    0.2647591459E+03   -0.2720143200E+00    0.3048192000E-01
         9    0.4380000000E+03    0.4364523893E+03    0.4209216800E+00    0.1214458000E-01
        10    0.2490000000E+03    0.2550276757E+03   -0.4017068500E+00   -0.9051914000E-01
        11    0.4150000000E+03    0.3683267266E+03    0.1318591100E+00    0.3696000000E-03
        12    0.2634000000E+03    0.2661613030E+03   -0.2202223500E+00    0.9260000000E-01
        13    0.3387000000E+03    0.3758903172E+03    0.2198473300E+00    0.7712136000E-01
        14    0.2744000000E+03    0.2296506480E+03   -0.3889321000E+00    0.6767352000E-01
        15    0.3281500000E+03    0.2877322800E+03   -0.1562541600E+00    0.5913050000E-01
        16    0.3891500000E+03    0.3706176938E+03    0.1432560800E+00    0.3028040000E-02
        17    0.2530000000E+03    0.2608281779E+03   -0.7081434000E-01    0.3238842600E+00
        18    0.2396000000E+03    0.2602133676E+03   -0.3760996600E+00   -0.8475850000E-01
        19    0.2990000000E+03    0.2498618673E+03   -0.3345725600E+00    0.2878720000E-01
        20    0.3450000000E+03    0.3548534858E+03    0.9226816000E-01    0.2176544000E-01
        21    0.4711500000E+03    0.4372099505E+03    0.4384377000E+00    0.3157908000E-01
        22    0.3010000000E+03    0.3231619617E+03    0.7422960000E-02    0.8326819000E-01
        23    0.1693000000E+03    0.2062498951E+03   -0.3879279400E+00    0.1990021800E+00
        24    0.5132000000E+03    0.4894777522E+03    0.6340670000E+00    0.5321200000E-02
        25    0.3674300000E+03    0.3765007460E+03    0.1099487100E+00   -0.7460430000E-01
        26    0.2561000000E+03    0.2800069134E+03   -0.1689415700E+00    0.8491423000E-01
        27    0.4097000000E+03    0.4566794025E+03    0.4680157500E+00   -0.3663600000E-01
        28    0.3091000000E+03    0.3186218418E+03    0.1348100000E-01    0.1166619000E+00
        29    0.9070000000E+02    0.1055735575E+03   -0.9496502500E+00    0.0000000000E+00
        30    0.4780000000E+03    0.4658279284E+03    0.5324744900E+00   -0.4461600000E-03
        31    0.3260000000E+03    0.2907740326E+03   -0.1739340000E+00    0.1837260000E-01
        32    0.3945000000E+03    0.3770538523E+03    0.1827405400E+00    0.2057408000E-01
        33    0.1588000000E+03    0.1774800274E+03   -0.3964382900E+00    0.3473100000E+00
        34    0.2466500000E+03    0.2434150625E+03   -0.2695212300E+00    0.1523970300E+00
        35    0.3860000000E+03    0.3659709776E+03    0.1055937000E+00   -0.2199764000E-01
        36    0.2886400000E+03    0.2962543150E+03    0.1565342400E+00    0.4339819200E+00
        37    0.3334000000E+03    0.4234535644E+03    0.3623368400E+00    0.5268480000E-02
        38    0.2480000000E+03    0.2467668159E+03   -0.4272204500E+00   -0.7907325000E-01
        39    0.2561000000E+03    0.2321886364E+03   -0.5086346400E+00   -0.1079910600E+00
        40    0.2566500000E+03    0.2322975336E+03   -0.6460172100E+00   -0.2940274400E+00
        41    0.3632000000E+03    0.3989775121E+03    0.1035725600E+00   -0.2080517400E+00
        42    0.3275000000E+03    0.3249466000E+03   -0.4525779000E-01    0.2250270000E-02
