Model_ID, [(c_i,i=0,n)_j,j=1,ntask]
           1    0.2726405444E+03    0.1784460910E+03   -0.8692671926E+02
           2    0.1043098344E+03   -0.7544644251E+02    0.1777594480E+03
           3    0.2138595325E+03    0.8314596292E+02   -0.1809831774E+03
           4    0.8901610167E+02    0.2025760533E+03   -0.7225703031E+02
           5    0.1276867863E+03   -0.9101922991E+02    0.1995439769E+03
           6    0.1012723658E+03   -0.6883470370E+02    0.1821946076E+03
           7    0.1630553616E+03   -0.1341659737E+03   -0.1630906020E+03
           8    0.1569514149E+03   -0.1210907644E+03    0.2582207123E+03
           9    0.1257366293E+03   -0.9177709367E+02    0.1987295389E+03
          10    0.2315594007E+03    0.9945986559E+02    0.1894370601E+04
          11    0.1548605063E+03   -0.1227453059E+03    0.3324010525E+03
          12    0.1559351166E+03   -0.1178008662E+03    0.3242012641E+03
          13    0.1575613562E+03   -0.1217535547E+03    0.1725360534E+03
          14    0.2332876160E+03    0.1000332128E+03    0.1793814405E+04
          15    0.1562933237E+03   -0.1196300866E+03    0.2884902715E+03
          16    0.1132382037E+03   -0.7109293238E+02    0.1968470351E+03
          17    0.1638212658E+03   -0.1334817306E+03    0.1613722257E+03
          18    0.1638203480E+03   -0.1334749564E+03    0.1611761998E+03
          19    0.1582665154E+03   -0.1249396846E+03    0.2667784536E+03
          20    0.1570356735E+03    0.1195109377E+03    0.2603863508E+03
          21    0.2315299387E+03    0.9880760171E+02   -0.1916999501E+04
          22    0.1161019091E+03   -0.7588278917E+02    0.1985155066E+03
          23    0.1573845297E+03   -0.1331854004E+03    0.5098316846E+03
          24    0.1570361942E+03   -0.1300982093E+03    0.2479748109E+03
          25    0.1545481268E+03   -0.1348868077E+03    0.5091722184E+03
          26    0.1589272512E+03   -0.1327477383E+03    0.5131512018E+03
          27    0.1566984236E+03   -0.1221767725E+03    0.2342515354E+03
          28    0.2337977952E+03    0.1000788102E+03    0.1753827817E+04
          29    0.2154011317E+03    0.8235108266E+02   -0.1797474591E+03
          30    0.1580651480E+03   -0.1281447547E+03   -0.1887360081E+03
          31    0.1557397685E+03   -0.1334377539E+03   -0.5001596829E+03
          32    0.1562969670E+03   -0.1223212852E+03   -0.2378823680E+03
          33    0.1598451382E+03   -0.1275396292E+03    0.3404807563E+03
          34    0.1575683858E+03   -0.1215392009E+03   -0.2379580973E+03
          35    0.1548676573E+03   -0.1222653300E+03    0.5347093858E+03
          36    0.1172112480E+03   -0.7506084269E+02    0.1936126032E+03
          37    0.1583454261E+03   -0.1257443737E+03   -0.1849338534E+03
          38    0.1495100709E+03   -0.1356319527E+03   -0.9822299529E+02
          39    0.1583752598E+03   -0.1241151506E+03    0.2774794706E+03
          40    0.2726510246E+03    0.1293239450E+03   -0.1471442421E+03
          41    0.1574013905E+03   -0.1305805199E+03   -0.2115563990E+03
          42    0.1591011387E+03   -0.1202461100E+03   -0.2340927091E+03
          43    0.1306815628E+03   -0.9294929647E+02    0.1971255084E+03
          44    0.1572948607E+03   -0.1329095923E+03   -0.4992839993E+03
          45    0.1571427964E+03   -0.1216999174E+03   -0.2378201860E+03
          46    0.1511551163E+03   -0.1384949548E+03   -0.1976397681E+03
          47    0.2321721809E+03    0.9886494278E+02   -0.1864623338E+04
          48    0.1591308823E+03   -0.1318390721E+03   -0.6861666175E+03
          49    0.1574100297E+03   -0.1209975013E+03    0.1787626725E+03
          50    0.1556234081E+03   -0.1225154349E+03   -0.2331048491E+03
          51    0.1572319017E+03   -0.1218441150E+03   -0.6416915769E+03
          52    0.1607418504E+03   -0.1314309152E+03   -0.5142388632E+03
          53    0.1580994017E+03   -0.1331740757E+03    0.5139443039E+03
          54    0.1569310574E+03   -0.1228317768E+03   -0.2450382573E+03
          55    0.1574889670E+03   -0.1235607024E+03   -0.2013261347E+03
          56    0.1592116188E+03   -0.1318094769E+03   -0.5078036636E+03
          57    0.1569796409E+03   -0.1218505806E+03   -0.2370225307E+03
          58    0.2346165006E+03    0.1001322495E+03    0.1008856907E+04
          59    0.1569594597E+03   -0.1218628720E+03   -0.2369480346E+03
          60    0.1578701843E+03   -0.1251311646E+03    0.2868921648E+03
          61    0.1558640667E+03   -0.1098534575E+03   -0.2356354819E+03
          62    0.1522018754E+03   -0.1362944264E+03   -0.2099930202E+03
          63    0.1586763752E+03   -0.1320102922E+03   -0.5497272801E+03
          64    0.1560122207E+03   -0.1217137230E+03   -0.2489709961E+03
          65    0.1569397886E+03   -0.1218750610E+03   -0.2368561938E+03
          66    0.1581876558E+03   -0.1290608892E+03    0.2445438154E+03
          67    0.1619646163E+03   -0.1326457613E+03    0.1380733608E+03
          68    0.1565812606E+03   -0.1219533065E+03   -0.2353391591E+03
          69    0.1487011187E+03   -0.1144015031E+03   -0.9001005700E+02
          70    0.1610466754E+03   -0.1202626766E+03   -0.1985708475E+03
          71    0.1585817185E+03   -0.1259744163E+03    0.3042047789E+03
          72    0.2345009553E+03    0.9951091903E+02    0.1018466894E+04
          73    0.2337200595E+03    0.9985290710E+02    0.1022694025E+04
          74    0.1592000260E+03   -0.1300530579E+03   -0.1732612706E+03
          75    0.2344789724E+03    0.9954051019E+02    0.1018634255E+04
          76    0.1600682136E+03   -0.1318564660E+03   -0.6980470088E+03
          77    0.1557805458E+03   -0.1218949493E+03   -0.2539880421E+03
          78    0.2441444548E+03    0.1614888100E+03   -0.9042526258E+02
          79    0.2720973607E+03    0.1282934041E+03   -0.1499812995E+03
          80    0.1588652296E+03   -0.1325637612E+03   -0.7020866145E+03
          81    0.1588573028E+03   -0.1327032599E+03   -0.7028009445E+03
          82    0.2156313385E+03    0.1528363753E+03   -0.1525742124E+03
          83    0.1526565027E+03   -0.1149769925E+03   -0.8227714528E+02
          84    0.1573412795E+03   -0.1208950436E+03   -0.2491145669E+03
          85    0.1578773464E+03   -0.1302051316E+03    0.2101692565E+03
          86    0.1577576012E+03   -0.1334946650E+03    0.5146808277E+03
          87    0.1576898893E+03   -0.1335259386E+03    0.5146229910E+03
          88    0.1576166678E+03   -0.1226494165E+03    0.2070005468E+03
          89    0.1588546110E+03   -0.1326430197E+03   -0.5227921299E+03
          90    0.1585552137E+03   -0.1264617990E+03   -0.1957963415E+03
          91    0.1584818591E+03   -0.1209135883E+03   -0.2348568130E+03
          92    0.1588146918E+03   -0.1321406444E+03   -0.5078199835E+03
          93    0.1613444963E+03   -0.1321422828E+03    0.1764556616E+03
          94    0.2656624208E+03    0.1467965484E+03   -0.9061891087E+02
          95    0.1592545913E+03   -0.1320954713E+03   -0.6934931285E+03
          96    0.1576469631E+03   -0.1335417482E+03    0.5141567225E+03
          97    0.1581544239E+03   -0.1211653805E+03   -0.2349014537E+03
          98    0.1567850389E+03   -0.1220230635E+03   -0.2358244137E+03
          99    0.1537179467E+03   -0.1177555778E+03    0.2298212092E+03
         100    0.1602993438E+03   -0.1317682807E+03   -0.5130844501E+03
