Model_ID, [(c_i,i=0,n)_j,j=1,ntask]
           1    0.4330596597E+02    0.4506477547E+02    0.3008060047E+03
           2    0.4302229810E+02    0.4562639854E+02    0.3017771137E+03
           3    0.4271362562E+02    0.4635797469E+02    0.3229136470E+03
           4    0.4239656237E+02    0.4693874344E+02    0.3233841020E+03
           5    0.3740219163E+02    0.3592917897E+02    0.2798132096E+03
           6    0.4278995298E+02    0.4593326234E+02    0.3182926995E+03
           7    0.4308926970E+02    0.4531331275E+02    0.3165807485E+03
           8    0.4213081532E+02   -0.4702273740E+02    0.3163213351E+03
           9    0.4217462455E+02   -0.4684311904E+02    0.3105532492E+03
          10    0.4231161752E+02    0.4666892595E+02    0.3087182329E+03
          11    0.4210233997E+02    0.4680917629E+02    0.3083078974E+03
          12    0.3723037260E+02    0.3609123922E+02    0.2864481345E+03
          13    0.4222847911E+02   -0.4662656240E+02    0.3080424757E+03
          14    0.4223506103E+02    0.4660384445E+02    0.3082918904E+03
          15    0.5073013879E+02    0.4746252744E+02    0.4201978630E+03
          16    0.4224028100E+02    0.4657673721E+02    0.3074990655E+03
          17    0.4242248069E+02    0.4615525482E+02    0.3017764346E+03
          18    0.4224558049E+02    0.4654869569E+02    0.3067049719E+03
          19    0.2121903629E+02    0.2549545182E+02   -0.4829170068E+03
          20    0.4250702895E+02    0.4618332466E+02    0.3051247745E+03
          21    0.5103348613E+02   -0.4637058974E+02    0.4141571020E+03
          22    0.4286437776E+02    0.4563434698E+02    0.3010912829E+03
          23    0.3718461160E+02    0.3606636965E+02    0.2850968375E+03
          24    0.5101267070E+02   -0.4632462868E+02    0.4185898884E+03
          25    0.4111100794E+02    0.2886717732E+02    0.4278801251E+03
          26    0.3715760355E+02    0.3606243196E+02    0.2864096793E+03
          27    0.4114835807E+02    0.2751300199E+02    0.4113564570E+03
          28    0.5079544252E+02   -0.4678871409E+02    0.4155464050E+03
          29    0.2083062156E+02    0.2018561572E+02   -0.4898902091E+03
          30    0.4443691432E+02    0.4248106877E+02    0.2796366778E+03
          31    0.5266616062E+02    0.2813290027E+02    0.2988724046E+03
          32    0.4375920485E+02    0.4323417089E+02    0.2810628542E+03
          33    0.5050581169E+02   -0.4703004879E+02    0.4121610365E+03
          34    0.4771793823E+02    0.4308388209E+02    0.3076219595E+03
          35    0.5143665156E+02    0.4533389536E+02    0.4180595550E+03
          36    0.4178205053E+02   -0.4730443128E+02    0.3100989070E+03
          37    0.4181636679E+02   -0.2680615419E+02    0.4163400906E+03
          38    0.5065392911E+02   -0.4696669389E+02    0.4138411168E+03
          39    0.4454378142E+02   -0.4235468897E+02    0.2822597754E+03
          40    0.3387445303E+02    0.1879746780E+02    0.2857131248E+03
          41    0.4183040856E+02   -0.4711627456E+02    0.3041719193E+03
          42    0.4349058220E+02    0.4370242384E+02    0.2805445280E+03
          43    0.4458820356E+02    0.4220279448E+02    0.2797652626E+03
          44    0.4196888865E+02    0.4693321574E+02    0.3021575969E+03
          45    0.4439930782E+02    0.4257038695E+02    0.2812616985E+03
          46    0.4175976839E+02    0.4708337208E+02    0.3019531890E+03
          47    0.3307913569E+02    0.3138037505E+02    0.3069943598E+03
          48    0.4417175761E+02    0.4291390297E+02    0.2784158198E+03
          49    0.4247894788E+02    0.4642590558E+02    0.8796467636E+03
          50    0.4188612993E+02   -0.4689358269E+02    0.3015426645E+03
          51    0.4462963474E+02    0.4203762809E+02    0.2774526643E+03
          52    0.4189250288E+02    0.4687054873E+02    0.3017868405E+03
          53    0.4511526435E+02    0.4118277288E+02    0.2795469129E+03
          54    0.4701919330E+02   -0.4165980707E+02    0.7047755597E+03
          55    0.3424814585E+02    0.2718313567E+02    0.2940975293E+03
          56    0.4189832971E+02    0.4684242584E+02    0.3009732109E+03
          57    0.4342321986E+02   -0.3136883688E+02    0.2766575762E+03
          58    0.4427515370E+02   -0.4277950164E+02    0.2807773901E+03
          59    0.3893654885E+02   -0.3350127939E+02    0.2622644966E+03
          60    0.3929805058E+02    0.2096843493E+02    0.2693672434E+03
          61    0.4208490224E+02    0.4640479647E+02    0.2949366616E+03
          62    0.5110455866E+02    0.4568022779E+02    0.3779759075E+03
          63    0.4190423539E+02    0.4681336456E+02    0.3001581434E+03
          64    0.4731978816E+02    0.4361877786E+02    0.3077744956E+03
          65    0.3421950470E+02    0.2720228229E+02    0.2953327034E+03
          66    0.3863102276E+02   -0.3899946794E+02    0.2613986499E+03
          67    0.4417830728E+02   -0.4304413422E+02    0.2937361586E+03
          68    0.4910999988E+02   -0.4197875741E+02    0.1289976013E+03
          69    0.5244982302E+02    0.2839644327E+02    0.2963249688E+03
          70    0.5141473957E+02   -0.4470694434E+02    0.3801476937E+03
          71    0.5141551426E+02   -0.4472581504E+02    0.3748707829E+03
          72    0.3308088136E+02   -0.2848543174E+02   -0.1815707654E+03
          73    0.5059237612E+02    0.4702414325E+02    0.4118612275E+03
          74    0.4481930498E+02    0.4162185379E+02    0.2779196924E+03
          75    0.4432131442E+02    0.4261899952E+02    0.2781395900E+03
          76    0.5094349477E+02   -0.4548800371E+02    0.3767261112E+03
          77    0.4216686870E+02    0.4643244548E+02    0.2982633085E+03
          78    0.5203913977E+02    0.4349469570E+02    0.4242227229E+03
          79    0.5164031860E+02   -0.4428086190E+02    0.4194398676E+03
          80    0.3348413413E+02    0.2775881514E+02    0.2964892573E+03
          81    0.3890421024E+02   -0.3352877150E+02    0.2630987060E+03
          82    0.5073321245E+02   -0.4669025373E+02    0.4131475179E+03
          83    0.4456769508E+02    0.4215453447E+02    0.2808674244E+03
          84    0.3386918310E+02    0.3059601016E+02    0.3035037029E+03
          85    0.4927056120E+02   -0.4162074165E+02    0.1242826698E+03
          86    0.3841056400E+02   -0.2730003480E+02    0.3965013105E+03
          87    0.3385985680E+02    0.2748794553E+02    0.2936149126E+03
          88    0.4613260878E+02   -0.4824858610E+02    0.1176034631E+03
          89    0.4744083322E+02    0.4346674531E+02    0.3044288901E+03
          90    0.5092525471E+02    0.4307273251E+02    0.2903205402E+03
          91    0.5134271114E+02    0.4512313896E+02    0.4242518174E+03
          92    0.4943332056E+02    0.3921046622E+02    0.2721188611E+03
          93    0.4293065956E+02    0.4463158413E+02    0.2895502582E+03
          94    0.4653379720E+02   -0.4399782554E+02    0.1393028116E+03
          95    0.4317767284E+02    0.4436970404E+02    0.2629780499E+03
          96    0.3266661945E+02    0.3170460613E+02    0.3053107671E+03
          97    0.3794654457E+02    0.2200259531E+02    0.2801509834E+03
          98    0.3383533210E+02    0.3062347036E+02    0.3049123857E+03
          99    0.4456684266E+02    0.4207945314E+02    0.2776207606E+03
         100    0.3382915686E+02    0.2750979017E+02    0.2949111090E+03
