        Rank        RMSE       MaxAE  Feature_ID
           1   29.735057   78.321799  (       1   10001)
           2   30.032257   82.692219  (       1   10004)
           3   30.235821   87.092070  (     828   12299)
           4   30.491808   81.490844  (       1   10013)
           5   30.519404   82.785951  (       1   10003)
           6   30.535646   78.359256  (     242   19812)
           7   30.663214   89.168244  (    1929   17324)
           8   30.738249   87.942722  (    4298   10001)
           9   30.868126   77.839811  (     280   19812)
          10   31.036752   79.650460  (    1948   16967)
          11   31.103986   76.661061  (     242   19309)
          12   31.104074   90.829090  (    8087   17324)
          13   31.164547   84.680557  (    1948   17835)
          14   31.178556   87.877879  (    1307   17636)
          15   31.217619   85.279351  (    1300   12299)
          16   31.236139   87.890553  (     970   17636)
          17   31.237231   76.737964  (       1   10030)
          18   31.290909   94.684544  (    3026   17324)
          19   31.308157   88.614252  (     828   10024)
          20   31.310918   81.893649  (    1948   19262)
          21   31.338701   97.215567  (    5559   17324)
          22   31.376585   90.329788  (     828   10025)
          23   31.402523   74.626000  (     542   19812)
          24   31.403413   76.150172  (     280   19309)
          25   31.489681   75.824976  (     316   19812)
          26   31.506312   90.571974  (    4265   17324)
          27   31.533050   85.585853  (    1307   19404)
          28   31.547375   88.420414  (     970   12299)
          29   31.555202   87.923201  (    1307   14335)
          30   31.573122   99.818551  (    9496   12299)
          31   31.634120   87.924883  (     970   14335)
          32   31.635799   85.617251  (     970   19404)
          33   31.639136   90.046699  (    2569   17324)
          34   31.641799   75.547756  (       1   10002)
          35   31.652037   70.981358  (     542   19309)
          36   31.652916   82.239499  (    1948   17636)
          37   31.679762   84.395051  (     130   10004)
          38   31.699244   88.166803  (     828   11117)
          39   31.724592   95.482195  (    5559   12299)
          40   31.770097  113.487716  (    2040   12339)
          41   31.788835   91.294028  (     828   11659)
          42   31.810365   87.981852  (    2999   16529)
          43   31.818488   89.609975  (    3164   10001)
          44   31.819233   90.481209  (    7181   10001)
          45   31.825413   88.998428  (    1300   10025)
          46   31.832968   80.095996  (    1948   19404)
          47   31.838246   87.121567  (    9496   10001)
          48   31.856929   89.621049  (    3173   10001)
          49   31.859039   74.172487  (     316   19309)
          50   31.877140   87.808848  (    2915   16529)
          51   31.878844   89.614289  (     828   10044)
          52   31.886250  105.877191  (    6196   10029)
          53   31.893296   88.371391  (       1   10009)
          54   31.928620   85.542487  (     828   17636)
          55   31.951871   80.450821  (    2999   12742)
          56   31.960304   88.465181  (    1307   12299)
          57   31.985634   89.418508  (     970   17835)
          58   31.986201   87.955394  (     828   10127)
          59   31.987202   92.450676  (     961   10025)
          60   31.988271   89.409764  (    1948   17374)
          61   31.992605   82.328458  (    1948   14335)
          62   32.022738   86.084390  (     970   19262)
          63   32.027202   79.591529  (       1   10110)
          64   32.032884   87.798967  (     828   10105)
          65   32.051213   83.463151  (    4298   10012)
          66   32.054999   92.145595  (     961   10044)
          67   32.067133   80.423697  (     130   10001)
          68   32.075130   97.819073  (    5559   10024)
          69   32.075960   99.512767  (    5559   10044)
          70   32.086812   83.191903  (     130   10013)
          71   32.092297   80.676660  (    2915   12742)
          72   32.092460   88.102459  (       1   10006)
          73   32.094984  114.199867  (    5439   12339)
          74   32.101806   88.046086  (     828   10118)
          75   32.104779   81.298378  (    1948   18657)
          76   32.105710   88.498724  (     451   10001)
          77   32.124820   90.439279  (       1   10038)
          78   32.131777   92.249728  (       1   10010)
          79   32.137692  105.947390  (    4210   17324)
          80   32.141662  129.796047  (    2213   12299)
          81   32.146737   90.375840  (     970   16851)
          82   32.147072   90.378390  (    1307   16851)
          83   32.150063   83.424313  (     828   19404)
          84   32.174012   88.434514  (       1   10008)
          85   32.183070   78.740545  (       1   10312)
          86   32.185297   88.274714  (     828   10138)
          87   32.193899   98.761722  (    5559   15093)
          88   32.213950   85.751461  (     706    5287)
          89   32.226173   83.166288  (    1307   16967)
          90   32.228982   92.212798  (     828   19847)
          91   32.236802   78.840253  (       1   10365)
          92   32.237281   85.683187  (     706    4483)
          93   32.259103   88.296487  (       1   10014)
          94   32.264695  113.186305  (    2210   12339)
          95   32.296734   99.194139  (    7296   10001)
          96   32.308561   85.589418  (     828   14335)
          97   32.309168   87.466112  (      83   10001)
          98   32.313022   89.240419  (    1307   17835)
          99   32.313247   88.014873  (     828   10122)
         100   32.314630   89.136571  (    2856   17324)
