        Rank        RMSE       MaxAE  Feature_ID
           1   23.101694   56.648839  (      15   10376)
           2   23.105834   58.879017  (      15   10553)
           3   23.192076   57.505854  (      15   10425)
           4   23.498485   59.749826  (       1   10002)
           5   23.599189   58.633895  (       1   10001)
           6   23.685252   58.116071  (     213    1489)
           7   23.861589   59.405978  (       1   10003)
           8   24.158770   59.680079  (       1   10271)
           9   24.206333   60.461082  (       1   10376)
          10   24.264777   61.148364  (       1   10425)
          11   24.279260   59.224422  (       1   10362)
          12   24.298886   71.445776  (       1   10004)
          13   24.371522   69.777720  (       1   10021)
          14   24.399855   58.083601  (       1   10017)
          15   24.423239   62.401892  (       1   10553)
          16   24.438964   64.680466  (     179   10069)
          17   24.480514   70.512864  (       1   10005)
          18   24.507084   64.530294  (     179   10606)
          19   24.520823   64.509042  (     179   10659)
          20   24.551680   60.393995  (       1   10585)
          21   24.559725   75.204944  (       1   10020)
          22   24.571798   64.224524  (       1   10006)
          23   24.664669   65.738048  (       1   10957)
          24   24.678935   56.761690  (       1   10036)
          25   24.679341   56.779788  (       1   10035)
          26   24.698776   58.339680  (    1278    1489)
          27   24.754685   57.730901  (     363   12613)
          28   24.757433   57.416595  (       1   10039)
          29   24.764342   57.103748  (    1682   12728)
          30   24.784238   71.829980  (       1   10007)
          31   24.794107   72.466847  (       1   10057)
          32   24.800073   52.110608  (     291   10553)
          33   24.806494   56.066032  (       1   10079)
          34   24.813183   57.816820  (      63   11369)
          35   24.824043   64.586320  (     179   10532)
          36   24.856269   51.923812  (     291   10425)
          37   24.877100   64.144083  (       1   11305)
          38   24.882286   60.732374  (       1   10014)
          39   24.892036   63.562637  (       1   10012)
          40   24.907403   69.106880  (     179   12426)
          41   24.945752   78.912567  (       1   10095)
          42   24.959705   60.914487  (    1682   11630)
          43   24.963799   52.300259  (     291   10376)
          44   24.965671   59.691979  (       1   10332)
          45   24.973150   63.965360  (       1   10301)
          46   24.976763   64.186175  (       1   10008)
          47   24.982033   74.808871  (       1   10192)
          48   24.993673   63.948231  (       1   10018)
          49   25.015584   74.094852  (       1   10009)
          50   25.021498   64.339630  (     179   12544)
          51   25.029337   74.906282  (       1   10011)
          52   25.032520   65.955629  (      15   14244)
          53   25.075836   64.810467  (       1   10832)
          54   25.078449   59.207393  (     179   15407)
          55   25.091506   69.325728  (       1   10010)
          56   25.104429   58.258754  (       1   10015)
          57   25.119208   59.564799  (       1   10153)
          58   25.130061   63.237186  (    1682   16927)
          59   25.136985   61.116878  (       1   10827)
          60   25.137806   65.626531  (    1022   12426)
          61   25.140069   58.682721  (       1   10121)
          62   25.141933   74.018080  (      15   19336)
          63   25.158341   61.490392  (    1682   12243)
          64   25.169380   59.139825  (       1   10076)
          65   25.205004   54.460304  (    3821    5786)
          66   25.209278   59.390022  (       1   10103)
          67   25.211980   78.864073  (       1   10013)
          68   25.213076   59.373812  (       1   10106)
          69   25.215645   59.503611  (     179   14796)
          70   25.230952   59.092544  (       1   10022)
          71   25.250009   71.325739  (      63   19001)
          72   25.254900   65.492079  (      15   14389)
          73   25.256543   59.279322  (       1   10091)
          74   25.258194   58.824596  (       1   10033)
          75   25.273232   60.191481  (       1   10694)
          76   25.273790   53.668213  (     215    1489)
          77   25.274444   77.778522  (       1   10016)
          78   25.286354   61.808372  (    1682   12655)
          79   25.288369   64.305569  (     179   12841)
          80   25.288696   72.959907  (       1   10025)
          81   25.295321   59.087195  (       1   10228)
          82   25.301097   59.111504  (       1   10226)
          83   25.306076   59.103077  (       1   10237)
          84   25.306303   72.921342  (       1   16507)
          85   25.308299   59.101186  (       1   10240)
          86   25.310566   60.975971  (    1682   11507)
          87   25.311171   59.099885  (       1   10244)
          88   25.316853   57.160799  (       1   10023)
          89   25.317663   63.416272  (       1   10026)
          90   25.317715   57.556645  (       1   10024)
          91   25.318251   53.697119  (     748    8341)
          92   25.318475   59.093572  (       1   10252)
          93   25.321000   56.521028  (       1   10478)
          94   25.321329   59.115226  (       1   10247)
          95   25.329091   64.513719  (       1   10027)
          96   25.331090   58.680450  (     514   12613)
          97   25.332433   79.955471  (       1   10019)
          98   25.340839   65.431225  (      15   15119)
          99   25.342689   80.219453  (       1   10196)
         100   25.348433   61.072751  (    1682   13352)
