Model_ID, [(c_i,i=0,n)_j,j=1,ntask]
           1    0.2832548530E+03   -0.2319764539E+03    0.2325942746E+03
           2    0.3443811940E+03   -0.3038329074E+03    0.2438764302E+03
           3    0.3519222616E+03    0.1032478099E+03   -0.2450036141E+03
           4    0.3249484827E+03   -0.1067599609E+03    0.1186222445E+03
           5    0.3344797935E+03    0.9639697944E+02   -0.2273916257E+03
           6    0.3251457151E+03   -0.1046732976E+03    0.1235623593E+03
           7    0.3387561523E+03   -0.2965792445E+03    0.2363778529E+03
           8    0.2242500620E+03    0.1056340021E+03    0.1750983238E+03
           9    0.2597083194E+03    0.1179410041E+03   -0.1594403251E+03
          10    0.2837881175E+03   -0.2309799463E+03    0.2400874631E+03
          11    0.3448578187E+03   -0.1533886466E+03    0.2404569214E+03
          12    0.3446987068E+03    0.1531672576E+03    0.2411527520E+03
          13    0.3441196781E+03   -0.3033555690E+03    0.2408338176E+03
          14    0.3595355552E+03    0.8235620703E+02   -0.1177880100E+03
          15    0.3209285411E+03    0.1048325082E+03    0.1119640246E+03
          16    0.2307111403E+03    0.1073496781E+03    0.2022297982E+03
          17    0.3437807718E+03   -0.3039369925E+03    0.2412751356E+03
          18    0.2917458518E+03   -0.2273056558E+03   -0.4495882908E+03
          19    0.3433219650E+03   -0.1519276985E+03    0.2410003859E+03
          20    0.3009442096E+03   -0.1281371123E+03    0.4267776116E+03
          21    0.2273445987E+03    0.1088347622E+03   -0.1640972010E+03
          22    0.3385256840E+03   -0.2961855602E+03    0.2333947301E+03
          23    0.2581174135E+03    0.1148864792E+03    0.1800522628E+03
          24    0.3525224602E+03    0.1029495783E+03   -0.3359645271E+03
          25    0.2822852591E+03   -0.2297259082E+03    0.2274330931E+03
          26    0.3350978392E+03    0.9618131154E+02   -0.3127700810E+03
          27    0.3423848768E+03    0.1513077247E+03    0.2372211249E+03
          28    0.2582852352E+03    0.1157495923E+03    0.1796727238E+03
          29    0.3459296678E+03    0.9838106399E+02    0.2481944208E+03
          30    0.2814850080E+03    0.2294763076E+03    0.2192931575E+03
          31    0.2581421914E+03    0.1155349453E+03    0.1789502961E+03
          32    0.3441927770E+03   -0.1527689552E+03    0.2383923390E+03
          33    0.3383778816E+03    0.9581138602E+02   -0.2330973614E+03
          34    0.2531188587E+03    0.1070595463E+03    0.2332040317E+03
          35    0.3449752647E+03    0.1534779769E+03    0.2386225776E+03
          36    0.3007114089E+03   -0.1278810540E+03    0.4235468316E+03
          37    0.2824886333E+03    0.2295965243E+03    0.2298048437E+03
          38    0.2578350486E+03    0.1152221157E+03    0.1774402528E+03
          39    0.3565106724E+03    0.8014833234E+02   -0.1232437983E+03
          40    0.3211665734E+03    0.1029022394E+03    0.1163854726E+03
          41    0.2825250453E+03    0.2295633728E+03    0.2302451779E+03
          42    0.3415409834E+03   -0.3015003401E+03    0.2378733526E+03
          43    0.2812957088E+03    0.2292722558E+03    0.2175955921E+03
          44    0.2589460243E+03    0.1140262491E+03    0.1745066020E+03
          45    0.3415972311E+03   -0.3020537526E+03    0.2389992325E+03
          46    0.3324685340E+03   -0.1497078352E+03    0.2257131082E+03
          47    0.2280226062E+03    0.1065827723E+03   -0.1612677415E+03
          48    0.3440000852E+03    0.1526035028E+03    0.2374319278E+03
          49    0.2589664275E+03    0.1176219692E+03   -0.1542552655E+03
          50    0.2578905376E+03    0.1151833643E+03    0.1770807459E+03
          51    0.3297407786E+03    0.9220663631E+02    0.2302984071E+03
          52    0.3016475263E+03   -0.1305525769E+03    0.4198556753E+03
          53    0.2555671062E+03    0.1122828781E+03   -0.5370225643E+03
          54    0.3459701420E+03    0.9974988336E+02    0.3581813869E+03
          55    0.2579958440E+03    0.1152841829E+03    0.1772267527E+03
          56    0.2575654017E+03    0.1114569550E+03    0.2345708577E+03
          57    0.3436345300E+03    0.1530003594E+03    0.2369481567E+03
          58    0.2576019093E+03    0.1160195382E+03    0.1767473771E+03
          59    0.2564973669E+03    0.1115344594E+03   -0.3628975446E+03
          60    0.3415001544E+03   -0.2975211807E+03    0.2377432973E+03
          61    0.3402192572E+03    0.9942864011E+02   -0.2169594477E+03
          62    0.2625897551E+03    0.1295960553E+03   -0.1431948816E+03
          63    0.3653430985E+03   -0.1807326963E+03   -0.2511352272E+03
          64    0.2580930360E+03    0.1153701121E+03    0.1771460073E+03
          65    0.3434093997E+03    0.1509834376E+03    0.2343866987E+03
          66    0.3369124897E+03    0.2938908249E+03    0.2269123194E+03
          67    0.3483138244E+03    0.1019666303E+03   -0.2355698278E+03
          68    0.3426669545E+03    0.3014211998E+03    0.2361901102E+03
          69    0.3440464763E+03   -0.1526211679E+03    0.2368860542E+03
          70    0.2543449117E+03    0.1132326687E+03    0.3570848186E+03
          71    0.3408911486E+03   -0.3073793565E+03    0.2330028830E+03
          72    0.3331736450E+03    0.1498106183E+03    0.2314042143E+03
          73    0.2574000950E+03    0.1155704406E+03   -0.1745582510E+03
          74    0.2551590108E+03    0.1156788476E+03    0.1511658947E+03
          75    0.3330572084E+03   -0.1497764174E+03    0.2303681646E+03
          76    0.2583038062E+03    0.1144025812E+03    0.1753947626E+03
          77    0.3424736460E+03    0.3007044768E+03    0.2344692015E+03
          78    0.2546444182E+03    0.1135417112E+03   -0.2386993541E+03
          79    0.3251074518E+03    0.1047355388E+03   -0.1132548614E+03
          80    0.3391570035E+03   -0.2964188998E+03    0.2329310855E+03
          81    0.2535324915E+03    0.1118757929E+03   -0.1346348799E+03
          82    0.3022607360E+03   -0.1302167453E+03    0.4270459398E+03
          83    0.3382540586E+03    0.3021944182E+03    0.2315428974E+03
          84    0.3369911766E+03    0.2938913952E+03    0.2280616315E+03
          85    0.3424424085E+03    0.3006465608E+03    0.2351611955E+03
          86    0.3425938205E+03    0.3008639310E+03    0.2346568882E+03
          87    0.3481313499E+03   -0.3092475331E+03    0.2625566495E+03
          88    0.3427391872E+03    0.3010587878E+03    0.2341608046E+03
          89    0.2581328918E+03    0.1153041617E+03    0.1763806337E+03
          90    0.3371781523E+03    0.2941827826E+03    0.2272638620E+03
          91    0.2578459957E+03    0.1150266668E+03   -0.1753587070E+03
          92    0.3427116698E+03   -0.3010146151E+03    0.2348482603E+03
          93    0.2549765672E+03    0.1130138144E+03    0.3637043123E+03
          94    0.2857312647E+03   -0.2358472114E+03    0.2475969289E+03
          95    0.2869610811E+03    0.2349468736E+03    0.2356214357E+03
          96    0.2579702146E+03    0.1099103400E+03    0.1556455137E+03
          97    0.2584148968E+03    0.1146713599E+03    0.1749488565E+03
          98    0.3373533076E+03    0.2944282696E+03    0.2264843611E+03
          99    0.3546319817E+03    0.8090059928E+02    0.1176792753E+03
         100    0.3437809939E+03    0.3040025254E+03    0.2352596639E+03
