     Index              y_true              y_pred        descriptor_1        descriptor_2
         1    0.2930000000E+03    0.2742425334E+03   -0.2159978900E+00    0.8549858993E-01
         2    0.7620000000E+02    0.1131763370E+03    0.1698252330E+01   -0.1083464929E-01
         3    0.3520000000E+03    0.3439677138E+03   -0.2823370000E-01   -0.2199954371E-02
         4    0.3540000000E+03    0.3560349072E+03   -0.1772131300E+00    0.5725545474E-02
         5    0.2195740000E+03    0.1748486409E+03    0.1243328310E+01   -0.9345781820E-02
         6    0.4260000000E+03    0.4329411918E+03   -0.4857443800E+00   -0.2536082422E-01
         7    0.1399000000E+03    0.1066655718E+03    0.1659938500E+01    0.0000000000E+00
         8    0.3340000000E+03    0.3354408587E+03    0.8058273000E-01   -0.8251585419E-02
         9    0.2720000000E+03    0.2941399918E+03   -0.4235946600E+00    0.9372230555E-01
        10    0.1744500000E+03    0.1891211665E+03    0.1067343260E+01    0.0000000000E+00
        11    0.1721500000E+03    0.1826694594E+03    0.1065518510E+01    0.6135255113E-02
        12    0.2050000000E+02    0.6236773570E+02    0.1978300000E+01    0.0000000000E+00
        13    0.1984000000E+03    0.2071578466E+03    0.8136333600E+00    0.1579680302E-01
        14    0.1875850000E+03    0.1929629108E+03    0.1121007750E+01   -0.1034691008E-01
        15    0.8981300000E+02    0.8701631393E+02    0.1801154590E+01    0.0000000000E+00
        16    0.2677000000E+03    0.2545809753E+03    0.6588175100E+00   -0.7883367161E-02
        17    0.2300000000E+03    0.2076236988E+03    0.6877479000E-01    0.1101971817E+00
        18    0.4610000000E+03    0.3896143277E+03   -0.4121690000E+00    0.4914072471E-02
        19    0.1338500000E+03    0.1297352852E+03    0.1494140140E+01    0.0000000000E+00
        20    0.3116500000E+03    0.2973836277E+03    0.5031700700E+00   -0.2723019299E-01
        21    0.3124500000E+03    0.2772938315E+03    0.6245434600E+00   -0.2430098669E-01
        22    0.3525250000E+03    0.3492383424E+03   -0.1440930800E+00    0.7727566278E-02
        23    0.2256100000E+03    0.1988856986E+03    0.1150981190E+01   -0.1958179294E-01
        24    0.2482000000E+03    0.2778456992E+03    0.3994617600E+00    0.3848832558E-02
        25    0.2234200000E+03    0.2046877366E+03    0.1095615320E+01   -0.1784180221E-01
        26    0.1832000000E+03    0.2074886060E+03    0.1028385450E+01   -0.1184552630E-01
        27    0.3590000000E+03    0.3863728286E+03   -0.4404029400E+00    0.1147427424E-01
        28    0.3092000000E+03    0.3312366566E+03    0.7385484000E-01   -0.3548461159E-02
        29    0.3958500000E+03    0.4044916254E+03   -0.6578832100E+00    0.2258361595E-01
        30    0.3410000000E+03    0.3566484050E+03   -0.1841866900E+00    0.6052020881E-02
        31    0.2138000000E+03    0.2655010767E+03    0.6732578600E+00   -0.1971302145E-01
        32    0.3535000000E+03    0.3800530399E+03   -0.2919432100E+00   -0.1643615939E-02
        33    0.1839000000E+03    0.1803876256E+03    0.1217203740E+01   -0.1108776945E-01
        34    0.2375000000E+03    0.2111275609E+03    0.6979312700E+00    0.2689456283E-01
        35    0.4062400000E+03    0.3980081718E+03   -0.3353208000E+00   -0.1254922966E-01
        36    0.2287000000E+03    0.2395591961E+03    0.4272581100E+00    0.3534012825E-01
        37    0.2800000000E+03    0.2936359802E+03   -0.2441092400E+00    0.7133348130E-01
        38    0.2362500000E+03    0.2107959188E+03    0.8349085100E+00    0.9759670240E-02
        39    0.3410000000E+03    0.3262668503E+03    0.4998903200E+00   -0.5323917973E-01
        40    0.3137600000E+03    0.3305683316E+03   -0.9037851000E-01    0.1797127167E-01
        41    0.2443500000E+03    0.2285232855E+03    0.4412342000E+00    0.4365809541E-01
        42    0.1516000000E+03    0.1645194388E+03    0.1283581070E+01   -0.5019648903E-02
