     Index              y_true              y_pred        descriptor_1        descriptor_2
         1    0.1790000000E+02    0.1863405698E+02   -0.5753358000E+00   -0.3506217000E-01
         2    0.1790000000E+02    0.2750373274E+02    0.7066100000E-01    0.1307810000E-01
         3    0.6276000000E+02    0.6401192513E+02    0.1823163810E+01    0.9096720000E-02
         4    0.2680000000E+02    0.1792166838E+02    0.7758924400E+00    0.2739477300E+00
         5    0.3187000000E+02    0.2941130634E+02   -0.5248810000E-01   -0.3500940000E-01
         6    0.4537000000E+02    0.3415519802E+02    0.1034610200E+00   -0.5153097000E-01
         7    0.6660000000E+02    0.7080691426E+02    0.1731533300E+01   -0.8481072000E-01
         8    0.4307000000E+02    0.4750134760E+02    0.1380265920E+01    0.8886688000E-01
         9    0.5090000000E+02    0.6487505512E+02    0.1193599950E+01   -0.1406211600E+00
        10    0.4460000000E+02    0.3378701970E+02    0.3005649900E+00   -0.3598130000E-02
        11    0.2796000000E+02    0.2502759709E+02   -0.2074271000E+00   -0.2215728000E-01
        12    0.1845000000E+02    0.3062052037E+02    0.3763697000E+00    0.4754508000E-01
        13    0.2067000000E+02    0.3277945109E+02   -0.2826360000E-01   -0.6602778000E-01
        14    0.8285000000E+02    0.8879268358E+02    0.2346640080E+01   -0.1421319000E+00
        15    0.2551000000E+02    0.2131467103E+02   -0.4797384000E+00   -0.4273095000E-01
        16    0.3615000000E+02    0.3846355433E+02    0.1058769800E+01    0.1149040200E+00
        17    0.5774000000E+02    0.6153217343E+02    0.1604500970E+01   -0.1284848000E-01
        18    0.3682000000E+02    0.4444355989E+02    0.1506273580E+01    0.1500292000E+00
        19    0.5301000000E+02    0.5735745153E+02    0.1057404080E+01   -0.8970240000E-01
        20    0.6511000000E+02    0.5382461530E+02    0.4713247200E+00   -0.1821897000E+00
        21    0.6029000000E+02    0.5551074344E+02    0.1719876480E+01    0.7798921000E-01
        22    0.3200000000E+01    0.5074774859E+01   -0.9783000000E+00    0.2170000000E-01
        23    0.6900000000E+02    0.6599370204E+02    0.2092012560E+01    0.4761740000E-01
        24    0.3120000000E+02    0.3003938641E+02   -0.7737426000E-01   -0.4735020000E-01
        25    0.5100000000E+02    0.4990414294E+02    0.1040392250E+01   -0.1290234000E-01
        26    0.2720000000E+02    0.2362154067E+02   -0.2669239800E+00   -0.2022048000E-01
        27    0.9080000000E+02    0.7060278433E+02    0.2034077680E+01   -0.1513988000E-01
        28    0.7420000000E+02    0.6249127585E+02    0.1467096360E+01   -0.5385885000E-01
        29    0.5646000000E+02    0.5973853845E+02    0.1852040200E+01    0.6174441000E-01
        30    0.2622000000E+02    0.2689105933E+02    0.1301086500E+00    0.3295908000E-01
        31    0.2078000000E+02    0.2363891196E+02    0.3352641600E+00    0.1138720000E+00
        32    0.6524000000E+02    0.5998424590E+02    0.1258672520E+01   -0.7322592000E-01
        33    0.4263000000E+02    0.5038188391E+02    0.1124868660E+01    0.7689600000E-03
        34    0.4216000000E+02    0.4366302737E+02    0.7459438000E+00   -0.1107471000E-01
        35    0.6056000000E+02    0.6267948065E+02    0.1323458640E+01   -0.8792332000E-01
