        Rank        RMSE       MaxAE  Feature_ID
           1   28.236902   96.936162  (    8612   15045)
           2   28.308852  104.717644  (    1214   10701)
           3   28.317791  105.289103  (    1214   10711)
           4   28.361103  105.508795  (    1214   10191)
           5   28.477645  105.731175  (    1214   10100)
           6   28.518287  105.504847  (    1214   10091)
           7   28.610407  108.714154  (    1214   15207)
           8   28.639078  105.816049  (    1214   10145)
           9   28.690323  109.843536  (    1214   14466)
          10   28.720161  104.208682  (    1214   15491)
          11   28.778597   97.762693  (      22   15788)
          12   28.781195  104.703575  (    1214   17594)
          13   28.788646  102.525548  (    1214   12620)
          14   28.874198  110.725134  (    1214   17319)
          15   28.899083   96.182392  (       7   10389)
          16   28.918151  104.251760  (    1214   15174)
          17   28.920770   98.387559  (    1517   10399)
          18   28.929725  108.185507  (    1214   16103)
          19   28.942949  101.711356  (    1214   10330)
          20   28.944142   99.902905  (    4611   10545)
          21   28.946609  103.713399  (    1214   19736)
          22   28.951145  109.286326  (    1214   15064)
          23   28.957371  104.243729  (    1214   15872)
          24   28.968608   96.215687  (    4611   10048)
          25   28.978283   98.342873  (      13   11548)
          26   28.994402   98.030274  (    1517   10705)
          27   28.997291  104.235987  (    1214   16703)
          28   29.005048  102.847396  (    1214   15172)
          29   29.044314  106.380005  (    1214   15780)
          30   29.051881  109.362739  (       1   10150)
          31   29.083146  103.090018  (    1214   18468)
          32   29.086235  102.959409  (    1214   17443)
          33   29.109440  110.265516  (       7   10150)
          34   29.113483   98.567045  (      72   10167)
          35   29.128001  107.018507  (    1214   10449)
          36   29.129708   93.344762  (     949   10270)
          37   29.132612  104.250066  (    1214   10172)
          38   29.140764  106.168033  (    1214   10190)
          39   29.154116   93.775731  (     949   10308)
          40   29.163800  110.105511  (    1214   18598)
          41   29.166210  100.109763  (       7   10019)
          42   29.176892  101.711189  (      22   10011)
          43   29.201102   95.675888  (    1517   10295)
          44   29.211216   98.179896  (      20   10002)
          45   29.215299  106.208851  (       1   14225)
          46   29.219780  101.776260  (    1214   11113)
          47   29.224748  100.098082  (       1   10001)
          48   29.227395  101.931033  (      13   10029)
          49   29.229684   95.207331  (       7   10118)
          50   29.230003   96.228997  (       1   10009)
          51   29.244488  100.214143  (      22   10005)
          52   29.257734  109.232752  (      13   10150)
          53   29.260545  105.696742  (    1214   12330)
          54   29.275829  101.784530  (    1214   14554)
          55   29.294285  105.171159  (    1214   12454)
          56   29.312244  101.932438  (    1214   18159)
          57   29.319697  101.797411  (       1   10002)
          58   29.324362  101.612640  (      13   12117)
          59   29.333229  106.979132  (       7   14225)
          60   29.338516   95.007196  (      22   10024)
          61   29.352192  100.726740  (      24   10002)
          62   29.360429   99.450226  (       7   11483)
          63   29.366234   93.713225  (       1   10003)
          64   29.369490  100.290574  (    1214   17899)
          65   29.371338  100.286941  (    1214   17947)
          66   29.373732   91.665314  (      73   10270)
          67   29.374965   91.988018  (      13   11583)
          68   29.377057   94.953938  (       1   10013)
          69   29.378529  104.518157  (    1214   14477)
          70   29.391707  112.483065  (      24   10150)
          71   29.399644  101.548776  (    1214   12054)
          72   29.412992  102.741647  (       1   10005)
          73   29.417247  101.820289  (    1214   12669)
          74   29.424350  113.185847  (       1   10004)
          75   29.432486  108.869084  (       1   10006)
          76   29.435915   94.171558  (      22   19075)
          77   29.444196  103.304331  (       1   11718)
          78   29.445698  101.525854  (    1214   13099)
          79   29.446250   91.284006  (      73   10308)
          80   29.451761  103.672830  (    1214   12560)
          81   29.455911  102.767844  (     231   18728)
          82   29.475105   92.594369  (     949   10959)
          83   29.479573   90.897552  (     104   10270)
          84   29.480120  102.060849  (    1214   13223)
          85   29.481559   96.070521  (    1649   10029)
          86   29.482975  100.211558  (       1   10133)
          87   29.485299  100.768141  (    1214   12173)
          88   29.488104   89.403507  (       7   15045)
          89   29.490385  105.848254  (       1   10399)
          90   29.495155   91.852464  (       1   10635)
          91   29.496567  103.702960  (     891   10131)
          92   29.496579  104.928704  (    1214   12923)
          93   29.499406   94.865784  (      13   10217)
          94   29.499416   99.567002  (       7   10297)
          95   29.499526   95.711527  (       1   10008)
          96   29.499808   95.500624  (       7   10058)
          97   29.503032  101.441473  (    1214   10122)
          98   29.506118  106.638077  (       7   10399)
          99   29.506133  102.137184  (      13   12457)
         100   29.507745  102.109095  (      62   10002)
