        Rank        RMSE       MaxAE  Feature_ID
           1   29.569240   64.261471  (    8369   13356)
           2   29.610857   63.554519  (    7010   13356)
           3   29.668096   70.627696  (     142   13356)
           4   29.673895   64.042532  (    1203   13356)
           5   29.719108   66.706633  (    9354   13356)
           6   29.843703   63.601026  (    1478   13356)
           7   30.392866   91.562044  (       1   10001)
           8   30.557718   64.741877  (     319   13356)
           9   30.629430   64.407719  (    6758   13356)
          10   30.641021   70.831791  (     117   13356)
          11   30.664841   91.023963  (       8   15760)
          12   30.695708   91.463006  (       8   10002)
          13   30.735398   90.249177  (       8   11750)
          14   30.765732   65.679409  (    5091   13356)
          15   30.780010   67.663121  (    8436   13356)
          16   30.812687   91.407307  (      15   15760)
          17   30.822981   61.529033  (    6844   13356)
          18   30.842409   76.901717  (    9905   13356)
          19   30.854850   91.849509  (      15   10002)
          20   30.881221   90.628854  (      15   11750)
          21   30.902061   55.029445  (     573   18964)
          22   30.955285   73.117800  (    3696   13356)
          23   30.971146   89.358888  (       8   15047)
          24   30.976037   58.669012  (       2   11786)
          25   30.976140   65.736831  (     938   13356)
          26   30.980233   68.052037  (    7187   13356)
          27   30.986584   65.027232  (       2   12593)
          28   30.990423   79.719678  (     113   10067)
          29   31.009024   80.670246  (     113   10045)
          30   31.056488   97.140650  (       1   10002)
          31   31.095985   95.518697  (       1   10003)
          32   31.102997   69.652239  (      11   10950)
          33   31.139456   73.148621  (     980   13577)
          34   31.146974   90.146604  (       8   10004)
          35   31.155493   69.823561  (      12   10950)
          36   31.157097   62.654656  (    1737   13356)
          37   31.186734   89.745900  (      15   15047)
          38   31.193937   68.691447  (       2   13024)
          39   31.199496   89.949944  (      15   10009)
          40   31.226165   84.943140  (    6718   10106)
          41   31.238852   66.076461  (     163   10950)
          42   31.280267   88.802980  (       8   10018)
          43   31.291860   89.462826  (       8   17894)
          44   31.310634   59.579850  (       2   10950)
          45   31.312213   90.165919  (       8   10007)
          46   31.313445   63.000328  (     158   10950)
          47   31.317792   73.188376  (     478   10005)
          48   31.323565   69.570309  (    3635   13356)
          49   31.327164   90.531528  (      15   10004)
          50   31.332479   95.895462  (       1   10004)
          51   31.337284   63.952710  (      11   13264)
          52   31.352186   89.752642  (       8   10003)
          53   31.369542   63.400551  (      12   13264)
          54   31.371509   88.845063  (       8   14041)
          55   31.399567   89.172926  (      15   10018)
          56   31.422059   89.573822  (       8   10008)
          57   31.424436   73.005936  (     458   10005)
          58   31.430896   89.839634  (      15   17894)
          59   31.431982   64.756529  (    1568   13356)
          60   31.445638  105.514520  (       8   18143)
          61   31.462979   90.547951  (      15   10007)
          62   31.468980   91.148762  (       1   10005)
          63   31.473394   67.952468  (    5919   13356)
          64   31.480067   89.213876  (      15   14041)
          65   31.488808   68.797822  (    8034   13356)
          66   31.495056   68.055267  (    5900   13356)
          67   31.501217   90.132576  (      15   10003)
          68   31.527528   97.359660  (       2   15047)
          69   31.547222   99.138800  (       2   10031)
          70   31.573330   85.753274  (     977   19436)
          71   31.580902   67.755736  (     511   12867)
          72   31.584352   94.922473  (       1   10006)
          73   31.586913   89.955282  (      15   10008)
          74   31.588440   83.590431  (       8   10056)
          75   31.594776   67.759449  (     521   12867)
          76   31.598077   65.731332  (    1673   13356)
          77   31.600253   70.200691  (       8   14466)
          78   31.600621   84.979223  (     977   17202)
          79   31.605358   68.074531  (    6130   13356)
          80   31.606635   95.955632  (       1   10007)
          81   31.606822   89.679081  (       8   10009)
          82   31.635962  105.888627  (       8   14954)
          83   31.636443   74.738515  (      11   12708)
          84   31.639688   87.223110  (     977   18122)
          85   31.643419   60.110290  (    6213   13356)
          86   31.645303   79.693730  (       8   12371)
          87   31.649157   67.459542  (    1031   13356)
          88   31.650001   64.602880  (      68   12139)
          89   31.650757   64.993587  (     280   13356)
          90   31.653139   95.395638  (       1   10008)
          91   31.661412   79.916040  (      15   12371)
          92   31.669268   67.889534  (    6484   13356)
          93   31.683451   70.202634  (       8   16749)
          94   31.698200   69.934592  (    8169   13356)
          95   31.703045   65.595455  (    1962   13356)
          96   31.708842  105.962281  (      15   18143)
          97   31.712739   63.038797  (       2   18258)
          98   31.717955   83.927960  (      15   10056)
          99   31.721154   95.487706  (       1   10009)
         100   31.748314   78.286331  (    1625   10067)
