        Rank        RMSE       MaxAE  Feature_ID
           1    4.210815   13.335071  (     123   10665)
           2    4.210902   13.247643  (     709   11748)
           3    4.211232   13.267524  (     709   12100)
           4    4.217295   13.250495  (     709   11973)
           5    4.224136   13.253510  (     709   12238)
           6    4.226664   13.267952  (     709   10332)
           7    4.229275   13.741683  (     123   11748)
           8    4.230468   13.236107  (     709   12059)
           9    4.232804   13.719192  (     123   12059)
          10    4.235741   13.744327  (     123   11973)
          11    4.242595   13.747078  (     123   12238)
          12    4.244505   13.198480  (     709   10665)
          13    4.244785   14.382710  (      58   10665)
          14    4.244807   13.771035  (     123   12100)
          15    4.246604   13.439825  (    4711   11748)
          16    4.247963   13.460931  (    4711   12100)
          17    4.251006   13.558464  (    1253   12100)
          18    4.252983   13.541347  (    1253   11748)
          19    4.253374   13.442998  (    4711   11973)
          20    4.253577   13.763199  (     123   10332)
          21    4.254053   13.539537  (    1253   11973)
          22    4.254338   13.673474  (      58   10010)
          23    4.255600   13.537901  (    1253   12238)
          24    4.259662   14.746895  (      58   11748)
          25    4.259810   13.056539  (      58   10529)
          26    4.260626   13.446367  (    4711   12238)
          27    4.261815   14.761414  (      58   12100)
          28    4.261888   14.730126  (      58   10410)
          29    4.263517   14.747139  (      58   11973)
          30    4.264172   12.592830  (     247   12100)
          31    4.264199   13.523190  (    1253   12059)
          32    4.266449   13.428192  (    4711   12059)
          33    4.267732   14.747452  (      58   12238)
          34    4.268420   14.036740  (      58   12297)
          35    4.268810   12.608981  (     247   11748)
          36    4.269717   13.465774  (    4711   10332)
          37    4.270740   14.733927  (      58   12059)
          38    4.272621   14.184622  (      58   14017)
          39    4.274653   12.619398  (     247   11973)
          40    4.276861   13.566252  (    1253   10332)
          41    4.278593   13.089498  (    2468   12100)
          42    4.280901   12.631312  (     247   12238)
          43    4.281072   14.157950  (      58   16127)
          44    4.282270   15.008094  (    2468   12111)
          45    4.284349   13.083374  (    2468   10332)
          46    4.286986   13.076310  (    2468   11748)
          47    4.288070   13.228722  (     709   10556)
          48    4.288706   14.761162  (      58   10332)
          49    4.289705   14.724900  (      58   15470)
          50    4.289783   13.156509  (    1253   10665)
          51    4.289898   12.744034  (     247   10332)
          52    4.290765   13.575535  (     819   12100)
          53    4.291083   13.557267  (     819   11748)
          54    4.291492   12.668570  (     247   12059)
          55    4.293170   14.379515  (      58   10016)
          56    4.293210   13.079267  (    2468   11973)
          57    4.295301   13.048579  (    4711   10665)
          58    4.295309   13.719810  (     123   10556)
          59    4.295864   13.569209  (    1836   11748)
          60    4.297164   13.559836  (     819   11973)
          61    4.297605   14.712894  (    2468   11890)
          62    4.298719   13.590543  (    1836   12100)
          63    4.299885   13.082399  (    2468   12238)
          64    4.300197   13.044901  (    2468   10410)
          65    4.300662   13.529442  (     819   10410)
          66    4.302369   13.572159  (    1836   11973)
          67    4.302451   13.614381  (     860   11748)
          68    4.303031   14.272508  (      58   17203)
          69    4.303173   13.593538  (    1347   11748)
          70    4.303302   13.633460  (     860   12100)
          71    4.303435   12.999543  (    2468   10556)
          72    4.303626   13.620342  (    4269   10332)
          73    4.303633   14.975159  (    2468   11321)
          74    4.303669   13.562549  (     819   12238)
          75    4.304265   13.573162  (     819   10332)
          76    4.304651   13.613433  (    1347   12100)
          77    4.306327   14.725476  (      58   10546)
          78    4.306372   12.657544  (     247   10556)
          79    4.307532   13.646601  (    1291   12059)
          80    4.307577   13.973713  (      58   10015)
          81    4.308611   14.915802  (    2468   11779)
          82    4.308655   13.617046  (     860   11973)
          83    4.308937   14.024968  (      58   11482)
          84    4.309311   13.575266  (    1836   12238)
          85    4.309394   13.666126  (    1468   12100)
          86    4.309525   13.596349  (    1347   11973)
          87    4.309654   13.647874  (    1468   11748)
          88    4.310026   14.852391  (    2468   13791)
          89    4.310048   15.010566  (    2468   15830)
          90    4.310270   13.546492  (     819   12059)
          91    4.311092   13.676932  (    1291   11748)
          92    4.311368   14.966686  (    2468   14352)
          93    4.311774   15.010259  (    2468   15925)
          94    4.312852   14.724706  (      58   10556)
          95    4.312971   13.556313  (    1836   12059)
          96    4.313942   13.510370  (    1253   10556)
          97    4.314885   13.071937  (    2468   12059)
          98    4.315277   13.619852  (     860   12238)
          99    4.315459   15.005102  (    2468   15704)
         100    4.315505   15.010005  (    2468   16564)
