Model_ID, [(c_i,i=0,n)_j,j=1,ntask]
           1    0.4792515438E+02   -0.3895876221E+02    0.3216387954E+03
           2    0.7137810028E+02   -0.3295951889E+02   -0.4259270442E+03
           3    0.7197351620E+02   -0.3395777751E+02    0.1196734712E+05
           4    0.4795133440E+02    0.3843263997E+02    0.1814993122E+04
           5    0.6807371792E+02   -0.3120075557E+02    0.3341689573E+03
           6    0.1540271921E+02    0.7163109298E+02   -0.4561218327E+03
           7    0.6839941887E+02   -0.3131082297E+02    0.3258579432E+03
           8    0.4790858458E+02   -0.3772433616E+02    0.1875240400E+04
           9    0.4731331349E+02   -0.4082172427E+02    0.1795380180E+04
          10    0.4878320202E+02    0.3804050239E+02    0.1834633935E+04
          11    0.5028387028E+02   -0.3646816285E+02   -0.4096112575E+03
          12    0.7209128853E+02   -0.3341363266E+02   -0.4081425766E+03
          13    0.7111772257E+02   -0.3299859559E+02   -0.4346576810E+03
          14    0.6448551447E+02   -0.2916338115E+02    0.3051914206E+03
          15    0.6343375663E+02    0.2807056473E+02    0.1634153150E+04
          16    0.4759892537E+02    0.3825355488E+02    0.1861898652E+04
          17    0.7107391678E+02   -0.3279503333E+02   -0.4270335132E+03
          18    0.1447062701E+02    0.7273775537E+02   -0.4471093970E+03
          19    0.4732508977E+02   -0.3691271133E+02    0.3252670966E+03
          20    0.4770267413E+02    0.3798928897E+02    0.1859060714E+04
          21    0.1422585233E+02   -0.7385790028E+02   -0.4501582213E+03
          22    0.4519566547E+02   -0.4453125138E+02   -0.2661802413E+03
          23    0.4757191412E+02    0.3815509178E+02    0.1859465045E+04
          24    0.1503788825E+02    0.7186797126E+02   -0.4460790209E+03
          25    0.6625581120E+02   -0.2946168929E+02    0.3338132173E+03
          26    0.4765824597E+02    0.3789820853E+02    0.1856256504E+04
          27    0.4768480044E+02    0.3794404426E+02    0.1857763270E+04
          28    0.6318583547E+02    0.2795589848E+02    0.6572406139E+03
          29    0.4771103564E+02   -0.3798696914E+02    0.1859205481E+04
          30    0.1427217941E+02   -0.7417906419E+02   -0.4524811196E+03
          31    0.1491944152E+02    0.7223253973E+02   -0.4512740784E+03
          32    0.4623562212E+02    0.3652891906E+02    0.1764653453E+04
          33    0.5295486583E+02   -0.3969809822E+02    0.1502315398E+04
          34    0.7225762818E+02   -0.3159537013E+02    0.4715153138E+04
          35    0.4766683953E+02   -0.3789787796E+02    0.1856445703E+04
          36    0.7234767250E+02   -0.3163870429E+02    0.4674967039E+04
          37    0.1514807003E+02   -0.7189359154E+02   -0.4526763707E+03
          38    0.7028622716E+02   -0.3300289614E+02    0.3490328675E+03
          39    0.6640395023E+02   -0.3007163931E+02    0.3456274024E+03
          40    0.7005712306E+02   -0.3122540252E+02   -0.4204647751E+03
          41    0.4791920446E+02    0.4085528882E+02    0.3174004004E+03
          42    0.4739159051E+02    0.3731217667E+02    0.1801156488E+04
          43    0.6856583679E+02   -0.3093667508E+02    0.3215614483E+03
          44    0.1309842950E+02   -0.7425582082E+02   -0.4413956528E+03
          45    0.6429797132E+02    0.2852500260E+02    0.5551253627E+03
          46    0.1396292643E+02    0.7340335869E+02   -0.4466773031E+03
          47    0.4507192317E+02   -0.4430805605E+02    0.5301666220E+04
          48    0.7213598824E+02   -0.3372121209E+02   -0.4271949625E+03
          49    0.6862508898E+02   -0.2942502038E+02    0.6645452493E+03
          50    0.1401765463E+02    0.7319296981E+02   -0.4459362395E+03
          51    0.4551286076E+02   -0.4205940487E+02    0.2013121283E+03
          52    0.4721532968E+02   -0.3704006074E+02    0.3246200353E+03
          53    0.4431352386E+02   -0.4189517338E+02    0.1826299884E+04
          54    0.4881942077E+02    0.4144926878E+02    0.3175068536E+03
          55    0.1403923694E+02    0.7325285733E+02   -0.4472112569E+03
          56    0.4789023117E+02    0.3820251810E+02    0.5240316878E+03
          57    0.1487262749E+02    0.7212295272E+02   -0.4446658771E+03
          58    0.4632851697E+02   -0.4599392821E+02    0.5405629119E+03
          59    0.4750429330E+02   -0.4136548536E+02    0.7425632135E+03
          60    0.1392747400E+02    0.7342808463E+02   -0.4465166849E+03
          61    0.7322115765E+02   -0.3339035875E+02    0.2916236140E+04
          62    0.7206344476E+02   -0.3361943218E+02    0.1133407907E+04
          63    0.7069508931E+02   -0.3120827299E+02    0.4772755764E+04
          64    0.7096554530E+02   -0.3142799836E+02    0.4746093193E+04
          65    0.4690437384E+02   -0.4242628635E+02    0.1842189296E+04
          66    0.7054460822E+02   -0.3108439284E+02    0.4781159394E+04
          67    0.7128824774E+02   -0.3349542955E+02   -0.4303237710E+03
          68    0.7081660076E+02   -0.3303987001E+02    0.2254569729E+04
          69    0.7193878061E+02   -0.3325484214E+02   -0.3409186106E+04
          70    0.7045632769E+02   -0.3099277725E+02    0.1694790101E+04
          71    0.4685905702E+02   -0.4226849205E+02    0.1755911251E+04
          72    0.4418803414E+02   -0.4715004153E+02   -0.1286044842E+04
          73    0.4749622418E+02   -0.3832062798E+02    0.3222627670E+03
          74    0.5049392854E+02   -0.2413911005E+02    0.6345839471E+03
          75    0.7031784149E+02   -0.2946615275E+02    0.4804987673E+04
          76    0.5949331502E+02    0.2595379830E+02    0.1529374470E+04
          77    0.4499688889E+02   -0.4262749297E+02   -0.3852024886E+03
          78    0.4911985952E+02    0.4037909724E+02   -0.4680908708E+03
          79    0.4970235605E+02    0.3978197559E+02    0.4831656761E+03
          80    0.4913510395E+02   -0.3652209457E+02   -0.4660684761E+03
          81    0.4785429367E+02    0.3974654654E+02    0.3305702610E+03
          82    0.4861405588E+02    0.3561830058E+02   -0.4089555856E+03
          83    0.4799289585E+02    0.3830010521E+02    0.2530961836E+03
          84    0.6978313722E+02   -0.3373799945E+02    0.6768607122E+03
          85    0.1525627929E+02    0.7135156913E+02   -0.4456421108E+03
          86    0.4768469912E+02    0.4124850115E+02    0.2947527918E+03
          87    0.4540420816E+02   -0.4370905360E+02    0.1606033330E+04
          88    0.4743691137E+02    0.3670524796E+02    0.3252516383E+03
          89    0.4703950907E+02    0.3614120821E+02    0.1783099822E+04
          90    0.4553017142E+02   -0.4833143914E+02    0.2693117335E+04
          91    0.4723592784E+02    0.4113202509E+02    0.2991437981E+03
          92    0.4906349939E+02    0.3633987051E+02    0.1829634965E+03
          93    0.4814614845E+02    0.3794896391E+02    0.3014804347E+03
          94    0.1418191267E+02    0.7302343692E+02   -0.4462755249E+03
          95    0.6185463050E+02    0.2683152299E+02    0.2706730460E+04
          96    0.7219227248E+02   -0.3413336671E+02    0.1427897059E+04
          97    0.4675104315E+02   -0.4212362694E+02    0.1778125861E+04
          98    0.4992539838E+02    0.3928376485E+02   -0.4722509799E+03
          99    0.4843033649E+02    0.3817065237E+02    0.4164151112E+04
         100    0.1472565271E+02    0.7285993370E+02    0.2200522621E+03
