        Rank        RMSE       MaxAE  Feature_ID
           1   25.729321   64.416630  (       6   10001)
           2   26.387077   66.217280  (       6   10077)
           3   26.400645   84.848914  (      60   19173)
           4   26.419124   74.619077  (       6   18221)
           5   26.644308   65.908123  (       6   10200)
           6   26.712656   66.239717  (       6   10329)
           7   26.765117   67.953772  (       6   10103)
           8   26.765968   69.033496  (       6   11415)
           9   26.797050   62.819342  (       6   10012)
          10   26.800793   64.736810  (       6   10327)
          11   26.826466   67.708451  (      68   12485)
          12   26.932008   68.566464  (       6   10068)
          13   26.942324   71.116589  (       6   11421)
          14   26.944701   54.325346  (     295   10001)
          15   26.992815   84.304372  (      60   15589)
          16   26.996738   64.165756  (       6   10647)
          17   27.001432   62.105715  (       1   10001)
          18   27.080739   78.923580  (      60   19494)
          19   27.122741   64.454627  (      72   10001)
          20   27.157171   77.576575  (      41   10014)
          21   27.171512   62.264291  (     108   15733)
          22   27.189678   64.601179  (      68   11568)
          23   27.193246   62.290115  (       6   10015)
          24   27.207623   77.670744  (       6   10014)
          25   27.227607   77.309995  (       6   10065)
          26   27.247991   84.379316  (     591   19173)
          27   27.262980   62.982133  (     108   18183)
          28   27.272740   68.360967  (       6   10069)
          29   27.278233   64.295265  (       6   10046)
          30   27.284223   86.257602  (      60   14683)
          31   27.328425   69.925701  (       6   10209)
          32   27.334228   68.340594  (       6   13289)
          33   27.337922   65.861790  (      68   14467)
          34   27.341043   68.876176  (       6   10157)
          35   27.353202   69.720733  (      68   10777)
          36   27.365010   71.400615  (       6   10966)
          37   27.374015   67.695426  (      68   12336)
          38   27.380952   78.913969  (     983   12820)
          39   27.404305   62.178957  (       6   10755)
          40   27.406426   69.072695  (       6   12134)
          41   27.408241   64.870078  (      68   18797)
          42   27.431902   68.629230  (       6   10049)
          43   27.447527   67.504303  (       6   13748)
          44   27.455766   61.823139  (     108   16606)
          45   27.460807   68.423577  (       6   12907)
          46   27.463564   67.390481  (       6   15958)
          47   27.466670   69.852308  (       6   11845)
          48   27.470988   63.016176  (      41   16551)
          49   27.479798   64.275073  (       6   10230)
          50   27.485425   66.478496  (       6   10318)
          51   27.487167   70.040154  (      86   12261)
          52   27.508949   65.518500  (       6   10369)
          53   27.524648   61.942597  (       6   10530)
          54   27.527499   81.667792  (     460   19173)
          55   27.532261   69.420127  (       6   13209)
          56   27.554432   66.222956  (       6   10048)
          57   27.561228   67.992930  (       6   15536)
          58   27.594160   69.820817  (       6   11963)
          59   27.594227   60.121550  (     295   10015)
          60   27.609429   67.026017  (       6   16715)
          61   27.617000   74.068238  (       6   10487)
          62   27.627233   79.541117  (     195   19494)
          63   27.634014   83.477101  (     482   19173)
          64   27.637326   68.135989  (     108   12397)
          65   27.643526   62.438469  (     108   12275)
          66   27.647578   85.153868  (      60   16032)
          67   27.648243   67.803484  (      68   17064)
          68   27.652562   68.353801  (       6   10337)
          69   27.657483   67.538186  (       6   10236)
          70   27.659938   67.279310  (       6   17988)
          71   27.660721   66.368845  (       6   14034)
          72   27.662343   67.829583  (       6   17812)
          73   27.673137   83.462555  (      60   12820)
          74   27.693219   73.733881  (       6   10231)
          75   27.694646   69.426269  (       6   16344)
          76   27.700043   70.721281  (       6   10018)
          77   27.716244   63.337115  (       6   10875)
          78   27.723039   68.499565  (      21   10226)
          79   27.733802   78.785005  (     136   10487)
          80   27.734865   67.684113  (       6   10328)
          81   27.737596   68.911477  (      21   10198)
          82   27.755636   70.574605  (       6   13781)
          83   27.760540   68.828712  (       6   18145)
          84   27.760699   87.852517  (      60   14113)
          85   27.773073   66.328574  (       6   13808)
          86   27.778781   74.446895  (       6   10179)
          87   27.783162   73.407322  (      42   10001)
          88   27.787527   85.993367  (      68   10065)
          89   27.807500   66.609403  (       6   18908)
          90   27.807880   70.347615  (       6   11511)
          91   27.814458   63.350033  (      68   11622)
          92   27.821216   69.315707  (       6   18912)
          93   27.824127   64.848246  (     295   10129)
          94   27.824494   75.798606  (       6   10197)
          95   27.832947   80.540358  (       6   10161)
          96   27.833616   72.284654  (       6   10145)
          97   27.834648   64.166881  (      68   13512)
          98   27.850976   66.374263  (    1072   14040)
          99   27.868410   61.710645  (       6   11052)
         100   27.869381   64.416716  (     108   10068)
