        Rank        RMSE       MaxAE  Feature_ID
           1   28.425495   88.792703  (      12   10421)
           2   28.512482   61.160850  (     956   19287)
           3   28.866049   59.651225  (    6937   19287)
           4   29.107698   96.946418  (    3943    8651)
           5   29.133409   87.566833  (    6937   19718)
           6   29.155825   82.040354  (     956   19718)
           7   29.261447   83.299783  (     179   13431)
           8   29.403725   79.207813  (     357   16808)
           9   29.449432   82.560627  (     350   13431)
          10   29.463186   86.999174  (    2201   13431)
          11   29.502433   88.688324  (    5231    8651)
          12   29.557533   80.808281  (     319   17732)
          13   29.563690   94.562605  (    8651    8736)
          14   29.592702   80.149742  (      12   10021)
          15   29.683003   72.565718  (     709   17581)
          16   29.700593   60.398982  (    1959   19287)
          17   29.707476   97.826152  (     442    8651)
          18   29.744665   80.661809  (      12   10115)
          19   29.746848   78.750736  (     664   17732)
          20   29.767994   83.127602  (      12   10011)
          21   29.833024   79.059934  (     179   15999)
          22   29.833966   87.718670  (     366   13431)
          23   29.835397   73.124194  (      32   13431)
          24   29.836080   89.141815  (     204   13431)
          25   29.870123   73.770467  (    2370   17581)
          26   29.923574   81.593832  (      12   10406)
          27   29.954522   76.046256  (    1768   19718)
          28   29.975405   63.764837  (     903   19287)
          29   30.022375   81.855054  (      12   10416)
          30   30.033984   80.072282  (      12   10521)
          31   30.035531   81.129959  (      12   10756)
          32   30.051984   85.638853  (    3045   16527)
          33   30.069370   81.394417  (      12   10659)
          34   30.093745   81.323606  (    5994   10415)
          35   30.095933   77.137284  (     665   16808)
          36   30.100385   86.179257  (    1249   10731)
          37   30.116244   83.166526  (     216   19287)
          38   30.149470   81.625624  (      12   10631)
          39   30.163186   76.875048  (    1768   10415)
          40   30.169632   81.089983  (      12   10735)
          41   30.180104   81.562031  (      12   10846)
          42   30.265399   77.990118  (    2851   12415)
          43   30.290650   67.707127  (     741   12415)
          44   30.291994   95.029981  (    2851   19832)
          45   30.298958  100.177812  (      12   10481)
          46   30.299072   87.337390  (      12   15999)
          47   30.301525   80.824029  (      12   11306)
          48   30.307995   81.136591  (      12   11155)
          49   30.310997   89.771581  (     319   19287)
          50   30.324772   75.343251  (    1399   17581)
          51   30.346821   71.496697  (    2732   16808)
          52   30.348112   87.619207  (    5994   11434)
          53   30.352299   70.140470  (    4530   19287)
          54   30.364110   84.510600  (       1   10002)
          55   30.384111   93.713873  (    3503    8651)
          56   30.391537  100.280185  (      12   10675)
          57   30.412267   84.021389  (    7155   17526)
          58   30.414405   79.661290  (     357   16814)
          59   30.423251   74.894846  (       4   19287)
          60   30.433519   71.103527  (     903   11434)
          61   30.437072   66.864666  (    5573   19287)
          62   30.452886   78.412396  (    7861   19287)
          63   30.458171   90.430000  (    1429    8651)
          64   30.473960   80.267399  (    1249   17581)
          65   30.476270   81.832672  (    9214   10415)
          66   30.485717   78.590779  (     324   14763)
          67   30.502959   68.059872  (     903   10415)
          68   30.507021   82.349506  (      12   10228)
          69   30.511348   71.249830  (    6937   11434)
          70   30.515516   73.893287  (     260   12415)
          71   30.519813   79.167753  (     480   16527)
          72   30.520343   82.548589  (     409   10415)
          73   30.538619   66.861605  (    6339   19287)
          74   30.540340   82.595995  (    1714   19119)
          75   30.546315   79.739064  (      91   13431)
          76   30.553927   70.407429  (    6937   10415)
          77   30.570611   72.729637  (     204   15999)
          78   30.593442   69.979729  (    6937   17732)
          79   30.601157   71.750715  (     956   10415)
          80   30.602036   83.875992  (    3554   17732)
          81   30.612054   80.404965  (    4073   14763)
          82   30.617337   79.354772  (    6293   19287)
          83   30.634282   82.315467  (     531   19287)
          84   30.634499   77.276925  (     366   17732)
          85   30.637963   72.951494  (    1755   11434)
          86   30.640055   79.991917  (      12   19119)
          87   30.652054   83.174853  (      12   10415)
          88   30.660502   87.993189  (     664   19287)
          89   30.664001   95.107716  (    1307   18485)
          90   30.671376  101.996566  (      11   10421)
          91   30.672046  102.270363  (      12   10484)
          92   30.677539   86.368420  (    1378   19287)
          93   30.695492   79.950293  (     291   19287)
          94   30.700051   84.372911  (     738   19287)
          95   30.705754   75.805397  (    1428   17581)
          96   30.705891   91.492825  (     218   11228)
          97   30.730863   83.650568  (      71   19287)
          98   30.735120   74.747661  (    2359   10415)
          99   30.735378   88.535455  (    3032   13431)
         100   30.748703   79.625770  (    1959   19718)
