     Index              y_true              y_pred        descriptor_1        descriptor_2
         1    0.4240000000E+03    0.4114648307E+03    0.3019617600E+00   -0.1102179000E+00
         2    0.3334000000E+03    0.3675732120E+03    0.8656266000E-01   -0.8450104000E-01
         3    0.4010000000E+03    0.3979859526E+03    0.8403418000E-01    0.2526930000E-01
         4    0.4780000000E+03    0.4938705242E+03    0.5203613200E+00   -0.2137790000E-02
         5    0.2561000000E+03    0.2485516569E+03   -0.3715584000E+00   -0.1206660000E+00
         6    0.3260000000E+03    0.3209486886E+03   -0.2011507200E+00   -0.7668060000E-02
         7    0.2480000000E+03    0.2378311582E+03   -0.5663322500E+00    0.5120800000E-02
         8    0.3275000000E+03    0.3477536062E+03   -0.9992195000E-01    0.2111650000E-02
         9    0.2744000000E+03    0.2209381427E+03   -0.5475363400E+00   -0.7047174000E-01
        10    0.3990000000E+03    0.4047522135E+03    0.1647379200E+00   -0.1862328000E-01
        11    0.2401500000E+03    0.2395486578E+03   -0.5505865000E+00   -0.2036430000E-02
        12    0.1693000000E+03    0.1762074733E+03   -0.3808288000E+00   -0.3689328000E+00
        13    0.3945000000E+03    0.3706703784E+03    0.1954984500E+00   -0.1651128000E+00
        14    0.4460000000E+03    0.4244360851E+03    0.1356169200E+00    0.7552692000E-01
        15    0.3891500000E+03    0.3470095189E+03    0.1100702400E+00   -0.1770465600E+00
        16    0.2396000000E+03    0.2404281116E+03   -0.5482073800E+00   -0.9235800000E-03
        17    0.3450000000E+03    0.3483531456E+03   -0.3753470000E-01   -0.4821054000E-01
        18    0.3281500000E+03    0.3966381833E+03   -0.2218060400E+00    0.2775956400E+00
        19    0.2720000000E+03    0.2713811699E+03   -0.3569444900E+00   -0.5214654000E-01
        20    0.2490000000E+03    0.2472740239E+03   -0.4735115400E+00   -0.3948385000E-01
        21    0.3602000000E+03    0.3679168115E+03    0.1337948400E+00   -0.1229894000E+00
        22    0.3674300000E+03    0.3979589325E+03    0.1332887200E+00   -0.1623090000E-01
        23    0.3091000000E+03    0.3613457137E+03    0.4414462200E+00   -0.4048668000E+00
        24    0.9034100000E+02    0.1058972152E+03   -0.1065200000E+01   -0.4249445000E-01
        25    0.4680000000E+03    0.4299142269E+03    0.3148978800E+00   -0.5579132000E-01
        26    0.4380000000E+03    0.4349927987E+03    0.2554385100E+00    0.1216710000E-01
        27    0.4150000000E+03    0.3824946930E+03    0.6779359000E-01   -0.1590924000E-01
        28    0.8950000000E+02    0.1523721578E+03   -0.9231000000E+00    0.2549280000E-02
        29    0.2990000000E+03    0.2815606297E+03   -0.3746816000E+00   -0.1206450000E-02
        30    0.1588000000E+03    0.1191403753E+03   -0.7321340000E+00   -0.2756041200E+00
        31    0.2466500000E+03    0.2440056797E+03   -0.5157684800E+00   -0.1552983000E-01
        32    0.1743000000E+03    0.1912857655E+03   -0.2727652800E+00   -0.4064045300E+00
        33    0.5132000000E+03    0.4341914763E+03    0.3003626300E+00   -0.2843346000E-01
        34    0.2566500000E+03    0.2468607957E+03   -0.4490850000E+00   -0.6148000000E-01
        35    0.2561000000E+03    0.2484182568E+03   -0.1300480800E+00   -0.3241576100E+00
        36    0.2530000000E+03    0.2868690740E+03   -0.2132700000E+00   -0.1181039100E+00
        37    0.3860000000E+03    0.3891990038E+03    0.1127390000E-01    0.5533226000E-01
        38    0.4920000000E+03    0.5003522352E+03    0.5524440000E+00   -0.6165480000E-02
        39    0.3380000000E+03    0.3971703899E+03    0.3554942400E+00   -0.2058132800E+00
        40    0.4097000000E+03    0.3558340443E+03   -0.7708302000E-01    0.1151312000E-01
        41    0.4711500000E+03    0.4883948681E+03    0.5286211400E+00   -0.2846209000E-01
        42    0.2680300000E+03    0.2706091227E+03    0.4778070000E-02   -0.3589519500E+00
