Model_ID, [(c_i,i=0,n)_j,j=1,ntask]
           1    0.3354076787E+03    0.2864379840E+03    0.4490675267E+04
           2    0.3336255635E+03    0.2856839507E+03    0.4704295347E+04
           3    0.3406981759E+03    0.2978428653E+03    0.3685196679E+04
           4    0.3408810195E+03    0.3034575917E+03    0.4543538571E+04
           5    0.3696021602E+03    0.2355803415E+03    0.1587181108E+03
           6    0.3748779982E+03    0.1635550889E+03    0.1342674540E+04
           7    0.3305368388E+03    0.2794906222E+03    0.5034205735E+04
           8    0.3302566006E+03    0.2787921424E+03    0.5057042965E+04
           9    0.3745443434E+03    0.1639974633E+03    0.1386892804E+04
          10    0.3676371667E+03    0.2372416751E+03    0.1673497867E+03
          11    0.3405230473E+03    0.2999723680E+03    0.4653989078E+04
          12    0.3296048335E+03    0.2840154809E+03    0.4834568297E+04
          13    0.3385543106E+03    0.3021199802E+03    0.5796137714E+04
          14    0.3425481790E+03    0.3100869259E+03    0.3905684529E+04
          15    0.3440242973E+03    0.3117891851E+03    0.3599507557E+04
          16    0.3804853339E+03    0.1448848739E+03   -0.2963248692E+04
          17    0.3434170478E+03    0.1695762638E+03    0.4340159140E+04
          18    0.3281781518E+03    0.2792570823E+03    0.4953860174E+04
          19    0.3810698074E+03    0.1470159752E+03    0.1439903570E+03
          20    0.4242717854E+03    0.1744819738E+03   -0.1315310399E+03
          21    0.3855723393E+03    0.1496805009E+03    0.1479064331E+03
          22    0.3703469828E+03    0.2424851557E+03    0.1574534484E+03
          23    0.3871910941E+03    0.1485841359E+03    0.1382527841E+03
          24    0.3785293564E+03    0.1512018804E+03    0.1248305668E+04
          25    0.3787285672E+03    0.1506802336E+03    0.1201626108E+04
          26    0.2970108576E+03    0.1708219459E+03    0.9737690670E+03
          27    0.3770790015E+03    0.1427657400E+03   -0.3243759210E+04
          28    0.3579629815E+03    0.1856388615E+03    0.6196148672E+03
          29    0.3362703856E+03   -0.1506378149E+03    0.2047601650E+04
          30    0.3676455663E+03    0.1379397723E+03    0.3807396383E+04
          31    0.3301057208E+03    0.2747430534E+03    0.5056302264E+04
          32    0.3849641318E+03    0.1473973719E+03   -0.3003441422E+04
          33    0.3827033490E+03    0.1459438453E+03    0.1336146671E+03
          34    0.3301916874E+03    0.2756095478E+03    0.5010614341E+04
          35    0.3638681560E+03    0.1375840099E+03    0.4053987318E+04
          36    0.3404501175E+03    0.2939690523E+03    0.3706145228E+04
          37    0.3614850158E+03    0.1337683122E+03    0.4179752264E+04
          38    0.2953203394E+03    0.1695136195E+03   -0.9705095055E+03
          39    0.2897750180E+03    0.1647027235E+03    0.4441727388E+04
          40    0.3643509078E+03    0.1356491667E+03    0.4169424948E+04
          41    0.3314115853E+03    0.2919480361E+03    0.4315448505E+04
          42    0.3398052461E+03    0.2940414164E+03    0.2751814906E+04
          43    0.3380777841E+03    0.2986234895E+03    0.5972129037E+04
          44    0.3280042068E+03    0.2722572948E+03    0.8293188960E+04
          45    0.3640391127E+03    0.1353956887E+03    0.4196997886E+04
          46    0.3299717879E+03    0.2749560685E+03    0.5042650056E+04
          47    0.2956257310E+03    0.1672456420E+03    0.7198704740E+03
          48    0.3672766992E+03    0.2328546934E+03   -0.3349679194E+04
          49    0.3295108160E+03    0.2735742492E+03    0.5148945363E+04
          50    0.3883590009E+03    0.1526454690E+03    0.1382598355E+03
          51    0.3295433414E+03    0.2734263652E+03    0.5148973812E+04
          52    0.4235836408E+03    0.1742153856E+03    0.1242384889E+03
          53    0.3626501231E+03    0.1371548800E+03    0.3063027256E+04
          54    0.3693019369E+03    0.1381836665E+03    0.3570326423E+04
          55    0.3317224298E+03    0.2836887047E+03    0.4924179685E+04
          56    0.3744235334E+03    0.1483966414E+03    0.1269825876E+04
          57    0.3370832305E+03    0.2940194974E+03    0.3044518923E+04
          58    0.3296584926E+03    0.2818637199E+03    0.4982131186E+04
          59    0.3477204845E+03    0.1851559410E+03   -0.1617003913E+04
          60    0.3561298003E+03    0.1836977046E+03    0.6367268130E+03
          61    0.2966780145E+03    0.1710538808E+03    0.8895383140E+03
          62    0.3485129379E+03    0.1851992355E+03   -0.1605915470E+04
          63    0.3837220908E+03    0.1498211187E+03    0.1335677158E+03
          64    0.3655610277E+03    0.1376055030E+03    0.4168558124E+04
          65    0.2953065763E+03    0.1696628734E+03    0.7574221695E+03
          66    0.3835817922E+03    0.2616250440E+03    0.1764930152E+03
          67    0.3635566039E+03    0.2289544973E+03   -0.3688877756E+04
          68    0.3689550179E+03    0.1458283483E+03    0.2312594831E+04
          69    0.3866624488E+03    0.2681643422E+03    0.1655215516E+03
          70    0.3295062407E+03    0.2780590453E+03    0.5009102861E+04
          71    0.3295039825E+03    0.2779321291E+03    0.5009330363E+04
          72    0.3320039552E+03    0.2945227669E+03    0.4150641728E+04
          73    0.3827927049E+03    0.1556360894E+03    0.1293144027E+04
          74    0.3295687173E+03    0.2774993240E+03    0.5006016215E+04
          75    0.3295789519E+03    0.2772792432E+03    0.5005617372E+04
          76    0.3681852814E+03    0.1390575773E+03    0.1522930671E+04
          77    0.3295239018E+03    0.2773884427E+03    0.5008370714E+04
          78    0.3754653618E+03    0.1447014775E+03    0.1601061832E+04
          79    0.3814438972E+03    0.1451915717E+03   -0.3283918844E+04
          80    0.3295170066E+03    0.2773713388E+03    0.5008716191E+04
          81    0.3295103505E+03    0.2773104273E+03   -0.5009154310E+04
          82    0.3295008547E+03    0.2773160263E+03   -0.5009548780E+04
          83    0.3294959581E+03    0.2773190503E+03    0.5009742050E+04
          84    0.3501463302E+03   -0.1804685163E+03   -0.1623898119E+04
          85    0.3294910973E+03    0.2773221470E+03    0.5009926876E+04
          86    0.3294818711E+03    0.2773282920E+03    0.5010257851E+04
          87    0.3293885525E+03    0.2774655236E+03    0.5014069220E+04
          88    0.3294751382E+03    0.2772672149E+03    0.5010712957E+04
          89    0.3294684161E+03    0.2772504535E+03    0.5011016876E+04
          90    0.3296234210E+03    0.2772136119E+03   -0.5000677461E+04
          91    0.3294222224E+03    0.2773776029E+03   -0.5011687070E+04
          92    0.3577347507E+03    0.1328852356E+03    0.3539696153E+04
          93    0.3294258625E+03    0.2771440506E+03    0.5012828062E+04
          94    0.3630287554E+03    0.1381404137E+03    0.2064828340E+04
          95    0.3745771336E+03    0.1477737318E+03    0.1216396980E+04
          96    0.3692623906E+03    0.1349903755E+03    0.4817741639E+04
          97    0.3292097391E+03    0.2748240457E+03    0.4521054557E+04
          98    0.3294929173E+03    0.2767159686E+03    0.5008990476E+04
          99    0.3294929124E+03    0.2765935725E+03    0.5008692039E+04
         100    0.3627683511E+03    0.1355574312E+03   -0.4241843508E+04
