Model_ID, [(c_i,i=0,n)_j,j=1,ntask]
           1    0.1602728473E+03    0.1327207040E+03   -0.8712037453E+03
           2    0.1621506374E+03    0.1297952048E+03   -0.2092756926E+04
           3    0.1609887549E+03    0.1327138071E+03   -0.1086221985E+04
           4    0.1531603082E+03    0.1350319010E+03    0.2249466438E+04
           5    0.1641198771E+03    0.1338172001E+03   -0.7676268654E+03
           6    0.1526113214E+03    0.1340737084E+03    0.2049768096E+04
           7    0.1529330965E+03    0.1338552344E+03   -0.1932903467E+04
           8    0.1516539910E+03    0.1297054030E+03    0.3864200360E+03
           9    0.1610757319E+03    0.1324725708E+03   -0.1086826886E+04
          10    0.1595172827E+03    0.1327941062E+03   -0.6702314523E+03
          11    0.1491755558E+03    0.1257325324E+03    0.1320557966E+04
          12    0.1584125147E+03    0.1346958047E+03   -0.5052979269E+03
          13    0.1592477746E+03    0.1342129503E+03   -0.6336145487E+03
          14    0.1646316966E+03    0.1346885820E+03   -0.7980738682E+03
          15    0.1507296616E+03    0.1269691998E+03    0.2879555840E+03
          16    0.1643166363E+03    0.1341120624E+03   -0.6978715757E+03
          17    0.1600177527E+03    0.1333790999E+03   -0.8893438505E+03
          18    0.1645947486E+03    0.1347773001E+03   -0.7219637237E+03
          19    0.1612917259E+03    0.1293039430E+03   -0.5685352846E+03
          20    0.1615871571E+03    0.1349210973E+03   -0.5483893422E+03
          21    0.1543388150E+03    0.1335269044E+03    0.1821435126E+04
          22    0.1620386687E+03    0.1300372281E+03   -0.1072203798E+04
          23    0.1503430024E+03    0.1224967510E+03    0.1854929448E+04
          24    0.1643854108E+03    0.1272977414E+03   -0.5562029737E+03
          25    0.1600916003E+03    0.1331730997E+03   -0.8897435997E+03
          26    0.1560790456E+03    0.1241573275E+03   -0.1206448368E+04
          27    0.1506962507E+03    0.1277080794E+03   -0.3620441612E+03
          28    0.1593930603E+03    0.1301487894E+03   -0.9828895674E+03
          29    0.1643824464E+03    0.1296479094E+03   -0.2694224553E+03
          30    0.1643558886E+03    0.1298048211E+03   -0.3844358223E+03
          31    0.1612305537E+03    0.1312515271E+03   -0.1109782054E+04
          32    0.1504191633E+03    0.1263361065E+03   -0.3056576511E+03
          33    0.1642802704E+03    0.1297538959E+03   -0.3783878947E+03
          34    0.1554748349E+03    0.1236661090E+03   -0.9428494362E+03
          35    0.1504241071E+03    0.1284231408E+03    0.8012949433E+03
          36    0.1555340972E+03    0.1329791617E+03    0.1114063093E+04
          37    0.1502627612E+03    0.1284110616E+03    0.3200774960E+03
          38    0.1561800513E+03    0.1239389762E+03   -0.1209487635E+04
          39    0.1601942492E+03    0.1308302603E+03   -0.6468481197E+03
          40    0.1620170905E+03    0.1284291303E+03   -0.5428440699E+03
          41    0.1635124453E+03    0.1295359761E+03   -0.2280208451E+03
          42    0.1606052668E+03    0.1307702015E+03   -0.8449785111E+03
          43    0.1630204690E+03    0.1296908624E+03   -0.1320590562E+04
          44    0.1509599285E+03    0.1283779662E+03   -0.2946738663E+03
          45    0.1644196236E+03    0.1269913647E+03   -0.2548337784E+04
          46    0.1590656567E+03    0.1321052260E+03   -0.8991613497E+03
          47    0.1614499954E+03    0.1287170061E+03   -0.5517091050E+03
          48    0.1548902161E+03    0.1250901270E+03   -0.1001107442E+04
          49    0.1636288685E+03    0.1322288516E+03   -0.2401190455E+04
          50    0.1499543688E+03    0.1277388757E+03   -0.3487616120E+03
          51    0.1507586208E+03    0.1273608980E+03   -0.3443063243E+03
          52    0.1543889642E+03    0.1335609759E+03   -0.2727569504E+03
          53    0.1600074518E+03    0.1293000693E+03   -0.7636625206E+03
          54    0.1630598819E+03    0.1284084951E+03   -0.5540065624E+03
          55    0.1527885071E+03    0.1281866745E+03    0.4171974225E+03
          56    0.1631025629E+03    0.1294993282E+03   -0.1324817148E+04
          57    0.1612598638E+03    0.1273203347E+03   -0.6822557445E+03
          58    0.1569538545E+03    0.1326940584E+03   -0.5290981256E+03
          59    0.1496674336E+03    0.1279661138E+03   -0.3488450312E+03
          60    0.1629150889E+03    0.1284175556E+03   -0.5550975565E+03
          61    0.1496340386E+03    0.1279871589E+03   -0.3489098018E+03
          62    0.1496028804E+03    0.1280065378E+03   -0.3489132584E+03
          63    0.1606061577E+03    0.1307459114E+03   -0.1066771980E+04
          64    0.1549740849E+03    0.1249071260E+03   -0.1003530121E+04
          65    0.1627371049E+03    0.1259276170E+03   -0.8992841799E+03
          66    0.1623900340E+03    0.1327789489E+03   -0.7340431148E+03
          67    0.1564605121E+03    0.1299489391E+03    0.1556836303E+04
          68    0.1596419167E+03    0.1277319788E+03   -0.4722471626E+03
          69    0.1499589045E+03    0.1281800315E+03   -0.3480546629E+03
          70    0.1663467542E+03    0.1250743131E+03   -0.4789925051E+03
          71    0.1493501404E+03    0.1282082956E+03   -0.3480788396E+03
          72    0.1614685842E+03    0.1307009474E+03   -0.1124475058E+04
          73    0.1594148341E+03    0.1294870677E+03   -0.7949661491E+03
          74    0.1466896381E+03    0.1199409602E+03    0.4779252300E+03
          75    0.1622093822E+03    0.1282215958E+03   -0.6812286059E+03
          76    0.1677250908E+03    0.1304454160E+03    0.8445308350E+03
          77    0.1462525954E+03    0.1206574429E+03    0.4188133093E+03
          78    0.1622930268E+03    0.1286812216E+03   -0.5475577173E+03
          79    0.1625705031E+03    0.1286214918E+03   -0.5496049024E+03
          80    0.1625629960E+03    0.1286226805E+03   -0.5468160942E+03
          81    0.1574753502E+03    0.1249730365E+03   -0.8489619915E+03
          82    0.1498088270E+03    0.1274368321E+03   -0.3363743340E+03
          83    0.1620847571E+03    0.1318961895E+03   -0.4339138430E+03
          84    0.1616489128E+03    0.1266047231E+03   -0.6896325444E+03
          85    0.1680042389E+03    0.1307982814E+03   -0.8624973838E+03
          86    0.1687677328E+03    0.1241276181E+03   -0.5806712673E+03
          87    0.1633748546E+03    0.1289318993E+03   -0.1029543103E+04
          88    0.1605655500E+03    0.1276160522E+03   -0.5163080519E+03
          89    0.1636534670E+03    0.1277356527E+03   -0.5316281418E+03
          90    0.1623956648E+03    0.1286701758E+03   -0.5464159339E+03
          91    0.1629933473E+03    0.1281929959E+03   -0.5399856695E+03
          92    0.1623726020E+03    0.1286753274E+03   -0.5460442061E+03
          93    0.1623504653E+03    0.1286798647E+03   -0.5456655480E+03
          94    0.1609820769E+03    0.1305536560E+03   -0.1058094556E+04
          95    0.1638180211E+03    0.1277613564E+03   -0.5343039574E+03
          96    0.1633690899E+03    0.1269313047E+03   -0.4311232042E+03
          97    0.1623283619E+03    0.1286839956E+03   -0.5452660206E+03
          98    0.1648572011E+03    0.1238105602E+03   -0.4515055066E+03
          99    0.1623054047E+03    0.1286878615E+03   -0.5448282868E+03
         100    0.1654792030E+03    0.1271179092E+03   -0.5097196972E+03
