Model_ID, [(c_i,i=0,n)_j,j=1,ntask]
           1    0.3482454989E+01    0.4795634606E+02   -0.4639183373E+02
           2    0.3465614385E+01    0.4752520182E+02   -0.8891452312E+02
           3    0.3914840248E+01    0.4664262573E+02   -0.5981937522E+02
           4    0.4347553126E+01    0.4578088941E+02   -0.3623388898E+03
           5    0.3721020202E+01    0.4618012600E+02    0.4190104294E+02
           6    0.4187089494E+01    0.4639075714E+02   -0.5432072101E+02
           7    0.4346513472E+01    0.4571463803E+02    0.3633559600E+03
           8    0.3857466452E+01    0.4533991395E+02    0.5829046390E+02
           9    0.3860951192E+01    0.4671012685E+02   -0.4030918532E+02
          10    0.3908556988E+01    0.4510003948E+02    0.5338240319E+02
          11    0.3504171258E+01    0.4494572788E+02   -0.4591332988E+02
          12    0.3772068706E+01    0.4709725056E+02   -0.6397819809E+02
          13   -0.4329699386E+00    0.5571905593E+02   -0.2344205939E+02
          14    0.3987128412E+01    0.4662215100E+02   -0.6441018656E+02
          15    0.3695329211E+01    0.4736275213E+02   -0.4484304046E+02
          16    0.3957200843E+01    0.4731203195E+02   -0.6548628844E+02
          17    0.3544084646E+01    0.4267003302E+02    0.2520047999E+02
          18    0.4042856873E+01    0.4650303503E+02   -0.5114503611E+02
          19    0.3976851734E+01    0.4664678343E+02   -0.6432810976E+02
          20    0.3892617590E+01    0.4637282607E+02    0.6779552977E+02
          21    0.3888538271E+01    0.4684038788E+02   -0.6456502520E+02
          22    0.3982399766E+01    0.4662367938E+02   -0.6423614386E+02
          23    0.3738189987E+01    0.4722074665E+02   -0.6294285617E+02
          24    0.3980306310E+01    0.4662393433E+02   -0.6419477250E+02
          25   -0.1335510698E+01   -0.5699988912E+02   -0.2514742242E+02
          26    0.3978327977E+01    0.4662386308E+02   -0.6414990809E+02
          27    0.1675965291E+01    0.4821239071E+02   -0.2757438016E+02
          28    0.3984031208E+01    0.4660035579E+02   -0.6405299760E+02
          29   -0.8814574758E+00    0.5680273616E+02   -0.2375480288E+02
          30    0.4132775911E+01    0.4571684100E+02   -0.1450187687E+03
          31    0.1681704166E+01    0.4827870433E+02   -0.2755223601E+02
          32    0.3791529727E+01    0.4653420473E+02   -0.1032629877E+03
          33    0.4016630945E+01    0.4654693743E+02   -0.5025904212E+02
          34    0.1990055109E+01    0.3945874999E+02    0.1752309456E+02
          35    0.4017242846E+01    0.4656755721E+02   -0.5089429348E+02
          36    0.4087115367E+01    0.4636286607E+02   -0.6329971485E+02
          37    0.4066711853E+01    0.4718837946E+02   -0.7733047254E+02
          38    0.3975074570E+01    0.4662123713E+02   -0.6393230668E+02
          39    0.3862606437E+01    0.4693878563E+02   -0.3288321848E+02
          40    0.2410027939E+01    0.4582268088E+02   -0.2720523843E+02
          41    0.4020834606E+01    0.4662034452E+02   -0.2952774058E+02
          42    0.3785241136E+01    0.4653943207E+02   -0.1030508097E+03
          43    0.3774275486E+01    0.4657695595E+02   -0.1031070440E+03
          44    0.3813618385E+01    0.4642764561E+02   -0.6121228565E+02
          45    0.3333779815E+01    0.4469230549E+02   -0.6592626878E+02
          46    0.3331160622E+01    0.4413728308E+02    0.3169465559E+02
          47    0.3774767525E+01    0.4656503661E+02   -0.1030109558E+03
          48    0.4035407491E+01    0.4720678842E+02   -0.5565753388E+02
          49    0.3782281864E+01    0.4654109033E+02   -0.1029148870E+03
          50    0.3777289391E+01    0.4656142909E+02   -0.1029635514E+03
          51    0.3783476164E+01    0.4654050180E+02   -0.1028778139E+03
          52    0.3872895334E+01    0.4603824026E+02   -0.6906207488E+02
          53   -0.2831002930E+00    0.5569784411E+02   -0.2289657316E+02
          54    0.3955363278E+01    0.4634478077E+02    0.5830973288E+02
          55    0.3772972654E+01    0.4403712747E+02   -0.5026734433E+02
          56    0.3781171175E+01    0.4654147244E+02   -0.1028199477E+03
          57    0.3969319661E+01    0.4638579132E+02    0.5779849586E+02
          58    0.3953795243E+01    0.4660807536E+02   -0.3579508261E+02
          59    0.3780842424E+01    0.4654158550E+02   -0.1028108674E+03
          60    0.4385898524E+01    0.4526630401E+02   -0.7870275925E+02
          61    0.3893203518E+01    0.4697490702E+02   -0.5412441826E+02
          62    0.3114395138E+01    0.4422802374E+02   -0.1891517397E+02
          63    0.3697877431E+01    0.4730940379E+02   -0.4726210316E+02
          64    0.3928587612E+01    0.4622351041E+02    0.5935275847E+02
          65    0.3886397823E+01    0.4698909787E+02   -0.5401478640E+02
          66    0.4050064545E+01    0.4733195097E+02   -0.5538287755E+02
          67    0.3792289836E+01    0.4285667553E+02    0.4015867091E+02
          68    0.3982874927E+01    0.4677029085E+02   -0.5416464763E+02
          69    0.3832846406E+01    0.4641604484E+02   -0.1020662933E+03
          70    0.4159536530E+01    0.4627727635E+02   -0.9298505660E+02
          71    0.2119698469E+01    0.1540721528E+03   -0.1954114886E+02
          72   -0.2668534613E+00    0.5577687950E+02   -0.2266317746E+02
          73    0.3673970217E+01    0.4635709896E+02    0.3699923643E+02
          74    0.3908716245E+01    0.4617048450E+02   -0.8485785692E+02
          75    0.3880114558E+01    0.4544261561E+02    0.9325666523E+02
          76   -0.5292647046E+00    0.5635557639E+02   -0.2290908708E+02
          77    0.1497278829E+01    0.4771256993E+02   -0.2894391562E+02
          78    0.3738452163E+01    0.4618006180E+02   -0.4387688754E+02
          79    0.3805544433E+01    0.4697861067E+02   -0.3470202880E+02
          80    0.4090614709E+01    0.4652751869E+02   -0.5401238451E+02
          81   -0.2154214147E+00    0.5567593210E+02   -0.2257233100E+02
          82    0.3668201344E+01    0.4652706411E+02    0.3407585886E+02
          83    0.3860170435E+01    0.4676242396E+02   -0.5766658727E+02
          84   -0.5232054010E+00    0.5615646197E+02   -0.2315880485E+02
          85   -0.6562994042E+00    0.5651143958E+02   -0.2322371672E+02
          86    0.3822067486E+01    0.4641941220E+02   -0.8380288149E+02
          87    0.3628337486E+01    0.4610437360E+02   -0.8774059199E+02
          88    0.3910113982E+01    0.4602204309E+02   -0.6024443169E+02
          89    0.4079910842E+01    0.4655546297E+02   -0.5398452002E+02
          90    0.4082544545E+01    0.4655183347E+02   -0.5396034479E+02
          91    0.3894515174E+01    0.4626827205E+02   -0.1010801793E+03
          92    0.4056322907E+01    0.4589683508E+02   -0.8434828286E+02
          93    0.3939261172E+01    0.4683400121E+02   -0.2982342346E+02
          94    0.4082659311E+01    0.4654594455E+02   -0.5393300120E+02
          95    0.4826677863E+01    0.4271290759E+02    0.8059324745E+02
          96    0.4087132897E+01    0.4652701190E+02   -0.5389477168E+02
          97    0.4014481407E+01    0.4669590066E+02   -0.5412114926E+02
          98    0.4007655270E+01    0.4671183191E+02   -0.5413541507E+02
          99   -0.5521053775E+00    0.5619736027E+02   -0.2320119428E+02
         100    0.4010209898E+01    0.4580088115E+02    0.8614838231E+02
