Model_ID, [(c_i,i=0,n)_j,j=1,ntask]
           1    0.1538193206E+03    0.1262012686E+03    0.1090477405E+04
           2    0.1547215763E+03    0.1252023910E+03    0.1127276342E+04
           3    0.2562162647E+03    0.1984374612E+03   -0.1536120579E+04
           4    0.1532540372E+03    0.1240769601E+03    0.1121977167E+04
           5    0.2238278619E+03    0.1012665488E+03    0.7298026152E+03
           6    0.1553241842E+03    0.1189647544E+03   -0.9846081750E+03
           7    0.1525542048E+03    0.1249053809E+03    0.1072989633E+04
           8    0.1536230648E+03   -0.1243631643E+03    0.1148447179E+04
           9    0.2557541692E+03    0.1957020530E+03   -0.1501705961E+04
          10    0.2239384703E+03    0.9523493149E+02    0.6303837573E+03
          11    0.1554960116E+03    0.1357486533E+03   -0.9814474374E+03
          12    0.2010706096E+03    0.1549191749E+03   -0.1198294518E+04
          13    0.1531071237E+03    0.1237957995E+03   -0.2930305903E+03
          14    0.1567252869E+03    0.1342795274E+03   -0.9717567986E+03
          15    0.1711399280E+03    0.1344173997E+03    0.2471393827E+03
          16    0.2033427010E+03    0.1529547642E+03   -0.1124810868E+04
          17    0.1504592322E+03    0.1199646501E+03   -0.9855027940E+03
          18    0.1571611780E+03    0.1351490043E+03   -0.9205459039E+03
          19    0.1458173135E+03    0.1040995032E+03   -0.3143584704E+03
          20    0.1565765809E+03    0.1362484129E+03   -0.9903227165E+03
          21    0.1232162341E+03    0.9652749162E+02    0.5877508337E+03
          22    0.1572956828E+03    0.1342469371E+03   -0.9430493194E+03
          23    0.1993442124E+03    0.1521585558E+03   -0.1225739592E+04
          24    0.1579889800E+03    0.1342013188E+03   -0.9443729134E+03
          25    0.1459061827E+03    0.1051833171E+03    0.4626362813E+03
          26    0.1583519540E+03    0.1338407248E+03   -0.9422285086E+03
          27    0.1447398991E+03    0.1044747960E+03    0.6040458643E+03
          28    0.1604940044E+03    0.1272770515E+03    0.4345516441E+03
          29    0.1540146108E+03    0.1223155283E+03    0.1076352185E+04
          30    0.1534131509E+03    0.1245648108E+03    0.9687517474E+03
          31    0.2010554703E+03    0.1548205315E+03   -0.1199694848E+04
          32    0.1461582119E+03    0.1035269126E+03    0.3188391478E+03
          33    0.1461345523E+03    0.1039464034E+03    0.3800461727E+03
          34    0.1534491584E+03    0.1244833441E+03    0.4848489056E+03
          35    0.1565523493E+03    0.1336257156E+03   -0.9447666097E+03
          36    0.1225587549E+03    0.9741330459E+02   -0.9227394899E+03
          37    0.1578884186E+03    0.1340998259E+03   -0.9410646028E+03
          38    0.1589452624E+03    0.1276989751E+03   -0.8951035801E+03
          39    0.1545894105E+03    0.1227136027E+03    0.1070435781E+04
          40    0.1545780043E+03    0.1238539410E+03    0.8883746188E+03
          41    0.1605785439E+03   -0.1308478727E+03    0.4336403548E+03
          42    0.2017480489E+03    0.1541552433E+03   -0.1195205161E+04
          43    0.1557612747E+03    0.1231589953E+03    0.8895776481E+03
          44    0.1576240022E+03    0.1342688795E+03   -0.9408848891E+03
          45    0.2050431741E+03    0.1549696233E+03   -0.1069658246E+04
          46    0.1554619489E+03    0.1220188798E+03   -0.2917651645E+03
          47    0.1575138484E+03    0.1343122160E+03   -0.9399629600E+03
          48    0.1551326990E+03    0.1228816921E+03    0.8955732314E+03
          49    0.1552115802E+03    0.1227706930E+03    0.8951885573E+03
          50    0.1575033541E+03    0.1343159671E+03   -0.9398504715E+03
          51    0.1574928738E+03    0.1343196466E+03   -0.9397337838E+03
          52    0.1585661411E+03    0.1336304133E+03   -0.9312784451E+03
          53    0.1671838593E+03    0.1238769337E+03    0.2453442375E+03
          54    0.1542212007E+03    0.1238195110E+03    0.8687998919E+03
          55    0.1573845287E+03    0.1343537207E+03   -0.9382685131E+03
          56    0.1574025272E+03    0.1165023462E+03    0.3812161800E+03
          57    0.1451615275E+03    0.1034612239E+03    0.3305494520E+03
          58    0.1554652888E+03    0.1233000396E+03    0.9370160906E+03
          59    0.1246109511E+03    0.9588288989E+02   -0.3000782857E+03
          60    0.2584236346E+03    0.2041636574E+03    0.1874647934E+04
          61    0.2032307890E+03    0.1514920178E+03   -0.1762761675E+04
          62    0.1547025968E+03    0.1155280989E+03    0.2034048194E+04
          63    0.1509767975E+03    0.1217831423E+03   -0.9840714530E+03
          64    0.1585278155E+03    0.1336201519E+03   -0.9275989571E+03
          65    0.2000120694E+03    0.1514270874E+03   -0.1223702159E+04
          66    0.1604032953E+03    0.1256914554E+03   -0.2902835325E+03
          67    0.1571339070E+03    0.1344518615E+03   -0.9339439336E+03
          68    0.2571130119E+03    0.2108414091E+03    0.1251442027E+04
          69    0.1518116492E+03    0.1191071696E+03   -0.1279529453E+04
          70    0.1249000232E+03    0.9579583155E+02    0.3638224373E+03
          71    0.1993535136E+03    0.1519551494E+03   -0.1221356846E+04
          72    0.1522715195E+03    0.1191453356E+03   -0.2150780031E+04
          73    0.1561392421E+03    0.1169379943E+03    0.6012850191E+03
          74    0.2519538654E+03   -0.2091571238E+03   -0.1489339992E+04
          75    0.1606314365E+03    0.1256335480E+03    0.3528706887E+03
          76    0.1239803496E+03    0.9545422999E+02    0.3182578059E+03
          77    0.1580592982E+03   -0.1196367164E+03    0.6783207074E+03
          78    0.1594321254E+03    0.1261628381E+03    0.5589092661E+03
          79    0.1542215419E+03    0.1291655146E+03   -0.8066503026E+03
          80    0.1542539022E+03   -0.1227850650E+03    0.1077409863E+04
          81    0.2553454973E+03    0.1989053729E+03    0.3478262428E+04
          82    0.2798199743E+03    0.1353832664E+03   -0.1261915591E+04
          83    0.1570439394E+03    0.1345776705E+03   -0.1049274875E+04
          84    0.1576679784E+03    0.1370193804E+03   -0.3587616695E+03
          85    0.2234167661E+03    0.9962964757E+02    0.3910638989E+03
          86    0.1890252792E+03    0.1647455417E+03   -0.1343849464E+04
          87    0.2059130264E+03    0.1549697093E+03   -0.1681942574E+04
          88    0.1480186953E+03    0.1019115704E+03    0.3178225639E+03
          89    0.1572489006E+03    0.1163502063E+03   -0.3103271239E+03
          90    0.2647717375E+03    0.2082894899E+03   -0.8965618215E+03
          91    0.1250662866E+03    0.9535599689E+02    0.3038968805E+03
          92    0.1509345780E+03    0.1159279267E+03    0.1115017630E+04
          93    0.1585700816E+03    0.1339399063E+03   -0.3473620033E+03
          94    0.1572627707E+03   -0.1194089783E+03    0.3720501884E+03
          95    0.1578794812E+03    0.1159453959E+03   -0.8866514302E+03
          96    0.2563687509E+03    0.1943387500E+03   -0.1496911258E+04
          97    0.2384625726E+03    0.2102356680E+03   -0.1494947298E+04
          98    0.1538249857E+03   -0.1249724995E+03    0.4995934111E+03
          99    0.1513857788E+03    0.1186037896E+03   -0.1273022945E+04
         100    0.2247188419E+03    0.1000176889E+03   -0.3661187093E+03
