        Rank        RMSE       MaxAE  Feature_ID
           1    9.489989   30.628920  (    8274   11762)
           2    9.626990   30.778957  (    8274   15185)
           3    9.700741   29.451039  (    5552   11762)
           4    9.848031   30.694406  (    6240   15185)
           5    9.873561   29.368951  (    5552   15185)
           6    9.891839   30.489041  (       1   10001)
           7    9.898384   30.476000  (    7896   11762)
           8    9.899683   29.102923  (       1   10006)
           9    9.899948   30.693750  (    6240   11762)
          10    9.961521   27.876383  (    8900   11762)
          11    9.965416   28.491756  (    4845   10002)
          12    9.970887   27.822298  (    8900   15185)
          13    9.977132   33.504156  (     107   10029)
          14    9.986050   30.243006  (    9403   10790)
          15    9.988343   32.600617  (     107   10048)
          16    9.997814   33.648968  (     107   10003)
          17   10.005867   29.624801  (       1   10004)
          18   10.008720   29.073549  (       1   10009)
          19   10.030325   30.631427  (    7896   15185)
          20   10.034522   33.258767  (     107   10016)
          21   10.037765   31.089725  (       1   10046)
          22   10.045981   33.557066  (     107   10047)
          23   10.048054   33.499979  (     107   10093)
          24   10.052094   33.499265  (     107   10086)
          25   10.052672   27.913453  (    2877   12617)
          26   10.053379   33.413740  (     107   10069)
          27   10.059754   33.473332  (     107   10053)
          28   10.061436   33.482651  (     107   10085)
          29   10.061596   33.431543  (     107   10162)
          30   10.062271   31.632546  (       1   12421)
          31   10.063255   28.561693  (     478   10002)
          32   10.083025   29.616624  (    4845   10790)
          33   10.083257   32.517806  (     707   10029)
          34   10.083444   29.049818  (     567   12617)
          35   10.086249   32.990572  (     107   10112)
          36   10.094100   33.523660  (       3   12421)
          37   10.094326   30.475548  (     107   10317)
          38   10.097756   28.901380  (    9403   10002)
          39   10.103183   34.395757  (     107   10005)
          40   10.109967   28.375491  (    9403   13695)
          41   10.110974   33.344938  (     107   10097)
          42   10.114422   33.716366  (     107   10128)
          43   10.118498   33.278564  (     107   10205)
          44   10.120573   30.261832  (    1208   10081)
          45   10.122634   27.405449  (    1771   15518)
          46   10.123375   28.593253  (     587   10002)
          47   10.124609   33.362965  (     107   10210)
          48   10.125170   29.548050  (    1318   12617)
          49   10.129812   32.598710  (     707   10047)
          50   10.131773   32.568407  (     707   10003)
          51   10.140492   33.653674  (     107   10014)
          52   10.142624   28.520279  (     478   10952)
          53   10.144145   28.090185  (     707   12104)
          54   10.148863   29.261138  (     219   10002)
          55   10.149507   31.533135  (     107   10017)
          56   10.151272   30.095529  (    4271   10002)
          57   10.155394   34.340150  (     107   10011)
          58   10.160471   33.465119  (     155   10003)
          59   10.162219   31.162392  (    2078   10002)
          60   10.162529   30.149901  (    1208   10044)
          61   10.163144   32.083260  (     707   10028)
          62   10.163466   30.140289  (     707   10071)
          63   10.163484   31.763294  (     107   10001)
          64   10.163960   29.324951  (     234   10002)
          65   10.164268   32.516222  (     707   10053)
          66   10.164461   29.975702  (    2305   10002)
          67   10.164817   33.133163  (     107   10028)
          68   10.166363   32.585152  (    5912   11928)
          69   10.166921   31.922473  (    5215   19455)
          70   10.168043   34.360386  (     107   10024)
          71   10.168099   32.428960  (     707   10069)
          72   10.171662   34.388365  (     107   10010)
          73   10.172743   34.352963  (     107   10021)
          74   10.173217   28.673431  (       1   10025)
          75   10.173436   27.129668  (    4845   17195)
          76   10.175964   34.310323  (     107   10036)
          77   10.176215   31.267030  (     155   10071)
          78   10.176474   32.078377  (    4321   14338)
          79   10.178141   29.229109  (    1208   10050)
          80   10.178797   32.415749  (     155   10048)
          81   10.180038   33.307341  (     155   10029)
          82   10.180680   32.658411  (    6235   11928)
          83   10.180735   34.334255  (     107   10020)
          84   10.180802   26.158203  (    4845   10610)
          85   10.182049   34.155752  (     271   10002)
          86   10.183180   31.310501  (     107   10071)
          87   10.184310   34.316879  (     107   10008)
          88   10.185507   29.281339  (    1208   10104)
          89   10.189039   32.660078  (    6572   11928)
          90   10.192550   34.615336  (     107   10022)
          91   10.193483   33.286413  (     107   10432)
          92   10.194394   28.643217  (    1208   10065)
          93   10.196129   34.252915  (     107   10041)
          94   10.197970   32.488978  (     707   10086)
          95   10.198632   32.483042  (     707   10085)
          96   10.198892   33.080756  (     155   10028)
          97   10.199594   33.058573  (     107   10462)
          98   10.199801   33.096871  (     155   10016)
          99   10.199938   30.135204  (    1208   10127)
         100   10.200479   36.748053  (    3524   10028)
