     Index              y_true              y_pred        descriptor_1        descriptor_2
         1    0.6524000000E+02    0.5644011015E+02   -0.1210232600E+00   -0.3989940041E-02
         2    0.5100000000E+02    0.4618668217E+02   -0.2473343200E+00   -0.1262276689E-04
         3    0.5301000000E+02    0.4743629162E+02   -0.2189752800E+00   -0.8839273766E-04
         4    0.3187000000E+02    0.2569028373E+02   -0.8224999900E+00   -0.2239933804E-02
         5    0.3120000000E+02    0.2251039588E+02   -0.8433872200E+00   -0.4296805344E-03
         6    0.2548000000E+02    0.3033316458E+02   -0.1046746500E+01   -0.1291828540E-01
         7    0.2622000000E+02    0.3479063117E+02   -0.5655734700E+00   -0.1201981884E-02
         8    0.3007000000E+02    0.2919113547E+02   -0.6763137800E+00   -0.3471645859E-03
         9    0.7420000000E+02    0.5976819301E+02   -0.2277946500E+00   -0.9941932649E-02
        10    0.6029000000E+02    0.5293121852E+02   -0.7453218000E-01    0.2010543306E-03
        11    0.8285000000E+02    0.7568506966E+02    0.4732539800E+00   -0.1880974139E-03
        12    0.1845000000E+02    0.1537684378E+02   -0.6335135600E+00    0.1172924786E-01
        13    0.2681000000E+02    0.2779350944E+02   -0.7705059500E+00   -0.2233004763E-02
        14    0.3200000000E+01    0.1559495156E+02   -0.1000000000E+01    0.0000000000E+00
        15    0.4307000000E+02    0.5850541010E+02    0.7690760000E-02   -0.1533623830E-02
        16    0.2680000000E+02    0.2073115643E+02   -0.8583043200E+00    0.4813236068E-03
        17    0.4460000000E+02    0.3467060539E+02   -0.4170570800E+00    0.3575790819E-02
        18    0.6660000000E+02    0.7122877128E+02    0.3705774800E+00    0.3341375150E-04
        19    0.1790000000E+02    0.3650419721E+02   -0.4654027700E+00    0.6271179591E-03
        20    0.2067000000E+02    0.1829627426E+02   -0.9335024900E+00    0.0000000000E+00
        21    0.1790000000E+02    0.2373447376E+02   -0.7966603000E+00    0.9374261216E-04
        22    0.3615000000E+02    0.2881673911E+02   -0.5788411900E+00    0.3018070934E-02
        23    0.6276000000E+02    0.7110345982E+02   -0.2798233000E+00   -0.2038454356E-01
        24    0.2796000000E+02    0.2471252506E+02   -0.8077065400E+00   -0.1014111045E-02
        25    0.4263000000E+02    0.6254167234E+02    0.1541568000E+00   -0.4775842764E-04
        26    0.2045000000E+02    0.1601060847E+02   -0.9071722300E+00    0.2605273459E-02
        27    0.5060000000E+01    0.1228423837E+02   -0.9180438200E+00    0.5155772149E-02
        28    0.6511000000E+02    0.5768702736E+02    0.4285772000E-01    0.2110794181E-03
        29    0.1850000000E+02    0.2342780721E+02   -0.8071813500E+00    0.0000000000E+00
        30    0.5646000000E+02    0.7344999847E+02    0.3376948000E+00   -0.2728504672E-02
        31    0.4216000000E+02    0.3756893074E+02   -0.4500013400E+00    0.2861834114E-03
        32    0.2551000000E+02    0.2760758226E+02   -0.7002770000E+00    0.1265578873E-03
        33    0.2817000000E+02    0.3115497145E+02   -0.7604691600E+00   -0.4526494833E-02
        34    0.6056000000E+02    0.5988127978E+02   -0.4192450300E+00   -0.1606856223E-01
        35    0.5015000000E+02    0.3572160055E+02   -0.5108809600E+00   -0.1997141859E-03
        36    0.9080000000E+02    0.7278298088E+02    0.3778279900E+00   -0.9446847166E-03
        37    0.1464000000E+02    0.2959602818E+02   -0.4616280000E+00    0.6110171605E-02
        38    0.5090000000E+02    0.5925040429E+02    0.7415093000E-01   -0.1577066136E-04
        39    0.8872000000E+02    0.8504134407E+02    0.2768516100E+00   -0.1364798566E-01
        40    0.7737000000E+02    0.7674224077E+02    0.5091468000E+00    0.1231894200E-03
        41    0.2720000000E+02    0.2063692816E+02   -0.9704803900E+00   -0.2983823130E-02
        42    0.6900000000E+02    0.6827226353E+02    0.3414674400E+00    0.1410851131E-02
