Model_ID, [(c_i,i=0,n)_j,j=1,ntask]
           1    0.1838489055E+03   -0.1216056711E+03    0.9049829669E+03
           2    0.1866914510E+03   -0.1176113373E+03   -0.1166706496E+04
           3    0.1898498357E+03   -0.1170270204E+03   -0.9162088253E+03
           4    0.1791919472E+03   -0.1177987780E+03   -0.6554126490E+03
           5    0.1869434427E+03   -0.1196126559E+03   -0.8818886902E+03
           6    0.1870113653E+03   -0.1144244819E+03   -0.9452312221E+03
           7    0.1861840879E+03   -0.1195374860E+03    0.1165375070E+04
           8    0.1874465069E+03   -0.1216507855E+03    0.1164442433E+04
           9    0.1886346459E+03   -0.1144987774E+03   -0.8657924707E+03
          10    0.1829081283E+03   -0.1192271233E+03    0.1103546020E+04
          11    0.1860602793E+03   -0.1133551658E+03    0.5695177645E+03
          12    0.1888089027E+03   -0.1139161380E+03   -0.8801209489E+03
          13    0.1919186121E+03   -0.1109493535E+03   -0.8551896944E+03
          14    0.1886095877E+03   -0.1128319583E+03   -0.8804427279E+03
          15    0.1875097626E+03   -0.1155647369E+03   -0.1372031087E+04
          16    0.1829147091E+03   -0.1182365803E+03    0.8008459083E+03
          17    0.1869432352E+03   -0.1214053567E+03    0.1474626813E+04
          18    0.1882255512E+03   -0.1145140542E+03   -0.9332667076E+03
          19    0.1861505952E+03   -0.1130816086E+03    0.1146911576E+04
          20    0.1831364363E+03   -0.1190457467E+03    0.2840761562E+04
          21    0.1931599230E+03   -0.1090382353E+03   -0.8201770181E+03
          22    0.1835754737E+03   -0.1197255833E+03   -0.8124691275E+03
          23    0.1837683828E+03   -0.1179026860E+03    0.1226919170E+04
          24    0.1855048662E+03   -0.1117476396E+03    0.1042531491E+04
          25    0.1884290409E+03   -0.1147934946E+03   -0.3152698347E+04
          26    0.1794468016E+03   -0.1172696300E+03   -0.6629771833E+03
          27    0.1818412676E+03   -0.1198653644E+03    0.1060244639E+04
          28    0.1890468079E+03   -0.1140901708E+03   -0.7800017302E+03
          29    0.1862653184E+03   -0.1144774846E+03   -0.5172576905E+03
          30    0.1902887738E+03   -0.1161617675E+03   -0.9237569739E+03
          31    0.1796579513E+03   -0.1191850132E+03    0.8233898220E+03
          32    0.1856978830E+03   -0.1109875437E+03    0.1346875551E+04
          33    0.1876586868E+03   -0.1150204037E+03   -0.6980671788E+03
          34    0.1885574801E+03   -0.1229893993E+03    0.8343546594E+03
          35    0.1902812008E+03   -0.1120540142E+03   -0.8621131342E+03
          36    0.1880984928E+03   -0.1154608352E+03   -0.7530788437E+03
          37    0.1770979484E+03   -0.1208600050E+03    0.6876591213E+03
          38    0.1863330649E+03   -0.1091577869E+03    0.1442110726E+04
          39    0.1856312438E+03   -0.1145087278E+03    0.6517715396E+03
          40    0.1888559555E+03   -0.1131688385E+03   -0.8810507951E+03
          41    0.1890983774E+03   -0.1130076191E+03   -0.8810588493E+03
          42    0.1846833282E+03   -0.1208636246E+03   -0.2399767559E+03
          43    0.1795840358E+03    0.1210108237E+03    0.1063800427E+04
          44    0.1904975843E+03   -0.1120445556E+03   -0.8621270181E+03
          45    0.1890205691E+03   -0.1130432190E+03   -0.8800752975E+03
          46    0.1890082135E+03   -0.1130487061E+03   -0.8799003008E+03
          47    0.1898979556E+03   -0.1152890336E+03   -0.1133109918E+04
          48    0.1889958585E+03   -0.1130541476E+03   -0.8797201549E+03
          49    0.1823230661E+03   -0.1166053665E+03   -0.3475695846E+03
          50    0.1889180729E+03   -0.1130873623E+03   -0.8784675599E+03
          51    0.1871532966E+03   -0.1164880318E+03   -0.1159563236E+04
          52    0.1891595404E+03   -0.1129247010E+03   -0.8782420502E+03
          53    0.1906930599E+03   -0.1119767377E+03   -0.8525790226E+03
          54    0.1868245930E+03   -0.1148528073E+03   -0.6830085497E+03
          55    0.1868610166E+03   -0.1156875626E+03   -0.6982319151E+03
          56    0.1848064594E+03   -0.1135625685E+03    0.1002138540E+04
          57    0.1930724619E+03   -0.1181641486E+03   -0.2526997219E+03
          58    0.1872188273E+03   -0.1140228290E+03   -0.3097561721E+04
          59    0.1835570368E+03   -0.1304995796E+03   -0.8536052339E+03
          60    0.1823398493E+03   -0.1181838283E+03    0.3431213686E+04
          61    0.1860939315E+03   -0.1231773823E+03    0.3411417614E+04
          62    0.1906074176E+03   -0.1207061040E+03   -0.4112031174E+03
          63    0.1910262974E+03   -0.1152281416E+03   -0.1084826297E+04
          64    0.1606115253E+03    0.7888770882E+02    0.7237971992E+03
          65    0.1862688816E+03   -0.1152714218E+03   -0.6880326509E+03
          66    0.1853327786E+03   -0.1144660802E+03   -0.7928249616E+03
          67    0.1891741492E+03   -0.1133602444E+03   -0.8929537829E+03
          68    0.1796039082E+03   -0.1197731773E+03    0.3019535169E+04
          69    0.1833332832E+03   -0.1199163605E+03    0.6839573956E+03
          70    0.1855604002E+03   -0.1144679707E+03   -0.6259968733E+03
          71    0.1858968312E+03   -0.1133848315E+03   -0.1451437856E+04
          72    0.1923989762E+03   -0.1208854996E+03    0.5033870058E+03
          73    0.1897725300E+03   -0.1156517688E+03   -0.9370562930E+03
          74    0.1876012548E+03   -0.1135826130E+03   -0.8573744785E+03
          75    0.1890596477E+03   -0.1208452608E+03   -0.2382172842E+03
          76    0.1826654608E+03   -0.1208482802E+03    0.3078618276E+03
          77    0.1932672932E+03   -0.1128081418E+03   -0.8828180872E+03
          78    0.1830798781E+03   -0.1183419045E+03   -0.2250261416E+04
          79    0.1901611276E+03   -0.1187775196E+03   -0.3446656315E+03
          80    0.1892607537E+03   -0.1221506056E+03    0.1072066340E+04
          81    0.1841032895E+03   -0.1131495276E+03    0.1224262416E+04
          82    0.1797913939E+03    0.1200733139E+03    0.1087994686E+04
          83    0.1855412829E+03   -0.1116734100E+03    0.1462562463E+04
          84    0.1838378976E+03   -0.1156061107E+03   -0.6614524769E+03
          85    0.1839376362E+03   -0.1185693656E+03   -0.1073542606E+04
          86    0.1795312968E+03   -0.1144914282E+03   -0.6159838408E+03
          87    0.1940540099E+03   -0.1200989669E+03    0.3206754698E+03
          88    0.1833339808E+03   -0.1186234409E+03   -0.1009717551E+04
          89    0.1903904279E+03   -0.1121835368E+03   -0.8632074726E+03
          90    0.1850015483E+03   -0.1222319698E+03   -0.3474749472E+03
          91    0.1846198200E+03   -0.1163991345E+03    0.7271964642E+03
          92    0.1874450324E+03   -0.1134361937E+03   -0.9404575899E+03
          93    0.1859364362E+03   -0.1150422806E+03   -0.1075383750E+04
          94    0.1806755052E+03   -0.1183614860E+03   -0.5257921847E+03
          95    0.1845250390E+03   -0.1199423271E+03    0.3118354337E+04
          96    0.1876245793E+03   -0.1158487574E+03    0.1224058181E+04
          97    0.1914658749E+03   -0.1115249267E+03   -0.8260979182E+03
          98    0.1959154533E+03   -0.1057366405E+03   -0.7796794608E+03
          99    0.1851467805E+03   -0.1146152592E+03    0.3215385348E+04
         100    0.1852787458E+03   -0.1143003724E+03    0.1018306197E+04
