     Index              y_true              y_pred        descriptor_1        descriptor_2
         1    0.1546000000E+02    0.1140831549E+02    0.2331542200E+00   -0.1513066800E+00
         2    0.1560000000E+01   -0.2145882534E+01   -0.2106264600E+00   -0.1316915800E+00
         3    0.7530000000E+01    0.1395181056E+02    0.1954897000E+00   -0.3700199800E+00
         4    0.2141000000E+02    0.2264923827E+02    0.4712392600E+00   -0.3986344600E+00
         5    0.5650000000E+01    0.4214570309E+01    0.4695600000E-02   -0.1283201000E+00
         6    0.1799000000E+02    0.2025101320E+02    0.3184613600E+00   -0.5271919900E+00
         7    0.2309000000E+02    0.1915518493E+02    0.3331728000E+00   -0.4356575400E+00
         8    0.3850000000E+02    0.2985649995E+02    0.8831809200E+00   -0.9619718000E-01
         9    0.5980000000E+01    0.6481754141E+01    0.8879780000E-02   -0.2561421200E+00
        10    0.4660000000E+01    0.7683018198E+01    0.6041618000E-01   -0.2361792000E+00
        11    0.2977000000E+02    0.2689573264E+02    0.6603948000E+00   -0.3156667600E+00
        12    0.4390000000E+01    0.5229632912E+01   -0.1970863000E-01   -0.2322696700E+00
        13    0.2305000000E+02    0.2531717803E+02    0.8084548500E+00    0.4175936000E-01
        14    0.6140000000E+01    0.5594080926E+01   -0.4410000000E-02   -0.2268120900E+00
        15    0.6070000000E+01    0.5817477506E+01   -0.2416995600E+00   -0.6620375500E+00
        16    0.1002000000E+02    0.1955453305E+02    0.5538822800E+00   -0.6706452000E-01
        17    0.7350000000E+01    0.4239341279E+01   -0.9127552000E-01   -0.3004332500E+00
        18    0.1040000000E+01    0.3214506988E+01   -0.2181166800E+00   -0.4648128700E+00
        19    0.4660000000E+01    0.9010735006E+01    0.1890600000E-01   -0.3891960300E+00
        20    0.4360000000E+01    0.7040970108E+01    0.1114189000E+00   -0.1071921400E+00
        21    0.2613000000E+02    0.2161036672E+02    0.3818632500E+00   -0.4955641000E+00
        22    0.4060000000E+01    0.5517604104E+01   -0.2740650000E-02   -0.2192813600E+00
        23    0.2347000000E+02    0.2547306305E+02    0.7450356900E+00   -0.8029920000E-01
        24    0.4200000000E+00   -0.5798670651E+00    0.1028251800E+00    0.3321916800E+00
        25    0.3600000000E+01    0.6451293842E+01   -0.2630061000E-01   -0.3168750800E+00
        26    0.1316000000E+02    0.1259116982E+02    0.8296780000E-01   -0.4889057600E+00
        27    0.1262000000E+02    0.1560424982E+02    0.3362175600E+00   -0.2183932600E+00
        28    0.2638000000E+02    0.1865785685E+02    0.5599608800E+00   -0.2760660000E-02
        29    0.4090000000E+02    0.2829019024E+02    0.6875407500E+00   -0.3505957500E+00
        30    0.1337000000E+02    0.1595552433E+02    0.3706439800E+00   -0.1781408000E+00
        31    0.1128000000E+02    0.1136884761E+02    0.1392076800E+00   -0.3159876300E+00
        32    0.6650000000E+01    0.9547243005E+01    0.3406012000E-01   -0.3942605800E+00
        33    0.2455000000E+02    0.1803179546E+02    0.3048606000E+00   -0.4189742000E+00
        34    0.1000000000E+00    0.1277099790E+01   -0.2170000000E-01    0.0000000000E+00
        35    0.1576000000E+02    0.1564962707E+02    0.2701017900E+00   -0.3386534000E+00
        36    0.2600000000E+01    0.5689378691E+01    0.3239304000E-01   -0.1670623200E+00
        37    0.3366000000E+02    0.3604639638E+02    0.1108977360E+01   -0.6402691000E-01
        38    0.3140000000E+01   -0.2057478192E+01   -0.2775432600E+00   -0.2559429600E+00
        39    0.2213000000E+02    0.2001938808E+02    0.3854265800E+00   -0.3943098900E+00
        40    0.2492000000E+02    0.3600876873E+02    0.9342945000E+00   -0.3723656900E+00
        41    0.2218000000E+02    0.2343296699E+02    0.5028612800E+00   -0.3891686400E+00
        42    0.9540000000E+01    0.9294803727E+01    0.9720308000E-01   -0.2669326200E+00
