        Rank        RMSE       MaxAE  Feature_ID
           1   24.498510   80.810920  (    3693   10421)
           2   24.520557   62.868262  (    3440   15821)
           3   24.529218   62.668462  (    3326   15821)
           4   24.599092   82.536266  (    3872   10421)
           5   24.742399   92.346246  (     414   10421)
           6   24.861422   75.685220  (    3693   11366)
           7   24.865923   76.997153  (    3693   11799)
           8   24.891619   93.842497  (    1465   10421)
           9   24.916322   63.257762  (    4450   15821)
          10   24.966235   89.028214  (    1465   11366)
          11   25.017636   95.207100  (    1623   10421)
          12   25.045669   91.590889  (     509   10421)
          13   25.067461   94.221940  (     839   10421)
          14   25.068083   60.193750  (    9084   19204)
          15   25.068194   92.104710  (     643   10421)
          16   25.076953   93.067352  (     786   10421)
          17   25.095713   90.365960  (     859   11366)
          18   25.104788   93.054240  (     433   10421)
          19   25.129711   77.624013  (    3872   11366)
          20   25.130287   93.184569  (     850   10421)
          21   25.152500   82.328104  (    3552   10421)
          22   25.162625   94.997967  (    1893   10421)
          23   25.172039   94.429375  (     488   10421)
          24   25.175840   82.474484  (    3495   10421)
          25   25.179013   93.160445  (     881   10421)
          26   25.179960   81.307066  (    4464   10421)
          27   25.186411   87.454214  (     643   11366)
          28   25.191169   93.306222  (     934   10421)
          29   25.210694   93.987179  (    1934   10421)
          30   25.218825   79.010484  (    3872   11799)
          31   25.223331   90.526096  (    1465   11799)
          32   25.229821   91.790256  (     876   11366)
          33   25.237544   53.362697  (      18   13978)
          34   25.237679   53.460612  (      14   10333)
          35   25.260330   90.582016  (    1623   11366)
          36   25.269769   67.257298  (    5877   14812)
          37   25.270010   94.559423  (     981   10421)
          38   25.275663   89.154091  (    1934   11366)
          39   25.278031   94.531648  (     935   10421)
          40   25.284383   80.994781  (    5048   10421)
          41   25.299798   95.232597  (    2074   10421)
          42   25.299970   75.825039  (    2183   17655)
          43   25.311425   81.663012  (    5198   10421)
          44   25.312701   93.607934  (     812   10421)
          45   25.316179   93.938193  (    2063   10421)
          46   25.326506   94.642949  (    1022   10421)
          47   25.355498   90.308630  (    1893   11366)
          48   25.356285   93.101968  (    1002   10421)
          49   25.372680   89.096361  (    2063   11366)
          50   25.375576   83.349807  (    5289   10421)
          51   25.382080   94.758395  (    1093   10421)
          52   25.385304   96.591799  (     876   10421)
          53   25.389716   64.837053  (    6315   10153)
          54   25.403913   88.609666  (     786   11366)
          55   25.414505   95.405578  (    2213   10421)
          56   25.418214   95.349897  (     859   10421)
          57   25.425257   93.904478  (    2187   10421)
          58   25.456771   88.721212  (     850   11366)
          59   25.475180   89.056000  (    2187   11366)
          60   25.482538   87.089264  (    2536   10421)
          61   25.486258   94.738892  (    5101   10421)
          62   25.493397   77.491702  (    4464   11799)
          63   25.501300   88.693389  (     881   11366)
          64   25.503270   80.628079  (    6060   10421)
          65   25.504957   54.830583  (      14   10956)
          66   25.513271   89.891327  (     839   11366)
          67   25.514258   78.622901  (    3552   11799)
          68   25.516086   88.773667  (     433   11366)
          69   25.517467   88.837699  (     934   11366)
          70   25.518042   90.573964  (    2074   11366)
          71   25.533584   68.795000  (    8003   13266)
          72   25.544686   78.784822  (    3495   11799)
          73   25.552370   76.254028  (    4464   11366)
          74   25.555086   95.703093  (    1622   10421)
          75   25.559760   88.206077  (    3578   11366)
          76   25.570533   88.181065  (    3702   11366)
          77   25.573661   88.176564  (    3738   11366)
          78   25.578053   52.546472  (      63   12414)
          79   25.583469   68.363034  (    1077   11799)
          80   25.583972   77.144940  (    5048   11799)
          81   25.584707   92.137578  (    1623   11799)
          82   25.587488   93.505737  (    5356   10421)
          83   25.588448   88.432015  (    5356   11366)
          84   25.595770   93.231649  (    3578   10421)
          85   25.596067   55.310372  (    1595   13978)
          86   25.597151   89.148456  (     812   11366)
          87   25.597966   77.421797  (    3552   11366)
          88   25.600389   72.642396  (    3693   15837)
          89   25.608777   93.215122  (    3702   10421)
          90   25.612308   93.212288  (    3738   10421)
          91   25.616820   84.107907  (    6100   10220)
          92   25.631310   77.588390  (    3495   11366)
          93   25.633316   75.894073  (    5048   11366)
          94   25.642788   87.436988  (    2788   10421)
          95   25.642894   88.440560  (    3141   11366)
          96   25.645225   88.477818  (     414   11366)
          97   25.645305   85.901403  (    2656   10421)
          98   25.647531   89.851070  (    5101   11366)
          99   25.648292   87.413558  (    2700   10421)
         100   25.649909   92.301311  (    1279   10421)
