        Rank        RMSE       MaxAE  Feature_ID
           1   25.982091   76.135686  (     260   10760)
           2   26.292376   65.064425  (     328   10070)
           3   26.417834   74.188387  (     260   10133)
           4   26.421086   57.706311  (     328   10320)
           5   26.446897   58.993252  (       5   10003)
           6   26.456745   73.951015  (     642   10760)
           7   26.514738   68.374323  (     206   16575)
           8   26.563988   75.971643  (     260   10214)
           9   26.587454   76.279138  (     526   10760)
          10   26.601044   67.621691  (     206   14296)
          11   26.683280   71.109701  (     206   11948)
          12   26.698359   56.101435  (      42   10003)
          13   26.706153   91.958081  (     546   10019)
          14   26.729070   74.664056  (     260   10604)
          15   26.749364   73.717028  (     872   10760)
          16   26.758591   91.404180  (      45   12541)
          17   26.766048   73.347007  (     941   10760)
          18   26.778476   75.121797  (     260   10317)
          19   26.787637   67.951225  (     402   10070)
          20   26.789250   73.172709  (     923   10760)
          21   26.811348   75.611189  (      18   11521)
          22   26.825174   73.437853  (     260   11885)
          23   26.873538   75.528486  (     260   11238)
          24   26.876718   65.826011  (     507   10070)
          25   26.882338   76.414080  (     511   10760)
          26   26.884644   75.444971  (     260   10577)
          27   26.901775   91.123339  (     546   10392)
          28   26.911289   61.535280  (      18   10192)
          29   26.915200   55.902953  (      21   10003)
          30   26.923427   73.447445  (    1035   10760)
          31   26.925228   79.286793  (     260   12995)
          32   26.929007   67.886314  (     439   10070)
          33   26.932667   75.175657  (     546   10009)
          34   26.949866   71.037646  (     206   10867)
          35   26.980550   72.720511  (    1205   10760)
          36   26.982938   68.048019  (     336   10070)
          37   26.994781   73.071549  (    4260   10169)
          38   26.995660   73.134066  (    1137   10760)
          39   26.995866   65.191997  (      18   10320)
          40   26.996940   81.342088  (    6447   18326)
          41   26.998184   83.127222  (     443   13374)
          42   27.001635   66.444186  (     499   10070)
          43   27.004061   71.358090  (     329   11853)
          44   27.014558   92.871936  (     546   10078)
          45   27.016996   65.980165  (     556   10070)
          46   27.022912   81.501880  (    5602   18326)
          47   27.024551   76.557559  (      18   11948)
          48   27.032861   71.262377  (     206   19391)
          49   27.047182   74.848125  (     877   10760)
          50   27.047439   90.873249  (     546   11805)
          51   27.055346   72.977873  (    1219   10760)
          52   27.065513   93.461505  (     546   10026)
          53   27.072033   70.853044  (     642   11885)
          54   27.072913   92.265150  (     546   10253)
          55   27.090528   62.094732  (      18   10120)
          56   27.091158   84.960534  (     886   15649)
          57   27.099056   90.299841  (     546   11567)
          58   27.106698   76.599483  (     630   10760)
          59   27.110734   92.046026  (     546   10150)
          60   27.112212   72.244484  (     642   10133)
          61   27.123909   92.845487  (      45   12954)
          62   27.127480   75.134770  (     885   10760)
          63   27.129697   67.030617  (     616   10070)
          64   27.132344   98.036162  (      45   12371)
          65   27.137985   79.638180  (     386   16575)
          66   27.142386   96.581219  (      45   14074)
          67   27.154292   74.465107  (     526   10133)
          68   27.154454   91.348774  (     546   10887)
          69   27.155654   78.930546  (     260   10015)
          70   27.157094   70.141905  (     206   14051)
          71   27.171043   58.632096  (     373   10070)
          72   27.178195   73.225379  (     526   11885)
          73   27.179249   67.097791  (     786   10070)
          74   27.179363   91.841156  (     546   10725)
          75   27.181138   75.304949  (     890   10760)
          76   27.181141   75.557547  (     957   10760)
          77   27.183703   79.857390  (     260   10019)
          78   27.189261   94.081047  (     546   10188)
          79   27.191752   91.804104  (     546   10148)
          80   27.207621   82.851530  (     978   16575)
          81   27.207981   91.365879  (     546   12252)
          82   27.210010   83.968456  (      38   10101)
          83   27.212145   80.524289  (     386   14296)
          84   27.226457   62.887242  (     373   10120)
          85   27.233092   86.407130  (     462   10951)
          86   27.235739   78.164837  (     505   10760)
          87   27.240982   78.917227  (      21   10044)
          88   27.243225   91.635620  (     546   10146)
          89   27.246775   84.010578  (     800   18326)
          90   27.247229   71.022369  (     206   11041)
          91   27.248154   71.741126  (    1573   10760)
          92   27.249824   71.456150  (     206   17701)
          93   27.251125   83.755600  (      38   10118)
          94   27.258807   70.643943  (     260   10194)
          95   27.261529   63.280539  (     373   10117)
          96   27.261593   75.184959  (     603   10760)
          97   27.265098   84.698001  (      38   10075)
          98   27.265726   76.233294  (     526   10214)
          99   27.270246   77.589436  (     593   10760)
         100   27.272506   74.122165  (     642   10214)
