Model_ID, [(c_i,i=0,n)_j,j=1,ntask]
           1    0.2550455289E+03   -0.1419580965E+03   -0.3790696608E+03
           2    0.3284124144E+03   -0.1155369122E+03   -0.8861775100E+03
           3    0.3277656068E+03   -0.1142530202E+03   -0.8324421860E+03
           4    0.3168468372E+03    0.9394735448E+02   -0.7156820278E+03
           5    0.2508052686E+03   -0.1501271342E+03   -0.4302974793E+03
           6    0.3290102717E+03   -0.1148216238E+03   -0.8524642151E+03
           7    0.3525019257E+03   -0.1255132556E+03   -0.1228653054E+03
           8    0.3285913498E+03   -0.1152800153E+03   -0.8522716716E+03
           9    0.3284014424E+03   -0.1155832015E+03   -0.8491419881E+03
          10    0.3285721251E+03   -0.1153900872E+03   -0.8506573185E+03
          11    0.3286632726E+03   -0.1155058390E+03   -0.8498461931E+03
          12    0.3284811891E+03   -0.1152843155E+03   -0.8508888184E+03
          13    0.3287495357E+03   -0.1156276274E+03   -0.8484756384E+03
          14    0.3283955781E+03   -0.1151924150E+03   -0.8505244701E+03
          15    0.3285529998E+03   -0.1155005420E+03   -0.8490029708E+03
          16    0.3282103042E+03   -0.1158733270E+03   -0.8433355000E+03
          17    0.3287446129E+03   -0.1152556318E+03   -0.8488115950E+03
          18    0.3243580922E+03   -0.1175346638E+03   -0.7751369934E+03
          19    0.3284988752E+03   -0.1172706253E+03   -0.1239066117E+04
          20    0.3292607697E+03   -0.1147157567E+03   -0.8397166452E+03
          21    0.3291133789E+03   -0.1155973058E+03    0.8488328681E+03
          22    0.3239702778E+03   -0.1162012508E+03   -0.7387171431E+03
          23    0.3285965193E+03   -0.1141186277E+03    0.8498076120E+03
          24    0.3272623836E+03   -0.1153654949E+03   -0.4032459601E+03
          25    0.2992233617E+03    0.2353168988E+03    0.3363880852E+03
          26    0.3285570132E+03   -0.1169179720E+03   -0.8355611159E+03
          27    0.3317703773E+03   -0.1128678909E+03   -0.7907383217E+03
          28    0.3281425068E+03   -0.1160607609E+03   -0.8426322184E+03
          29    0.3289421946E+03   -0.1151755685E+03   -0.8425830356E+03
          30    0.3295892895E+03   -0.1141154659E+03    0.8549798346E+03
          31    0.3246661396E+03   -0.1167372996E+03   -0.7598842648E+03
          32    0.3253149161E+03   -0.1162098864E+03   -0.3824389507E+03
          33    0.3929938207E+03   -0.1485864064E+03   -0.8325414931E+03
          34    0.3244424308E+03   -0.1173481614E+03   -0.7556810332E+03
          35    0.3249921788E+03   -0.1167497500E+03   -0.7542286726E+03
          36    0.3243060733E+03   -0.1175213307E+03   -0.7539100179E+03
          37    0.3246104074E+03   -0.1171197431E+03   -0.7561096185E+03
          38    0.3245981644E+03   -0.1172088395E+03   -0.7551570655E+03
          39    0.3245141184E+03   -0.1171085523E+03   -0.7557333177E+03
          40    0.3510615103E+03   -0.1242307883E+03    0.1163732911E+03
          41    0.2585692781E+03   -0.1389300352E+03    0.2057334762E+03
          42    0.3389161331E+03   -0.1446966380E+03    0.2084746062E+03
          43    0.3246844725E+03   -0.1173160452E+03   -0.7541684058E+03
          44    0.3245861471E+03   -0.1172982762E+03   -0.7541739621E+03
          45    0.3243580537E+03   -0.1169333238E+03   -0.7555927938E+03
          46    0.3246197638E+03   -0.1184656578E+03   -0.7479153966E+03
          47    0.3248586385E+03   -0.1175465075E+03   -0.7510198721E+03
          48    0.3896157411E+03   -0.1517496841E+03   -0.7536004567E+03
          49    0.2669129550E+03    0.8080595433E+02   -0.7646471544E+03
          50    0.3250984934E+03   -0.1167647483E+03   -0.7475106704E+03
          51    0.3273317742E+03   -0.1151583508E+03   -0.7134653417E+03
          52    0.3247673392E+03   -0.1171115516E+03   -0.7522327301E+03
          53    0.3336714504E+03   -0.1295862327E+03    0.1789109857E+03
          54    0.3275336288E+03   -0.1145543707E+03    0.1133588303E+04
          55    0.3245366201E+03   -0.1176900825E+03   -0.7495590571E+03
          56    0.3279075444E+03   -0.1165881013E+03   -0.8310462556E+03
          57    0.3242317799E+03   -0.1177431848E+03   -0.7516223198E+03
          58    0.2011052368E+03   -0.1117981625E+03   -0.4018613401E+03
          59    0.3272893865E+03   -0.1134565548E+03    0.9356274163E+03
          60    0.3220455665E+03   -0.1133793266E+03   -0.4532549895E+03
          61    0.3280688778E+03   -0.1157782173E+03   -0.8186888892E+03
          62    0.3272417875E+03   -0.1123531077E+03   -0.9636832570E+03
          63    0.3116323998E+03   -0.1163198793E+03    0.8270257891E+03
          64    0.3246446896E+03   -0.1161466279E+03    0.7508462713E+03
          65    0.2546712289E+03   -0.1465142528E+03    0.3058385110E+03
          66    0.3249419865E+03   -0.1170581146E+03   -0.7471662635E+03
          67    0.3253060917E+03   -0.1173665207E+03    0.7497431358E+03
          68    0.3241931574E+03   -0.1179297134E+03   -0.7467028574E+03
          69    0.2709420568E+03    0.8486596583E+02   -0.7624036422E+03
          70    0.3504610321E+03   -0.1257840532E+03    0.1192163623E+03
          71    0.3044929013E+03    0.2202062680E+03    0.1330706555E+03
          72    0.3029530211E+03   -0.1144893904E+03   -0.1569778266E+03
          73    0.3257335735E+03   -0.1139852967E+03   -0.4837875593E+03
          74    0.3220057885E+03   -0.1141291804E+03    0.8900266128E+03
          75    0.3074386169E+03    0.1105494740E+03    0.2361498367E+03
          76    0.2229911313E+03    0.1181446773E+03   -0.8466271476E+03
          77    0.2824926024E+03    0.8493620539E+02   -0.7650050995E+03
          78    0.3144462163E+03   -0.1175100094E+03    0.9552929859E+03
          79    0.3568709968E+03   -0.1249740382E+03   -0.1349532914E+03
          80    0.3569348202E+03   -0.1254379541E+03   -0.1363318358E+03
          81    0.3315825019E+03   -0.1283641047E+03    0.2051994838E+03
          82    0.3340589548E+03    0.1519176816E+03    0.1686219069E+03
          83    0.3098616364E+03   -0.1024534325E+03    0.4915605203E+03
          84    0.3252395611E+03   -0.1168648936E+03   -0.5464200557E+03
          85    0.2681227909E+03    0.1152714578E+03   -0.7735274924E+03
          86    0.3256009213E+03   -0.1184968981E+03   -0.1069149466E+04
          87    0.3054052887E+03   -0.1026252778E+03    0.7814900225E+03
          88    0.3270808517E+03   -0.1123010373E+03   -0.4817381654E+03
          89    0.3271595775E+03   -0.1179607532E+03    0.7285156635E+03
          90    0.3367317790E+03   -0.1420967324E+03    0.1478888915E+03
          91    0.3255502295E+03   -0.1175562903E+03    0.7397534412E+03
          92    0.2519150212E+03   -0.1444734600E+03    0.3065503574E+03
          93    0.3281208985E+03   -0.1131908632E+03    0.6802920874E+03
          94    0.3290956604E+03   -0.1135278297E+03    0.5477625176E+03
          95    0.2618540047E+03   -0.1331899310E+03    0.2001202380E+03
          96    0.3071386986E+03   -0.1056279520E+03    0.1982254643E+03
          97    0.3231553923E+03   -0.7925806903E+02    0.1730245140E+03
          98    0.3016672098E+03    0.2294045182E+03    0.1299872913E+03
          99    0.3276696792E+03   -0.1176092889E+03   -0.7866546152E+03
         100    0.3237890086E+03   -0.1137944208E+03    0.6660471899E+03
