Model_ID, [(c_i,i=0,n)_j,j=1,ntask]
           1    0.1524531218E+03    0.1218330599E+03   -0.2579948812E+03
           2    0.1501952468E+03    0.1234647427E+03   -0.4670497107E+03
           3    0.1506209044E+03    0.1237450801E+03    0.3039456790E+03
           4    0.1808665904E+03    0.1502099862E+03   -0.2046134104E+03
           5    0.1472488415E+03    0.1248520551E+03    0.3817164348E+03
           6    0.2759553514E+03    0.1949138970E+03   -0.8089066297E+02
           7    0.1440083680E+03    0.1269358219E+03    0.4441007394E+03
           8    0.1506776793E+03    0.1213449542E+03    0.3502328671E+03
           9    0.1523727138E+03    0.1225234109E+03    0.1985789988E+03
          10    0.1517361679E+03    0.1229513593E+03    0.3037457478E+03
          11    0.1523867866E+03    0.1227382064E+03    0.3007207184E+03
          12    0.1514144948E+03    0.1242122490E+03    0.3161174672E+03
          13    0.1515148600E+03    0.1231489032E+03    0.3029893687E+03
          14    0.1514867432E+03    0.1231656549E+03    0.3029425289E+03
          15    0.1514597311E+03    0.1231824735E+03    0.3028584275E+03
          16    0.1502393251E+03    0.1238709591E+03    0.2935083819E+03
          17    0.1525131244E+03    0.1228243904E+03    0.3017353493E+03
          18    0.1501494723E+03    0.1241911640E+03   -0.7811362078E+03
          19    0.2400162909E+03    0.9255753364E+02   -0.2434845004E+03
          20    0.1512550640E+03    0.1233795217E+03    0.3015995861E+03
          21    0.1590350137E+03    0.1341904800E+03   -0.1661519073E+03
          22    0.2471631576E+03   -0.8215797929E+02    0.1687689706E+03
          23    0.1541243787E+03    0.1212626700E+03    0.4360557480E+03
          24    0.1492015197E+03    0.1207969050E+03    0.1735098401E+03
          25    0.1458274403E+03    0.1265068889E+03    0.3406622769E+03
          26    0.1454985180E+03    0.1263940636E+03   -0.2658465022E+03
          27    0.1486459136E+03    0.1244814794E+03    0.2645323649E+03
          28    0.1509326051E+03    0.1235222091E+03    0.2894158920E+03
          29    0.1449697588E+03    0.1255877103E+03   -0.2605740718E+03
          30    0.1499321995E+03    0.1205913228E+03    0.4093403077E+03
          31    0.1550183793E+03    0.1269014848E+03    0.2278868226E+03
          32    0.1510020695E+03    0.1236068700E+03    0.2918326246E+03
          33    0.1503466948E+03    0.1217693787E+03    0.5292399566E+03
          34    0.2378583813E+03    0.9097878483E+02   -0.1876538103E+03
          35    0.1525414104E+03    0.1226186340E+03    0.2946202218E+03
          36    0.1436547633E+03    0.1258606462E+03    0.4859622032E+03
          37    0.1532577981E+03    0.1224926380E+03    0.2947237922E+03
          38    0.1464586884E+03    0.1247550147E+03   -0.2596050200E+03
          39    0.1598476482E+03    0.1334788919E+03   -0.1635852978E+03
          40    0.1504311854E+03    0.1208934768E+03    0.3259490067E+03
          41    0.2440433850E+03    0.8579610854E+02   -0.1611602768E+03
          42    0.1553020542E+03    0.1267547181E+03   -0.2251518846E+03
          43    0.1553092288E+03    0.1267049728E+03    0.2256749611E+03
          44    0.1548742535E+03    0.1278537830E+03    0.3574331251E+03
          45    0.1460360439E+03    0.1248717500E+03   -0.2581170058E+03
          46    0.1474901977E+03    0.1186804444E+03   -0.2680691412E+03
          47    0.1546134912E+03    0.1266852760E+03    0.6804093629E+03
          48    0.1539253259E+03    0.1274823348E+03    0.6299227631E+03
          49    0.2552356892E+03    0.1844938901E+03   -0.7393122378E+02
          50    0.1458366381E+03    0.1250166725E+03   -0.2578700053E+03
          51    0.1458102269E+03    0.1250308975E+03   -0.2578728119E+03
          52    0.1457846682E+03    0.1250443954E+03   -0.2578561708E+03
          53    0.1466542171E+03    0.1247647941E+03   -0.2583602187E+03
          54    0.1453046660E+03    0.1247173784E+03    0.2800384799E+03
          55    0.1558780447E+03    0.1272054821E+03    0.3117509718E+03
          56    0.1541107025E+03    0.1196688930E+03    0.4705739595E+03
          57    0.1798817118E+03    0.1544331265E+03   -0.4050737339E+03
          58    0.1575705415E+03    0.1211647383E+03   -0.1688656669E+03
          59    0.1626702947E+03    0.1335890768E+03   -0.1777934549E+03
          60    0.1553591382E+03    0.1382345841E+03   -0.1334503977E+03
          61    0.1498955856E+03    0.1243086026E+03    0.2474666140E+03
          62    0.2390935363E+03    0.9269649160E+02   -0.2278369667E+03
          63    0.1470304743E+03    0.1245961342E+03   -0.2607261949E+03
          64    0.1556053190E+03    0.1265060081E+03    0.2229980679E+03
          65    0.1553634932E+03    0.1280906263E+03    0.2830082858E+03
          66    0.1455974681E+03    0.1251789995E+03   -0.2573463622E+03
          67    0.1498252198E+03    0.1251786968E+03    0.3798622912E+03
          68    0.1735393448E+03    0.1213930893E+03    0.3433122057E+03
          69    0.1793246563E+03    0.1551531981E+03   -0.4097614607E+03
          70    0.1614432133E+03    0.1343202887E+03   -0.1626104323E+03
          71    0.1480622307E+03    0.1227428969E+03   -0.2913643759E+03
          72    0.1496954267E+03    0.1237838609E+03   -0.2564973455E+03
          73    0.1555396966E+03    0.1262849616E+03    0.4730765037E+03
          74    0.1490985069E+03    0.1200021219E+03    0.7089087175E+03
          75    0.1554249241E+03    0.1256974363E+03    0.3472402116E+03
          76    0.1523400740E+03    0.1186493213E+03    0.4474955137E+03
          77    0.1524109575E+03    0.1223552239E+03    0.2625117865E+03
          78    0.1550722235E+03    0.1263406175E+03    0.3199102615E+03
          79    0.1791953074E+03    0.1552464862E+03   -0.4087216327E+03
          80    0.1608044280E+03    0.1342737296E+03   -0.1415297708E+03
          81    0.1542929284E+03    0.1301730651E+03   -0.1784029992E+03
          82    0.1551118187E+03    0.1377070545E+03   -0.1299830000E+03
          83    0.1621175630E+03    0.1195611845E+03   -0.1397631805E+03
          84    0.1609439892E+03    0.1344001510E+03   -0.1708004367E+03
          85    0.1548595563E+03    0.1260676109E+03   -0.2348863762E+03
          86    0.1460904956E+03    0.1267461550E+03   -0.6786135904E+03
          87    0.2661789017E+03    0.1070220314E+03   -0.2405708517E+03
          88    0.1560010739E+03    0.1265895678E+03    0.3740724095E+03
          89    0.1477282850E+03    0.1243638964E+03    0.2424824001E+03
          90    0.1453349831E+03    0.1249976133E+03   -0.2496276437E+03
          91    0.1607372828E+03    0.1236632552E+03   -0.1569571406E+03
          92    0.1450472755E+03    0.1251089718E+03   -0.2462737138E+03
          93    0.1502314810E+03    0.1236918328E+03    0.2534105541E+03
          94    0.2386347255E+03    0.9146483467E+02    0.2418389880E+03
          95    0.1486379852E+03    0.1224405069E+03   -0.2883882789E+03
          96    0.1487550460E+03    0.1231661396E+03   -0.2703405531E+03
          97    0.1484373374E+03    0.1292530558E+03    0.2295090929E+03
          98    0.1503614470E+03    0.1324484453E+03   -0.2295677033E+03
          99    0.1526240333E+03    0.1222474061E+03    0.6545218482E+03
         100    0.1471275672E+03    0.1129863745E+03   -0.2129755857E+03
