     Index              y_true              y_pred        descriptor_1        descriptor_2
         1    0.2234200000E+03    0.1995300941E+03    0.2857711900E+00    0.8310835751E-02
         2    0.3410000000E+03    0.2876825576E+03   -0.4213515600E+00   -0.6955145818E-01
         3    0.3540000000E+03    0.3614721765E+03   -0.5264912400E+00   -0.8381289714E-03
         4    0.2720000000E+03    0.2887732272E+03   -0.7617051500E+00   -0.1617248742E+00
         5    0.2300000000E+03    0.2303667123E+03   -0.2749955000E+00   -0.1051311317E+00
         6    0.7620000000E+02    0.1205245702E+03    0.6486366400E+00    0.3585403199E-02
         7    0.3525250000E+03    0.3733865641E+03   -0.6124685600E+00   -0.8722566944E-02
         8    0.1516000000E+03    0.1732231466E+03    0.3893846100E+00    0.2003081997E-02
         9    0.3137600000E+03    0.3315095903E+03   -0.4778795000E+00   -0.2711131575E-01
        10    0.3410000000E+03    0.4046326282E+03   -0.7553767600E+00   -0.6688046820E-02
        11    0.2800000000E+03    0.2844359769E+03   -0.3682055900E+00   -0.5922893125E-01
        12    0.2677000000E+03    0.2687387517E+03   -0.1257163000E+00   -0.1329999810E-01
        13    0.1839000000E+03    0.2189245958E+03    0.1831240000E+00    0.5738345847E-02
        14    0.4610000000E+03    0.4024195341E+03   -0.7478011000E+00   -0.7532505610E-02
        15    0.2482000000E+03    0.2980928833E+03   -0.2547409000E+00   -0.9949959978E-02
        16    0.1744500000E+03    0.1619154600E+03    0.4364962600E+00    0.0000000000E+00
        17    0.3200000000E+03    0.3116134216E+03   -0.2918211600E+00   -0.2259804369E-02
        18    0.1875850000E+03    0.1931333869E+03    0.3055266600E+00    0.5281082116E-02
        19    0.3116500000E+03    0.2800704411E+03   -0.2231730000E+00   -0.2511289641E-01
        20    0.3474000000E+03    0.3512968223E+03   -0.6339676200E+00   -0.4386345648E-01
        21    0.2443500000E+03    0.2238983433E+03   -0.1097990300E+00   -0.6825119385E-01
        22    0.2138000000E+03    0.2623927958E+03   -0.6920135000E-01   -0.6151663363E-02
        23    0.3124500000E+03    0.3045755615E+03   -0.3271102200E+00   -0.2127824362E-01
        24    0.3520000000E+03    0.3637186726E+03   -0.5366155500E+00   -0.6504982594E-03
        25    0.3958500000E+03    0.3759186673E+03   -0.7169223600E+00   -0.3410299297E-01
        26    0.1399000000E+03    0.1028081330E+03    0.7208240000E+00    0.0000000000E+00
        27    0.8981300000E+02    0.8455241566E+02    0.8086406400E+00    0.0000000000E+00
        28    0.1832000000E+03    0.1918469808E+03    0.2986429300E+00    0.1685594004E-02
        29    0.2606000000E+03    0.2358703929E+03    0.5736564000E-01   -0.6430959725E-02
        30    0.2050000000E+02    0.4477177287E+02    0.1000000000E+01    0.0000000000E+00
        31    0.1591000000E+03    0.1661866629E+03    0.3287760000E+00   -0.2397784571E-01
        32    0.3670000000E+03    0.3579126794E+03   -0.7040289000E+00   -0.5438068641E-01
        33    0.3590000000E+03    0.3560255996E+03   -0.5262958300E+00   -0.7990867832E-02
        34    0.1338500000E+03    0.1225136326E+03    0.6260333800E+00    0.0000000000E+00
        35    0.1721500000E+03    0.1951702907E+03    0.2282148500E+00   -0.1328896945E-01
        36    0.4260000000E+03    0.4082940248E+03   -0.6248068200E+00    0.3407055421E-01
        37    0.2195740000E+03    0.1785135192E+03    0.3730421400E+00    0.4507787708E-02
        38    0.3340000000E+03    0.3236662847E+03   -0.2945286300E+00    0.1294290047E-01
        39    0.2287000000E+03    0.2205023523E+03    0.1546720000E+00    0.0000000000E+00
        40    0.2256100000E+03    0.1968897878E+03    0.3097123500E+00    0.1140256184E-01
        41    0.2362500000E+03    0.2440397161E+03   -0.1137611000E-01   -0.1452981865E-01
        42    0.2930000000E+03    0.3022761735E+03   -0.7070211400E+00   -0.1288176258E+00
