        Rank        RMSE       MaxAE  Feature_ID
           1    3.297398   10.637153  (       1   10001)
           2    3.359454   10.985903  (       1   10002)
           3    3.369797   11.042016  (       1   10003)
           4    3.373311   10.757265  (       1   10010)
           5    3.373403   11.070562  (       1   10004)
           6    3.384620   11.541616  (       1   10005)
           7    3.390297   10.751051  (       1   10016)
           8    3.395366   11.554205  (       1   10006)
           9    3.397899   11.348472  (    8963   12222)
          10    3.401506   11.549599  (       1   10008)
          11    3.402067   11.543651  (       1   10007)
          12    3.406530   11.543801  (       1   10009)
          13    3.407192   11.544336  (       1   10011)
          14    3.409830   10.836502  (       1   10015)
          15    3.410594   11.544689  (       1   10012)
          16    3.414057   11.545060  (       1   10013)
          17    3.415689   11.545855  (       1   10014)
          18    3.419977   12.050304  (      35   19870)
          19    3.420844   12.031884  (      35   19769)
          20    3.432762   11.549413  (       1   10017)
          21    3.441615   10.493456  (       1   10029)
          22    3.442022    9.284203  (       2   10565)
          23    3.444866   10.612433  (       1   10021)
          24    3.446319   11.547006  (       1   10018)
          25    3.446439   10.155675  (     100   14334)
          26    3.450373   11.542133  (       1   10019)
          27    3.451417    9.606696  (       2   12665)
          28    3.451879   11.155358  (    1501   19870)
          29    3.452172   11.133757  (    1501   19769)
          30    3.452877   11.335445  (    6568   12222)
          31    3.455692    9.831313  (       1   10022)
          32    3.455798   11.340923  (    5730   12222)
          33    3.458687    9.397969  (       2   10005)
          34    3.459635   10.148738  (      11   10028)
          35    3.464321   11.555475  (       1   10020)
          36    3.466122    9.229226  (     389   14533)
          37    3.466703    9.928148  (       1   10023)
          38    3.468857   10.279909  (      11   10002)
          39    3.469600   10.217342  (      72   14334)
          40    3.470182    9.207671  (     472   14533)
          41    3.472421    9.695851  (      34   14533)
          42    3.472421    9.266149  (     336   14533)
          43    3.477549   11.345831  (       1   10024)
          44    3.479911    9.903725  (     455   10016)
          45    3.483101    9.286913  (     323   14533)
          46    3.485646   11.009960  (       1   10027)
          47    3.486114   12.492343  (     129   19870)
          48    3.486572   12.473571  (     129   19769)
          49    3.488763    9.423978  (       2   10007)
          50    3.491720   11.572524  (       1   10025)
          51    3.492355   11.247614  (       1   10026)
          52    3.492914    9.932337  (       2   10398)
          53    3.493741   11.620724  (       1   10028)
          54    3.493947   10.000808  (       2   11663)
          55    3.494351    9.431693  (       2   10006)
          56    3.495462   11.681749  (    4398   12222)
          57    3.496511   10.114742  (     455   14334)
          58    3.499495    9.990242  (      76   14533)
          59    3.499515   11.888460  (       1   10030)
          60    3.499803   10.840294  (    1091   12222)
          61    3.500014   11.083989  (       1   10031)
          62    3.500648    9.416685  (       2   10009)
          63    3.501635    8.929480  (       2   10001)
          64    3.501749    9.874500  (      11   10003)
          65    3.501975    9.395131  (     269   14533)
          66    3.502181   10.316880  (      90   14334)
          67    3.502185    9.392265  (     272   14533)
          68    3.504293    9.414093  (       2   10011)
          69    3.506077    9.396961  (     284   14533)
          70    3.506195   11.218772  (       1   10032)
          71    3.507243    9.414896  (       2   10012)
          72    3.508808   12.736534  (     156   19870)
          73    3.509158   10.050097  (      11   10004)
          74    3.509256   10.310468  (      97   14334)
          75    3.510082   12.718726  (     156   19769)
          76    3.510255    9.415717  (       2   10013)
          77    3.510791   10.363078  (       1   10263)
          78    3.511554   10.306585  (     101   14334)
          79    3.512393    9.231615  (      11   10010)
          80    3.512873   10.770898  (       1   10062)
          81    3.513804    9.411036  (     207   14533)
          82    3.514122   12.342225  (    4585   12222)
          83    3.514170    9.427581  (     266   14533)
          84    3.514420   10.738916  (      11   14334)
          85    3.514435    9.554326  (      11   10005)
          86    3.514830   11.604193  (       1   10033)
          87    3.514835    9.413407  (       2   10014)
          88    3.514913    9.417623  (     190   14533)
          89    3.514942    9.436563  (     256   14533)
          90    3.514975    9.436873  (     255   14533)
          91    3.516310   11.109517  (       1   10035)
          92    3.516360   10.728269  (       1   10047)
          93    3.517149    9.441570  (       2   10018)
          94    3.517486    8.878342  (      11   10016)
          95    3.517784    9.381502  (     331   14533)
          96    3.518251   11.076278  (       1   10038)
          97    3.519338   10.303167  (     113   14334)
          98    3.519606   11.622145  (       1   10034)
          99    3.519909   10.381538  (     131   14334)
         100    3.520010    9.251994  (     455   10032)
