        Rank        RMSE       MaxAE  Feature_ID
           1   25.559733   82.737031  (     425   10286)
           2   25.609344   83.427511  (     425   12696)
           3   25.694705   81.260940  (     425   11582)
           4   25.875089   84.336255  (    2619   11006)
           5   25.880729   82.150871  (    1299   10824)
           6   25.931734   84.051149  (    2619   11287)
           7   25.939077   85.853692  (     425   13696)
           8   25.957126   85.051877  (     425   10212)
           9   25.971200   82.986834  (     425   10351)
          10   25.991456   85.776817  (     425   11708)
          11   25.993109   90.707826  (      89   13133)
          12   26.048170   83.012209  (    2080   10824)
          13   26.056081   85.826175  (     425   15010)
          14   26.086287   85.845181  (     425   15371)
          15   26.113270   84.188385  (     425   18780)
          16   26.128767   92.084862  (      89   11293)
          17   26.128871   98.892498  (     479   10346)
          18   26.145319   90.438613  (       6   10196)
          19   26.147716   91.450519  (     132   19516)
          20   26.160496   91.264849  (      89   12951)
          21   26.172559   84.853513  (     425   10287)
          22   26.179901   84.899337  (     425   10118)
          23   26.181465   84.227699  (     425   17026)
          24   26.188826   90.166768  (      89   13967)
          25   26.191172   84.853974  (     425   10533)
          26   26.195207   84.977864  (     425   10399)
          27   26.198887   85.743082  (     425   16159)
          28   26.203036   90.630957  (      89   14618)
          29   26.207551   90.632361  (      89   14411)
          30   26.215763   90.631344  (      89   14252)
          31   26.216851   91.662716  (       6   10114)
          32   26.217118   91.570894  (      17   10196)
          33   26.222573   85.701768  (     425   16945)
          34   26.231479   89.639229  (       4   13133)
          35   26.235052   85.735847  (     425   17818)
          36   26.237751   85.905808  (     425   17249)
          37   26.238364   91.989943  (     132   18767)
          38   26.238748   85.053184  (    2089   10346)
          39   26.248731   85.032716  (     425   11045)
          40   26.262156   84.933499  (     425   10392)
          41   26.264432   85.714354  (     425   17492)
          42   26.266085   90.958274  (       4   11293)
          43   26.271617   86.845763  (     253   14577)
          44   26.273658   85.037038  (     425   11251)
          45   26.275176   85.706578  (     425   17381)
          46   26.277309   91.053919  (      34   17628)
          47   26.280273   92.836810  (      17   10114)
          48   26.281144   89.091709  (      89   16040)
          49   26.282894   90.925008  (       6   10193)
          50   26.286167   85.698664  (     425   17290)
          51   26.292654   84.880127  (     425   10463)
          52   26.294368   90.277088  (      89   12360)
          53   26.296754   85.522263  (     425   16205)
          54   26.306003   83.043474  (     613   10824)
          55   26.318971   85.675263  (     425   17007)
          56   26.324162   85.362705  (    2619   18780)
          57   26.333186   92.004287  (      89   11851)
          58   26.347260   90.550192  (       6   10245)
          59   26.348506   92.427700  (     371   17628)
          60   26.350129   90.398041  (      89   16407)
          61   26.350993   90.169682  (       4   12951)
          62   26.351933   92.074993  (      17   10193)
          63   26.352461   84.590949  (    1420   17812)
          64   26.354861   85.696208  (     425   17991)
          65   26.360163   84.889016  (     425   10493)
          66   26.369786   91.186807  (      89   14146)
          67   26.370259   83.959169  (     425   10469)
          68   26.375056   84.529767  (    1420   17772)
          69   26.377710   85.655386  (     425   18921)
          70   26.391024   89.147597  (       4   13967)
          71   26.394827   91.655023  (      89   11035)
          72   26.399390   82.650300  (     425   12491)
          73   26.400520   85.427268  (     425   16294)
          74   26.404606   89.575396  (       4   14618)
          75   26.412123   89.575044  (       4   14411)
          76   26.422755   89.572612  (       4   14252)
          77   26.423077   91.685373  (      17   10245)
          78   26.429825   81.995410  (     425   14321)
          79   26.430241   89.280752  (       4   12360)
          80   26.431452   91.620511  (      34   10514)
          81   26.438760   90.889264  (       4   11851)
          82   26.439144   90.599829  (       4   11035)
          83   26.441705   98.270671  (     723   10346)
          84   26.444461   90.833749  (      89   12228)
          85   26.444598   84.655539  (     425   10459)
          86   26.454753   86.062315  (     425   18507)
          87   26.461858   86.020534  (     425   15380)
          88   26.463838   92.274143  (     132   11782)
          89   26.471180   91.774018  (      89   12770)
          90   26.475652   84.873459  (     425   10535)
          91   26.480077   86.026886  (     425   15336)
          92   26.485844   83.101228  (     425   10462)
          93   26.490090   85.408726  (     425   18260)
          94   26.490646   92.022416  (     132   11849)
          95   26.502757   89.377129  (       4   16407)
          96   26.504365   88.145174  (       4   16040)
          97   26.504669   84.820930  (     425   10610)
          98   26.510113   90.954147  (      89   16029)
          99   26.514707   89.071515  (       5   10196)
         100   26.523040   93.039394  (      34   10285)
