Model_ID, [(c_i,i=0,n)_j,j=1,ntask]
           1    0.1575527244E+03   -0.1182626285E+03    0.1824573182E+04
           2    0.1547770274E+03   -0.1218035677E+03    0.1642383040E+04
           3    0.1551603334E+03   -0.1208854652E+03    0.1986768552E+04
           4    0.1573820833E+03    0.1177719830E+03    0.1354652036E+04
           5    0.2768071676E+03    0.2476673239E+03   -0.1573946122E+04
           6    0.1575903850E+03    0.1175285258E+03   -0.1327547964E+04
           7    0.1550457574E+03   -0.1232616096E+03    0.1027761860E+04
           8    0.1578273119E+03   -0.1174089474E+03    0.1372708085E+04
           9    0.1589111838E+03   -0.1182097348E+03    0.1405293323E+04
          10    0.1536797606E+03   -0.1235655985E+03    0.1007357679E+04
          11    0.2809018464E+03    0.2532328769E+03   -0.2165099318E+03
          12    0.2773716837E+03    0.2485734897E+03   -0.1600964290E+04
          13    0.1567349065E+03   -0.1223705981E+03    0.1022132082E+04
          14    0.1564162292E+03   -0.1224992941E+03    0.1021424532E+04
          15    0.1464516062E+03   -0.1234410441E+03    0.6478694893E+03
          16    0.2816843531E+03    0.2558350908E+03   -0.2046071166E+03
          17    0.2804787865E+03    0.2482033205E+03    0.1259039923E+04
          18    0.2802517719E+03    0.2549562296E+03   -0.2078881372E+03
          19    0.2807823085E+03    0.2570916402E+03   -0.1977468305E+03
          20    0.2812273971E+03    0.2542959501E+03   -0.2109924454E+03
          21    0.1600302482E+03   -0.1164173128E+03    0.1368556479E+04
          22    0.1563206997E+03   -0.1177178388E+03    0.1326561474E+04
          23    0.1558771121E+03   -0.1236762919E+03    0.1029839017E+04
          24    0.2799969298E+03    0.2543552584E+03   -0.2175429011E+03
          25    0.1587373395E+03   -0.1170071338E+03   -0.1366434912E+04
          26    0.1595617677E+03   -0.1165319257E+03    0.1363881175E+04
          27    0.1562388818E+03   -0.1225885090E+03    0.1019106482E+04
          28    0.2805085867E+03    0.2543245312E+03   -0.2153615390E+03
          29    0.2805500411E+03    0.2541922569E+03   -0.2154023146E+03
          30    0.2805903882E+03    0.2540591011E+03    0.2153832732E+03
          31    0.2808814156E+03    0.2575293237E+03   -0.1964963792E+03
          32    0.2811069758E+03    0.2556425675E+03   -0.2116527160E+03
          33    0.1562573730E+03   -0.1225762930E+03    0.1017867044E+04
          34    0.2796929239E+03    0.2546387423E+03   -0.1996963413E+03
          35    0.1559560601E+03   -0.1226990741E+03    0.1017667684E+04
          36    0.1561456329E+03   -0.1223855110E+03    0.1009946406E+04
          37    0.2811444162E+03    0.2578711225E+03   -0.1941370272E+03
          38    0.1585210085E+03   -0.1168540381E+03    0.1350820158E+04
          39    0.1583671272E+03   -0.1168510342E+03    0.1342535684E+04
          40    0.1593818610E+03   -0.1166085628E+03    0.1361022443E+04
          41    0.1560126381E+03   -0.1226692963E+03    0.1016958443E+04
          42    0.2804237831E+03    0.2571387840E+03   -0.1892367293E+03
          43    0.2841638619E+03    0.2803276131E+03   -0.1381979150E+03
          44    0.1582331941E+03   -0.1168396215E+03    0.1335487863E+04
          45    0.1560325454E+03   -0.1226583189E+03    0.1016676505E+04
          46    0.2804445880E+03   -0.2572858428E+03    0.1909315127E+03
          47    0.2817604001E+03    0.2582786333E+03   -0.2001821968E+03
          48    0.2793805518E+03    0.2526841332E+03   -0.2207736498E+03
          49    0.2805067348E+03    0.2560103302E+03   -0.2025269956E+03
          50    0.1560525213E+03   -0.1226470462E+03    0.1016376920E+04
          51    0.1594013661E+03   -0.1166026797E+03    0.1358899868E+04
          52    0.2799481641E+03    0.2552399760E+03   -0.2110250512E+03
          53    0.1572694812E+03   -0.1218998814E+03    0.1002664183E+04
          54    0.2769276332E+03    0.2503266202E+03   -0.1501223642E+04
          55    0.1561100547E+03   -0.1226131607E+03    0.1015422193E+04
          56    0.1400354162E+03    0.1273103177E+03    0.7102839819E+03
          57    0.2813467839E+03    0.2567279513E+03   -0.2035656040E+03
          58    0.2804363319E+03    0.2551691157E+03   -0.1999328030E+03
          59    0.2815011069E+03   -0.2575349968E+03    0.2047364853E+03
          60    0.2798046853E+03    0.2559019604E+03   -0.2144945328E+03
          61    0.2799946477E+03    0.2556616547E+03   -0.1947317573E+03
          62    0.2813722765E+03    0.2567215584E+03   -0.2062741494E+03
          63    0.2850900638E+03   -0.2809765923E+03    0.1506407589E+03
          64    0.1558172306E+03   -0.1227077328E+03    0.1013585486E+04
          65    0.1590961747E+03   -0.1167233111E+03    0.1357000272E+04
          66    0.2808820882E+03    0.2552249341E+03   -0.2099016277E+03
          67    0.1589730184E+03   -0.1173802384E+03    0.1372356973E+04
          68    0.2850777517E+03   -0.2809623239E+03   -0.1507966303E+03
          69    0.1558360066E+03   -0.1226958918E+03    0.1012386018E+04
          70    0.2788560102E+03    0.2557064358E+03   -0.2006302732E+03
          71    0.2807677616E+03    0.2576794399E+03   -0.1999235425E+03
          72    0.1559482726E+03   -0.1227657046E+03    0.1286403111E+04
          73    0.1575701026E+03   -0.1216178721E+03    0.9927194831E+03
          74    0.2793277882E+03    0.2556781306E+03   -0.1986063918E+03
          75    0.2793658413E+03    0.2555527786E+03   -0.1986191588E+03
          76    0.2794028927E+03    0.2554270401E+03    0.1985768653E+03
          77    0.2812961385E+03    0.2558565626E+03   -0.2035800900E+03
          78    0.1563042979E+03   -0.1191345427E+03    0.3495145816E+04
          79    0.2788172739E+03    0.2565822019E+03   -0.1950058987E+03
          80    0.2815143490E+03   -0.2542379478E+03    0.2159627448E+03
          81    0.2801093067E+03    0.2579917768E+03   -0.1882387282E+03
          82    0.2795816319E+03    0.2589332887E+03   -0.1852600266E+03
          83    0.2811819522E+03    0.2485544750E+03    0.1269845170E+04
          84    0.2802905051E+03    0.2562284608E+03   -0.2058423197E+03
          85    0.1605046939E+03   -0.1158820206E+03    0.1329380163E+04
          86    0.1555088652E+03   -0.1222450034E+03    0.9901406052E+03
          87    0.1578494259E+03   -0.1208513495E+03    0.9736834973E+03
          88    0.2844854478E+03    0.2446033806E+03   -0.3458353643E+03
          89    0.2806376771E+03    0.2583315385E+03   -0.2026866439E+03
          90    0.1587979128E+03   -0.1168053599E+03    0.1350560292E+04
          91    0.1579245915E+03   -0.1207671240E+03    0.9712258014E+03
          92    0.1596520549E+03   -0.1174549741E+03    0.1371394041E+04
          93    0.1559749467E+03   -0.1227219685E+03    0.1011044821E+04
          94    0.2842380854E+03    0.2443833302E+03   -0.3508067544E+03
          95    0.2786779302E+03    0.2571808522E+03   -0.1979475748E+03
          96    0.2782890425E+03    0.2541372410E+03   -0.2033912487E+03
          97    0.1588180875E+03   -0.1167997535E+03    0.1348533859E+04
          98    0.2801535182E+03    0.2568856137E+03   -0.2089927862E+03
          99    0.2793663975E+03    0.2536049357E+03   -0.2041384626E+03
         100    0.2822294398E+03   -0.2572407105E+03    0.2032466379E+03
