Model_ID, [(c_i,i=0,n)_j,j=1,ntask]
           1    0.2929996442E+03    0.1960427963E+03    0.2748795588E+03
           2    0.2931932379E+03    0.1975676522E+03    0.2693301586E+03
           3    0.2993448755E+03    0.2054669304E+03    0.2616662829E+03
           4    0.2385472038E+03    0.1424265465E+03    0.2796306341E+03
           5    0.2909069235E+03    0.1834577032E+03    0.2403377327E+03
           6    0.2990750029E+03    0.2026807429E+03    0.2763717709E+03
           7    0.2377757597E+03    0.1432391677E+03    0.2925434028E+03
           8    0.2783242042E+03    0.1668023562E+03   -0.7300787615E+03
           9    0.2977511649E+03    0.2059341043E+03    0.2494281522E+03
          10    0.2910493342E+03    0.1847810038E+03    0.2354747428E+03
          11    0.2787530650E+03    0.1637078984E+03   -0.7675357606E+03
          12    0.2992384656E+03    0.2051629419E+03    0.2678076803E+03
          13    0.3110907386E+03    0.2219478475E+03    0.2695817124E+03
          14    0.2973465938E+03    0.2068263459E+03    0.2593763525E+03
          15    0.2971583215E+03    0.2041133221E+03    0.2697664214E+03
          16    0.2963081127E+03    0.1914439991E+03    0.2284250353E+03
          17    0.2786221502E+03    0.1631324098E+03   -0.7631475643E+03
          18    0.2213315145E+03    0.1010882455E+03   -0.3022915994E+03
          19    0.2152260381E+03    0.1043012652E+03    0.3020431081E+03
          20    0.3605059889E+03    0.2391800029E+03    0.1158395127E+04
          21    0.2097052301E+03    0.1071411361E+03    0.4982860581E+03
          22    0.2977036443E+03    0.2198572235E+03    0.3312584460E+03
          23    0.2957181430E+03    0.2226549407E+03    0.6103000079E+03
          24    0.2681971438E+03    0.1708445274E+03    0.2699369561E+03
          25    0.2967941013E+03    0.2014130843E+03    0.2272663206E+03
          26    0.2856302172E+03    0.1608432425E+03    0.3094824585E+03
          27    0.3085375178E+03    0.2051050301E+03    0.2456078847E+03
          28    0.3011755640E+03    0.2219705038E+03    0.2795485375E+03
          29    0.2914508810E+03    0.1928600381E+03    0.2364430275E+03
          30    0.2977288676E+03    0.2164277101E+03    0.3329117518E+03
          31    0.3015541910E+03    0.2129249327E+03    0.3246012819E+03
          32    0.2980842893E+03   -0.2177055110E+03    0.5852827751E+03
          33    0.2714179787E+03    0.1701829338E+03    0.3524385009E+03
          34    0.2966035480E+03    0.2172818434E+03    0.6012659894E+03
          35    0.2960936521E+03    0.1891749687E+03    0.2407084826E+03
          36    0.2106873763E+03    0.1067441289E+03    0.2973152828E+03
          37    0.2118471340E+03    0.1054529495E+03    0.2929952753E+03
          38    0.2965804713E+03    0.1991105822E+03    0.2405023512E+03
          39    0.3015945446E+03    0.2096280090E+03    0.3270712179E+03
          40    0.2961988704E+03    0.1912924722E+03    0.2334080908E+03
          41    0.2676332374E+03    0.1715667606E+03    0.2802888484E+03
          42    0.3004867598E+03    0.2197280168E+03    0.3021653107E+03
          43    0.2695676946E+03    0.1764426805E+03    0.3214323288E+03
          44    0.2678553477E+03    0.1691228444E+03    0.2911941690E+03
          45    0.2916107533E+03    0.1941761561E+03    0.2305909484E+03
          46    0.3102816427E+03    0.2194335187E+03    0.2885638497E+03
          47    0.2860809747E+03    0.1544320135E+03    0.3190927402E+03
          48    0.2714395615E+03    0.1711610395E+03    0.3452029527E+03
          49    0.3106632718E+03    0.2225313171E+03    0.2774036009E+03
          50    0.2895998111E+03    0.1560295247E+03    0.3021513773E+03
          51    0.2740317233E+03    0.1747263397E+03    0.2741899022E+03
          52    0.3013877455E+03    0.2014403125E+03    0.2573970892E+03
          53    0.1990555026E+03    0.1099656493E+03   -0.9267833446E+03
          54    0.3017336968E+03    0.2140253999E+03    0.3171916816E+03
          55    0.2386399257E+03    0.1405331001E+03    0.2968782304E+03
          56    0.3631172714E+03    0.2454239315E+03    0.1166297746E+04
          57    0.2896809312E+03    0.2017583667E+03    0.2598355388E+03
          58    0.2121223065E+03    0.1056245451E+03    0.2976042073E+03
          59    0.3225874496E+03   -0.2213888950E+03    0.5913835988E+03
          60    0.3079362006E+03    0.2113091925E+03    0.2371870199E+03
          61    0.2830298657E+03    0.1575326723E+03    0.3073769959E+03
          62    0.2747601819E+03    0.1742604448E+03    0.2758479017E+03
          63    0.2643762845E+03    0.1736924333E+03    0.3249514608E+03
          64    0.3007338539E+03    0.2228616483E+03    0.2899039905E+03
          65    0.2812303870E+03    0.1723543964E+03   -0.7264576868E+03
          66    0.2877929171E+03    0.1888518943E+03    0.2296696868E+03
          67    0.3288297189E+03    0.1854598209E+03   -0.2466372619E+03
          68    0.2176660260E+03    0.1025026964E+03    0.2877031827E+03
          69    0.2966374567E+03    0.2138103677E+03    0.6028835258E+03
          70    0.2648540357E+03    0.1662329015E+03   -0.3392039926E+03
          71    0.2173905777E+03    0.1030269413E+03    0.2821880719E+03
          72    0.2966566381E+03    0.2206560653E+03    0.3328483976E+03
          73    0.3017764806E+03    0.2107021447E+03    0.3194262424E+03
          74    0.2126411919E+03    0.1043487513E+03    0.2908027208E+03
          75    0.2217309738E+03    0.1008266217E+03    0.2898798532E+03
          76    0.2901451235E+03    0.1497561505E+03    0.3135434899E+03
          77    0.2939887680E+03    0.1785599935E+03    0.2457410408E+03
          78    0.2898179823E+03    0.1551483020E+03    0.2840935304E+03
          79    0.2214751111E+03    0.1013453662E+03    0.2843071833E+03
          80    0.2734785291E+03    0.1755897699E+03    0.2857533139E+03
          81    0.2778133476E+03    0.1763698874E+03    0.3522866423E+03
          82    0.2815425932E+03    0.1719911650E+03   -0.7086534901E+03
          83    0.3007506286E+03    0.1996210402E+03    0.2787073885E+03
          84    0.2793142410E+03    0.1547298741E+03   -0.7976612385E+03
          85    0.3081540991E+03    0.2023788360E+03    0.2582246988E+03
          86    0.2695905514E+03    0.1773066583E+03    0.3134231092E+03
          87    0.2897086391E+03    0.1567751722E+03    0.2946609792E+03
          88    0.2947752590E+03    0.1575449735E+03    0.2991928273E+03
          89    0.2161201705E+03    0.1036373215E+03    0.2919061754E+03
          90    0.3052648749E+03    0.2029895894E+03    0.1083664780E+04
          91    0.2180281923E+03    0.1025958287E+03    0.2924343979E+03
          92    0.2910700684E+03    0.1621252076E+03    0.3023183385E+03
          93    0.3009862491E+03    0.2023278208E+03    0.2676341861E+03
          94    0.2587110195E+03    0.1771439781E+03    0.5989675138E+03
          95    0.2736239619E+03    0.1730011083E+03    0.2964669144E+03
          96    0.2742075637E+03    0.1751262192E+03    0.2874948896E+03
          97    0.2957023790E+03    0.2211556570E+03    0.5567326762E+03
          98    0.2366119298E+03    0.1180821809E+03    0.3425937998E+03
          99    0.2902552224E+03    0.1505463204E+03    0.3069282019E+03
         100    0.2996945241E+03    0.2150908227E+03    0.3423455995E+03
