     Index              y_true              y_pred        descriptor_1        descriptor_2
         1    0.8981300000E+02    0.8175974650E+02   -0.8057577600E+00   -0.1119008000E+00
         2    0.3137600000E+03    0.3176167148E+03    0.2140194200E+00    0.2352429400E+00
         3    0.2482000000E+03    0.2526483855E+03    0.3909275000E-01    0.3293556500E+00
         4    0.3525250000E+03    0.3547888766E+03    0.2838329600E+00    0.1271981200E+00
         5    0.3410000000E+03    0.3586867388E+03    0.3487020400E+00    0.2188997800E+00
         6    0.3124500000E+03    0.2917223794E+03    0.6305277000E-01    0.1272948000E+00
         7    0.3535000000E+03    0.3326072138E+03    0.2665869200E+00    0.2353801500E+00
         8    0.1338500000E+03    0.1460903083E+03   -0.6190219800E+00   -0.1808730000E+00
         9    0.1114000000E+03    0.1260425891E+03   -0.3698514600E+00    0.3909070200E+00
        10    0.1832000000E+03    0.1892610870E+03   -0.3777708100E+00   -0.1959215000E-01
        11    0.1721500000E+03    0.1974403706E+03   -0.3084059500E+00    0.5331797000E-01
        12    0.1744500000E+03    0.1579652818E+03   -0.4273722000E+00    0.8780000000E-01
        13    0.3410000000E+03    0.3449858671E+03    0.3827784000E+00    0.3657996500E+00
        14    0.3590000000E+03    0.3623784088E+03    0.4053954800E+00    0.2972569100E+00
        15    0.3474000000E+03    0.3379137644E+03    0.2607540000E+00    0.1916701400E+00
        16    0.4062400000E+03    0.3866120161E+03    0.3570618000E+00    0.5880121000E-01
        17    0.7620000000E+02    0.7933087718E+02   -0.6105327600E+00    0.2528447700E+00
        18    0.1399000000E+03    0.1243785057E+03   -0.7160514000E+00   -0.2184758100E+00
        19    0.3670000000E+03    0.3740073078E+03    0.3247935600E+00    0.8004987000E-01
        20    0.2677000000E+03    0.2659851464E+03   -0.1417753000E-01    0.1503748000E+00
        21    0.4260000000E+03    0.4284194054E+03    0.5682680500E+00    0.1748386600E+00
        22    0.3092000000E+03    0.3192515452E+03    0.2040274200E+00    0.2071050200E+00
        23    0.2720000000E+03    0.3282382579E+03    0.3044610000E+00    0.3305768400E+00
        24    0.1591000000E+03    0.1741029209E+03   -0.3559614000E+00    0.1144816000E+00
        25    0.1875850000E+03    0.1952529931E+03   -0.3365658100E+00    0.1661510000E-01
        26    0.2138000000E+03    0.2623423249E+03   -0.2193907000E-01    0.1593161000E+00
        27    0.2375000000E+03    0.2219747337E+03   -0.2443504000E-01    0.4079145100E+00
        28    0.2256100000E+03    0.2089637826E+03   -0.3236252200E+00   -0.4617069000E-01
        29    0.3410000000E+03    0.2966321252E+03    0.9999167000E-01    0.1626484200E+00
        30    0.1984000000E+03    0.2267025750E+03   -0.1924916500E+00    0.7739715000E-01
        31    0.1516000000E+03    0.1558710661E+03   -0.4352122000E+00    0.8689252000E-01
        32    0.1839000000E+03    0.1608284013E+03   -0.3350255500E+00    0.2351826800E+00
        33    0.2050000000E+02    0.8437778993E+01   -0.1000000000E+01    0.0000000000E+00
        34    0.2287000000E+03    0.2644420075E+03    0.1353201900E+00    0.4277003600E+00
        35    0.2300000000E+03    0.2582546373E+03   -0.7534020000E-01    0.8933598000E-01
        36    0.2443500000E+03    0.2601597652E+03   -0.5841697000E-01    0.1076909200E+00
        37    0.3520000000E+03    0.3353001526E+03    0.2561535900E+00    0.1998187500E+00
        38    0.2362500000E+03    0.2038879755E+03   -0.1555596900E+00    0.2865440600E+00
        39    0.3200000000E+03    0.3518211665E+03    0.9087879000E-01   -0.1996503900E+00
        40    0.4610000000E+03    0.3460615404E+03    0.3138898600E+00    0.2357223800E+00
        41    0.2234200000E+03    0.2099062978E+03   -0.3034433500E+00   -0.1594700000E-01
        42    0.3340000000E+03    0.3475799614E+03    0.3583879200E+00    0.3058698900E+00
