Model_ID, [(c_i,i=0,n)_j,j=1,ntask]
           1    0.3317534475E+01    0.2436089892E+02    0.4888510788E+02
           2    0.3375370268E+01    0.2423219553E+02   -0.4610592572E+02
           3    0.2877449863E+01    0.2458226903E+02    0.5712577789E+02
           4    0.3003903403E+01    0.2406505661E+02    0.4777293347E+02
           5    0.3028367323E+01   -0.2436340815E+02    0.5648413032E+02
           6    0.3617298042E+01    0.2039776645E+02   -0.4998446663E+02
           7    0.3070305788E+01   -0.2430847586E+02    0.5639593844E+02
           8    0.9467762126E+01   -0.2656975181E+02    0.8095023157E+01
           9    0.8940330581E+01   -0.2278864871E+02    0.7324107998E+01
          10    0.8901694823E+01   -0.2229396222E+02    0.7086685180E+01
          11    0.5861340838E+01   -0.2044752526E+02    0.7377045071E+01
          12    0.5184910256E+01   -0.2296296032E+02   -0.2082046890E+02
          13    0.5183469207E+01   -0.2296021809E+02   -0.2105776944E+02
          14    0.4602352412E+01   -0.2194055037E+02   -0.1715370437E+02
          15    0.5120898416E+01   -0.2317389424E+02   -0.1834839990E+02
          16    0.3535327651E+01   -0.1659891016E+02    0.1222775410E+02
          17    0.3756799266E+01   -0.1942287028E+02   -0.3638717995E+02
          18    0.4393185524E+01    0.2278496662E+02    0.1174221067E+03
          19    0.1946810346E+00   -0.2709750488E+02    0.8887156881E+01
          20    0.3594792900E+01   -0.1722853352E+02    0.2214005429E+03
          21    0.3411977536E+01   -0.1636757229E+02    0.1273546323E+02
          22    0.3692508979E+01    0.2010334151E+02    0.4594960493E+02
          23    0.3317680826E+01   -0.2432134127E+02    0.1469410412E+02
          24    0.4846159925E+01   -0.2220793569E+02   -0.1941132131E+02
          25    0.4140004825E+01   -0.1154790036E+02    0.2546776787E+03
          26    0.3524918469E+01   -0.1713753657E+02   -0.1069363997E+03
          27    0.1086808906E+02   -0.2097625377E+02    0.9055611857E+01
          28    0.5406586401E+01   -0.2206508335E+02   -0.2895162928E+02
          29    0.3383098136E+01   -0.2190790016E+02   -0.6475051321E+02
          30    0.3558912889E+01   -0.1005277548E+02    0.2137344438E+03
          31    0.5103161409E+01   -0.2211685741E+02   -0.1716565807E+02
          32    0.3567645008E+01   -0.1714023573E+02   -0.1111929975E+03
          33    0.4879757538E+01   -0.2257092831E+02    0.4011482128E+02
          34    0.8092543324E+00   -0.2268346534E+02    0.7726861215E+01
          35    0.6662516252E+01   -0.1625214473E+02   -0.8387164288E+01
          36    0.3418523066E+01   -0.1908353769E+02   -0.4075686301E+02
          37    0.3424172549E+01   -0.1908677911E+02   -0.4063229691E+02
          38    0.3910969235E+01    0.2009090638E+02    0.4656512459E+02
          39    0.3356488170E+01   -0.1904542731E+02    0.4211129991E+02
          40    0.3782568869E+01   -0.1927057629E+02   -0.3672247122E+02
          41    0.3699934276E+01   -0.1692625491E+02    0.2230898239E+03
          42    0.4739239154E+01   -0.2280569789E+02    0.4650226071E+02
          43    0.3370524672E+01   -0.2163225860E+02   -0.6772022953E+02
          44    0.4533274513E+01   -0.2985138548E+02   -0.2097681129E+02
          45    0.3668470434E+01   -0.1000296104E+02    0.2126697304E+03
          46    0.4582718531E+01   -0.2988016880E+02    0.2083245579E+02
          47    0.3544859488E+01   -0.1914898949E+02   -0.3793388060E+02
          48    0.1114799766E+02   -0.2763889545E+02   -0.1093451727E+02
          49    0.3409044545E+01   -0.1914732436E+02   -0.6256156415E+02
          50    0.3612599871E+01   -0.2153403603E+02   -0.5425853711E+02
          51    0.3384457784E+01   -0.1892586527E+02   -0.6573848225E+02
          52    0.4851126682E+01   -0.2256592178E+02    0.4599618307E+02
          53    0.5563887030E+01   -0.2327445496E+02    0.8184155455E+01
          54    0.5999914719E+00   -0.2317508641E+02    0.7955247069E+01
          55    0.6734502314E+01   -0.1849258085E+02   -0.8552859023E+01
          56    0.5823232809E+01   -0.1786000117E+02    0.6979686896E+01
          57    0.3216088311E+01   -0.1895727976E+02   -0.4517963204E+02
          58    0.1063771824E+02   -0.1835125869E+02    0.8735369458E+01
          59    0.2023718968E+01   -0.2204422089E+02    0.1086450798E+02
          60    0.2189922133E+01   -0.2222288808E+02   -0.1017220352E+02
          61    0.2172883432E+01   -0.2221739459E+02   -0.1022766232E+02
          62    0.2005323425E+01   -0.2203716101E+02   -0.1092501811E+02
          63    0.3591944113E+01   -0.1004332079E+02    0.2134738674E+03
          64    0.1034324661E+01   -0.2429813468E+02    0.8413221313E+01
          65    0.3435925084E+01   -0.2179352082E+02   -0.4150846306E+02
          66    0.3430334640E+01   -0.2178952715E+02   -0.4163292724E+02
          67    0.3216803332E+01   -0.1895476690E+02   -0.4514663731E+02
          68    0.1987147560E+01   -0.2202994166E+02    0.1098468608E+02
          69    0.2234356544E+01   -0.2223261374E+02   -0.1007499193E+02
          70    0.3076314797E+01   -0.2437258535E+02   -0.1568750981E+02
          71    0.3343323243E+01   -0.1885554191E+02   -0.4353080786E+02
          72    0.3538608271E+01    0.2427197177E+02    0.5302315124E+02
          73    0.4577901673E+01   -0.2301963835E+02   -0.1730145832E+02
          74    0.2218064566E+01   -0.2222713174E+02   -0.1012817196E+02
          75    0.4829407507E+01    0.2397563509E+02    0.2081133355E+02
          76    0.3431052097E+01   -0.1891387267E+02    0.4154315223E+02
          77    0.3369167638E+01   -0.2174250517E+02    0.4298312066E+02
          78    0.2077602666E+01   -0.2205545733E+02    0.1073657013E+02
          79    0.3609859961E+01   -0.2125023157E+02   -0.5669928771E+02
          80    0.2060158015E+01   -0.2204845577E+02   -0.1079409100E+02
          81    0.3555968364E+01   -0.2186998150E+02   -0.3880339654E+02
          82    0.2042940729E+01   -0.2204129735E+02    0.1085073987E+02
          83    0.3199666903E+01   -0.1876039706E+02    0.4680180906E+02
          84    0.5503993327E+01   -0.2172353081E+02    0.3007401332E+02
          85    0.3621498279E+01   -0.1007768041E+02    0.1094861056E+03
          86    0.3278864892E+01   -0.1880674157E+02    0.4495805594E+02
          87    0.1742394144E+01   -0.2174502598E+02   -0.1201233004E+02
          88    0.8430506404E+01   -0.2240548953E+02   -0.6635219842E+01
          89    0.3842974390E+01   -0.1688701270E+02    0.1138387278E+03
          90    0.3546792079E+01    0.1995637197E+02    0.4658002257E+02
          91    0.3747622059E+01    0.2220479018E+02   -0.9910238208E+02
          92    0.3041579284E+01   -0.1912076241E+02   -0.4451904497E+02
          93    0.3645727581E+01   -0.1681386041E+02   -0.1069900511E+03
          94    0.3540815842E+01   -0.1897780825E+02   -0.3900575540E+02
          95    0.4892691264E+01   -0.2274761951E+02   -0.1752461991E+02
          96    0.3359664394E+01   -0.1882390797E+02   -0.4459680342E+02
          97    0.1231779430E+02   -0.2036383555E+02    0.1142495718E+02
          98    0.3671113803E+01   -0.2408090004E+02    0.5258980029E+02
          99    0.5178114868E+01   -0.1992756404E+02   -0.1946522430E+02
         100    0.3222547428E+01   -0.1893800534E+02   -0.4490212402E+02
