        Rank        RMSE       MaxAE  Feature_ID
           1   32.412594   86.886960  (    5857   14415)
           2   32.752628   84.054844  (    3754   14415)
           3   33.161631   88.362292  (    3183   14415)
           4   33.162716   89.140782  (    3078   14415)
           5   33.243345   93.693440  (    4277   14415)
           6   33.576726   85.140511  (    3209   14415)
           7   33.759153   95.321433  (    8171   14415)
           8   33.773113   97.086461  (    2090   14485)
           9   33.924467   82.358383  (    3803   14415)
          10   33.996807   92.999949  (    1631   14415)
          11   34.003326   91.712871  (    4032   14415)
          12   34.177989   94.529386  (     217   14415)
          13   34.194574   93.238250  (     747   10001)
          14   34.261489  101.433051  (    5419   14415)
          15   34.268560   96.783960  (    4229   14415)
          16   34.281968   89.949551  (    1100   14454)
          17   34.286511   88.086534  (      30   14415)
          18   34.350256   86.316337  (     920   14415)
          19   34.362236   88.556287  (    1100   14769)
          20   34.437551   94.563063  (    5687   16220)
          21   34.445371   79.939774  (      24   14454)
          22   34.453195   87.001716  (    1088   14415)
          23   34.472777   85.963806  (    8746   10223)
          24   34.481274   98.142799  (    1021   10001)
          25   34.488028   97.827315  (    2714   14415)
          26   34.510619   90.572428  (    1100   13071)
          27   34.527613   79.940353  (      65   11923)
          28   34.528860   87.360415  (    1853   14415)
          29   34.561050   78.698683  (      24   14769)
          30   34.568486   85.915560  (     656   12207)
          31   34.589599   93.051337  (     747   10834)
          32   34.613604  101.397139  (    2036   11179)
          33   34.615699   93.185524  (      65   14415)
          34   34.624661   85.698863  (     656   16220)
          35   34.625177  118.432036  (     272   10945)
          36   34.633303   85.486202  (     656   19642)
          37   34.665266   75.880576  (      24   13170)
          38   34.667195   85.102312  (    1336   16220)
          39   34.686226   96.518545  (    9620   14415)
          40   34.719598   91.030464  (    3536   14415)
          41   34.720955   77.280424  (      30   11923)
          42   34.734068   94.331089  (     116   15919)
          43   34.738605   85.325910  (    1336   12207)
          44   34.739972   90.425728  (     747   10006)
          45   34.747518   85.888460  (    2902   14415)
          46   34.758673   87.825868  (    8358   14415)
          47   34.761307   86.256341  (    1048   19642)
          48   34.762141   84.970822  (     157   14415)
          49   34.773283   98.837924  (     297   14415)
          50   34.775945   86.101331  (    1048   16220)
          51   34.790356   82.414125  (      18   14415)
          52   34.799006   88.542213  (      89   11923)
          53   34.808462   86.038691  (    1048   12207)
          54   34.809671  102.375970  (      35   14415)
          55   34.824695   91.118352  (     481   14415)
          56   34.832590   84.869469  (    1336   19642)
          57   34.839391  114.905052  (    1751   15642)
          58   34.840860   84.045539  (      13   14415)
          59   34.843957   92.881206  (    1100   13170)
          60   34.846068   87.007574  (    1954   14415)
          61   34.848196   98.333083  (     747   14485)
          62   34.859296   94.938219  (     747   13625)
          63   34.864071   88.295206  (     656   10223)
          64   34.866207  109.474107  (      22   10001)
          65   34.867405   94.625317  (      22   16643)
          66   34.869319   80.575726  (      30   11116)
          67   34.873124   85.589248  (    1717   19642)
          68   34.878819  111.924610  (    2862   10059)
          69   34.879490   86.030478  (    1717   12207)
          70   34.881076   85.809217  (    1717   16220)
          71   34.895585   94.435017  (    5687   12207)
          72   34.896655   93.936614  (    4064   14415)
          73   34.906068   88.512633  (     230   14415)
          74   34.924770  103.836480  (      89   14415)
          75   34.928762  115.393112  (    1751   15086)
          76   34.929232   83.414425  (     262   14454)
          77   34.930402   93.961083  (     747   12757)
          78   34.959020   97.353340  (       6   14415)
          79   34.967648   75.952654  (      30   11988)
          80   34.971989   87.525694  (    1100   17069)
          81   34.982866  109.550091  (      22   10338)
          82   34.986667   96.005393  (     125   12130)
          83   34.988996   91.901425  (    2090   10001)
          84   35.006221   82.939095  (    4775   14415)
          85   35.009780   99.179742  (    9073   14415)
          86   35.010272  108.488357  (     188   13625)
          87   35.025480   85.232187  (    1406   19642)
          88   35.026346  103.442948  (    5687   17963)
          89   35.033939   78.393498  (      65   14846)
          90   35.035373   85.450755  (    1406   16220)
          91   35.041259   95.074756  (    7972   14415)
          92   35.046309   86.915895  (    7367   10223)
          93   35.049916  107.802807  (      22   12444)
          94   35.059764   85.674728  (    1406   12207)
          95   35.063088  107.208788  (     195   13652)
          96   35.067347   77.445690  (      65   10899)
          97   35.073195   85.483330  (    1830   19642)
          98   35.074818  103.273072  (    7217   11179)
          99   35.075495   94.907018  (    5687   19642)
         100   35.089023   83.020082  (     108   13170)
