     Index              y_true              y_pred        descriptor_1        descriptor_2
         1    0.1128000000E+02    0.1097372342E+02   -0.8275343000E-01   -0.3864567000E-01
         2    0.1470000000E+02    0.1620425110E+02   -0.6483977400E+00    0.2453322000E-01
         3    0.2977000000E+02    0.2708008699E+02   -0.1227325120E+01    0.4052790000E-01
         4    0.7350000000E+01    0.9493744552E+01   -0.4744076200E+00    0.5005853000E-01
         5    0.7530000000E+01    0.1316269851E+02   -0.2694887000E+00   -0.2186200000E-01
         6    0.3366000000E+02    0.3666233479E+02   -0.1370529000E+01   -0.1625258000E-01
         7    0.5980000000E+01    0.4507036886E+01    0.4330440000E-01   -0.6009280000E-02
         8    0.1799000000E+02    0.1744088829E+02   -0.5607844000E+00   -0.3290430000E-02
         9    0.2600000000E+01    0.6337695134E+00    0.1915794900E+00   -0.5199000000E-03
        10    0.2347000000E+02    0.2487380968E+02   -0.8976733000E+00   -0.3712590000E-02
        11    0.3600000000E+01    0.6465382514E+01   -0.1928788000E+00    0.2235944000E-01
        12    0.6970000000E+01    0.4874318266E+01    0.6226152000E-01   -0.1290824000E-01
        13    0.1040000000E+01    0.8168036376E+01   -0.5127443800E+00    0.6914765000E-01
        14    0.2613000000E+02    0.2289327689E+02   -0.7176416400E+00   -0.2103816000E-01
        15    0.1576000000E+02    0.1826375759E+02   -0.4543899500E+00   -0.3109590000E-01
        16    0.3850000000E+02    0.3018763029E+02   -0.1218528700E+01    0.1144278000E-01
        17    0.1002000000E+02    0.2463123645E+02   -0.1326985380E+01    0.8136168000E-01
        18    0.2492000000E+02    0.2656901227E+02   -0.1522563590E+01    0.1020674100E+00
        19    0.6140000000E+01    0.3771246357E+01    0.5734840000E-01   -0.2238080000E-02
        20    0.4660000000E+01    0.6681489358E+01    0.4316156000E-01   -0.2514444000E-01
        21    0.6650000000E+01    0.6367801909E+01    0.7715840000E-02   -0.1553244000E-01
        22    0.4660000000E+01    0.2897046919E+01    0.7581756000E-01    0.1898000000E-02
        23    0.4390000000E+01    0.4054070872E+01   -0.1288210000E-01    0.8836940000E-02
        24    0.2638000000E+02    0.2618548274E+02   -0.1407600000E+01    0.8323812000E-01
        25    0.1925000000E+02    0.1738202947E+02   -0.5970346000E+00    0.4231260000E-02
        26    0.1560000000E+01    0.3732993455E+01    0.5650755000E-01   -0.1738530000E-02
        27    0.4090000000E+02    0.2482374536E+02   -0.1255296750E+01    0.6581601000E-01
        28    0.9540000000E+01    0.1011021535E+02   -0.2676521000E-01   -0.4185192000E-01
        29    0.1262000000E+02    0.1723853904E+02   -0.9459364800E+00    0.7289832000E-01
        30    0.1000000000E+00    0.4774432262E+01    0.0000000000E+00    0.0000000000E+00
        31    0.1316000000E+02    0.9049300809E+01   -0.4326574800E+00    0.4590978000E-01
        32    0.1337000000E+02    0.1688797992E+02   -0.6074504800E+00    0.1059735000E-01
        33    0.4200000000E+00    0.1432762682E+01    0.1439676000E+00    0.1636720000E-02
        34    0.6070000000E+01   -0.4147228690E+00    0.2145917000E+00    0.4274520000E-02
        35    0.4060000000E+01    0.4095003732E+01    0.3127424000E-01   -0.5412000000E-04
        36    0.2309000000E+02    0.2597392591E+02   -0.6462820500E+00   -0.6197252000E-01
        37    0.5650000000E+01    0.6561868518E+01    0.7205147000E-01   -0.2967135000E-01
        38    0.2141000000E+02    0.2027097612E+02   -0.8570908500E+00    0.2901080000E-01
        39    0.4810000000E+01    0.6493854545E+01   -0.1085356800E+00    0.5814720000E-02
        40    0.2305000000E+02    0.1929782203E+02   -0.1292422320E+01    0.1216863000E+00
        41    0.7980000000E+01    0.4140525170E+01    0.2710680000E-01    0.3498000000E-03
        42    0.1546000000E+02    0.1175661597E+02   -0.3642811900E+00    0.8841820000E-02
