        Rank        RMSE       MaxAE  Feature_ID
           1    8.224434   21.109574  (    6095   10006)
           2    8.268878   21.735961  (    4401   10006)
           3    8.270579   21.766621  (      18   10642)
           4    8.306595   16.042551  (    5423   14425)
           5    8.330452   18.952709  (    3864   16316)
           6    8.346458   22.341861  (      12   10642)
           7    8.350040   22.582096  (      10   10642)
           8    8.367310   21.862480  (    2511   12460)
           9    8.391249   21.532215  (      26   10642)
          10    8.398294   20.395675  (      33   10157)
          11    8.399774   21.599592  (      27   10642)
          12    8.399801   21.042237  (      49   10642)
          13    8.400617   21.949437  (     560   10621)
          14    8.407335   20.731807  (      56   10642)
          15    8.414347   22.275661  (      18   16731)
          16    8.424163   23.029399  (    1694   10298)
          17    8.430674   20.334179  (      33   10220)
          18    8.444550   20.960198  (     459   14425)
          19    8.447978   19.736641  (    9292   16316)
          20    8.451158   21.431475  (      81   10642)
          21    8.454288   22.402528  (      40   10220)
          22    8.464107   21.972970  (      81   16731)
          23    8.464703   21.750970  (     384   10621)
          24    8.470038   22.470128  (      19   10642)
          25    8.481343   21.201430  (     105   10642)
          26    8.485381   22.388924  (    1670   10621)
          27    8.485497   23.098312  (      10   16731)
          28    8.491673   22.047962  (    3568   12460)
          29    8.494245   21.093613  (    1235   12460)
          30    8.494453   20.975524  (     606   12460)
          31    8.495511   24.424117  (    6459   19952)
          32    8.496191   22.151148  (     783   10621)
          33    8.500493   20.826908  (     560   11000)
          34    8.501219   22.824704  (    4498   13772)
          35    8.503826   22.505550  (    4033   10621)
          36    8.503958   22.089558  (     851   10621)
          37    8.512598   22.849108  (     193   10621)
          38    8.514034   21.542670  (      49   16731)
          39    8.514630   20.439804  (      33   14425)
          40    8.515474   22.842363  (      12   16731)
          41    8.518116   18.711499  (    3864   14110)
          42    8.520881   21.071985  (     560   10539)
          43    8.524624   20.433835  (      33   10406)
          44    8.526236   21.421914  (    1976   12460)
          45    8.527808   21.568476  (    1714   12460)
          46    8.527871   22.544279  (    5715   10621)
          47    8.528888   21.227061  (     560   10863)
          48    8.530182   20.167994  (      33   10097)
          49    8.530237   21.727370  (     105   16731)
          50    8.535607   20.667986  (      33   10471)
          51    8.537214   22.365886  (    4055   10621)
          52    8.538206   22.094290  (      27   16731)
          53    8.538304   22.023061  (      26   16731)
          54    8.539624   21.406764  (    1956   12460)
          55    8.541457   19.996783  (      33   10111)
          56    8.544413   21.902411  (    2511   10747)
          57    8.545462   22.994495  (      19   16731)
          58    8.545651   20.504413  (      33   10409)
          59    8.546705   24.134202  (    4006   10621)
          60    8.548342   19.259489  (    7053   10642)
          61    8.552742   22.410927  (      40   10406)
          62    8.553311   20.897562  (     384   10539)
          63    8.555214   23.028175  (    4401   14110)
          64    8.556590   21.510874  (    2045   12460)
          65    8.557132   21.333237  (     560   11322)
          66    8.557675   22.519092  (      40   10097)
          67    8.557943   21.384444  (     560   11675)
          68    8.559276   21.332312  (    2150   12460)
          69    8.559468   21.331655  (     560   11337)
          70    8.560854   20.651930  (     384   11000)
          71    8.560937   24.356912  (      24   10021)
          72    8.562105   22.362884  (      63   10220)
          73    8.563472   20.258449  (      33   10441)
          74    8.563619   22.060358  (    1184   10621)
          75    8.564622   21.088474  (     415   12460)
          76    8.564732   20.879914  (      33   18692)
          77    8.565326   20.973096  (     560   10490)
          78    8.565552   22.605363  (    8280   10621)
          79    8.565586   21.213770  (      56   16731)
          80    8.566039   21.243851  (    1670   11000)
          81    8.566345   19.929455  (       1   10001)
          82    8.567706   22.481786  (      12   16163)
          83    8.568516   21.894442  (      18   16163)
          84    8.569033   20.988666  (    1135   12460)
          85    8.569484   21.047966  (     384   10863)
          86    8.569504   21.355322  (    5715   11000)
          87    8.569998   20.306561  (    7641   14110)
          88    8.574894   22.720162  (      10   16163)
          89    8.575270   20.780591  (    6459   17422)
          90    8.580974   22.226128  (    1146   10621)
          91    8.581601   23.327225  (    4006   11000)
          92    8.581668   20.990332  (     560   11946)
          93    8.582902   21.320585  (     560   11549)
          94    8.585235   21.602936  (    7641   10006)
          95    8.585327   21.315964  (     560   11544)
          96    8.586492   24.126112  (    1577   19929)
          97    8.587747   18.951797  (    5493   10642)
          98    8.587839   21.311329  (     560   11542)
          99    8.590260   24.060419  (    6459   17424)
         100    8.592297   20.800862  (     384   10490)
