        Rank        RMSE       MaxAE  Feature_ID
           1   29.705685  102.676096  (     173   10257)
           2   29.852777   99.529516  (     173   10204)
           3   29.902547  101.458446  (     173   10290)
           4   30.092579  102.925054  (     173   10365)
           5   30.149144  102.749320  (     173   10746)
           6   30.153437  102.590874  (     173   10512)
           7   30.165065  102.518213  (     173   10486)
           8   30.222309  100.222349  (     173   11326)
           9   30.233956  101.999007  (     173   12042)
          10   30.239862  102.584198  (     173   10760)
          11   30.243018  102.677165  (     173   10863)
          12   30.249134   91.019033  (     173   15542)
          13   30.251355  102.650347  (     173   10890)
          14   30.258791  102.644426  (     173   10939)
          15   30.264278  102.639674  (     173   10963)
          16   30.269441  102.310315  (     173   10694)
          17   30.269997  102.634423  (     173   11001)
          18   30.278563  102.626059  (     173   11052)
          19   30.286471  102.600143  (     173   11070)
          20   30.307086  102.108535  (     173   10646)
          21   30.323368  102.214409  (     173   10627)
          22   30.326782  102.613131  (     173   11296)
          23   30.330447  102.934542  (     173   12483)
          24   30.351367   89.036782  (     173   19043)
          25   30.379514   89.840844  (     173   18174)
          26   30.390910  102.502314  (     173   11255)
          27   30.456724  104.758661  (    1323   18501)
          28   30.459464  103.048584  (     173   13215)
          29   30.460163   98.824474  (     173   10348)
          30   30.465917   94.100512  (     173   10199)
          31   30.468446  102.874825  (     173   10586)
          32   30.488342  102.405859  (     173   11667)
          33   30.523968  101.665878  (     173   10847)
          34   30.527419   98.708042  (     173   16161)
          35   30.531098  102.146099  (     173   12528)
          36   30.582172   92.229693  (     173   17461)
          37   30.612308  102.304284  (     173   12772)
          38   30.626918  101.399660  (     173   10057)
          39   30.650865  103.066912  (     173   13273)
          40   30.652056  102.771582  (     173   13477)
          41   30.670704  102.040784  (     173   12576)
          42   30.702279  102.799227  (     173   14107)
          43   30.705434   96.429689  (     173   11404)
          44   30.708216  102.822997  (     173   14089)
          45   30.708526  102.748878  (     173   13801)
          46   30.710653  102.901475  (     173   14760)
          47   30.721193  102.781671  (     173   13211)
          48   30.722659  100.278257  (     173   15467)
          49   30.752362   93.045960  (     173   19402)
          50   30.759184  102.379737  (     173   17969)
          51   30.766004  101.878438  (     173   13088)
          52   30.766257  102.867469  (     173   14950)
          53   30.771872  102.782255  (     173   14778)
          54   30.787013  102.825865  (     173   15264)
          55   30.788362  102.824601  (     173   15303)
          56   30.791200  102.821882  (     173   15364)
          57   30.794096  102.819028  (     173   15416)
          58   30.795514  102.817602  (     173   15447)
          59   30.810616  102.516218  (     173   18293)
          60   30.817381  102.773375  (     173   15784)
          61   30.823563  102.579393  (     173   13675)
          62   30.830502  101.731206  (     173   13166)
          63   30.831665  102.812605  (     173   16123)
          64   30.855156  103.531029  (     173   18799)
          65   30.878247  102.725639  (     173   16047)
          66   30.914653   99.154368  (     173   12169)
          67   30.920137  103.022368  (     173   14066)
          68   30.934801   89.437330  (     173   18409)
          69   30.943109  100.924379  (     173   12464)
          70   30.948430   94.209789  (     173   15226)
          71   30.962503  102.615991  (     173   16943)
          72   30.971379  102.707705  (     173   18412)
          73   30.983928   91.937301  (     173   15528)
          74   30.984281  102.452516  (     173   19193)
          75   30.992193  102.544207  (     173   18046)
          76   31.000750  102.035503  (     173   15390)
          77   31.041287  100.450318  (     173   11205)
          78   31.041881   99.040545  (     173   15734)
          79   31.074914   93.781569  (       1   19208)
          80   31.088045   91.236382  (     173   19328)
          81   31.088947  101.282114  (     173   14869)
          82   31.100456  102.363439  (     173   19675)
          83   31.101331   94.956216  (     173   15294)
          84   31.133854  106.890653  (     173   18105)
          85   31.179803  102.144571  (     173   19917)
          86   31.194332   98.140801  (     173   18861)
          87   31.217103   99.779229  (     173   10404)
          88   31.231228   92.560826  (     173   16108)
          89   31.267258   93.797849  (       1   14450)
          90   31.300601  108.697516  (       1   10013)
          91   31.349134   94.105670  (     173   16901)
          92   31.379085   90.969201  (     173   10587)
          93   31.391915  102.215731  (     173   10456)
          94   31.395085  100.771266  (     173   10549)
          95   31.431120  110.523259  (    2977   18501)
          96   31.447434   98.229068  (     173   10001)
          97   31.455930   98.480252  (     173   10002)
          98   31.469565  106.445509  (       1   10854)
          99   31.506885  109.131070  (    1164    7424)
         100   31.539451   91.192271  (     173   13696)
