Model_ID, [(c_i,i=0,n)_j,j=1,ntask]
           1    0.4697440667E+02   -0.3416449731E+02   -0.4860159897E+03
           2    0.4459663153E+02    0.3142476753E+02    0.3115156014E+03
           3    0.4366590490E+02    0.3332715752E+02    0.2526020980E+03
           4    0.4424664877E+02    0.3115810404E+02    0.3092390027E+03
           5    0.4330001680E+02    0.3303757600E+02    0.2508003239E+03
           6    0.4718786190E+02   -0.3511861351E+02    0.2564223897E+03
           7    0.4337588496E+02    0.3120843987E+02    0.3157038011E+03
           8    0.4463645376E+02    0.3217770251E+02    0.2907684507E+03
           9    0.4235996802E+02    0.3313685213E+02    0.2561316305E+03
          10    0.4427406895E+02    0.3190876686E+02    0.2889595615E+03
          11    0.4794488124E+02   -0.3303463522E+02    0.3136666354E+03
          12    0.3121111108E+02   -0.2655329151E+02   -0.2245570659E+03
          13    0.4337001276E+02    0.3199462675E+02    0.2961815573E+03
          14    0.5248193381E+02   -0.3975380195E+02   -0.2161399257E+03
          15    0.4416246892E+02   -0.3322381914E+02   -0.4518061521E+03
          16    0.5181831714E+02   -0.3936358157E+02   -0.2211699391E+03
          17    0.4805407008E+02   -0.3386495124E+02    0.2942388490E+03
          18    0.4492440805E+02    0.3419164491E+02   -0.2988539039E+03
          19    0.4379806915E+02    0.3224531292E+02    0.2699187270E+03
          20    0.5162769471E+02   -0.3948535705E+02   -0.2228552391E+03
          21    0.5177125300E+02   -0.3939050732E+02   -0.2215824554E+03
          22    0.4517639865E+02   -0.3279907209E+02   -0.4450860316E+03
          23    0.5155748866E+02   -0.3950154326E+02   -0.2232877706E+03
          24    0.4709483501E+02   -0.3515595581E+02   -0.4289417577E+03
          25    0.5184788557E+02   -0.3930273661E+02   -0.2206642813E+03
          26    0.4497098050E+02    0.3261389651E+02    0.4380018251E+03
          27    0.4052917984E+02    0.3194468470E+02   -0.2375467256E+03
          28    0.4479651736E+02   -0.3250499651E+02   -0.4432270532E+03
          29    0.4646060381E+02    0.3330269093E+02   -0.3325687171E+03
          30    0.2764601268E+02   -0.2604727434E+02   -0.4901742072E+03
          31    0.4460585179E+02    0.3233497777E+02    0.4346987350E+03
          32    0.4345624486E+02    0.3195989187E+02    0.2672401706E+03
          33    0.4371683469E+02    0.3303100355E+02    0.2343636643E+03
          34    0.4458454789E+02    0.3123006027E+02    0.2894553690E+03
          35    0.4907546247E+02    0.3930772895E+02    0.1948333221E+04
          36    0.4716064447E+02   -0.3416024032E+02   -0.3589975045E+03
          37    0.4481916280E+02    0.3088242963E+02    0.6164210595E+03
          38    0.4532497503E+02    0.3220200834E+02    0.4257347640E+03
          39    0.5216511068E+02   -0.3930999395E+02   -0.2176952631E+03
          40    0.4531456782E+02    0.3220864166E+02    0.4259551010E+03
          41    0.4370218901E+02   -0.3208626049E+02   -0.2718315996E+03
          42    0.4528054678E+02   -0.3285413530E+02   -0.4224050973E+03
          43    0.4447095550E+02    0.3063217298E+02    0.6126175467E+03
          44    0.5937568951E+02   -0.4355117936E+02    0.1841717315E+04
          45    0.4716667321E+02   -0.3253271998E+02   -0.4651488368E+03
          46    0.4569103587E+02   -0.3197031866E+02   -0.4306481129E+03
          47    0.4691560089E+02    0.3305134531E+02   -0.4684496475E+03
          48    0.4496239579E+02    0.3192898383E+02    0.4224770561E+03
          49    0.4490124779E+02   -0.3257269760E+02   -0.4206801369E+03
          50    0.4495198603E+02    0.3193560188E+02    0.4226976906E+03
          51    0.4722263094E+02   -0.3532315107E+02   -0.3246182047E+03
          52    0.4508558097E+02   -0.3200194459E+02   -0.4474242680E+03
          53    0.3927569996E+02    0.3103198933E+02   -0.2217807165E+03
          54    0.3137952898E+02   -0.2570818427E+02    0.2191981748E+03
          55    0.4534499919E+02   -0.3245225191E+02   -0.4404549007E+03
          56    0.4624710656E+02    0.3403376072E+02   -0.9667698653E+03
          57    0.4677668447E+02   -0.3338360348E+02   -0.4579642445E+03
          58    0.4531523102E+02   -0.3168549265E+02   -0.4289874346E+03
          59    0.4504043983E+02   -0.3252793079E+02   -0.2934108628E+03
          60    0.4335824791E+02   -0.3179650576E+02   -0.2693389898E+03
          61    0.4541411339E+02    0.3243002826E+02   -0.4335356746E+03
          62    0.4977011090E+02    0.3600554499E+02    0.7089908081E+03
          63    0.4512900062E+02    0.3267957966E+02    0.4206125213E+03
          64    0.4523678924E+02    0.3229292513E+02    0.4251905382E+03
          65    0.5079911592E+02   -0.3873421629E+02   -0.9542613428E+03
          66    0.4496733433E+02   -0.3216267358E+02   -0.4386637894E+03
          67    0.4517431872E+02    0.3257256377E+02    0.4193453531E+03
          68    0.4501818408E+02   -0.3212209226E+02   -0.4325920713E+03
          69    0.4461759798E+02    0.3196570696E+02    0.2704110438E+03
          70    0.4503608942E+02    0.3214084992E+02   -0.4318074544E+03
          71    0.4505387985E+02    0.3215880422E+02   -0.4310257411E+03
          72    0.5111716363E+02   -0.3932055462E+02   -0.2241814863E+03
          73    0.5054849049E+02   -0.3689190442E+02   -0.4627747727E+03
          74    0.4581200391E+02   -0.3471868957E+02    0.2487128323E+03
          75    0.3072443542E+02   -0.2698937721E+02   -0.5790999893E+02
          76    0.4476174606E+02    0.3240229623E+02    0.4175018057E+03
          77    0.3259101959E+02   -0.2634291185E+02   -0.7567638357E+03
          78    0.4487384167E+02    0.3201983652E+02    0.4219560027E+03
          79    0.4557910328E+02   -0.3185509169E+02   -0.4409572126E+03
          80    0.4407326375E+02    0.3178972427E+02    0.2802422682E+03
          81    0.4554013940E+02    0.3585001116E+02   -0.4552702656E+03
          82    0.4696113050E+02   -0.3291964362E+02   -0.4617731222E+03
          83    0.4480827560E+02    0.3229638830E+02    0.4162039057E+03
          84    0.4218933874E+02    0.3045000572E+02   -0.1211325999E+03
          85    0.4712307693E+02   -0.3464950551E+02    0.2454288329E+03
          86    0.4250537068E+02    0.2766195680E+02   -0.2821534396E+03
          87    0.4520735389E+02   -0.3158227599E+02   -0.4391665233E+03
          88    0.4507076988E+02   -0.3307422186E+02   -0.4370958699E+03
          89    0.4846241268E+02    0.3497869759E+02    0.4354852953E+03
          90    0.4724535612E+02   -0.3388672531E+02    0.2707017768E+03
          91    0.4546776989E+02   -0.3232082648E+02   -0.4270374262E+03
          92    0.4372991994E+02    0.3237415555E+02    0.4412653705E+03
          93    0.4257197902E+02    0.3199063840E+02    0.2712945112E+03
          94    0.4394954584E+02   -0.3256980010E+02   -0.4471264879E+03
          95    0.4361490534E+02    0.3065610838E+02    0.6257156286E+03
          96    0.3899937528E+02    0.3072807999E+02   -0.2190237873E+03
          97    0.3146731332E+02   -0.2580910763E+02    0.2077711270E+03
          98    0.4382791594E+02    0.3473275530E+02   -0.4325551067E+03
          99    0.4696545610E+02    0.3170306795E+02   -0.4435287417E+03
         100    0.4469053036E+02   -0.3278748421E+02   -0.4352395366E+03
