Model_ID, [(c_i,i=0,n)_j,j=1,ntask]
           1    0.4877996804E+02    0.3718995224E+02   -0.8128033864E+03
           2    0.4511676943E+02   -0.3342491491E+02   -0.9125267260E+03
           3    0.4888816401E+02    0.3721525767E+02   -0.8217773197E+03
           4    0.4702774420E+02    0.3728762151E+02    0.6009980765E+03
           5    0.4523440005E+02   -0.3343807012E+02   -0.9223965484E+03
           6    0.4250471413E+02    0.3431000833E+02   -0.2948468953E+04
           7    0.4440953091E+02   -0.3498387598E+02    0.6971823440E+03
           8    0.2026115839E+02    0.4171731271E+02   -0.3217241818E+04
           9    0.4848713174E+02    0.3679912295E+02   -0.8187982533E+03
          10    0.4741734915E+02    0.3643598314E+02    0.5688592294E+03
          11    0.4217993554E+02    0.3393968988E+02   -0.2986387693E+04
          12    0.4801918094E+02    0.3731795150E+02    0.5893063416E+03
          13    0.4859519646E+02    0.3682284264E+02   -0.8277176364E+03
          14    0.4542458502E+02    0.4632060479E+02    0.2334450911E+04
          15    0.4245478323E+02    0.3563694200E+02   -0.2367466731E+04
          16    0.4167430324E+02    0.3344286939E+02   -0.3046072333E+04
          17    0.4043928127E+02   -0.3478068607E+02   -0.3240333255E+04
          18    0.4824207538E+02    0.3861752869E+02    0.6078999348E+03
          19    0.4799348147E+02    0.3727222073E+02    0.5890096749E+03
          20    0.4563529757E+02   -0.3829125540E+02   -0.3146233909E+03
          21    0.4802086845E+02    0.3734387803E+02    0.5848278850E+03
          22    0.1996915801E+02    0.2989084064E+02   -0.3030334843E+04
          23    0.4724930208E+02    0.3701305413E+02    0.5673091039E+03
          24    0.4254514069E+02    0.4131975421E+02   -0.5343900393E+04
          25    0.4549790297E+02    0.4339834024E+02   -0.2237595799E+04
          26    0.2051546295E+02    0.4226820786E+02   -0.3154842191E+04
          27    0.4548963956E+02    0.4356490899E+02   -0.2292404689E+04
          28    0.4271723169E+02   -0.3877081239E+02   -0.5443985206E+04
          29    0.6624944184E+02    0.1974763671E+02   -0.2927508103E+03
          30    0.4154197978E+02   -0.3384658238E+02   -0.3097486561E+04
          31    0.1617642935E+02    0.5312264191E+02    0.1779563216E+04
          32    0.4744609969E+02    0.3599238813E+02    0.5823981009E+03
          33    0.4534362937E+02    0.4570751585E+02    0.2223009022E+04
          34    0.4538036585E+02    0.4354920528E+02   -0.2295846019E+04
          35    0.4863305571E+02    0.3775888552E+02    0.5787004411E+03
          36    0.4464755724E+02    0.3305081890E+02   -0.2241573758E+04
          37    0.4494126569E+02    0.4245549325E+02   -0.2232887117E+04
          38    0.4443468423E+02    0.3530737706E+02    0.5415356173E+03
          39    0.4491985714E+02   -0.3400027276E+02    0.6558282075E+03
          40    0.4565625278E+02   -0.4116066313E+02   -0.5299203801E+04
          41    0.4494202527E+02    0.4277642649E+02   -0.2313207958E+04
          42    0.4303269210E+02    0.3974140881E+02   -0.5292220265E+04
          43    0.4156402296E+02    0.3298508808E+02   -0.2790085153E+04
          44    0.4799820977E+02    0.3619588049E+02   -0.8223538597E+03
          45    0.2155979034E+02    0.4042461934E+02   -0.3229063174E+04
          46    0.4469847384E+02   -0.3465549533E+02    0.6588310718E+03
          47    0.4192372542E+02    0.4061399811E+02   -0.5186511103E+04
          48    0.4726755810E+02    0.3658454175E+02    0.5797015135E+03
          49    0.4848170170E+02    0.3836871782E+02    0.5772718308E+03
          50    0.4597571966E+02    0.4182787487E+02   -0.2325721620E+04
          51    0.4074261464E+02   -0.3294870262E+02   -0.3193709390E+04
          52    0.4461884531E+02    0.4116350465E+02   -0.1805987459E+03
          53    0.3818867577E+02   -0.3289637281E+02   -0.2463794882E+03
          54    0.4461763523E+02    0.4116060824E+02   -0.1815280802E+03
          55    0.4426549787E+02    0.3744566686E+02   -0.2093058946E+04
          56    0.9957402388E+01    0.6789751810E+02   -0.3121355646E+04
          57    0.4544117101E+02    0.4346496160E+02   -0.2294882813E+04
          58    0.4544096365E+02    0.4346492240E+02   -0.2294850699E+04
          59    0.4544075630E+02    0.4346488306E+02   -0.2294818586E+04
          60    0.4461787113E+02    0.3215784081E+02   -0.3056837807E+03
          61    0.4793886673E+02    0.3823943129E+02    0.6132561421E+03
          62    0.4309263138E+02   -0.3184632744E+02   -0.2677936090E+03
          63    0.3761198483E+02   -0.3343473687E+02   -0.2509305818E+03
          64    0.2242746097E+02    0.7642221271E+02   -0.3135775836E+04
          65    0.4552191430E+02   -0.3490577580E+02    0.6783184720E+03
          66    0.4562195272E+02   -0.4049676015E+02   -0.5256582611E+04
          67    0.4242750618E+02   -0.3288771990E+02   -0.2908287165E+03
          68    0.4459930989E+02    0.4115518472E+02   -0.1834276828E+03
          69    0.4490629502E+02    0.4082311807E+02   -0.3060279757E+03
          70    0.9977744339E+01    0.6789441487E+02   -0.3119487766E+04
          71    0.4046838528E+02   -0.3364985097E+02   -0.3240933703E+04
          72    0.4282808208E+02   -0.3755179767E+02   -0.2913837768E+03
          73    0.6693745660E+02   -0.2003148273E+02   -0.2993713387E+03
          74    0.4810465926E+02    0.3621630106E+02   -0.8309931019E+03
          75    0.2243082059E+02    0.7635188908E+02   -0.3137877053E+04
          76    0.1999703658E+02    0.1497545401E+03   -0.3242735242E+04
          77    0.4630860390E+02    0.3664605657E+02   -0.2563191890E+03
          78    0.4315225449E+02    0.3998329250E+02   -0.5334542765E+04
          79    0.4239214445E+02    0.4110986314E+02   -0.5290431883E+04
          80    0.3446959056E+02    0.2354361878E+02   -0.2234355640E+04
          81    0.4498678333E+02   -0.4180304244E+02   -0.5244930746E+04
          82    0.3464364537E+02    0.2987348353E+02   -0.6750691195E+03
          83    0.4498661453E+02   -0.4180297385E+02   -0.5244881928E+04
          84    0.3488218624E+02    0.3177848177E+02   -0.1137035170E+04
          85    0.4550224637E+02   -0.3486185618E+02    0.6787742198E+03
          86    0.4443708716E+02    0.4132957906E+02   -0.1938634300E+03
          87    0.1225112641E+02    0.5873382156E+02   -0.3059277667E+04
          88    0.4312612024E+02    0.3699008453E+02   -0.5344697187E+04
          89    0.4500696140E+02   -0.3352984711E+02    0.6732143900E+03
          90    0.3668541187E+02    0.2986711437E+02   -0.2316297011E+04
          91    0.1428677838E+02    0.5924077024E+02    0.1700699550E+04
          92    0.4154147430E+02   -0.3284292013E+02   -0.3100400992E+04
          93    0.4529365453E+02   -0.4074166841E+02   -0.5197317684E+04
          94    0.4281506570E+02    0.3970664219E+02   -0.5238737890E+04
          95    0.4202668253E+02    0.3311807729E+02   -0.3012376182E+04
          96    0.4767461149E+02    0.3578815695E+02    0.5558907919E+03
          97    0.4564872200E+02   -0.3730547249E+02   -0.2329762935E+04
          98    0.3902136873E+02    0.2747764902E+02   -0.2660976559E+03
          99    0.4863799373E+02    0.3727216396E+02    0.5911558899E+03
         100    0.1041454972E+02    0.4311646092E+02   -0.2918422931E+04
