Model_ID, [(c_i,i=0,n)_j,j=1,ntask]
           1    0.2907006738E+03    0.1022776313E+03    0.3309559966E+03
           2    0.2833028349E+03    0.9535007692E+02    0.3200702108E+03
           3    0.2900365965E+03    0.1025491697E+03    0.3262312842E+03
           4    0.2689875112E+03    0.8568510531E+02    0.3219414168E+03
           5    0.2606362862E+03    0.9897765700E+02    0.3075536269E+03
           6    0.1998128758E+03    0.1152446235E+03    0.5745076224E+03
           7    0.2905195865E+03    0.1005166718E+03   -0.3112179995E+03
           8    0.2883711425E+03    0.1032692430E+03    0.3202636924E+03
           9    0.2893165951E+03    0.1028720575E+03    0.3244675352E+03
          10    0.2826491898E+03    0.9561953802E+02    0.3158254471E+03
          11    0.2889447457E+03    0.1030113917E+03    0.3243190283E+03
          12    0.2858078863E+03    0.1093459235E+03    0.1018420847E+04
          13    0.2832893048E+03    0.9382696147E+02   -0.3023931530E+03
          14    0.1911378509E+03    0.1150785681E+03   -0.4210793328E+03
          15    0.2916373945E+03   -0.9945852261E+02    0.3211063410E+03
          16    0.1925399864E+03    0.1192454071E+03    0.4079956294E+03
          17    0.2889089869E+03    0.1026972995E+03    0.3177006228E+03
          18    0.2840826576E+03   -0.9319297690E+02    0.3092378509E+03
          19    0.3227447599E+03    0.1096873024E+03    0.3415762336E+03
          20    0.2596924627E+03    0.9670206939E+02    0.4686150353E+03
          21    0.3125202979E+03    0.1019037836E+03    0.3293263981E+03
          22    0.1973089391E+03    0.9435347161E+02    0.5932818050E+03
          23    0.1929040731E+03    0.1193153511E+03    0.4209856952E+03
          24    0.1924079248E+03    0.1131738467E+03   -0.4247659901E+03
          25    0.2819109783E+03    0.9588631894E+02    0.3135056348E+03
          26    0.2809674054E+03    0.9624000154E+02    0.3093156529E+03
          27    0.2816389289E+03    0.9598303269E+02    0.3172731558E+03
          28    0.2004004518E+03    0.1151817640E+03    0.5897607169E+03
          29    0.2832535022E+03    0.9626026146E+02    0.3233622341E+03
          30    0.5358959372E+02    0.1436284498E+03    0.1217275686E+04
          31    0.2682279387E+03    0.8580626879E+02    0.3149694992E+03
          32    0.2899135829E+03    0.1023596299E+03    0.3210703992E+03
          33    0.1855277753E+03    0.9711870960E+02    0.3938088505E+03
          34    0.1924539005E+03    0.1156066245E+03    0.7796068453E+03
          35    0.2838853377E+03    0.1152162461E+03    0.4735195982E+03
          36    0.2883801374E+03    0.1031097911E+03    0.3176430068E+03
          37    0.2766875331E+03    0.1729174973E+03   -0.5514578253E+03
          38    0.3221292957E+03    0.1099590228E+03    0.3363685068E+03
          39    0.1979299170E+03    0.9435718350E+02    0.6117447763E+03
          40    0.3119195291E+03    0.1021788251E+03    0.3246812072E+03
          41    0.2674837559E+03    0.8611685255E+02    0.3142157704E+03
          42    0.2893860231E+03    0.1012536860E+03    0.3358509917E+03
          43    0.2641514195E+03    0.8051064689E+02    0.3129854922E+03
          44    0.2813999905E+03    0.9577020606E+02    0.3032397802E+03
          45    0.2780343833E+03    0.1015808538E+03    0.9753411139E+03
          46    0.2627534434E+03    0.9138685174E+02    0.9849644383E+03
          47    0.2758371828E+03    0.1071211369E+03    0.4581382779E+03
          48    0.1858569034E+03    0.9717297189E+02    0.4057683582E+03
          49    0.2691128033E+03    0.8415469851E+02   -0.3005875860E+03
          50    0.2664722268E+03    0.8640464938E+02    0.3093537432E+03
          51    0.2903059788E+03    0.2345496868E+03    0.7190191678E+03
          52    0.3214843485E+03    0.1104031070E+03    0.3397961887E+03
          53    0.2662029738E+03    0.8649720048E+02    0.2991162220E+03
          54    0.3119893226E+03    0.1001747949E+03   -0.3101771272E+03
          55    0.3801075280E+03    0.1361361746E+03   -0.6078936593E+03
          56    0.3215365392E+03    0.1103716628E+03    0.3355144671E+03
          57    0.2853112280E+03    0.1175486402E+03    0.3065962735E+03
          58    0.3113137258E+03    0.1025223834E+03    0.3313187435E+03
          59    0.2870130240E+03   -0.8991618639E+02    0.3037023672E+03
          60    0.8192049607E+02    0.1250960033E+03    0.1104036526E+04
          61    0.3074364412E+03   -0.1818056654E+03    0.3718831869E+03
          62    0.2755510011E+03    0.1798729532E+03   -0.5744315719E+03
          63    0.3112818605E+03    0.1025150211E+03    0.3231656521E+03
          64    0.2825225964E+03    0.9543846618E+02    0.3103739777E+03
          65    0.2665355741E+03    0.7982216205E+02    0.3003565837E+03
          66    0.3206414305E+03    0.1107508000E+03    0.3302294743E+03
          67    0.3219434052E+03    0.1076651633E+03   -0.3201392452E+03
          68    0.2553014292E+03    0.9254240669E+02    0.2962619039E+03
          69    0.2914612247E+03    0.1026602874E+03    0.8995292820E+03
          70    0.2843223208E+03    0.1100970888E+03    0.4348422902E+03
          71    0.1944947705E+03    0.1091453892E+03   -0.7997410375E+03
          72    0.3128599729E+03   -0.9912965226E+02    0.3196821038E+03
          73    0.3570076218E+03    0.1319209808E+03   -0.6052865717E+03
          74    0.1705844633E+03    0.9154486770E+02    0.9453714471E+03
          75    0.2777248912E+03    0.1818203781E+03    0.3280331729E+03
          76    0.1821540363E+03   -0.7698854358E+02   -0.2927274528E+03
          77    0.1859358116E+03    0.1170655639E+03   -0.2097121236E+03
          78    0.3103836099E+03    0.1028544002E+03    0.3179898195E+03
          79    0.2809693717E+03    0.9608249525E+02    0.3063176649E+03
          80    0.2003768602E+03    0.1140322391E+03   -0.9644081323E+03
          81    0.2852381366E+03    0.1104916606E+03    0.1071608064E+04
          82    0.2770365396E+03    0.1091230235E+03    0.2953345022E+03
          83    0.2806134002E+03    0.1768298856E+03    0.3459055085E+03
          84    0.3302394252E+03    0.2459262904E+03    0.1859685562E+03
          85    0.1800365911E+03    0.9917197651E+02   -0.2672482725E+03
          86    0.2681810674E+03    0.8574225601E+02    0.3117480931E+03
          87    0.2545090785E+03    0.9057594024E+02    0.4537441458E+03
          88    0.3538303743E+03    0.1182034010E+03   -0.3124446626E+03
          89    0.2606670225E+03    0.1016117550E+03    0.4807981415E+03
          90    0.2724471179E+03    0.9672228795E+02    0.4010114518E+03
          91    0.2665402856E+03    0.8636482475E+02    0.3085725671E+03
          92    0.2894793006E+03    0.2352838541E+03    0.7140246991E+03
          93    0.2943132681E+03   -0.9570332185E+02    0.3125247226E+03
          94    0.2748808063E+03    0.1649828856E+03   -0.5850294459E+03
          95    0.3491912351E+03    0.1257405455E+03    0.3399356455E+03
          96    0.1754069018E+03    0.8631534129E+02    0.2595663479E+03
          97    0.3110051095E+03    0.1131425541E+03   -0.3141652469E+03
          98    0.2863771700E+03   -0.9013871584E+02    0.2989972530E+03
          99    0.2935109780E+03    0.1984600801E+03    0.2214429017E+03
         100    0.1671333292E+03    0.9022673012E+02    0.3919674482E+03
