        Rank        RMSE       MaxAE  Feature_ID
           1    9.478348   27.846054  (    5408   10492)
           2    9.497360   19.294701  (    5408   10355)
           3    9.555320   23.447476  (    5408   15061)
           4    9.568354   28.819078  (    5408   12147)
           5    9.678578   28.230386  (    5408   10743)
           6    9.698631   27.559152  (    1817   12255)
           7    9.735372   27.716546  (    1360   12255)
           8    9.747053   20.457856  (    4421   10355)
           9    9.751917   26.647112  (    6246   12255)
          10    9.753195   28.869721  (    5408   13185)
          11    9.758433   27.510768  (    4740   12255)
          12    9.759473   27.715070  (    4358   12255)
          13    9.772796   29.748435  (    4421   12114)
          14    9.773838   30.236318  (    4421   12147)
          15    9.775560   27.096978  (    4855   12255)
          16    9.776492   27.301832  (    4446   12255)
          17    9.778468   28.110910  (    1116   12255)
          18    9.782530   29.139767  (    3953   12114)
          19    9.794151   20.054173  (    3953   10355)
          20    9.794686   28.529148  (    5408   19644)
          21    9.800218   27.989639  (    1084   12255)
          22    9.801321   26.877695  (    6179   12255)
          23    9.805158   26.699763  (     680   10355)
          24    9.806064   26.988506  (    5408   10366)
          25    9.806706   26.685822  (     675   10355)
          26    9.812741   20.039361  (    4145   10355)
          27    9.816640   29.156984  (    4450   12114)
          28    9.820490   26.946507  (    4117   12255)
          29    9.821636   27.718671  (    1620   12255)
          30    9.826094   27.148467  (    3831   12255)
          31    9.827749   29.115642  (    4322   12114)
          32    9.829232   27.262054  (    5566   12255)
          33    9.829981   27.409892  (    5246   12255)
          34    9.830228   28.556211  (    5408   14595)
          35    9.831797   29.625833  (    4450   12147)
          36    9.831861   28.546228  (    3953   10492)
          37    9.832250   27.323562  (    5988   12255)
          38    9.832367   27.324984  (    5991   12255)
          39    9.832933   27.330766  (    5995   12255)
          40    9.833840   25.613359  (    7116   12255)
          41    9.834449   29.577400  (    3953   12147)
          42    9.835626   27.928236  (    3953   10366)
          43    9.835813   27.643302  (    5542   10492)
          44    9.837433   28.777708  (    5408   13113)
          45    9.837439   27.236399  (    5734   12255)
          46    9.837659   19.936647  (    4322   10355)
          47    9.840398   27.439882  (    5316   12255)
          48    9.840519   27.322462  (    5686   12255)
          49    9.841680   27.373394  (    6133   12255)
          50    9.842712   20.112044  (    4450   10355)
          51    9.843394   27.387095  (    4957   12255)
          52    9.845463   29.008553  (    4978   12114)
          53    9.846500   29.226668  (    4145   12114)
          54    9.846630   19.892139  (    4360   10355)
          55    9.847287   27.492659  (    5800   12255)
          56    9.847549   27.722529  (    1255   12255)
          57    9.848087   29.578663  (    4322   12147)
          58    9.848631   27.831098  (    4978   10366)
          59    9.851191   28.502911  (    4421   10366)
          60    9.851268   27.463824  (    5402   12255)
          61    9.852238   27.424324  (    6742   12255)
          62    9.853305   29.076879  (    4360   12114)
          63    9.856249   26.816045  (    5632   12255)
          64    9.859017   29.525012  (    4421   12763)
          65    9.860953   26.946366  (    6302   12255)
          66    9.861253   28.445386  (    4978   10492)
          67    9.861364   28.921228  (    3953   12763)
          68    9.861841   26.910664  (    5879   12255)
          69    9.862275   26.961123  (    6329   12255)
          70    9.862919   29.692071  (    4145   12147)
          71    9.862925   27.949471  (    4450   10366)
          72    9.864143   28.563974  (    4450   10492)
          73    9.865670   29.580383  (    4793   12147)
          74    9.865830   26.865092  (    7946   12255)
          75    9.867091   27.432057  (    6508   12255)
          76    9.869383   26.997347  (    6472   12255)
          77    9.869509   28.493854  (    5408   17686)
          78    9.870188   26.864024  (    6373   12255)
          79    9.870235   29.468234  (    4978   12147)
          80    9.872474   27.011794  (    6957   12255)
          81    9.875667   26.642975  (    5457   12255)
          82    9.876287   28.525440  (    4322   10492)
          83    9.876425   29.092287  (    4793   12114)
          84    9.878889   29.533777  (    4360   12147)
          85    9.881402   27.906634  (    4322   10366)
          86    9.882153   27.798569  (    1329   12255)
          87    9.883746   27.850100  (    1433   12255)
          88    9.884473   19.908246  (    4793   10355)
          89    9.889826   27.574235  (    1093   12255)
          90    9.894301   27.901403  (    1579   12255)
          91    9.895170   28.938495  (    4450   12763)
          92    9.897603   19.916452  (    4978   10355)
          93    9.900642   26.763631  (    4935   12255)
          94    9.901187   28.490793  (    4360   10492)
          95    9.902678   26.813200  (    5349   12255)
          96    9.906251   28.897197  (    4322   12763)
          97    9.909398   28.996109  (    3953   10743)
          98    9.910479   27.086528  (    7163   12255)
          99    9.913523   27.867251  (    4360   10366)
         100    9.914334   26.863044  (    5907   12255)
