        Rank        RMSE       MaxAE  Feature_ID
           1    9.841142   22.320108  (       1   10001)
           2   10.114162   20.714903  (      18   10012)
           3   10.135656   24.785744  (       1   10002)
           4   10.157424   23.897404  (       1   10056)
           5   10.161096   23.834951  (       1   10068)
           6   10.164550   27.888963  (      18   10833)
           7   10.167238   24.159822  (      18   10489)
           8   10.171258   23.541251  (       1   10003)
           9   10.178433   23.807751  (      18   10151)
          10   10.181427   24.308223  (      18   10496)
          11   10.193706   26.433588  (      18   13563)
          12   10.201283   23.741313  (       1   10065)
          13   10.208279   24.341953  (       1   10004)
          14   10.210982   25.582157  (      18   10053)
          15   10.211055   25.704515  (      18   10048)
          16   10.211373   21.734976  (      18   10213)
          17   10.216786   23.676670  (       1   10024)
          18   10.218410   25.531507  (      18   10071)
          19   10.219339   25.414890  (      18   10077)
          20   10.221933   24.279566  (      18   11237)
          21   10.236520   22.686372  (       1   10005)
          22   10.243557   24.532391  (      18   10037)
          23   10.246900   30.344431  (    6069   13355)
          24   10.248457   24.581318  (      18   10285)
          25   10.249417   25.935984  (      18   10057)
          26   10.251483   25.751966  (      18   10076)
          27   10.252668   24.726518  (      18   10270)
          28   10.267159   24.561255  (      15   10105)
          29   10.269818   24.647540  (     138   10071)
          30   10.270734   23.734656  (      18   10188)
          31   10.274929   24.255393  (       1   10008)
          32   10.275889   24.651773  (      18   10038)
          33   10.279828   23.791440  (       1   10089)
          34   10.280684   24.530140  (     138   10077)
          35   10.282417   23.780474  (      18   11154)
          36   10.290496   22.905002  (       1   10105)
          37   10.290732   24.872022  (     138   10076)
          38   10.292568   23.523688  (       1   10179)
          39   10.298134   27.178187  (      18   13986)
          40   10.298312   25.429226  (      18   10152)
          41   10.303786   24.657547  (      18   10849)
          42   10.305367   28.132362  (      18   11109)
          43   10.305429   25.610072  (      18   10139)
          44   10.313272   24.044784  (       1   10017)
          45   10.315467   25.299094  (      18   10609)
          46   10.315488   27.108689  (      18   13880)
          47   10.315520   24.807540  (       1   10025)
          48   10.316204   23.395093  (       1   10007)
          49   10.316278   27.514736  (      18   16333)
          50   10.318588   28.794724  (      18   13489)
          51   10.325591   22.979176  (       1   10006)
          52   10.330823   31.613293  (      36   16724)
          53   10.332410   25.924229  (       1   10092)
          54   10.334094   21.574581  (      18   10004)
          55   10.334705   23.342082  (       1   10014)
          56   10.335454   28.686081  (      18   13441)
          57   10.336157   27.624544  (    9805   12281)
          58   10.341665   23.622233  (       1   10026)
          59   10.342659   26.887094  (      18   10250)
          60   10.343604   31.309078  (      51   10174)
          61   10.344027   27.102461  (      18   15103)
          62   10.344405   25.585138  (      18   10330)
          63   10.345857   23.946887  (       1   10010)
          64   10.347571   24.659349  (      18   10062)
          65   10.348637   27.557001  (      18   17475)
          66   10.351746   23.393072  (       1   10127)
          67   10.355440   25.956613  (      18   10362)
          68   10.356979   22.379883  (      18   10042)
          69   10.357670   25.928183  (       1   10027)
          70   10.359583   25.854964  (      18   10296)
          71   10.360666   28.125593  (      18   10223)
          72   10.363556   25.877065  (      18   10297)
          73   10.365434   25.215156  (     138   10771)
          74   10.365770   30.210606  (     787   12661)
          75   10.366567   28.084310  (      18   10224)
          76   10.367328   30.663756  (      51   10058)
          77   10.379560   23.347910  (       1   10166)
          78   10.379865   25.260527  (      18   10220)
          79   10.380311   24.044489  (       1   10047)
          80   10.382346   24.639332  (      18   11000)
          81   10.383544   23.865890  (       1   10019)
          82   10.383736   23.926231  (      18   13630)
          83   10.384015   23.369145  (       1   10011)
          84   10.384955   23.031485  (       1   10009)
          85   10.388874   25.548753  (      18   10498)
          86   10.389097   25.429716  (      18   10205)
          87   10.394674   25.125696  (      18   13207)
          88   10.396836   23.833575  (       1   10162)
          89   10.397143   27.543146  (      18   10388)
          90   10.397692   25.452296  (      18   10350)
          91   10.400340   23.961106  (       1   10018)
          92   10.400775   26.863226  (      18   14085)
          93   10.402458   25.621898  (      18   10327)
          94   10.405308   25.626052  (      18   10366)
          95   10.407322   23.111470  (      18   10894)
          96   10.408344   25.101512  (       1   10094)
          97   10.408953   25.217697  (     138   11809)
          98   10.410236   24.947215  (     138   10296)
          99   10.410755   25.802393  (      18   10344)
         100   10.411472   23.104817  (       1   10012)
