Model_ID, [(c_i,i=0,n)_j,j=1,ntask]
           1    0.3479238505E+03    0.3092588662E+03    0.2899364916E+03
           2    0.3472320467E+03    0.3089172603E+03    0.2806602267E+03
           3    0.3301744233E+03    0.2807381898E+03    0.2763743830E+03
           4    0.3307548684E+03    0.2831323952E+03    0.2698103889E+03
           5    0.3812135095E+03   -0.3078940263E+03    0.2887737221E+03
           6    0.3514333758E+03    0.2984426382E+03    0.2786391475E+03
           7    0.3310057916E+03    0.2814909792E+03    0.2635767670E+03
           8    0.3803459360E+03   -0.3125159333E+03    0.2566858874E+03
           9    0.3804965178E+03   -0.3129387729E+03    0.2551630646E+03
          10    0.3315682247E+03    0.2838483291E+03    0.2574031927E+03
          11    0.3513698448E+03    0.2990395339E+03    0.2866880576E+03
          12    0.3505649621E+03    0.2953774198E+03    0.2957779130E+03
          13    0.3815440514E+03    0.3138716397E+03    0.2965235470E+03
          14    0.3807167112E+03   -0.3078281453E+03    0.2994968917E+03
          15    0.3820381278E+03   -0.3107018927E+03    0.2752452915E+03
          16    0.3817866225E+03   -0.3093962260E+03    0.2642106111E+03
          17    0.3803388460E+03    0.3116116360E+03    0.2805729286E+03
          18    0.3500058346E+03    0.3018321767E+03    0.2768000077E+03
          19    0.3779196911E+03    0.3173315414E+03    0.2692449535E+03
          20    0.3505639389E+03    0.3016639008E+03    0.2832651622E+03
          21    0.3192303276E+03    0.1009883815E+03   -0.3795913494E+03
          22    0.3795060845E+03    0.3162470488E+03    0.2495041598E+03
          23    0.3823263171E+03    0.3167549133E+03    0.2815901726E+03
          24    0.3358186303E+03    0.2671938907E+03    0.2644848720E+03
          25    0.3827235374E+03    0.3156362052E+03    0.2769161861E+03
          26    0.3796544454E+03    0.3166757487E+03    0.2480431155E+03
          27    0.3821648275E+03   -0.3016189277E+03    0.2925859748E+03
          28    0.3805728088E+03   -0.3114419150E+03    0.2938935696E+03
          29    0.3815335166E+03    0.3188625676E+03    0.2875361626E+03
          30    0.3837212396E+03   -0.3215089281E+03    0.2948500604E+03
          31    0.3798740317E+03   -0.3117201752E+03    0.2918318290E+03
          32    0.3805807569E+03    0.3175744704E+03    0.2488650785E+03
          33    0.3317769138E+03   -0.2811464320E+03    0.2511597368E+03
          34    0.3799272213E+03    0.3159417218E+03    0.3018226317E+03
          35    0.3799722509E+03   -0.3126597844E+03   -0.2898731295E+03
          36    0.3807785691E+03    0.3190775311E+03    0.2868452883E+03
          37    0.3364244021E+03    0.2694414509E+03    0.2581857149E+03
          38    0.3811382301E+03   -0.3087247134E+03    0.2916005183E+03
          39    0.3820355730E+03   -0.3184349439E+03    0.3091695819E+03
          40    0.3815351134E+03   -0.3106888307E+03    0.2835287604E+03
          41    0.3791963668E+03    0.3161986890E+03    0.3013121749E+03
          42    0.3816860076E+03    0.3193636279E+03    0.2880512386E+03
          43    0.3830916697E+03   -0.3201156355E+03    0.2921922960E+03
          44    0.3814349962E+03   -0.3235692028E+03    0.2649989169E+03
          45    0.3323212341E+03   -0.2834531534E+03    0.2453378247E+03
          46    0.3811555450E+03    0.3144674374E+03    0.2675555547E+03
          47    0.3810829600E+03   -0.3109822241E+03    0.2908463938E+03
          48    0.3491126009E+03    0.2994488708E+03    0.2573707540E+03
          49    0.3800733469E+03    0.3164249461E+03    0.3023355859E+03
          50    0.3809225689E+03    0.3132023691E+03    0.2569761204E+03
          51    0.3465988158E+03    0.3127096214E+03    0.2794512022E+03
          52    0.3489698212E+03    0.2988930655E+03    0.2582176278E+03
          53    0.3801140132E+03    0.3180086108E+03    0.2521553502E+03
          54    0.3814471859E+03    0.3179096071E+03    0.2872980613E+03
          55    0.3814294760E+03   -0.3170886369E+03    0.3064483670E+03
          56    0.3798379546E+03    0.3115172758E+03    0.2905782566E+03
          57    0.3783000826E+03    0.3113964346E+03    0.3096760238E+03
          58    0.3797479375E+03   -0.3138749871E+03    0.2889164592E+03
          59    0.3792193898E+03    0.3206372793E+03    0.2573932231E+03
          60    0.3818466175E+03    0.3177185706E+03    0.2877236365E+03
          61    0.3276395662E+03    0.2882287908E+03    0.2639548335E+03
          62    0.3802596879E+03    0.3184306592E+03    0.2506478801E+03
          63    0.3798437764E+03    0.3149990454E+03    0.3016002065E+03
          64    0.3462885860E+03    0.3124071739E+03    0.2905716243E+03
          65    0.3798530719E+03    0.3141329759E+03    0.2939922107E+03
          66    0.3808854889E+03   -0.3099412589E+03    0.2900224504E+03
          67    0.3784848496E+03    0.3209102635E+03    0.2570261399E+03
          68    0.3784729506E+03   -0.3182259667E+03    0.2458483829E+03
          69    0.3802300194E+03    0.3147846263E+03    0.3019378652E+03
          70    0.3788147589E+03   -0.3012814229E+03    0.3084348976E+03
          71    0.3812206149E+03   -0.3059802232E+03    0.2589451156E+03
          72    0.3788915455E+03   -0.3125280821E+03   -0.3095524858E+03
          73    0.3795465143E+03   -0.2989937411E+03    0.2458109760E+03
          74    0.3794475030E+03   -0.3121091800E+03    0.2537589642E+03
          75    0.3374712319E+03    0.2915347388E+03    0.2551812663E+03
          76    0.3823770750E+03   -0.3156157047E+03    0.2824412527E+03
          77    0.3803744015E+03   -0.3039426398E+03    0.2929099557E+03
          78    0.3813725897E+03   -0.3063957267E+03    0.2573897561E+03
          79    0.2914406390E+03    0.9313200047E+02   -0.3687527764E+03
          80    0.3795968663E+03   -0.3125239322E+03    0.2521469725E+03
          81    0.3807297002E+03   -0.3218623891E+03    0.2613536833E+03
          82    0.3771533455E+03    0.3169314837E+03    0.2692780436E+03
          83    0.3793356915E+03    0.3210421334E+03    0.2574082919E+03
          84    0.3791405459E+03    0.3196983235E+03    0.2572525148E+03
          85    0.3816571593E+03   -0.3015322194E+03    0.3034397876E+03
          86    0.3799889768E+03   -0.3169755092E+03    0.2569357301E+03
          87    0.3829980328E+03   -0.3043789295E+03    0.2787464110E+03
          88    0.3813939144E+03   -0.3140736304E+03    0.2787355074E+03
          89    0.3810601540E+03   -0.3148314060E+03   -0.2773143519E+03
          90    0.3772926361E+03    0.3173367860E+03    0.2675415096E+03
          91    0.3795220984E+03    0.3194569435E+03    0.2574100017E+03
          92    0.3827460491E+03   -0.3030946523E+03    0.2676788452E+03
          93    0.3455109413E+03    0.3049497299E+03    0.2663751761E+03
          94    0.3861924575E+03   -0.3055845432E+03    0.2933700006E+03
          95    0.2998071389E+03    0.9812289850E+02   -0.3808065450E+03
          96    0.3807218947E+03   -0.3143157176E+03    0.2767892469E+03
          97    0.3814684010E+03   -0.3096762047E+03    0.2522238146E+03
          98    0.3499522445E+03   -0.2981298117E+03    0.2668401652E+03
          99    0.3808183270E+03   -0.3152019079E+03   -0.2752434051E+03
         100    0.3300729341E+03    0.2762837697E+03    0.6676850008E+03
