Model_ID, [(c_i,i=0,n)_j,j=1,ntask]
           1    0.3694699044E+03    0.3540942379E+03   -0.2306728074E+03
           2    0.3119741775E+03    0.3237860939E+03    0.5764334960E+03
           3    0.3132519178E+03    0.3234696028E+03    0.5450710991E+03
           4    0.3128810802E+03    0.3227440549E+03    0.5489450222E+03
           5    0.3133412701E+03    0.3205160627E+03   -0.2640576567E+03
           6    0.3121450539E+03    0.3208137495E+03   -0.2742713162E+03
           7    0.3124727760E+03    0.3204436499E+03   -0.2704439306E+03
           8    0.3118354784E+03    0.3198615662E+03   -0.2763550383E+03
           9    0.3135460332E+03    0.3201184607E+03   -0.2638410621E+03
          10    0.3129811563E+03    0.3197871152E+03   -0.2658644887E+03
          11    0.3150857318E+03    0.3197155150E+03    0.4895871491E+03
          12    0.3133623796E+03    0.3162312257E+03   -0.2593398598E+03
          13    0.3109699725E+03    0.3205144335E+03   -0.2829992588E+03
          14    0.3108894297E+03    0.3210925755E+03   -0.5802312811E+03
          15    0.3154701201E+03    0.3179402059E+03   -0.2395204164E+03
          16    0.3131185243E+03    0.3149502794E+03   -0.3670269030E+03
          17    0.3149503075E+03    0.3219864938E+03    0.3589907337E+03
          18    0.3130070476E+03    0.3154904907E+03   -0.2611499704E+03
          19    0.3105366795E+03    0.3197929638E+03   -0.2859638576E+03
          20    0.3147769932E+03    0.3189971806E+03    0.4915678755E+03
          21    0.3129615152E+03    0.3200985590E+03   -0.2621353922E+03
          22    0.3149864109E+03    0.3175731617E+03   -0.2404675061E+03
          23    0.3138646132E+03    0.3207364210E+03   -0.2628794512E+03
          24    0.3152963424E+03    0.3230829127E+03    0.2391141933E+03
          25    0.3127394151E+03    0.3141893088E+03   -0.3701270774E+03
          26    0.3109004313E+03    0.3218003429E+03   -0.2834172658E+03
          27    0.3153755186E+03    0.3113326437E+03   -0.2314424725E+03
          28    0.3149536601E+03    0.3137779962E+03   -0.2377085352E+03
          29    0.3135828957E+03    0.3126541321E+03   -0.2513999186E+03
          30    0.3127187725E+03    0.3155766749E+03   -0.3713805606E+03
          31    0.3107089010E+03    0.3212584215E+03   -0.2839014310E+03
          32    0.3165978489E+03    0.3204211234E+03   -0.2222195267E+03
          33    0.3125996800E+03    0.3193766086E+03   -0.2639784686E+03
          34    0.3124956407E+03    0.3192502325E+03   -0.2651304713E+03
          35    0.3135112736E+03    0.3200075310E+03   -0.2646063916E+03
          36    0.3132524977E+03    0.3173513359E+03   -0.2648454959E+03
          37    0.3146802074E+03    0.3168572830E+03   -0.2414634973E+03
          38    0.3136448729E+03    0.3179825197E+03   -0.2609854908E+03
          39    0.3127956926E+03    0.3204831262E+03   -0.2623889749E+03
          40    0.3158382553E+03    0.3234692467E+03   -0.2317347969E+03
          41    0.3123279117E+03    0.3148189758E+03   -0.3747378040E+03
          42    0.3102687057E+03    0.3205480917E+03   -0.2869655599E+03
          43    0.3123899573E+03    0.3158951356E+03   -0.3746114116E+03
          44    0.3146491751E+03    0.3130586967E+03   -0.2387548880E+03
          45    0.3128474141E+03    0.3217510381E+03   -0.2575664519E+03
          46    0.3118824815E+03    0.3201053592E+03   -0.5504892031E+03
          47    0.3116988470E+03    0.3182985458E+03   -0.2744194068E+03
          48    0.3161734890E+03    0.3131496939E+03   -0.2317468282E+03
          49    0.3068775294E+03    0.3197987929E+03   -0.1622134346E+03
          50    0.3145414007E+03    0.3141616764E+03   -0.2504340640E+03
          51    0.3133859536E+03    0.3170507817E+03   -0.1278125840E+03
          52    0.3135998675E+03    0.3137496661E+03   -0.2532947564E+03
          53    0.3141911750E+03    0.3144251948E+03   -0.2497226672E+03
          54    0.3133163782E+03    0.3139908808E+03   -0.2563381736E+03
          55    0.3161000144E+03    0.3236214252E+03   -0.2279414788E+03
          56    0.3172758050E+03    0.3211464222E+03   -0.2136431751E+03
          57    0.3129773829E+03    0.3129822204E+03   -0.2588771853E+03
          58    0.3132898561E+03    0.3172478706E+03   -0.2627955737E+03
          59    0.3152181282E+03    0.3153978375E+03   -0.2399685859E+03
          60    0.3154551590E+03    0.3177908815E+03   -0.2395590601E+03
          61    0.3003829892E+03    0.3349060080E+03   -0.1340077195E+03
          62    0.3680820176E+03    0.3572741177E+03   -0.2289300740E+03
          63    0.3119892493E+03    0.3151398759E+03   -0.3781865917E+03
          64    0.3146609058E+03    0.3172235387E+03   -0.2383071766E+03
          65    0.3146404448E+03    0.3171785790E+03   -0.2383935057E+03
          66    0.3115153585E+03    0.3225273257E+03   -0.2796001107E+03
          67    0.3124946740E+03    0.3210436160E+03   -0.2592254779E+03
          68    0.3122141301E+03    0.3243617930E+03   -0.2084947932E+03
          69    0.3130053036E+03    0.3162994248E+03   -0.1289007626E+03
          70    0.3137989396E+03    0.3136356993E+03   -0.2521377490E+03
          71    0.3139293061E+03    0.3202616749E+03   -0.2619357331E+03
          72    0.3155139286E+03    0.3126121518E+03   -0.2323530132E+03
          73    0.3125015628E+03    0.3211413406E+03   -0.2582908811E+03
          74    0.3104279407E+03    0.3215813444E+03   -0.2859871694E+03
          75    0.3152364963E+03    0.3153229547E+03   -0.2383680003E+03
          76    0.3133843007E+03    0.3176090655E+03   -0.2553206831E+03
          77    0.3110983067E+03    0.3218227745E+03   -0.2823264315E+03
          78    0.3129966323E+03    0.3187051524E+03   -0.1695369888E+03
          79    0.3151532103E+03    0.3170747289E+03   -0.2404913729E+03
          80    0.3127281630E+03    0.3172258721E+03   -0.1342159219E+03
          81    0.3140092844E+03    0.3136550535E+03   -0.2466678963E+03
          82    0.3046229168E+03    0.3143426731E+03   -0.1031964334E+03
          83    0.3148953741E+03    0.3147300948E+03   -0.1175504098E+03
          84    0.3165590290E+03    0.3238359948E+03   -0.2209420535E+03
          85    0.3143346540E+03    0.3164695509E+03   -0.2394062408E+03
          86    0.3126697970E+03    0.3194759259E+03   -0.2573881704E+03
          87    0.3132544201E+03    0.3184985199E+03   -0.3402759903E+03
          88    0.3114426765E+03    0.3191928260E+03   -0.1419400188E+03
          89    0.3158105870E+03    0.3180644666E+03   -0.2376779192E+03
          90    0.3154906568E+03    0.3095133929E+03   -0.2284904703E+03
          91    0.3126163889E+03    0.3212762725E+03   -0.2517414873E+03
          92    0.3123352740E+03    0.3188218385E+03   -0.2525756497E+03
          93    0.3118866890E+03    0.3236830569E+03   -0.2095222039E+03
          94    0.3107094728E+03    0.3165760101E+03   -0.2816612390E+03
          95    0.3142556248E+03    0.3097632996E+03   -0.4993333855E+03
          96    0.3151712439E+03    0.3118383872E+03   -0.2339633318E+03
          97    0.3145168968E+03    0.3187071508E+03   -0.2343143042E+03
          98    0.3137235254E+03    0.2985475285E+03   -0.1180356413E+03
          99    0.3138306168E+03    0.3102188873E+03   -0.2465760616E+03
         100    0.3128176002E+03    0.3196575435E+03   -0.2029074231E+03
