        Rank        RMSE       MaxAE  Feature_ID
           1   28.454588   66.700001  (     205   12191)
           2   28.490736   69.655191  (      71   10263)
           3   28.758412   69.591159  (      71   10805)
           4   29.068660   68.509369  (       5   12393)
           5   29.429732   74.813167  (     205   16953)
           6   29.598999   68.109528  (    2605   10263)
           7   29.652704   70.574499  (     286   10263)
           8   29.746712   88.440202  (     205   10846)
           9   29.783199   64.405341  (      27   10263)
          10   29.866104   70.764120  (    2605   10805)
          11   29.872011   87.094092  (     205   11152)
          12   29.912964   69.306536  (     205   16798)
          13   29.955358   86.938979  (     205   11267)
          14   29.960371   74.930222  (      71   10975)
          15   29.965931   81.767817  (       5   14798)
          16   29.968530   62.240204  (       5   11273)
          17   30.019603   86.388537  (     205   14798)
          18   30.035054   68.801300  (    4363   10263)
          19   30.075927   74.640028  (      32   10263)
          20   30.076129   70.606508  (     286   10805)
          21   30.097632   71.247338  (     671   10263)
          22   30.099637   61.410019  (     630   10805)
          23   30.100428   83.294486  (    1015   11701)
          24   30.115301   79.430034  (    2605   11685)
          25   30.120457   64.647962  (      27   10805)
          26   30.125966   77.278532  (     205   15757)
          27   30.149518   81.506541  (     205   14323)
          28   30.164835   74.231539  (     205   18078)
          29   30.166338   86.458139  (     205   18196)
          30   30.176673   82.535585  (       5   19146)
          31   30.186153   78.179646  (    2605   12185)
          32   30.191571   86.212711  (     205   14565)
          33   30.196406   61.955266  (      71   11208)
          34   30.236970   67.158042  (    7491   10436)
          35   30.250042   83.144185  (       5   18196)
          36   30.304570   71.563327  (    1015   14478)
          37   30.322269   73.993966  (      69   10374)
          38   30.323045   72.375938  (       5   14763)
          39   30.336426   71.025896  (    4363   10805)
          40   30.361428   66.400091  (     630   10436)
          41   30.366940   67.670591  (    9622   10330)
          42   30.376018   88.988646  (     205   12925)
          43   30.404113   87.863789  (     205   19146)
          44   30.417896   80.368339  (       5   14323)
          45   30.437621   73.777292  (    1806   10263)
          46   30.454331   88.207452  (     630   19121)
          47   30.459571   74.689447  (      32   10805)
          48   30.465601   73.601645  (    1806   10805)
          49   30.497705   59.472351  (    1453   11304)
          50   30.501775   77.097607  (    1015   10379)
          51   30.507423   79.985682  (    2605   13128)
          52   30.523959   88.895508  (     205   13402)
          53   30.550272   71.301990  (     671   10805)
          54   30.567699   78.065178  (    2605   18005)
          55   30.600727   69.244237  (    1015   15232)
          56   30.622626   74.228420  (      69   10525)
          57   30.625981   81.968296  (    1015   11685)
          58   30.650590   75.226947  (    1015   17052)
          59   30.665289   70.656230  (     630   19676)
          60   30.684069   78.704861  (    2605   14308)
          61   30.690753   80.836818  (    4363   11685)
          62   30.702344   78.213362  (      32   11410)
          63   30.703250   84.963452  (     205   15671)
          64   30.714333   71.860008  (      86   10374)
          65   30.716804   63.522656  (     327   10436)
          66   30.717487   79.214112  (     205   11114)
          67   30.724233   77.474196  (    9622   11173)
          68   30.735702   78.398853  (     286   11410)
          69   30.764489   70.897691  (     152   10263)
          70   30.764898   79.880971  (     331   19183)
          71   30.765117   66.836260  (    1636   10330)
          72   30.782316   78.080061  (     286   11685)
          73   30.791408   78.950644  (    2605   13141)
          74   30.791439   80.243155  (    2605   12368)
          75   30.791724   79.588022  (    4363   12185)
          76   30.802383   78.834570  (    2605   13027)
          77   30.802646   65.865948  (       5   18481)
          78   30.803656   59.148410  (     464   10436)
          79   30.805235   78.808598  (    2605   13243)
          80   30.808449   79.434781  (    2605   13567)
          81   30.817083   80.469397  (      69   11410)
          82   30.821669   78.665459  (    2605   13366)
          83   30.823136   78.432481  (    2605   14833)
          84   30.841638   77.446281  (    2605   11020)
          85   30.848790   80.668500  (    2605   11701)
          86   30.849892   81.713558  (    1015   12368)
          87   30.850479   79.507765  (    2605   15481)
          88   30.868189   79.657308  (    2605   13894)
          89   30.882913   86.581530  (    3197   10379)
          90   30.893961   72.158099  (      69   10263)
          91   30.900360   78.548838  (    2605   12783)
          92   30.904890   71.860368  (     286   10374)
          93   30.905096   68.098230  (     630   10210)
          94   30.906191   64.523296  (    2605   11077)
          95   30.912303   71.862303  (    9622   11820)
          96   30.916282   88.813663  (     205   15398)
          97   30.917127   78.173066  (    2605   19140)
          98   30.917598   70.765829  (    2467   10330)
          99   30.942836   78.720348  (    2605   13876)
         100   30.955541   67.447754  (      69   10050)
