Model_ID, [(c_i,i=0,n)_j,j=1,ntask]
           1    0.4975915907E+02   -0.3606984570E+02   -0.5226718580E+03
           2    0.5069958809E+02   -0.3564585947E+02   -0.5065496700E+03
           3    0.4758258919E+02    0.3598313788E+02   -0.5129146373E+03
           4    0.5122946756E+02   -0.3614256290E+02   -0.5030497356E+03
           5    0.4917971758E+02    0.3468752227E+02   -0.4916242444E+03
           6    0.5061163103E+02    0.3560646300E+02   -0.5534874695E+03
           7    0.5113922249E+02    0.3609885384E+02   -0.5506359735E+03
           8    0.4996686063E+02    0.3557466468E+02   -0.5143209252E+03
           9    0.4876173584E+02    0.3541993106E+02   -0.4932272293E+03
          10    0.4914100128E+02   -0.3470478361E+02   -0.4982983542E+03
          11    0.1174603539E+02    0.7074605912E+02    0.1350143282E+03
          12    0.5072599753E+02    0.3573856591E+02   -0.5060190002E+03
          13    0.4961144693E+02    0.3313856989E+02   -0.4869096032E+03
          14    0.5196426129E+02    0.4097618696E+02   -0.5233593923E+03
          15    0.5064316456E+02    0.3563835105E+02   -0.4818355619E+03
          16    0.1370941911E+02   -0.6551647543E+02    0.2556887756E+03
          17    0.4854613707E+02    0.3555892215E+02   -0.4969422965E+03
          18    0.1586953167E+02   -0.6335051322E+02   -0.2076476709E+03
          19    0.1216620487E+02   -0.8573950352E+02    0.5110152970E+04
          20    0.4419662126E+02   -0.3469745791E+02    0.1442228370E+04
          21    0.4985672058E+02   -0.3534821954E+02   -0.5439846440E+03
          22    0.1382793284E+02    0.6533658236E+02    0.2554111241E+03
          23    0.4875799733E+02    0.3700552765E+02   -0.3413630838E+03
          24    0.5090227692E+02    0.3523300268E+02   -0.4986088433E+03
          25    0.1598849258E+02    0.6316704456E+02   -0.2073189462E+03
          26    0.4882039278E+02    0.3693280092E+02   -0.3414915358E+03
          27    0.4896829881E+02   -0.3497815859E+02   -0.4951036326E+03
          28    0.5058402658E+02    0.3469306398E+02   -0.4726579196E+03
          29    0.5007985032E+02    0.3420453130E+02   -0.4763982814E+03
          30    0.4975443206E+02    0.4125033937E+02   -0.5222176459E+03
          31    0.5142221089E+02    0.3567647510E+02   -0.4949899155E+03
          32    0.4895794250E+02    0.3495218164E+02   -0.4932046133E+03
          33    0.1328066779E+02   -0.6672625922E+02   -0.3896228696E+03
          34    0.1223150976E+02   -0.8507481648E+02    0.5053946448E+04
          35    0.2044387987E+02    0.6729725611E+02    0.3737475587E+03
          36    0.1340660342E+02    0.6653432888E+02   -0.3890411990E+03
          37    0.4894270184E+02    0.3490473266E+02   -0.4927062691E+03
          38    0.1426248572E+02   -0.6602397384E+02   -0.3354451841E+03
          39    0.1381842476E+02    0.6840649268E+02    0.1330075053E+03
          40    0.1490567930E+02   -0.6435960560E+02    0.2059009101E+03
          41    0.5157944249E+02    0.4171284019E+02    0.1210499475E+04
          42    0.4885278032E+02    0.3516358415E+02   -0.4930305909E+03
          43    0.1403977721E+02   -0.6808196380E+02    0.1327205357E+03
          44    0.1477360648E+02   -0.6452318996E+02    0.2042502751E+03
          45    0.1438774203E+02    0.6583143612E+02   -0.3348981686E+03
          46    0.4892741937E+02   -0.3485647078E+02   -0.4922081791E+03
          47    0.1503345965E+02    0.6416308561E+02    0.2054685096E+03
          48    0.1983387224E+02    0.6870811275E+02    0.4835045457E+03
          49    0.4891699516E+02    0.3482915058E+02   -0.4903162106E+03
          50    0.5148338325E+02   -0.3939421284E+02   -0.4971102609E+03
          51    0.4902261362E+02    0.3455495300E+02   -0.4922751897E+03
          52    0.1490283708E+02    0.6432450934E+02    0.2038041055E+03
          53    0.4940881612E+02    0.3344654107E+02   -0.5070489460E+03
          54    0.4933006210E+02    0.3995559284E+02    0.1457885816E+04
          55    0.4966043916E+02    0.3407745861E+02   -0.5018077742E+03
          56    0.1427440683E+02    0.6770977075E+02    0.1323750559E+03
          57    0.1380725259E+02    0.7441214664E+02    0.3163672957E+03
          58    0.5208133479E+02   -0.3528010004E+02   -0.4661437277E+03
          59    0.5078543468E+02   -0.3499771209E+02   -0.5280597702E+03
          60    0.5054346242E+02   -0.3469155166E+02   -0.4793086551E+03
          61    0.1091496552E+02    0.7297553047E+02    0.1267324935E+03
          62    0.5003957853E+02   -0.3420060830E+02   -0.4829529583E+03
          63    0.4968252499E+02    0.3487988579E+02   -0.4776342474E+03
          64    0.5019008726E+02    0.3538050140E+02   -0.4738322239E+03
          65    0.5146942164E+02    0.3943494608E+02   -0.5062191072E+03
          66    0.1498629719E+02    0.6943447510E+02    0.1206012820E+03
          67    0.4858989258E+02    0.3651199632E+02    0.1054681302E+04
          68    0.5046231662E+02    0.3267015931E+02   -0.4723998562E+03
          69    0.4671235115E+02    0.3090960760E+02   -0.4335842332E+03
          70    0.4912327595E+02   -0.3502655745E+02   -0.4935061273E+03
          71    0.4676685953E+02    0.3086470431E+02   -0.4334401958E+03
          72    0.5129994354E+02   -0.3543232658E+02   -0.5248274696E+03
          73    0.4358066880E+02    0.3434222483E+02   -0.4349399629E+03
          74    0.4940059271E+02    0.3371821417E+02   -0.4916874675E+03
          75    0.1979542660E+02    0.6853972418E+02    0.5705869897E+03
          76    0.5298711190E+02    0.4034850752E+02   -0.5049566592E+03
          77    0.4933396236E+02   -0.3703543767E+02    0.2976488777E+04
          78    0.3629607862E+02    0.2305684535E+02    0.4569575716E+03
          79    0.1798466689E+02    0.7096878117E+02    0.4736496240E+03
          80    0.3695539919E+02    0.2296034746E+02    0.4507043701E+03
          81    0.5349358166E+02   -0.3705046057E+02   -0.5122429376E+03
          82    0.1652800448E+02   -0.7282489514E+02    0.4700338276E+03
          83    0.1797225281E+02   -0.7240542658E+02    0.4814888085E+03
          84    0.3621237892E+02    0.2304380542E+02    0.5427071535E+03
          85    0.5362073684E+02    0.4096809952E+02   -0.5009408575E+03
          86    0.1957134107E+02    0.6830193305E+02    0.5203445970E+03
          87    0.1605553710E+02    0.7450460294E+02   -0.3554069943E+03
          88    0.1327098268E+02    0.8257482548E+02    0.4955641601E+04
          89    0.5088479594E+02    0.3690667460E+02    0.9720133495E+03
          90    0.3687236539E+02    0.2294771506E+02    0.5352750181E+03
          91    0.5212321202E+02    0.4122680116E+02   -0.1367563941E+04
          92    0.5331596962E+02    0.4081163742E+02   -0.5140680414E+03
          93    0.1568819846E+02   -0.6343352993E+02    0.2041851973E+03
          94    0.1571367825E+02   -0.6339870939E+02    0.2040744640E+03
          95    0.5078767685E+02    0.3845184527E+02   -0.1154158787E+04
          96    0.1573955809E+02   -0.6336346258E+02    0.2039491154E+03
          97    0.1467400689E+02    0.6713375869E+02    0.1296598382E+03
          98    0.1953226310E+02   -0.6856828360E+02    0.3697990705E+03
          99    0.1826866226E+02    0.3104845055E+02    0.4864246786E+03
         100    0.1887427719E+02   -0.7009936299E+02    0.4806377776E+03
