        Rank        RMSE       MaxAE  Feature_ID
           1   24.021077   71.139798  (      97   11231)
           2   24.492231   69.472253  (      97   16663)
           3   24.519903   74.332331  (      97   13332)
           4   24.525557   66.753138  (      97   10373)
           5   24.826832   62.519112  (       1   10001)
           6   24.877907   79.887863  (      97   18692)
           7   24.891946   83.938185  (      97   15349)
           8   24.892975   72.737938  (      97   15771)
           9   24.895831   72.741834  (      97   15776)
          10   24.974047   71.604372  (      97   11585)
          11   24.976656   69.159287  (      97   14323)
          12   24.982750   73.654168  (      97   14219)
          13   25.039495   74.365141  (      97   18862)
          14   25.089342   73.174457  (      97   15323)
          15   25.131091   73.296263  (      97   15105)
          16   25.188807   73.146166  (      97   15978)
          17   25.199216   73.130557  (      97   16371)
          18   25.204331   90.329899  (      97   15307)
          19   25.217014   74.793097  (      97   14121)
          20   25.220866   73.185595  (      97   15997)
          21   25.222163   71.287230  (       1   10002)
          22   25.251334   72.897056  (      97   16286)
          23   25.271778   73.002031  (      97   16123)
          24   25.277335   73.102921  (      97   16509)
          25   25.278907   73.063803  (      97   16372)
          26   25.281048   73.138632  (      97   16529)
          27   25.285517   73.174498  (      97   16542)
          28   25.288351   67.170868  (      97   13027)
          29   25.295862   72.759977  (      97   16585)
          30   25.299223   72.835544  (      97   10219)
          31   25.327427   74.286962  (      97   18648)
          32   25.333895   73.384755  (      97   16886)
          33   25.337488   74.631426  (      97   18438)
          34   25.348675   73.534277  (      97   16725)
          35   25.352682   73.094836  (      97   17165)
          36   25.353050   72.850302  (      97   15708)
          37   25.358605   70.459517  (      97   11928)
          38   25.379408   73.298000  (      97   17268)
          39   25.397752   73.137759  (      97   17217)
          40   25.420294   70.583738  (      97   11485)
          41   25.433731   71.188679  (      97   11084)
          42   25.442579   72.359936  (      97   19589)
          43   25.442728   68.448298  (      97   15389)
          44   25.444365   73.168025  (      97   16979)
          45   25.446173   75.317001  (      97   17833)
          46   25.458523   70.680764  (       1   10004)
          47   25.473467   71.162786  (      97   11290)
          48   25.477494   71.622878  (       1   10373)
          49   25.485035   71.435238  (      97   10964)
          50   25.486572   72.838886  (      97   15613)
          51   25.487881   71.433694  (      97   10970)
          52   25.496208   73.267783  (      97   17385)
          53   25.532362   72.786049  (      97   14788)
          54   25.532536   71.531954  (      97   10948)
          55   25.543578   73.012155  (      97   18634)
          56   25.544108   72.620414  (       1   10308)
          57   25.546250   75.359833  (      97   18746)
          58   25.547264   72.120970  (      97   16605)
          59   25.552003   71.506982  (      97   11026)
          60   25.556196   73.999425  (      97   11913)
          61   25.556609   75.747356  (      97   18382)
          62   25.559197   69.703239  (      97   12302)
          63   25.566714   89.966453  (      97   18970)
          64   25.583025   71.436469  (      97   11423)
          65   25.589009   71.980166  (      97   10338)
          66   25.597311   72.471873  (       1   10003)
          67   25.599559   74.905567  (      97   19236)
          68   25.599831   86.916131  (    4151   15483)
          69   25.600837   76.957954  (      97   14978)
          70   25.609833   74.714006  (      97   14770)
          71   25.612173   71.494787  (      97   11256)
          72   25.613302   77.589515  (      97   15466)
          73   25.619864   70.923477  (       1   10006)
          74   25.633343   76.559752  (       1   10005)
          75   25.652025   73.151680  (      97   18562)
          76   25.656709   71.227595  (      97   11366)
          77   25.658965   71.315770  (      97   11377)
          78   25.663650   75.198715  (      97   19467)
          79   25.664787   77.883422  (      97   17736)
          80   25.665963   75.908267  (      97   18317)
          81   25.667262   77.886789  (      97   17744)
          82   25.667458   71.409594  (      97   11389)
          83   25.669023   76.139552  (      97   13266)
          84   25.671437   75.924562  (      97   17624)
          85   25.671959   76.143263  (      97   13270)
          86   25.680818   71.504978  (      97   11406)
          87   25.696544   71.597474  (      97   11425)
          88   25.708459   70.825736  (      97   11311)
          89   25.713318   69.813872  (      97   11882)
          90   25.713385   73.594460  (      97   14948)
          91   25.723151   73.558106  (      97   19261)
          92   25.727082   71.326214  (      97   11542)
          93   25.729546   76.513239  (      97   16754)
          94   25.731607   71.136655  (      97   11088)
          95   25.742002   63.650266  (     176   17282)
          96   25.742630   76.531189  (      97   15442)
          97   25.760812   73.963589  (      97   19665)
          98   25.764840   90.261347  (    4968    5068)
          99   25.766545   74.926392  (      97   15475)
         100   25.776862   72.046011  (      97   11653)
