        Rank        RMSE       MaxAE  Feature_ID
           1   23.136841   60.276051  (     210   12507)
           2   23.510253   64.598368  (     210   11947)
           3   23.927912   93.421670  (     338   11947)
           4   24.125749   64.830744  (     210   11343)
           5   24.167882   94.335627  (     338   11343)
           6   24.211032   59.078673  (     661   12507)
           7   24.219457   59.498371  (    2236   12507)
           8   24.300149   60.631856  (     210   14123)
           9   24.313279   59.324654  (     689   12507)
          10   24.465494   59.556589  (     741   12507)
          11   24.475328   58.601812  (     795   12507)
          12   24.693318   59.063621  (     258   12507)
          13   24.721268   63.392997  (     661   11947)
          14   24.742905   62.016866  (     209   18112)
          15   24.759790   64.060785  (     210   14374)
          16   24.771766   64.019988  (    2236   11947)
          17   24.783278   57.277734  (     210   10064)
          18   24.790858   63.667289  (     689   11947)
          19   24.892431   54.862603  (     210   11108)
          20   24.913322   63.927018  (     741   11947)
          21   25.027981   52.814052  (     210   13744)
          22   25.058041   62.867204  (     795   11947)
          23   25.103662   87.184445  (     338   12507)
          24   25.114932   63.219713  (     258   11947)
          25   25.205677   51.961937  (     210   10374)
          26   25.258011   88.291248  (     338   14123)
          27   25.268094   54.699804  (     210   11385)
          28   25.269696   59.720389  (    1177   12507)
          29   25.274574   59.051522  (     210   10059)
          30   25.285171   55.777028  (     210   11404)
          31   25.330929   53.599178  (     210   13494)
          32   25.340555   59.934447  (    2236   14123)
          33   25.376168   59.276128  (     210   10404)
          34   25.378215   74.519155  (    1788   12507)
          35   25.382697   60.239012  (     210   10288)
          36   25.390191   63.577504  (     661   11343)
          37   25.407656   59.412699  (     661   14123)
          38   25.423521   59.706980  (     689   14123)
          39   25.428642   73.850584  (    6686   12507)
          40   25.450414   63.861433  (     689   11343)
          41   25.457091   73.878705  (    1932   12507)
          42   25.461053   54.097002  (     210   10135)
          43   25.467477   73.652473  (    3057   11602)
          44   25.481741   60.578499  (     210   16934)
          45   25.486786   49.694247  (     210   19261)
          46   25.488126   59.987475  (     741   14123)
          47   25.515207   74.531781  (    6188   12507)
          48   25.542186   64.186982  (    2236   11343)
          49   25.549085   53.708108  (     210   12737)
          50   25.550908   55.631248  (     210   12348)
          51   25.563721   64.130074  (     741   11343)
          52   25.592520   58.975140  (     795   14123)
          53   25.622384   76.965829  (    3275   12507)
          54   25.633245   73.200562  (    2235   12507)
          55   25.634354   65.770307  (    2236   19180)
          56   25.643319   76.731422  (    4949   11602)
          57   25.650714   74.437260  (     857   11947)
          58   25.651416   58.508275  (    1246   12507)
          59   25.654720   72.912675  (    3241   11602)
          60   25.670314   63.068660  (    2948   12507)
          61   25.670443   63.435203  (     258   11343)
          62   25.691828   52.376957  (     210   12249)
          63   25.692255   78.455973  (    5231   11602)
          64   25.704046   64.126532  (    1177   11947)
          65   25.706957   65.184137  (    2236   17722)
          66   25.718441   61.608089  (     396   18488)
          67   25.740931   62.554876  (    1246   11947)
          68   25.742507   63.030668  (     795   11343)
          69   25.760655   73.603465  (    1067   11602)
          70   25.780794   59.392356  (     258   14123)
          71   25.782163   73.772853  (     664   12507)
          72   25.792237   52.593107  (     210   11590)
          73   25.834166   52.474254  (     210   11252)
          74   25.858726   61.098685  (     396   16694)
          75   25.863718   79.512489  (    1788   11947)
          76   25.869853   55.173890  (     210   11542)
          77   25.875810   75.935919  (    5391   11602)
          78   25.876243   53.959018  (     584   14123)
          79   25.889068   57.591248  (     584   11947)
          80   25.898486   74.060330  (    3749   12507)
          81   25.913406   64.788447  (     661   19180)
          82   25.919074   73.807323  (    5633   11602)
          83   25.921622   96.039954  (     338   17904)
          84   25.927244   62.871318  (     661   14374)
          85   25.953288   72.853700  (    1151   11602)
          86   25.957077   58.048624  (     210   16694)
          87   25.961396   64.246079  (     661   17722)
          88   25.962422   53.520686  (     661   11108)
          89   25.970066   58.725161  (    5606   12737)
          90   25.971020   96.079395  (     338   17889)
          91   25.973489   59.738771  (     661   16934)
          92   25.974317   63.520900  (    2236   14374)
          93   25.995013   80.891462  (     338   12737)
          94   25.997173   63.139971  (     689   14374)
          95   25.998806   80.060998  (     338   13494)
          96   26.014672   55.749440  (     210   11299)
          97   26.016057   52.478838  (     210   11118)
          98   26.016503   78.808053  (    1932   11947)
          99   26.017612   98.324899  (       4   17904)
         100   26.022430   98.390492  (       4   17889)
