        Rank        RMSE       MaxAE  Feature_ID
           1   23.372776   67.133665  (       1   10001)
           2   23.405332   62.483974  (       1   10006)
           3   23.437158   64.233233  (       1   10007)
           4   23.445292   66.095744  (       1   10002)
           5   23.476486   65.204232  (       1   10003)
           6   23.539906   62.284605  (       1   10027)
           7   23.600573   64.050784  (       1   10015)
           8   23.600886   65.113631  (       1   10004)
           9   23.671335   66.542758  (       1   10005)
          10   23.674652   69.776827  (       1   10008)
          11   23.709232   63.853799  (       1   10011)
          12   23.751276   66.871708  (       1   10009)
          13   23.787957   64.440781  (       1   10012)
          14   23.804898   62.463611  (       1   10054)
          15   23.807417   68.690453  (       1   10010)
          16   23.820594   62.564599  (       1   10051)
          17   23.822194   65.890556  (       1   10014)
          18   23.823796   64.370072  (       1   10016)
          19   23.826686   63.332130  (       1   10063)
          20   23.831639   64.834695  (       1   10044)
          21   23.871115   62.974020  (       1   10068)
          22   23.871202   62.981114  (       1   10067)
          23   23.871233   62.926317  (       1   10070)
          24   23.889665   63.230566  (       1   10060)
          25   23.889988   62.801446  (       1   10169)
          26   23.890124   62.441632  (       1   10083)
          27   23.892794   58.949134  (       1   10121)
          28   23.898584   65.200687  (       1   10018)
          29   23.903865   66.235229  (       1   10019)
          30   23.911742   64.997931  (       1   10023)
          31   23.913767   64.831126  (       1   10029)
          32   23.914858   64.231753  (       1   10036)
          33   23.921102   63.644883  (       1   10069)
          34   23.923890   64.378440  (       1   10050)
          35   23.925689   63.418431  (       1   10077)
          36   23.929560   64.321187  (       1   10021)
          37   23.930080   64.318333  (       1   10024)
          38   23.935797   66.207256  (       1   10017)
          39   23.940325   64.339840  (       1   10030)
          40   23.942028   63.269274  (       1   10020)
          41   23.942330   64.240096  (       1   10032)
          42   23.943196   64.328506  (       1   10031)
          43   23.943762   64.433894  (       1   10033)
          44   23.943834   64.324669  (       1   10034)
          45   23.947329   64.211325  (       1   10026)
          46   23.952394   69.710971  (       1   10013)
          47   23.955311   64.344780  (       1   10038)
          48   23.955399   64.336862  (       1   10039)
          49   23.956753   64.283497  (       1   10042)
          50   23.956826   64.373714  (       1   10037)
          51   23.957866   64.849399  (       1   10116)
          52   23.967512   64.349581  (       1   10043)
          53   23.967728   64.345347  (       1   10045)
          54   23.970614   64.334052  (       1   10047)
          55   23.973227   64.437914  (       1   10046)
          56   23.977738   62.394782  (       1   10120)
          57   23.979697   62.415003  (       1   10127)
          58   23.982608   62.284588  (       1   10133)
          59   23.983598   61.732123  (       1   10287)
          60   23.985899   64.360392  (       1   10053)
          61   23.986057   62.397522  (       1   10136)
          62   23.986417   62.401865  (       1   10134)
          63   23.986833   65.796878  (       1   10025)
          64   23.987039   64.190686  (       1   10066)
          65   23.987399   62.305597  (       1   10114)
          66   23.990913   66.399895  (       1   10065)
          67   23.995959   62.773596  (       1   10096)
          68   23.997842   62.410920  (       1   10141)
          69   24.003229   65.792786  (       1   10041)
          70   24.009367   62.420101  (       1   10150)
          71   24.010066   62.424829  (       1   10147)
          72   24.010378   64.346157  (       1   10072)
          73   24.011432   65.835422  (       1   10040)
          74   24.013235   64.052309  (       1   10171)
          75   24.016242   62.407187  (       1   10157)
          76   24.019577   63.682408  (       1   10079)
          77   24.020852   62.545748  (       1   10155)
          78   24.021522   65.695299  (       1   10049)
          79   24.022161   62.431937  (       1   10163)
          80   24.023782   65.669439  (       1   10048)
          81   24.027040   62.732798  (       1   10135)
          82   24.037149   64.090888  (       1   10122)
          83   24.038000   65.827772  (       1   10052)
          84   24.044211   60.004565  (       1   10109)
          85   24.056119   66.726467  (       1   10089)
          86   24.059828   62.569258  (       1   10119)
          87   24.065021   65.820598  (       1   10058)
          88   24.066487   68.645664  (       1   10022)
          89   24.066540   65.997199  (       1   10055)
          90   24.069747   64.121777  (       1   10086)
          91   24.076815   62.250021  (       1   10389)
          92   24.078061   65.867134  (       1   10061)
          93   24.079247   64.533275  (       1   10057)
          94   24.080381   70.767234  (       1   10059)
          95   24.081338   64.117568  (       1   10095)
          96   24.088682   64.582528  (       1   10078)
          97   24.089695   64.134415  (       1   10094)
          98   24.096692   53.533077  (       1   11744)
          99   24.098518   64.317562  (       1   10080)
         100   24.098984   63.514274  (       1   10087)
