Model_ID, [(c_i,i=0,n)_j,j=1,ntask]
           1    0.3285775526E+01    0.4667471836E+02   -0.1457907350E+03
           2    0.3118391969E+01    0.4866665573E+02    0.5228373321E+02
           3    0.4165539866E+01    0.4549500662E+02   -0.1437527827E+03
           4    0.2648447862E+01    0.5464674620E+02    0.7451316676E+02
           5    0.3404058771E+01   -0.7700183946E+01    0.2035800257E+03
           6    0.3486129516E+01    0.1483530877E+03   -0.5448875864E+02
           7    0.2710370023E+01    0.5504258854E+02    0.7022126379E+02
           8    0.2415854239E+01    0.1208057556E+02    0.1982646078E+03
           9    0.3501746507E+01    0.1478004477E+03   -0.5542774235E+02
          10    0.5044904686E+01    0.2345177265E+02   -0.1114405031E+03
          11    0.3541615602E+01    0.1508571026E+03   -0.4530705952E+02
          12    0.3415558005E+01    0.3280049627E+02    0.5636355118E+02
          13    0.3621504015E+01   -0.4578128087E+02    0.1843277649E+03
          14    0.3626814148E+01   -0.4580469704E+02    0.1842517631E+03
          15    0.3526254908E+01    0.1463479999E+03    0.5759439511E+02
          16    0.3646159718E+01    0.4365905287E+02    0.1949594720E+03
          17    0.3153768054E+01    0.1460539931E+03    0.6116003763E+02
          18    0.3487366208E+01    0.1501409398E+02    0.1979701021E+03
          19    0.2517207566E+01    0.1734508096E+02    0.1946075347E+03
          20    0.2499607715E+01    0.1736024428E+02    0.1944989481E+03
          21    0.3664800178E+01   -0.1482960752E+02    0.1987844826E+03
          22    0.3522626732E+01    0.1030843464E+02    0.2021435373E+03
          23    0.3460329089E+01    0.3450319851E+02    0.2027355958E+03
          24    0.3443215585E+01   -0.1502652868E+02    0.1999297341E+03
          25    0.3599171998E+01    0.3270940484E+02   -0.1073413537E+03
          26    0.3188259668E+01    0.4531416896E+02    0.2014194676E+03
          27    0.3615947308E+01   -0.4499713579E+02    0.1862992045E+03
          28    0.2605798466E+01    0.5430540842E+02    0.6946874806E+02
          29    0.2183555497E+01    0.1244806394E+02    0.1995502243E+03
          30    0.4900706773E+01   -0.2166485348E+02   -0.2766220705E+02
          31    0.3063018091E+01    0.1541305118E+02    0.1949558002E+03
          32    0.3655168981E+01   -0.4585295391E+02    0.1840371543E+03
          33    0.3669366348E+01    0.1482565360E+02    0.1975488127E+03
          34    0.2371629418E+01    0.5488704075E+02    0.6921823275E+02
          35    0.3591171743E+01    0.1490753134E+02    0.1976166171E+03
          36    0.2565428349E+01    0.5441236657E+02    0.6955288636E+02
          37    0.2653965377E+01    0.5471359928E+02    0.6563544571E+02
          38    0.2453609874E+01    0.5471960814E+02    0.6889165214E+02
          39    0.2521508102E+01    0.5452802091E+02    0.6958425159E+02
          40    0.3329124684E+01    0.1516487476E+02    0.1963977720E+03
          41    0.2416357722E+01    0.5530464365E+02    0.6543232190E+02
          42    0.3756924618E+01   -0.9425221320E+01    0.2015689021E+03
          43    0.3587863487E+01    0.3209542189E+02    0.1126112670E+03
          44    0.2497921257E+01    0.5513755357E+02    0.6514051503E+02
          45    0.3704488233E+01    0.4485671170E+02   -0.1637420587E+03
          46    0.2542193905E+01    0.5446868783E+02    0.6959668310E+02
          47    0.3126355403E+01    0.5329405276E+02    0.7318350383E+02
          48    0.2613320707E+01    0.5482202425E+02    0.6571566814E+02
          49    0.3283395793E+01    0.5295496728E+02    0.7228130159E+02
          50    0.2685283380E+01    0.2211210765E+03    0.7068061754E+02
          51    0.3633955205E+01    0.1482668368E+02    0.1991189897E+03
          52    0.2568945580E+01    0.5493937542E+02    0.6574890897E+02
          53    0.3513910543E+01    0.3226754296E+02    0.1123408865E+03
          54    0.3546956660E+01    0.1494599749E+02    0.1977388118E+03
          55    0.2796586068E+01   -0.1706326665E+02    0.1950801162E+03
          56    0.2775541677E+01   -0.2276876526E+02    0.1779301980E+02
          57    0.2563576727E+01    0.5440540149E+02    0.6960566647E+02
          58    0.3540573995E+01    0.4472084797E+02    0.1884154474E+03
          59    0.2733029674E+01    0.2228457796E+03    0.6683499735E+02
          60    0.3622916878E+01    0.3304604713E+02    0.1030987941E+03
          61    0.3636787868E+01    0.2999707999E+02    0.1775072429E+03
          62    0.2589940454E+01    0.5487907444E+02    0.6575673754E+02
          63    0.3356378915E+01    0.1375298723E+03    0.7728570102E+02
          64    0.2520330252E+01    0.5451733713E+02    0.6963405265E+02
          65    0.2571611884E+01    0.1730075421E+02    0.1943893461E+03
          66    0.3670440772E+01    0.3192565296E+02    0.1121934319E+03
          67    0.2577195190E+01    0.1729808286E+02    0.1942482697E+03
          68    0.3719866060E+01    0.2918130303E+02    0.1101259204E+03
          69    0.3527418811E+01    0.4477309067E+02    0.1879226868E+03
          70    0.3693131394E+01   -0.4428735839E+02    0.1886016477E+03
          71    0.3532359860E+01    0.4475863704E+02    0.1879153850E+03
          72    0.3628103405E+01    0.3310186316E+02   -0.1022989961E+03
          73    0.2611641560E+01    0.5481474871E+02    0.6576100787E+02
          74    0.3273809845E+01    0.5287886271E+02    0.7128750697E+02
          75    0.2946713461E+01    0.4901805625E+02    0.4820293129E+02
          76    0.3086203122E+01    0.5339817030E+02    0.7303746590E+02
          77    0.3497215612E+01    0.1438262032E+03    0.6384060813E+02
          78    0.3497256499E+01    0.1438169083E+03    0.6386319956E+02
          79    0.3039965811E+01    0.8011067066E+02    0.5872427734E+02
          80    0.2567949925E+01    0.5492831327E+02    0.6579114683E+02
          81    0.3592582417E+01    0.3191153939E+02    0.1135644121E+03
          82    0.3309197580E+01    0.5342979399E+02    0.6816809096E+02
          83    0.3836434075E+01   -0.1460134648E+02    0.2004376210E+03
          84    0.2869615547E+01   -0.1696067850E+02    0.1957532471E+03
          85    0.3313333952E+01    0.5426502622E+02    0.6637344606E+02
          86    0.3163161210E+01    0.5374884443E+02    0.6888372585E+02
          87    0.2683710041E+01    0.1719290239E+02    0.1936064022E+03
          88    0.4123419867E+01    0.4426955365E+02   -0.1639648933E+02
          89    0.2797524349E+01   -0.5376093168E+02    0.6963428943E+02
          90    0.3014997170E+01    0.7972765127E+02    0.6385902387E+02
          91    0.3507910074E+01    0.1497278353E+02    0.1979236399E+03
          92    0.3710031342E+01    0.3108029519E+02    0.1706219211E+03
          93    0.3568175481E+01    0.4465139281E+02    0.1878196732E+03
          94    0.3709333429E+01    0.3102353431E+02    0.1713330533E+03
          95    0.3577760730E+01    0.4461928665E+02    0.1879435034E+03
          96    0.3157398591E+01    0.1449238171E+03    0.6585015347E+02
          97    0.3906705060E+01    0.3166697893E+02    0.1095211906E+03
          98    0.2930091275E+01    0.5379586018E+02    0.7184218816E+02
          99    0.2632870622E+01    0.1724899367E+02    0.1936508831E+03
         100    0.3572455226E+01    0.4463868976E+02    0.1877740425E+03
