        Rank        RMSE       MaxAE  Feature_ID
           1    4.112104   11.080137  (    3391   10003)
           2    4.117916   13.866147  (       1   10001)
           3    4.126529   13.464170  (       5   10032)
           4    4.129686   13.582816  (       1   10002)
           5    4.130459   12.705102  (       5   10001)
           6    4.133050   13.490160  (       1   10003)
           7    4.138336   14.342377  (       1   10004)
           8    4.144004   11.218321  (    3391   10007)
           9    4.150163   13.573235  (       1   10005)
          10    4.154202   12.262900  (       5   10014)
          11    4.157761   12.971699  (      33   10176)
          12    4.164400   13.898005  (       5   10027)
          13    4.166025   12.584282  (       5   10015)
          14    4.166565   11.042782  (    3391   10014)
          15    4.171010   13.260759  (       5   10004)
          16    4.171268   13.089938  (       1   10008)
          17    4.176378   12.333635  (       5   10011)
          18    4.176685   13.629145  (       1   10007)
          19    4.179051   13.186483  (       5   10164)
          20    4.180337   12.437253  (       5   10002)
          21    4.180546   13.567907  (       1   10006)
          22    4.181341   13.798701  (       5   10118)
          23    4.182709   13.646732  (       5   10013)
          24    4.183940   12.151503  (    3420   12316)
          25    4.187070   13.590582  (       1   10010)
          26    4.190362   13.561661  (       1   10011)
          27    4.190989   13.817970  (       1   10009)
          28    4.195119   12.417890  (       5   10005)
          29    4.195193   11.152611  (    3391   10017)
          30    4.198686   12.441594  (       5   10007)
          31    4.206991   11.281553  (    3391   10005)
          32    4.207061   13.602223  (       1   10012)
          33    4.208353   12.955939  (      33   10260)
          34    4.212460   13.207685  (    2095   10003)
          35    4.213481   11.232521  (    3391   10006)
          36    4.214828   13.554388  (       1   10014)
          37    4.214873   12.794885  (      33   10032)
          38    4.216547   12.367771  (       5   10003)
          39    4.217305   11.187701  (    3391   10011)
          40    4.217623   12.804815  (       1   10038)
          41    4.218431   11.343363  (    3391   10002)
          42    4.220776   12.403993  (       5   10006)
          43    4.223788   15.004851  (       5   10028)
          44    4.228027   13.831195  (       1   10015)
          45    4.228635   11.817531  (       5   10251)
          46    4.230477   13.136598  (       5   11120)
          47    4.230517   11.901992  (       5   10008)
          48    4.230891   13.312285  (       1   10357)
          49    4.231463   14.224960  (       1   10086)
          50    4.231576   14.781792  (       1   10013)
          51    4.232338   12.685132  (       5   10009)
          52    4.234235   13.677005  (       5   10260)
          53    4.235015   13.597983  (       1   10017)
          54    4.235146   13.133880  (       1   10562)
          55    4.236361   11.979799  (       5   10396)
          56    4.240372   12.498668  (       5   13973)
          57    4.241846   11.633331  (    3391   10009)
          58    4.242151   14.355094  (       1   10016)
          59    4.242815   14.561944  (       1   10032)
          60    4.244215   12.824555  (       1   10078)
          61    4.245561   13.713271  (       5   10030)
          62    4.249280   12.537912  (       5   10126)
          63    4.249764   13.363551  (    3910   11592)
          64    4.250193   14.433348  (       1   10025)
          65    4.252249   14.098770  (       1   10018)
          66    4.252526   13.251497  (       5   10016)
          67    4.253382   11.182629  (       5   10651)
          68    4.253526   13.957010  (       1   10019)
          69    4.256390   11.960287  (       5   10050)
          70    4.256961   11.586918  (    3391   10008)
          71    4.256973   14.581891  (       1   10022)
          72    4.258577   14.865442  (       5   12759)
          73    4.261914   13.885482  (       1   13880)
          74    4.261923   13.899011  (       1   10020)
          75    4.262259   14.085680  (       1   10021)
          76    4.262621   12.593238  (       1   10124)
          77    4.262865   15.670407  (       1   10024)
          78    4.263633   12.297393  (       5   12815)
          79    4.263761   12.014064  (     455   12316)
          80    4.264565   14.451883  (     112   11592)
          81    4.264695   11.529621  (       5   10038)
          82    4.265962   12.416255  (       5   10017)
          83    4.266013   14.453936  (       1   10026)
          84    4.267250   15.688108  (      90   15192)
          85    4.268613   14.941432  (       5   10081)
          86    4.269565   14.980983  (       1   10027)
          87    4.269742   13.316687  (       1   10029)
          88    4.269820   13.975588  (       1   10023)
          89    4.270963   13.431211  (       5   10043)
          90    4.271052   14.840211  (       1   10030)
          91    4.271337   14.249926  (       1   10341)
          92    4.271504   12.481103  (       5   10062)
          93    4.271592   12.404775  (       5   10049)
          94    4.272156   14.917166  (       1   10057)
          95    4.272766   14.437371  (       5   10068)
          96    4.273022   14.847890  (       1   10090)
          97    4.274726   15.984710  (       1   10028)
          98    4.275765   12.486989  (       5   10012)
          99    4.275813   13.850492  (    3051   10140)
         100    4.275986   14.390014  (       1   10031)
