        Rank        RMSE       MaxAE  Feature_ID
           1   28.947980   83.313585  (    3443   10057)
           2   29.014789   83.959096  (       1   10001)
           3   29.099157   96.667583  (     417    2859)
           4   29.125137   84.683039  (    3443   12019)
           5   29.135126   82.860759  (    3443   13440)
           6   29.147588   84.101381  (    3443   10090)
           7   29.152306   84.667802  (    3443   12119)
           8   29.175082   84.960563  (    3443   12539)
           9   29.179964   84.381292  (       5   10009)
          10   29.204117   80.242086  (    3443   13603)
          11   29.245197   80.998142  (    3443   13461)
          12   29.264671   79.058840  (    3443   10007)
          13   29.291793   81.413348  (      82   10090)
          14   29.315080   99.417819  (      60   10088)
          15   29.357645   82.490142  (    3443   15015)
          16   29.387234   80.500152  (    3443   16262)
          17   29.397320   84.777907  (    3443   13186)
          18   29.404446   80.359163  (    3443   15292)
          19   29.411360   80.419403  (    3443   16298)
          20   29.416372   84.791113  (    3443   13328)
          21   29.420011   81.141687  (    3443   11823)
          22   29.427547   77.458882  (      60   10057)
          23   29.440108   80.445122  (       1   10007)
          24   29.445105   79.762969  (      82   10057)
          25   29.445370   73.897544  (      60   10007)
          26   29.445533   80.547107  (    3443   17174)
          27   29.456938  104.862994  (    1427   10035)
          28   29.463321  101.502099  (      82   10373)
          29   29.469062   78.541777  (      82   10492)
          30   29.474679   85.453488  (    3443   13050)
          31   29.482992   83.569782  (       5   10166)
          32   29.483313  104.166847  (    1427   10041)
          33   29.491135   80.752093  (    3443   19420)
          34   29.494416   80.730272  (    3443   18229)
          35   29.508883   76.304173  (      60   10346)
          36   29.509961   84.527547  (    3443   13394)
          37   29.520942   83.603862  (       5   10226)
          38   29.521398   84.860998  (    3443   14444)
          39   29.527178   80.682662  (    3443   18351)
          40   29.536541   85.510389  (      82   12861)
          41   29.581402   85.535066  (      82   13396)
          42   29.592114  103.254793  (       1   10003)
          43   29.598917   84.524969  (       5   10018)
          44   29.601688   81.132662  (    3443   16268)
          45   29.602833  106.836170  (       1   10006)
          46   29.607674   92.318218  (       1   10002)
          47   29.611742   82.381449  (    3443   10908)
          48   29.617132   80.839753  (    3443   11210)
          49   29.627693   95.112759  (       5   10033)
          50   29.643497   85.375748  (      82   17542)
          51   29.646698   77.267267  (    4794   10028)
          52   29.652376   82.463434  (       1   10004)
          53   29.669448   85.143447  (    3443   17072)
          54   29.680646   87.470637  (    3443   17094)
          55   29.692459   89.396490  (      82   18296)
          56   29.694523   74.774691  (      60   11485)
          57   29.700588   87.948129  (       5   10001)
          58   29.700859   82.038693  (    3443   10346)
          59   29.713856   82.525438  (       1   10005)
          60   29.718145   83.033609  (    3443   16163)
          61   29.718765   85.077265  (    3443   17799)
          62   29.722077   85.071607  (    3443   17894)
          63   29.726150   85.199856  (      82   12560)
          64   29.727456   79.330427  (    3443   10767)
          65   29.728939   81.032917  (    3443   17731)
          66   29.730062   80.733318  (      82   12296)
          67   29.739298   85.149712  (    3443   15762)
          68   29.739465   85.368299  (    3443   17159)
          69   29.743711   84.639977  (    3443   12740)
          70   29.747274   85.240504  (    3443   17698)
          71   29.751882   85.107218  (    3443   16665)
          72   29.753243   85.187284  (    3443   17924)
          73   29.754509   84.635425  (    3443   12139)
          74   29.755320   92.431702  (     248   18296)
          75   29.756176   83.149747  (    3443   15621)
          76   29.757605   81.372986  (      82   10007)
          77   29.766016   85.062769  (    3443   17719)
          78   29.768383   73.590193  (      60   10023)
          79   29.778861   78.036795  (      60   10090)
          80   29.782212   85.015137  (    3443   18849)
          81   29.786406   84.740937  (      82   10056)
          82   29.797477   80.015428  (    3443   10934)
          83   29.799091  102.971620  (      82   10088)
          84   29.808182   82.043695  (      82   13188)
          85   29.810093   81.992005  (    3443   17342)
          86   29.812427   82.234732  (       1   10008)
          87   29.817220   84.178205  (       5   10023)
          88   29.817757   86.393094  (       5   10004)
          89   29.824867   88.952427  (    3443   16354)
          90   29.827174   76.463536  (      82   13186)
          91   29.827996   79.083576  (      82   11308)
          92   29.841651   81.045963  (      82   11810)
          93   29.844292  104.234634  (       1   10011)
          94   29.845288   76.512789  (      82   13328)
          95   29.848493   80.193549  (       1   10023)
          96   29.851357   80.813399  (    3443   16761)
          97   29.851605   84.986407  (      82   11433)
          98   29.856665   80.606372  (       1   10009)
          99   29.859769   79.365588  (      82   10346)
         100   29.862312   74.662116  (      60   13076)
