     Index              y_true              y_pred        descriptor_1        descriptor_2
         1    0.1790000000E+02    0.3165780016E+02    0.3875000000E+00    0.3147185761E-02
         2    0.6942000000E+02    0.7630772257E+02   -0.1303200000E+01    0.1469571274E-02
         3    0.5774000000E+02    0.5653807780E+02   -0.7488000000E+00    0.2593903367E-03
         4    0.2720000000E+02    0.2227452702E+02    0.4820000000E+00    0.8768365780E-03
         5    0.1464000000E+02    0.3274036405E+02   -0.2750000000E-01   -0.6548823505E-03
         6    0.6276000000E+02    0.6077243586E+02   -0.1093500000E+01   -0.1753843109E-02
         7    0.7420000000E+02    0.6111339677E+02   -0.2201000000E+00    0.7146961524E-02
         8    0.6383000000E+02    0.6476642677E+02   -0.1036700000E+01    0.1882996158E-03
         9    0.6660000000E+02    0.5654913549E+02   -0.5734000000E+00    0.2027181330E-02
        10    0.5301000000E+02    0.4842807609E+02   -0.4978000000E+00    0.0000000000E+00
        11    0.5060000000E+01    0.4963797644E+01   -0.2767000000E+00   -0.1269517075E-01
        12    0.2622000000E+02    0.2634776427E+02    0.4582000000E+00    0.2035586831E-02
        13    0.2045000000E+02    0.2304257309E+02    0.3686000000E+00    0.0000000000E+00
        14    0.3007000000E+02    0.4123457460E+02   -0.1855000000E+00    0.6716844345E-03
        15    0.2548000000E+02    0.9678852035E+01    0.8247000000E+00    0.0000000000E+00
        16    0.5646000000E+02    0.4764576662E+02   -0.4711000000E+00    0.0000000000E+00
        17    0.2681000000E+02    0.4861433603E+02   -0.4838000000E+00    0.2047300739E-03
        18    0.2551000000E+02    0.2688305604E+02    0.3234000000E+00    0.8636396528E-03
        19    0.2078000000E+02    0.3447542543E+02   -0.2160000000E-01    0.0000000000E+00
        20    0.3615000000E+02    0.4349673938E+02   -0.2335000000E+00    0.9654192674E-03
        21    0.2817000000E+02    0.2570842797E+02    0.5845000000E+00    0.3086337155E-02
        22    0.3120000000E+02    0.2272829717E+02    0.5089000000E+00    0.1303122555E-02
        23    0.6524000000E+02    0.7090744367E+02   -0.2391000000E+00    0.1031760808E-01
        24    0.2680000000E+02    0.3039686816E+02    0.1176000000E+00    0.0000000000E+00
        25    0.4263000000E+02    0.3932101276E+02   -0.3060000000E-01    0.1572696729E-02
        26    0.1845000000E+02    0.2497854220E+02    0.3603000000E+00    0.5810331266E-03
        27    0.2796000000E+02    0.2222558724E+02    0.4994000000E+00    0.1035029962E-02
        28    0.5100000000E+02    0.4833583704E+02    0.3100000000E-01    0.5286474426E-02
        29    0.5015000000E+02    0.5008267619E+02   -0.5401000000E+00    0.1425178748E-03
        30    0.7737000000E+02    0.6242462984E+02   -0.1137700000E+01   -0.1631259390E-02
        31    0.6029000000E+02    0.5809550038E+02   -0.4260000000E+00    0.4040358767E-02
        32    0.4537000000E+02    0.5015091494E+02   -0.5566000000E+00    0.0000000000E+00
        33    0.4216000000E+02    0.3390174094E+02    0.3328000000E+00    0.3367283535E-02
        34    0.8285000000E+02    0.7961827252E+02   -0.1523500000E+01    0.3903371741E-03
        35    0.6900000000E+02    0.7463397855E+02   -0.1392200000E+01    0.0000000000E+00
        36    0.6056000000E+02    0.6418869021E+02   -0.2654000000E+00    0.7746950214E-02
        37    0.3200000000E+01    0.4648045403E+01    0.9964000000E+00    0.0000000000E+00
        38    0.4460000000E+02    0.3444336637E+02    0.2698000000E+00    0.2919602005E-02
        39    0.7520000000E+02    0.7366414920E+02   -0.1359100000E+01    0.0000000000E+00
        40    0.3682000000E+02    0.3155359866E+02   -0.6453000000E+00   -0.7275436807E-02
        41    0.8872000000E+02    0.7505882826E+02   -0.1406700000E+01    0.0000000000E+00
        42    0.4307000000E+02    0.5650274461E+02   -0.6996000000E+00    0.7420662629E-03
