Model_ID, [(c_i,i=0,n)_j,j=1,ntask]
           1    0.2070126043E+03   -0.1178465436E+03    0.1197543235E+04
           2    0.3413201935E+03    0.2527079710E+03   -0.1256987529E+04
           3    0.2958200702E+03   -0.1197976018E+03   -0.1347380933E+03
           4    0.3101061629E+03   -0.1152300389E+03    0.1108359383E+03
           5    0.2070934685E+03   -0.1184026570E+03    0.1175195630E+04
           6    0.3403644489E+03    0.2619366402E+03    0.9683405256E+03
           7    0.3338352190E+03   -0.2642479941E+03   -0.1663359178E+03
           8    0.2303360139E+03   -0.1371860937E+03   -0.1500346048E+03
           9    0.3816869368E+03    0.1717700264E+03   -0.1433692453E+03
          10    0.2052998990E+03   -0.1166486477E+03    0.1132451892E+04
          11    0.3327083980E+03   -0.2646546771E+03   -0.1627445832E+03
          12    0.2049587012E+03   -0.1169038527E+03    0.1131561219E+04
          13    0.2978452762E+03   -0.1064092495E+03    0.1614290196E+03
          14    0.3842881192E+03   -0.1705150843E+03   -0.1469126933E+03
          15    0.2070120961E+03   -0.1176315021E+03    0.1162905808E+04
          16    0.4233837964E+03   -0.1605516312E+03   -0.1463636069E+04
          17    0.3407610079E+03    0.2658350506E+03    0.9478924784E+03
          18    0.2873919626E+03   -0.9785500927E+02   -0.1377040645E+03
          19    0.3853319273E+03   -0.1615401655E+03   -0.1620913169E+03
          20    0.3409121500E+03    0.2515551836E+03    0.1242843023E+04
          21    0.2053120656E+03   -0.1170780102E+03    0.1132802997E+04
          22    0.3417021698E+03    0.2192735399E+03    0.5968724849E+03
          23    0.2791865669E+03   -0.9646258471E+02   -0.1270315277E+03
          24    0.3214865110E+03   -0.1318155992E+03   -0.1352759260E+03
          25    0.3410972191E+03   -0.1240551369E+03    0.1298584141E+03
          26    0.3718659612E+03   -0.1175680085E+03    0.1623636082E+03
          27    0.2296396193E+03   -0.1345971228E+03   -0.1410040033E+03
          28    0.4025042233E+03    0.2923351441E+03    0.5861045151E+03
          29    0.2058210895E+03   -0.1175557425E+03    0.1144684938E+04
          30    0.3396909231E+03    0.2183943524E+03    0.5832578562E+03
          31    0.3380263457E+03   -0.1315076857E+03    0.1309708712E+03
          32    0.2075883452E+03   -0.1165388176E+03    0.1141492237E+04
          33    0.3341747677E+03   -0.2627070621E+03   -0.1650358523E+03
          34    0.4227173357E+03   -0.1598878319E+03    0.1457851670E+04
          35    0.2061162063E+03   -0.1175458939E+03    0.1136306123E+04
          36    0.2305475385E+03   -0.1341358565E+03   -0.1428836133E+03
          37    0.4060241937E+03   -0.1542530113E+03   -0.1389164790E+04
          38    0.2068606043E+03   -0.1168599610E+03    0.1135153262E+04
          39    0.2194289231E+03   -0.1060555613E+03    0.2607063942E+03
          40    0.2056888016E+03   -0.1169772758E+03    0.1111657621E+04
          41    0.3203766959E+03   -0.1311392977E+03   -0.1315232897E+03
          42    0.1933019225E+03   -0.1327673623E+03    0.1210445832E+04
          43    0.3402151978E+03    0.2199006832E+03    0.5798600178E+03
          44    0.2126481830E+03   -0.1139902115E+03    0.1108376760E+04
          45    0.3330619967E+03   -0.2631170089E+03   -0.1614864777E+03
          46    0.2101151906E+03   -0.1152200848E+03    0.1133419526E+04
          47    0.3242411229E+03   -0.1348097690E+03   -0.1366303793E+03
          48    0.2052318081E+03   -0.1175795085E+03    0.1117061661E+04
          49    0.3975293660E+03   -0.1592674287E+03   -0.1538909323E+03
          50    0.2046722972E+03   -0.1177952075E+03   -0.1118208971E+04
          51    0.2047253603E+03   -0.1177732855E+03    0.1108344386E+04
          52    0.2139381098E+03   -0.1097732148E+03   -0.2250412939E+03
          53    0.4115386928E+03   -0.9697086662E+02    0.1281774948E+03
          54    0.3214117777E+03    0.1048055086E+03    0.8945353508E+02
          55    0.2058175416E+03   -0.1173272747E+03    0.1123067751E+04
          56    0.2058943220E+03   -0.1173457978E+03   -0.1124292900E+04
          57    0.2057723695E+03   -0.1173465902E+03   -0.1122766009E+04
          58    0.2059094097E+03   -0.1173148499E+03    0.1123998576E+04
          59    0.2059160664E+03   -0.1173010356E+03   -0.1123859982E+04
          60    0.2059261623E+03   -0.1172798911E+03    0.1123639236E+04
          61    0.2059361489E+03   -0.1172587401E+03    0.1123408024E+04
          62    0.2059426160E+03   -0.1172449146E+03   -0.1123251278E+04
          63    0.2059569396E+03   -0.1172139217E+03    0.1122883808E+04
          64    0.2060325317E+03   -0.1172321371E+03   -0.1123976641E+04
          65    0.2055164882E+03   -0.1174519953E+03   -0.1120398057E+04
          66    0.3070608641E+03   -0.1144586567E+03   -0.1450490362E+03
          67    0.3408183884E+03    0.2188241635E+03   -0.5855973871E+03
          68    0.2043210773E+03   -0.1179090467E+03   -0.1111395129E+04
          69    0.3325003106E+03   -0.2600798820E+03   -0.1690485126E+03
          70    0.3413681736E+03    0.2175770136E+03    0.5906347228E+03
          71    0.3398535855E+03    0.2290424288E+03   -0.1266500600E+04
          72    0.3407838996E+03    0.2189396521E+03   -0.5850319282E+03
          73    0.3407589104E+03    0.2188695369E+03    0.5848016906E+03
          74    0.3407335779E+03    0.2187994942E+03    0.5845591807E+03
          75    0.2041022948E+03   -0.1179750473E+03    0.1106298376E+04
          76    0.2480866769E+03   -0.1314493933E+03    0.1407445426E+03
          77    0.3399306819E+03    0.2200126177E+03   -0.5794574377E+03
          78    0.3406979974E+03    0.2189148530E+03    0.5839533369E+03
          79    0.1929450640E+03   -0.1329972576E+03    0.1204764265E+04
          80    0.3296705482E+03    0.2155674428E+03   -0.1233012504E+04
          81    0.3727518752E+03    0.1714808200E+03   -0.1386424280E+03
          82    0.2536381521E+03    0.1412936401E+03    0.1689712427E+03
          83    0.2344005076E+03   -0.1336535294E+03   -0.1392965247E+03
          84    0.4054449716E+03   -0.1536395959E+03    0.1383067122E+04
          85    0.3899907392E+03   -0.9713517383E+02   -0.1519409358E+03
          86    0.4015403226E+03    0.2808100466E+03   -0.5567747187E+03
          87    0.3405221818E+03    0.2400063167E+03    0.5587144976E+03
          88    0.3686081272E+03    0.2848875621E+03    0.1862527182E+03
          89    0.2034664462E+03   -0.1181868586E+03    0.1075891459E+04
          90    0.3324480765E+03   -0.1153494228E+03    0.2212447695E+03
          91    0.4062597408E+03   -0.1532451843E+03   -0.1397363741E+04
          92    0.2535392250E+03    0.1413740052E+03    0.1690612303E+03
          93    0.4173340575E+03    0.9193862652E+02   -0.1429193137E+03
          94    0.3754139709E+03   -0.1701849077E+03   -0.1422026948E+03
          95    0.3430856088E+03    0.2607563462E+03    0.2249453208E+03
          96    0.2842902302E+03   -0.9950951568E+02   -0.1368420098E+03
          97    0.2060744458E+03   -0.1167438478E+03    0.5444502412E+03
          98    0.2763033792E+03   -0.9686626714E+02   -0.1273192319E+03
          99    0.1167835443E+03    0.1383752591E+03    0.1857973997E+03
         100    0.3582510332E+03   -0.1011568847E+03   -0.1411340699E+03
