Model_ID, [(c_i,i=0,n)_j,j=1,ntask]
           1    0.1930544610E+03   -0.1358277640E+03    0.2424121041E+03
           2    0.1956945251E+03   -0.1231174178E+03   -0.1914028868E+03
           3    0.1959839111E+03   -0.1368869598E+03    0.2561217173E+03
           4    0.1930818363E+03   -0.1415789930E+03   -0.2407428744E+03
           5    0.1887430859E+03   -0.1291621667E+03   -0.1977826006E+03
           6    0.1920444727E+03   -0.1358907539E+03    0.2562934564E+03
           7    0.2054978231E+03   -0.1118304248E+03    0.1191162377E+03
           8    0.1903095403E+03   -0.1397764372E+03    0.9971315576E+03
           9    0.1973830602E+03   -0.1326118713E+03    0.1547232815E+03
          10    0.2043858231E+03   -0.1145865847E+03    0.9981681485E+02
          11    0.1902597911E+03   -0.1397427992E+03    0.1024326774E+04
          12    0.1902575313E+03   -0.1279209602E+03    0.1934223988E+03
          13    0.1967741134E+03   -0.1348943472E+03    0.2580352297E+03
          14    0.1933359298E+03   -0.1414428042E+03   -0.2441977267E+03
          15    0.1889824388E+03   -0.1406910613E+03    0.3710841847E+03
          16    0.1940513123E+03   -0.1371079278E+03    0.2612970167E+03
          17    0.2225107655E+03   -0.1386633978E+03   -0.6331456782E+03
          18    0.2031352794E+03   -0.1192380385E+03   -0.1399682934E+03
          19    0.2051215572E+03   -0.1222462202E+03   -0.1452580972E+03
          20    0.1577524188E+03    0.1038861899E+03    0.3797905081E+03
          21    0.1965203344E+03   -0.1361000117E+03   -0.1028971025E+04
          22    0.1989144025E+03    0.1217079530E+03    0.2480837216E+03
          23    0.1830154265E+03   -0.1401682006E+03    0.2106083781E+03
          24    0.1879838154E+03   -0.1291113941E+03   -0.2965048721E+03
          25    0.1966462419E+03   -0.1256383469E+03   -0.1866552828E+03
          26    0.2233717441E+03   -0.1426742405E+03   -0.1863872527E+03
          27    0.1965063745E+03   -0.1360407749E+03   -0.1048887567E+04
          28    0.1950840874E+03   -0.1370171391E+03    0.2716918349E+03
          29    0.1977285919E+03   -0.1378519429E+03   -0.1050401783E+04
          30    0.1957254375E+03   -0.1246121445E+03   -0.2560456871E+03
          31    0.1937578383E+03   -0.1271339987E+03   -0.1646225528E+03
          32    0.1858417513E+03   -0.1308239521E+03    0.9083133234E+03
          33    0.1582033504E+03    0.1024757182E+03    0.4158812497E+03
          34    0.1882772990E+03   -0.1388456733E+03    0.2033651380E+03
          35    0.1901645877E+03   -0.1280106021E+03   -0.1894959444E+03
          36    0.2075339794E+03   -0.1215650206E+03   -0.1573166892E+03
          37    0.2068197851E+03   -0.1136821631E+03    0.1101598006E+03
          38    0.1845957362E+03   -0.1316462816E+03    0.3394674061E+03
          39    0.1885952803E+03   -0.1312925767E+03   -0.1725082366E+03
          40    0.1884560285E+03   -0.1288934887E+03   -0.1921755392E+03
          41    0.1961657920E+03   -0.1359226283E+03   -0.1138394474E+04
          42    0.1885073004E+03   -0.1288743655E+03   -0.1920925857E+03
          43    0.1857922210E+03   -0.1308048135E+03    0.9337129922E+03
          44    0.1885585905E+03   -0.1288552379E+03   -0.1919783913E+03
          45    0.1891590031E+03   -0.1286006573E+03   -0.1930294677E+03
          46    0.1968953483E+03   -0.1328367889E+03    0.1552662535E+03
          47    0.2010134776E+03   -0.1313925973E+03   -0.1663851953E+03
          48    0.1977321583E+03   -0.1378276892E+03   -0.1070889660E+04
          49    0.2096018976E+03   -0.1125459199E+03    0.1092815309E+03
          50    0.1877224227E+03   -0.1448617938E+03   -0.8608419439E+03
          51    0.1875009330E+03   -0.1417945608E+03    0.1871870028E+03
          52    0.1872170495E+03   -0.1418641309E+03    0.2019218092E+03
          53    0.1961583727E+03   -0.1351900068E+03    0.2608677077E+03
          54    0.1991682763E+03   -0.1180193332E+03    0.9901711063E+02
          55    0.2045288225E+03   -0.1187049500E+03   -0.1456149942E+03
          56    0.1964492991E+03   -0.1347502883E+03    0.2721899115E+03
          57    0.1891513345E+03   -0.1354776923E+03   -0.3120667950E+03
          58    0.2014812375E+03   -0.1157578059E+03    0.1004544366E+03
          59    0.1899209575E+03   -0.1301631729E+03    0.1688676483E+03
          60    0.2042463454E+03   -0.1213507141E+03   -0.8979468571E+03
          61    0.1899343015E+03   -0.1276927994E+03    0.1879974649E+03
          62    0.1899740813E+03   -0.1276946897E+03    0.1879679029E+03
          63    0.1899839239E+03   -0.1276745087E+03    0.1879341398E+03
          64    0.1899937480E+03   -0.1276543504E+03   -0.1878976955E+03
          65    0.1988592410E+03   -0.1313824733E+03    0.1646664123E+03
          66    0.2037660908E+03   -0.1175455234E+03    0.1191766263E+03
          67    0.1906303424E+03   -0.1273995775E+03    0.1890374951E+03
          68    0.1900333396E+03   -0.1276564005E+03    0.1878410241E+03
          69    0.2077896122E+03   -0.1134072736E+03    0.1088309506E+03
          70    0.1932202714E+03   -0.1371649741E+03    0.2812403770E+03
          71    0.1966489743E+03   -0.1334748936E+03   -0.1528018366E+03
          72    0.1878855491E+03   -0.1291362768E+03    0.1869784162E+03
          73    0.2069189675E+03   -0.1138912192E+03    0.1071247396E+03
          74    0.1974156394E+03   -0.1378835702E+03   -0.1160323913E+04
          75    0.2075309380E+03   -0.1135427095E+03    0.1094490048E+03
          76    0.1875952018E+03   -0.1402878936E+03    0.2554841061E+03
          77    0.2077833926E+03   -0.1133745491E+03    0.1087453598E+03
          78    0.1962852846E+03   -0.1191470409E+03    0.2168806307E+03
          79    0.1923143410E+03   -0.1389992390E+03   -0.3814288531E+03
          80    0.1891687644E+03   -0.1279878656E+03   -0.1853269564E+03
          81    0.1959366617E+03   -0.1323856392E+03    0.1669768420E+03
          82    0.1864589940E+03   -0.1265912911E+03    0.1706347281E+03
          83    0.2017063923E+03   -0.1169946623E+03    0.1037376334E+03
          84    0.1932836297E+03    0.1241152031E+03    0.2717296426E+03
          85    0.2081717085E+03   -0.1138053093E+03    0.1000577037E+03
          86    0.2002747917E+03   -0.1203298440E+03    0.1217242085E+03
          87    0.2084300820E+03   -0.1162504675E+03    0.1163466073E+03
          88    0.2013331753E+03   -0.1159653137E+03    0.1392591964E+03
          89    0.2077745641E+03   -0.1133440153E+03    0.1086447962E+03
          90    0.2071796288E+03   -0.1143260409E+03   -0.1074415024E+03
          91    0.2039158984E+03   -0.1214751809E+03   -0.9107076483E+03
          92    0.1941905381E+03   -0.1259841008E+03   -0.1179534298E+04
          93    0.1963493238E+03   -0.1325556637E+03    0.1675065965E+03
          94    0.1915440657E+03   -0.1267158358E+03   -0.1787572863E+03
          95    0.1843239023E+03   -0.1310778098E+03   -0.4393886424E+03
          96    0.2067361614E+03   -0.1151435842E+03    0.1040637105E+03
          97    0.1940149736E+03   -0.1322165228E+03    0.9065091601E+02
          98    0.1999264182E+03   -0.1171920451E+03    0.1395820168E+03
          99    0.2072758034E+03   -0.1163737521E+03    0.1264805016E+03
         100    0.1921590806E+03   -0.1258499718E+03    0.1493190745E+03
