        Rank        RMSE       MaxAE  Feature_ID
           1   22.903392   65.498417  (     185   12788)
           2   23.175215   77.894975  (       1   10002)
           3   23.337537   64.427023  (     185   16717)
           4   23.531930   57.781172  (     185   15746)
           5   23.549682   59.062929  (       1   10001)
           6   23.584634   87.773200  (     185   11725)
           7   23.591381   58.082974  (       1   12801)
           8   23.631508   60.188339  (     185   10076)
           9   23.655156   64.527917  (     185   14652)
          10   23.720108   63.542430  (       1   10527)
          11   23.750486   60.270619  (     185   10072)
          12   23.761400   57.430589  (       1   10003)
          13   23.777444   59.158919  (     185   18783)
          14   23.848165   58.607794  (     185   19308)
          15   23.870309   60.629436  (     185   10058)
          16   23.881666   63.828079  (     185   19513)
          17   23.939199   50.865763  (    3470   15753)
          18   23.940173   78.365476  (       1   10045)
          19   23.984702   81.014655  (       1   10023)
          20   23.990046   52.872512  (    5091   19621)
          21   23.993445   69.836686  (     185   10310)
          22   24.037484   52.373788  (     172   18388)
          23   24.043370   76.193042  (     185   10191)
          24   24.061760   55.088201  (       1   10004)
          25   24.068564   80.577728  (       1   10009)
          26   24.098984   91.444647  (     176   16881)
          27   24.102944   66.780561  (     185   10260)
          28   24.104171   88.473994  (     185   14583)
          29   24.105851   68.951860  (     185   10405)
          30   24.117548   51.072550  (       1   10013)
          31   24.118929   53.177845  (       1   10006)
          32   24.122566   57.589796  (      44   10076)
          33   24.124221   54.049017  (    5091   14502)
          34   24.133645   62.769272  (     185   12447)
          35   24.138694   56.888053  (       1   10005)
          36   24.141889   81.080709  (       1   10035)
          37   24.161344   61.729851  (       1   13228)
          38   24.166637   56.979715  (      44   10058)
          39   24.171194   54.439180  (       1   10012)
          40   24.185402   58.616416  (       1   10007)
          41   24.185709   80.889301  (     185   10046)
          42   24.195048   58.560932  (       1   10008)
          43   24.198418   57.574700  (      44   10072)
          44   24.206461   58.500689  (       1   10010)
          45   24.215939   58.171476  (       1   10011)
          46   24.218733   70.617761  (     185   16559)
          47   24.225820   57.252935  (     185   19208)
          48   24.227540   65.810214  (     185   10354)
          49   24.256813   64.189493  (       1   18329)
          50   24.271230   58.202753  (     185   14596)
          51   24.283720   62.913228  (     185   15056)
          52   24.295541   57.171792  (     185   13136)
          53   24.303378   62.727022  (     185   19789)
          54   24.304257   60.546823  (       1   10221)
          55   24.307835   78.546578  (       1   10142)
          56   24.313922   72.654093  (     185   18135)
          57   24.333030   69.704506  (     185   19336)
          58   24.357405   86.291074  (       1   11352)
          59   24.359891   53.055858  (       1   10014)
          60   24.361784   55.818540  (       1   10046)
          61   24.375912   57.030139  (       1   10015)
          62   24.379856   56.985042  (       1   10016)
          63   24.384285   56.978920  (       1   10017)
          64   24.388864   56.972400  (       1   10018)
          65   24.388879   93.210915  (     185   14971)
          66   24.389050   89.498564  (       1   10434)
          67   24.393837   56.620561  (       1   10021)
          68   24.394338   56.923304  (       1   10019)
          69   24.406859   63.025045  (       1   16985)
          70   24.408465   85.116644  (     185   14741)
          71   24.412612   72.075525  (     185   18197)
          72   24.412982   58.291341  (       1   10020)
          73   24.414954   63.043420  (       1   15259)
          74   24.418926   82.458637  (     185   10059)
          75   24.424328   62.619311  (       1   16713)
          76   24.430611   47.397213  (     185   14996)
          77   24.436165   63.031325  (       1   17677)
          78   24.437652   73.374673  (       1   10167)
          79   24.449360   64.766678  (     185   10556)
          80   24.455253   57.260837  (       1   10022)
          81   24.456745   90.451162  (     185   11878)
          82   24.457304   63.880802  (      44   12988)
          83   24.459302   57.939108  (       1   10776)
          84   24.460648   55.387801  (     172   10292)
          85   24.461331   69.830260  (       1   16204)
          86   24.461353   73.918596  (       1   10089)
          87   24.462542   70.449896  (       1   11282)
          88   24.466783   77.634122  (       1   11636)
          89   24.466854   63.041640  (       1   18345)
          90   24.468346   63.434473  (       1   14592)
          91   24.470180   59.394218  (       1   10056)
          92   24.474440   59.472095  (       1   10025)
          93   24.491873   90.849021  (     185   12110)
          94   24.492433   54.445675  (       1   10024)
          95   24.493867   55.587159  (      44   10739)
          96   24.495463   64.585641  (       1   12984)
          97   24.505481   89.702217  (     185   15905)
          98   24.510870   76.872472  (       1   10784)
          99   24.511867   77.722345  (       1   11375)
         100   24.521282   55.144506  (       1   10027)
