Model_ID, [(c_i,i=0,n)_j,j=1,ntask]
           1    0.3672499712E+02   -0.4346545285E+02   -0.1354057754E+03
           2    0.3455599701E+02   -0.3767793356E+02   -0.1432017000E+03
           3    0.3623991419E+02   -0.4367598934E+02   -0.1483561732E+03
           4    0.3629939529E+02   -0.4358959870E+02   -0.1476329292E+03
           5    0.3482949282E+02   -0.4640733030E+02   -0.1459307428E+03
           6    0.3371649493E+02   -0.3867475954E+02   -0.1297309031E+03
           7    0.3621335843E+02   -0.4342830651E+02   -0.1436711682E+03
           8    0.3604375192E+02   -0.4393242461E+02   -0.1472236148E+03
           9    0.3599230069E+02   -0.4450786078E+02   -0.1216097468E+03
          10    0.3684407299E+02   -0.4513651576E+02   -0.9739272208E+02
          11    0.3396942604E+02   -0.4772213304E+02   -0.1330176707E+03
          12    0.3644598179E+02   -0.4568408671E+02   -0.9339049599E+02
          13    0.3543079074E+02   -0.4478128205E+02   -0.1334247571E+03
          14    0.3092715295E+02   -0.2561068458E+02    0.1378784734E+03
          15    0.3549559291E+02   -0.4468795940E+02   -0.1327233209E+03
          16    0.3333641520E+02   -0.4235526911E+02    0.9879941416E+02
          17    0.3475775881E+02   -0.3879015646E+02    0.4475541041E+02
          18    0.3631811269E+02   -0.4525782253E+02   -0.1043173899E+03
          19    0.3542367963E+02   -0.4452604564E+02   -0.1293173488E+03
          20    0.3554697611E+02   -0.4437798344E+02   -0.1437635873E+03
          21    0.3343336904E+02   -0.4226431958E+02    0.9943345311E+02
          22    0.3523093621E+02   -0.4506504858E+02   -0.1326560657E+03
          23    0.2949541388E+02   -0.2201496956E+02   -0.1312768954E+03
          24    0.3236690248E+02   -0.2926407187E+02    0.1370489640E+03
          25    0.3712334730E+02   -0.4495245407E+02    0.6778082011E+02
          26    0.3986535740E+02   -0.3032277962E+02   -0.5037234378E+02
          27    0.3360276536E+02   -0.4184160373E+02    0.9847104570E+02
          28    0.3650712173E+02   -0.4417301325E+02   -0.1289194067E+03
          29    0.3370127440E+02   -0.4174990982E+02   -0.9917121084E+02
          30    0.3461710545E+02   -0.3902825201E+02   -0.1012052687E+03
          31    0.3275254119E+02   -0.3335742285E+02    0.4697363193E+02
          32    0.3608387781E+02   -0.4165249905E+02   -0.7022179866E+02
          33    0.3237791521E+02   -0.4360630045E+02    0.9192836114E+02
          34    0.3755259407E+02    0.3278432818E+02   -0.4765247385E+02
          35    0.3700796576E+02   -0.4476139796E+02    0.6585499652E+02
          36    0.3588532718E+02   -0.4584959503E+02   -0.1002603684E+03
          37    0.3606782986E+02   -0.4038998173E+02   -0.9280609244E+02
          38    0.2664851674E+02   -0.2849730094E+02   -0.1433657965E+03
          39    0.3778265921E+02    0.3229937395E+02   -0.4519469928E+02
          40    0.3765278602E+02   -0.4267039879E+02    0.8614431400E+02
          41    0.3051319171E+02   -0.2131797827E+02   -0.1411793131E+03
          42    0.3732521095E+02   -0.4424695170E+02    0.1236871423E+03
          43    0.3526045572E+02   -0.4547084857E+02   -0.1425572542E+03
          44    0.3417075098E+02   -0.3955265093E+02   -0.9750381469E+02
          45    0.3844145282E+02    0.3298343159E+02   -0.4916319423E+02
          46    0.4333561808E+02    0.2795432880E+02   -0.1436978560E+03
          47    0.3916280941E+02    0.3077172393E+02   -0.8473250669E+02
          48    0.3642934584E+02   -0.4520778311E+02   -0.1047303315E+03
          49    0.2940673510E+02   -0.3546908110E+02   -0.6923038412E+02
          50    0.3637137732E+02   -0.4526747576E+02   -0.1049324021E+03
          51    0.3685694636E+02   -0.4345436294E+02   -0.1284706850E+03
          52    0.3600331671E+02   -0.4442497191E+02   -0.1424040145E+03
          53    0.3660039398E+02   -0.4160618754E+02   -0.6374799553E+02
          54    0.2943133989E+02   -0.2961421108E+02    0.1362669925E+03
          55    0.3613080532E+02   -0.4165972066E+02   -0.7106438986E+02
          56    0.3606441925E+02   -0.4433438232E+02   -0.1416300252E+03
          57    0.3404419702E+02   -0.4099396615E+02    0.9556680464E+02
          58    0.3349719200E+02    0.2342282426E+02    0.4970048689E+02
          59    0.3721597106E+02   -0.4316215064E+02    0.1281970892E+03
          60    0.3318007749E+02   -0.4247948930E+02    0.9500557175E+02
          61    0.3731961487E+02   -0.4278188455E+02   -0.1285028169E+03
          62    0.3414338949E+02   -0.4090102823E+02    0.9630474976E+02
          63    0.3616253868E+02   -0.4556450980E+02   -0.1044137232E+03
          64    0.5060185353E+02    0.2870381810E+02   -0.1333629549E+03
          65    0.2558278843E+02   -0.2927793053E+02   -0.1300550619E+03
          66    0.3355647026E+02   -0.4008631914E+02   -0.4338825465E+02
          67    0.2881269321E+02   -0.2709371922E+02    0.1135013302E+03
          68    0.4379442334E+02    0.3525408789E+02   -0.7465904928E+02
          69    0.3714976113E+02   -0.4300056803E+02   -0.1274311019E+03
          70    0.3317033924E+02   -0.3302692808E+02    0.1301968061E+03
          71    0.3706598540E+02   -0.4479491515E+02    0.6646004925E+02
          72    0.3597968926E+02   -0.4416182747E+02   -0.1375099436E+03
          73    0.3822244589E+02   -0.4125677840E+02    0.1322084613E+03
          74    0.6188914773E+02   -0.4591540845E+02   -0.1392688494E+03
          75    0.3418533975E+02   -0.4138222924E+02    0.9371268773E+02
          76    0.3580348956E+02   -0.4469159204E+02   -0.1413130149E+03
          77    0.3619289415E+02   -0.4155084678E+02   -0.7039088019E+02
          78    0.6144752180E+02   -0.4471789962E+02   -0.1376597681E+03
          79    0.3337748169E+02   -0.3260069734E+02   -0.4193284854E+02
          80    0.3429502284E+02   -0.4117727437E+02    0.9473178337E+02
          81    0.3599605036E+02   -0.4579964196E+02   -0.1006079493E+03
          82    0.3428359765E+02   -0.4129383928E+02    0.9441487977E+02
          83    0.3268502147E+02   -0.3385200710E+02    0.4237940012E+02
          84    0.3443728809E+02   -0.4052229176E+02    0.9213762003E+02
          85    0.2936548169E+02   -0.3477492294E+02   -0.7101744311E+02
          86    0.3226080776E+02   -0.4370130605E+02    0.8905257344E+02
          87    0.3751848529E+02   -0.3860953135E+02    0.1276359181E+03
          88    0.3720598541E+02   -0.4487350703E+02   -0.1200785223E+03
          89    0.3375206287E+02   -0.4081586480E+02    0.8974055439E+02
          90    0.3593623734E+02   -0.4586390412E+02   -0.1008309522E+03
          91    0.3439566743E+02   -0.4108763009E+02    0.9549795180E+02
          92    0.3937504961E+02   -0.4110891289E+02   -0.9537620465E+02
          93    0.3787515784E+02   -0.3351917379E+02    0.1275460033E+03
          94    0.3637254261E+02    0.3328896935E+02    0.4693230709E+02
          95    0.3928265571E+02   -0.4104734224E+02   -0.1062097890E+03
          96    0.4588780762E+02    0.3185228459E+02   -0.1379938970E+03
          97    0.3475475477E+02   -0.3930294948E+02    0.3978791673E+02
          98    0.3453621273E+02   -0.4042986714E+02    0.9285700603E+02
          99    0.3432344160E+02   -0.3813606052E+02   -0.1337923407E+03
         100    0.3717163626E+02   -0.4305382163E+02   -0.1265752071E+03
