        Rank        RMSE       MaxAE  Feature_ID
           1   10.199852   32.530464  (    4067   10680)
           2   10.232615   32.524959  (     858   11122)
           3   10.250624   31.421985  (       1   10001)
           4   10.262930   27.254775  (    1748   10260)
           5   10.265734   27.655775  (     962   10299)
           6   10.266943   32.401126  (    1070   11122)
           7   10.271048   31.457200  (       2   10001)
           8   10.281038   32.714762  (    4067   11300)
           9   10.281431   31.559055  (     321   10486)
          10   10.287957   32.413983  (    4067   11187)
          11   10.288452   32.822626  (    4067   10486)
          12   10.290830   32.526085  (    4067   11407)
          13   10.292852   32.764769  (    2288   11122)
          14   10.296365   32.727985  (    2269   11122)
          15   10.303074   29.734167  (    4239   10152)
          16   10.303113   28.040796  (    1296   10299)
          17   10.305229   27.674211  (    2064   10260)
          18   10.305573   27.412117  (    1101   10299)
          19   10.312502   27.827686  (    1384   10299)
          20   10.312870   32.859661  (    7576   10680)
          21   10.317072   32.595209  (     858   10680)
          22   10.319360   29.716815  (    4239   10287)
          23   10.320264   32.618116  (    4067   11864)
          24   10.327149   32.795123  (     858   11300)
          25   10.327819   32.599764  (    2012   12186)
          26   10.329681   27.284014  (     962   10305)
          27   10.333617   27.151318  (    1101   10127)
          28   10.334463   32.021970  (    6850   11724)
          29   10.336118   29.190951  (    4468   10318)
          30   10.336134   32.607477  (    2718   11122)
          31   10.336152   32.598676  (    2703   11122)
          32   10.338249   27.447608  (    2570   10260)
          33   10.341230   32.566019  (    4067   13060)
          34   10.341430   28.361642  (    2406   12186)
          35   10.342377   30.160708  (    2410   10260)
          36   10.345128   27.758734  (    8866   12433)
          37   10.345722   32.294110  (    7576   12186)
          38   10.345881   32.607263  (    2142   12186)
          39   10.346148   32.186710  (    2081   10486)
          40   10.346149   32.422858  (     472   10404)
          41   10.347448   32.561748  (    4067   10213)
          42   10.347902   27.096223  (    2329   10260)
          43   10.349517   32.932323  (    5016   11724)
          44   10.349572   32.385834  (     467   10404)
          45   10.351728   31.451764  (    1629   12186)
          46   10.354704   28.416383  (    2064   10299)
          47   10.355003   27.432594  (    2452   10260)
          48   10.356435   27.411281  (    2436   10260)
          49   10.358251   28.095217  (    8955   10680)
          50   10.358741   32.406613  (     449   10404)
          51   10.359110   30.205702  (       1   10002)
          52   10.360365   27.037800  (    1101   10305)
          53   10.361130   28.011707  (    1748   10299)
          54   10.361899   27.381830  (    2448   10260)
          55   10.362775   27.371420  (    4522   12074)
          56   10.363944   32.443342  (    4067   18329)
          57   10.364477   27.604690  (    1711   10299)
          58   10.366006   27.407498  (     962   10127)
          59   10.366109   33.032367  (    2012   11122)
          60   10.368510   32.469860  (    1070   10680)
          61   10.368634   32.041663  (    4067   13162)
          62   10.368764   32.456679  (    4067   14947)
          63   10.370401   27.580719  (    1384   10127)
          64   10.371354   32.581309  (    1991   12186)
          65   10.371696   27.525038  (    2737   10260)
          66   10.373132   32.493734  (     858   11187)
          67   10.375076   33.043515  (    2142   11122)
          68   10.375545   31.651846  (    1173   10404)
          69   10.376118   27.520536  (    5212   10260)
          70   10.378098   27.527229  (    1576   10299)
          71   10.378736   27.672250  (    1296   10305)
          72   10.378791   27.560529  (    1570   10299)
          73   10.379636   27.106025  (    1101   10163)
          74   10.379660   27.568578  (    1573   10299)
          75   10.379878   26.408006  (    1194   10260)
          76   10.380198   27.464864  (     962   10207)
          77   10.380609   32.811650  (    5609   11724)
          78   10.380835   30.241760  (       2   10002)
          79   10.380996   27.502730  (     962   10211)
          80   10.381193   27.673971  (    6340   10260)
          81   10.381272   32.435182  (    2455   12186)
          82   10.381404   28.657809  (    2406   11122)
          83   10.381722   27.375995  (    2374   10260)
          84   10.381899   32.380605  (    1919   12186)
          85   10.382815   32.668667  (    1070   11300)
          86   10.382854   27.306330  (    1296   10260)
          87   10.385256   32.765975  (    5479   11724)
          88   10.385794   27.325160  (     962   11708)
          89   10.385922   33.045239  (    7576   11300)
          90   10.386192   27.456889  (    1384   10305)
          91   10.386380   31.664597  (     321   10404)
          92   10.386550   27.207359  (     962   10181)
          93   10.386780   32.877437  (     858   10486)
          94   10.386876   27.359715  (     962   10163)
          95   10.387715   27.886311  (    1720   10299)
          96   10.387760   27.515062  (    2648   10260)
          97   10.387804   31.338074  (    2081   12186)
          98   10.388729   35.120216  (     241   10404)
          99   10.388864   27.754714  (     415   10138)
         100   10.389259   27.467999  (    1694   10299)
