        Rank        RMSE       MaxAE  Feature_ID
           1   23.298021   58.074755  (       1   10001)
           2   23.391665   52.614536  (       1   10003)
           3   23.415310   50.871375  (       1   10005)
           4   23.446784   54.578814  (       1   10002)
           5   23.494483   72.396219  (       1   10006)
           6   23.520688   53.805357  (       1   10004)
           7   23.544920   55.170354  (       1   10008)
           8   23.546575   49.931007  (       1   10010)
           9   23.695697   71.399628  (       1   10020)
          10   23.714154   71.375714  (       1   10016)
          11   23.731637   72.726657  (       1   10013)
          12   23.740225   72.601872  (       1   10012)
          13   23.748802   57.905047  (       1   10007)
          14   23.754676   72.768835  (       1   10011)
          15   23.767960   72.788580  (       1   10014)
          16   23.904104   70.382931  (       1   10073)
          17   23.922220   64.248663  (       1   10009)
          18   23.939553   71.750202  (       1   10037)
          19   23.947800   71.620106  (       1   10036)
          20   23.952190   72.316564  (       1   10018)
          21   23.981148   71.813131  (       1   10041)
          22   23.989872   63.963246  (       1   10022)
          23   24.036627   63.020824  (       1   10042)
          24   24.053816   63.768180  (       1   10030)
          25   24.076407   63.620484  (       1   10025)
          26   24.088597   70.892668  (       1   10033)
          27   24.099772   73.578768  (       1   10023)
          28   24.119276   70.121320  (       1   10034)
          29   24.140674   63.489439  (       1   10019)
          30   24.140980   65.067395  (       1   10029)
          31   24.153589   65.333571  (       1   10028)
          32   24.156174   54.985997  (       1   10015)
          33   24.162982   72.962052  (       1   10059)
          34   24.168696   60.196127  (       1   10017)
          35   24.182567   63.472746  (       1   10077)
          36   24.187166   72.693477  (       1   10021)
          37   24.242521   63.283764  (       1   10088)
          38   24.245882   71.196267  (       1   10068)
          39   24.259813   69.011058  (       1   10035)
          40   24.270277   71.163990  (       1   10031)
          41   24.272033   64.140784  (       1   10057)
          42   24.275777   63.605277  (       1   10078)
          43   24.277918   59.133850  (       1   10024)
          44   24.282751   71.361077  (       1   10027)
          45   24.284947   58.292460  (       1   10045)
          46   24.286644   76.453649  (       1   10456)
          47   24.289704   58.187506  (       1   10039)
          48   24.292514   64.208178  (       1   10062)
          49   24.301990   69.863954  (       1   10096)
          50   24.310393   68.656186  (       1   10080)
          51   24.317530   69.178302  (       1   10232)
          52   24.327202   61.736954  (       1   10026)
          53   24.334876   63.946718  (       1   10069)
          54   24.336796   64.259549  (       1   10067)
          55   24.344001   69.728344  (       1   10113)
          56   24.351794   69.604571  (       1   10058)
          57   24.355563   64.014462  (       1   10072)
          58   24.362154   61.944203  (       1   10122)
          59   24.362186   76.246508  (       1   10605)
          60   24.365495   63.005508  (       1   10125)
          61   24.367325   63.127992  (       1   10083)
          62   24.379380   72.583671  (       1   10081)
          63   24.382799   72.027404  (       1   10162)
          64   24.392975   77.972124  (       1   13175)
          65   24.397679   62.028349  (      80   14091)
          66   24.400136   64.066447  (       1   10082)
          67   24.422141   59.154591  (       1   10032)
          68   24.426816   62.936014  (       1   10093)
          69   24.438841   55.075204  (       1   10061)
          70   24.441141   62.353405  (       1   10101)
          71   24.444413   72.354767  (       1   10076)
          72   24.448215   55.092732  (       1   10063)
          73   24.470705   55.598393  (       1   10038)
          74   24.473625   72.577327  (       1   12128)
          75   24.481598   55.214890  (       1   10040)
          76   24.493738   58.582103  (       1   10043)
          77   24.493919   79.820033  (       1   11059)
          78   24.494749   74.054571  (       1   10070)
          79   24.537094   67.567789  (       1   10234)
          80   24.537282   83.394243  (       1   10046)
          81   24.544650   66.183728  (       1   10084)
          82   24.551208   71.117825  (       1   10049)
          83   24.551216   54.923675  (       1   10044)
          84   24.551355   77.566299  (       1   19628)
          85   24.561223   70.078197  (       1   10086)
          86   24.566551   60.352957  (       1   10047)
          87   24.567341   55.617723  (       1   10048)
          88   24.567833   68.820324  (       1   10052)
          89   24.568682   68.674108  (       1   10055)
          90   24.576945   70.969052  (       1   10054)
          91   24.580040   74.071624  (       1   10120)
          92   24.582119   72.212434  (       1   12195)
          93   24.588140   53.640436  (       1   10053)
          94   24.590079   84.108367  (       1   10056)
          95   24.591599   58.922267  (       1   10050)
          96   24.592447   58.853463  (       1   11257)
          97   24.593395   55.174856  (       1   10051)
          98   24.604229   70.940736  (       1   10074)
          99   24.606653   68.517401  (       1   10143)
         100   24.606656   59.962284  (       1   10100)
