     Index              y_true              y_pred        descriptor_1        descriptor_2
         1    0.3334000000E+03    0.4356624126E+03   -0.1973100000E+01    0.4955175000E-01
         2    0.2401500000E+03    0.2553006183E+03   -0.3089000000E+00   -0.7959000000E-02
         3    0.3281500000E+03    0.3006168198E+03   -0.4375000000E+00    0.1708167500E+00
         4    0.4711500000E+03    0.4765480497E+03   -0.1465400000E+01    0.5648482000E+00
         5    0.3891500000E+03    0.4039526202E+03   -0.1354400000E+01    0.2245281600E+00
         6    0.1693000000E+03    0.2153793230E+03   -0.1670000000E+00   -0.1492137600E+00
         7    0.4010000000E+03    0.4119377392E+03   -0.1499400000E+01    0.1865955600E+00
         8    0.4097000000E+03    0.3680470803E+03   -0.1058400000E+01    0.1930440600E+00
         9    0.1588000000E+03    0.2056713463E+03    0.2175000000E+00    0.1507671000E-01
        10    0.4680000000E+03    0.4775762980E+03   -0.1963100000E+01    0.2880884400E+00
        11    0.2990000000E+03    0.2569690916E+03   -0.3014000000E+00    0.5567210000E-02
        12    0.3602000000E+03    0.3396562073E+03   -0.9464000000E+00    0.9887900000E-01
        13    0.2561000000E+03    0.2424650097E+03   -0.2522000000E+00   -0.4708944000E-01
        14    0.3632000000E+03    0.3391692022E+03   -0.1252800000E+01   -0.7772568000E-01
        15    0.3260000000E+03    0.3076044194E+03   -0.7430000000E+00    0.3624956000E-01
        16    0.3674300000E+03    0.3608293293E+03   -0.1336700000E+01   -0.5006340000E-02
        17    0.3010000000E+03    0.3302128735E+03   -0.9085000000E+00    0.6792499000E-01
        18    0.4240000000E+03    0.3646115775E+03   -0.1287400000E+01    0.4398720000E-01
        19    0.4380000000E+03    0.4316890262E+03   -0.1706400000E+01    0.1788438600E+00
        20    0.2396000000E+03    0.2501541126E+03   -0.2610000000E+00   -0.9365550000E-02
        21    0.2566500000E+03    0.2523738569E+03    0.1675000000E+00    0.2461642500E+00
        22    0.1743000000E+03    0.1651016780E+03   -0.2990000000E+00   -0.5034588000E+00
        23    0.3387000000E+03    0.3711768477E+03   -0.1179900000E+01    0.1414741200E+00
        24    0.4150000000E+03    0.3873324200E+03   -0.1461300000E+01    0.7151956000E-01
        25    0.2886400000E+03    0.2876348655E+03   -0.6158000000E+00   -0.2502300000E-02
        26    0.3860000000E+03    0.4186788776E+03   -0.1781400000E+01    0.6399666000E-01
        27    0.9070000000E+02    0.1252363568E+03    0.9783000000E+00    0.0000000000E+00
        28    0.2530000000E+03    0.2568493619E+03   -0.3872000000E+00   -0.4379424000E-01
        29    0.2561000000E+03    0.2761860290E+03   -0.4656000000E+00    0.1913820000E-01
        30    0.2744000000E+03    0.2256371611E+03   -0.1114000000E+00   -0.6066816000E-01
        31    0.3945000000E+03    0.3607652340E+03   -0.1132700000E+01    0.1104189000E+00
        32    0.4460000000E+03    0.4624570271E+03   -0.1879200000E+01    0.2517081600E+00
        33    0.2490000000E+03    0.2685142705E+03   -0.4012000000E+00    0.1306676000E-01
        34    0.3450000000E+03    0.3770615292E+03   -0.1362900000E+01    0.7030500000E-01
        35    0.3275000000E+03    0.3488527959E+03   -0.1098900000E+01    0.6342030000E-01
        36    0.4920000000E+03    0.4673096758E+03   -0.1926700000E+01    0.2517091500E+00
        37    0.8950000000E+02    0.7408435613E+02    0.1456100000E+01   -0.1300732000E-01
        38    0.2720000000E+03    0.2540584708E+03   -0.2858000000E+00   -0.1749470000E-02
        39    0.2516000000E+03    0.2788596316E+03   -0.4916000000E+00    0.1923550000E-01
        40    0.5132000000E+03    0.4365548217E+03   -0.1913900000E+01    0.8810900000E-01
        41    0.3990000000E+03    0.4042854068E+03   -0.1606800000E+01    0.8312600000E-01
        42    0.2466500000E+03    0.2297061694E+03   -0.1554000000E+00   -0.6303440000E-01
