Model_ID, [(c_i,i=0,n)_j,j=1,ntask]
           1    0.3961725173E+01    0.1672478461E+02   -0.1433049910E+03
           2    0.4033575296E+01    0.1673779317E+02   -0.1220086319E+03
           3    0.3715190526E+01    0.2873522097E+02    0.7671982119E+02
           4    0.3123769956E+01    0.2933783972E+02    0.1705027195E+03
           5    0.2233293141E+01    0.1350678208E+02    0.7172395106E+02
           6    0.3922606804E+01    0.2840716381E+02    0.7627942703E+02
           7    0.3939022512E+01    0.1672541331E+02   -0.1429013611E+03
           8    0.3789574005E+01    0.1674110367E+02    0.7022508473E+02
           9    0.3899878181E+01    0.2844170808E+02    0.7632295327E+02
          10    0.3996846114E+01   -0.2826171858E+02    0.7563806001E+02
          11    0.4113605412E+01    0.2808552274E+02    0.7669389174E+02
          12    0.3012535129E+01    0.3107690407E+02    0.7496766609E+02
          13    0.2610594786E+01    0.1760324267E+02    0.7271358519E+02
          14    0.3546914858E+01    0.2874689967E+02    0.8907106200E+02
          15    0.3634332400E+01    0.4891153690E+02    0.7181122293E+02
          16    0.4010858470E+01    0.1673789323E+02   -0.1216511115E+03
          17    0.3350803410E+01    0.2896330379E+02    0.1688314305E+03
          18    0.3731390280E+01    0.1644131045E+02    0.7488892237E+02
          19    0.3702660429E+01    0.4873497982E+02    0.7163478921E+02
          20    0.3325749829E+01    0.2900365420E+02    0.1690095960E+03
          21    0.4116397979E+01    0.1692114936E+02   -0.1119985047E+03
          22    0.2947079012E+01    0.1566417596E+02    0.7218043046E+02
          23    0.3887081954E+01    0.2843973366E+02    0.7631596756E+02
          24    0.3730436481E+01    0.4860010062E+02    0.7182574783E+02
          25    0.2602742370E+01   -0.1723896996E+02    0.1644360951E+03
          26    0.2441501582E+01    0.1899674555E+02    0.7504056725E+02
          27    0.2453124808E+01    0.1898416867E+02    0.7501579921E+02
          28    0.3756683165E+01    0.2841434767E+02    0.8851193763E+02
          29    0.2373638691E+01    0.1597702876E+02    0.1603001407E+03
          30    0.3358071905E+01    0.4861951998E+02    0.7483941023E+02
          31    0.3769379852E+01    0.4851174090E+02    0.7167321271E+02
          32    0.3865486318E+01    0.3353539553E+02    0.7343496663E+02
          33    0.3939552559E+01    0.2811717823E+02    0.8924363441E+02
          34    0.3437610270E+01   -0.2879132322E+02    0.1670177849E+03
          35    0.3481237354E+01    0.4831730881E+02    0.7474023776E+02
          36    0.3950057106E+01   -0.3334733098E+02    0.7271116894E+02
          37    0.3733668816E+01    0.2844951765E+02    0.8856899065E+02
          38    0.3651403806E+01    0.2879691690E+02    0.7577322486E+02
          39    0.3400017360E+01    0.4853375615E+02    0.7463822066E+02
          40    0.3450826496E+01    0.4839110912E+02    0.7466516906E+02
          41    0.2758518946E+01    0.3312145866E+02    0.7953533247E+02
          42    0.3980786598E+01   -0.3327463746E+02    0.7250642990E+02
          43    0.3467258860E+01    0.4834835741E+02    0.7463266333E+02
          44    0.3740456851E+01    0.1685966236E+02   -0.2615958226E+03
          45    0.2973970338E+01    0.1398400363E+02   -0.8155665119E+02
          46    0.3273461424E+01   -0.4873967705E+02    0.7506090335E+02
          47    0.3840121985E+01    0.3357685948E+02    0.7347500852E+02
          48    0.3188492616E+01   -0.4897207223E+02    0.7496885400E+02
          49    0.2095685196E+01    0.1348544054E+02    0.8262778661E+02
          50    0.3311387829E+01    0.2900594615E+02    0.1690538904E+03
          51    0.3241656407E+01   -0.4881946572E+02    0.7498932347E+02
          52    0.3507601130E+01    0.1570811344E+02    0.7400230241E+02
          53    0.3423159485E+01    0.4844842327E+02    0.7457690420E+02
          54    0.3959275394E+01    0.1648147044E+02    0.7266959292E+02
          55    0.3615268588E+01    0.4795209940E+02    0.7470643056E+02
          56    0.3508771637E+01    0.4823660276E+02    0.7454767634E+02
          57    0.3553351513E+01    0.2860457464E+02    0.1691368936E+03
          58    0.3521761228E+01    0.4820264285E+02    0.7452212788E+02
          59    0.3592265506E+01    0.4869329364E+02    0.7332302297E+02
          60    0.3508733168E+01    0.4820549535E+02    0.7465772907E+02
          61    0.3340934577E+01   -0.4854433355E+02    0.7515923867E+02
          62    0.3273681520E+01    0.4875839150E+02    0.7494175723E+02
          63    0.3712867682E+01    0.3354364724E+02    0.7202895749E+02
          64    0.3210369502E+01   -0.4891301226E+02    0.7508887787E+02
          65    0.3532920771E+01    0.4816974234E+02    0.7449689020E+02
          66    0.3212707466E+01   -0.4888235945E+02    0.7490420067E+02
          67    0.3860958761E+01    0.4827589445E+02    0.7130774068E+02
          68    0.3757672491E+01    0.1966814816E+02    0.7893161825E+02
          69    0.2311231222E+01    0.1227630524E+02   -0.8319014235E+02
          70    0.2903257507E+01    0.1891275921E+02    0.7089181729E+02
          71    0.3920002277E+01    0.4811606340E+02    0.7138671529E+02
          72    0.3276196560E+01    0.4874567354E+02    0.7493135114E+02
          73    0.3207346328E+01   -0.1685176461E+02    0.7339622504E+02
          74    0.3492392638E+01    0.4828796238E+02    0.7461495942E+02
          75    0.3273299315E+01    0.4875031246E+02    0.7493482919E+02
          76    0.4095462698E+01    0.3306968528E+02    0.7394066781E+02
          77    0.4079513739E+01    0.1684136586E+02   -0.1297582456E+03
          78    0.3580211572E+01    0.4902634233E+02    0.7278487005E+02
          79    0.3833221440E+01    0.4833786053E+02    0.7124395240E+02
          80    0.2885163521E+01    0.1699733182E+02    0.1626042935E+03
          81    0.3302203437E+01   -0.4862286466E+02    0.7497455315E+02
          82    0.3286716733E+01   -0.4864544248E+02    0.7482726973E+02
          83    0.3844380912E+01   -0.2822859789E+02    0.8735333126E+02
          84    0.3434639901E+01    0.3413146514E+02    0.7406198407E+02
          85    0.1858060707E+01    0.1934965950E+02    0.1656392804E+03
          86    0.3564130336E+01    0.4803974494E+02    0.7436902171E+02
          87    0.3786702404E+01    0.4846226526E+02    0.7123649280E+02
          88    0.3840616832E+01    0.4740873274E+02    0.7171682218E+02
          89    0.3424136372E+01    0.4841992377E+02    0.7468345892E+02
          90    0.2461549197E+01    0.1893077458E+02    0.7418098156E+02
          91    0.3720711969E+01    0.2844811735E+02    0.8856638367E+02
          92    0.3669540044E+01    0.4874159627E+02    0.7152537383E+02
          93    0.3593094640E+01    0.1964972624E+02   -0.8125490347E+02
          94    0.1870719531E+01    0.1933564440E+02    0.1655510265E+03
          95    0.4211872457E+01    0.2778268167E+02    0.7420674487E+02
          96    0.3509178174E+01    0.3387936341E+02    0.7431381842E+02
          97    0.3905399947E+01    0.4724654479E+02    0.7157728478E+02
          98    0.3886363194E+01    0.4817139205E+02    0.7121151794E+02
          99    0.2697559504E+01    0.1872208458E+02    0.7494377423E+02
         100    0.3805596665E+01    0.4841570451E+02    0.7134804562E+02
