Model_ID, [(c_i,i=0,n)_j,j=1,ntask]
           1    0.1616223062E+03   -0.1247486900E+03    0.4009025667E+04
           2    0.2387927798E+03    0.1820460225E+03   -0.1068392625E+04
           3    0.1631919771E+03   -0.1238295576E+03    0.6795704968E+04
           4    0.2903928823E+03    0.2498939140E+03   -0.1883797446E+03
           5    0.1593853956E+03    0.1280443067E+03    0.7196834810E+04
           6    0.1593758880E+03    0.1280503305E+03    0.7198726450E+04
           7    0.1576759539E+03    0.1282459741E+03    0.7491266142E+04
           8    0.1572895123E+03    0.1302521523E+03    0.6898708862E+04
           9    0.2844486406E+03    0.2513378020E+03    0.7936835241E+03
          10    0.2375455025E+03    0.1843373288E+03   -0.8840917735E+03
          11    0.3740659599E+03    0.1103806470E+03   -0.4251951943E+04
          12    0.2860987521E+03    0.2487851713E+03    0.6529321028E+03
          13    0.1594108512E+03    0.1258576731E+03   -0.1456335628E+05
          14    0.1629282647E+03   -0.1228349594E+03    0.4433592807E+04
          15    0.3730100254E+03    0.1093870106E+03   -0.3687089057E+04
          16    0.2896236211E+03    0.2473356006E+03   -0.1912875679E+03
          17    0.2985494839E+03    0.2528763216E+03   -0.2058676680E+03
          18    0.1597294354E+03    0.1161197796E+03   -0.1029120969E+04
          19    0.1627586853E+03   -0.1228863556E+03    0.4424772441E+04
          20    0.2378461904E+03    0.1837599597E+03   -0.2030393934E+04
          21    0.1627036659E+03   -0.1229002749E+03    0.4421355564E+04
          22    0.3735943342E+03    0.1099770182E+03    0.2798377313E+04
          23    0.1626491706E+03   -0.1229114985E+03    0.4417359172E+04
          24    0.3741845245E+03    0.1105913826E+03   -0.3035543734E+04
          25    0.1600830002E+03    0.1255837804E+03    0.7723850513E+04
          26    0.1600721199E+03    0.1255926028E+03    0.7726609492E+04
          27    0.1588235896E+03   -0.1256105332E+03    0.4684859393E+04
          28    0.1579738229E+03   -0.1279061500E+03    0.4284476745E+04
          29    0.1624844370E+03   -0.1229412166E+03    0.4403957968E+04
          30    0.1645607821E+03   -0.1219510500E+03    0.4360963320E+04
          31    0.1626561916E+03   -0.1227020959E+03    0.5683013423E+04
          32    0.1582979670E+03    0.1263627438E+03    0.4793238592E+04
          33    0.1606391819E+03   -0.1137884958E+03    0.1637488933E+04
          34    0.1553294478E+03    0.1297759394E+03    0.5387857385E+04
          35    0.2916403372E+03    0.2449321643E+03   -0.1918553194E+03
          36    0.1634940876E+03   -0.1230213878E+03    0.6598052557E+04
          37    0.2980939526E+03   -0.2566578516E+03    0.2096103053E+03
          38    0.2901097675E+03   -0.2527670429E+03    0.1977303682E+03
          39    0.2896458244E+03    0.2459449926E+03    0.1699673084E+03
          40    0.1598105351E+03   -0.1185832660E+03   -0.9961801592E+03
          41    0.1609288031E+03   -0.1256330183E+03    0.4994320071E+04
          42    0.3736872714E+03    0.1105213472E+03   -0.4257349251E+04
          43    0.1626384479E+03   -0.1210825268E+03    0.4239516990E+04
          44    0.2889137967E+03    0.2448877345E+03   -0.1932586619E+03
          45    0.1712233972E+03    0.1213683914E+03    0.2827917851E+04
          46    0.2888714899E+03    0.2519682954E+03   -0.1531032738E+03
          47    0.1602011037E+03   -0.1259176319E+03    0.4981912539E+04
          48    0.1619763712E+03   -0.1227171599E+03    0.4300724004E+04
          49    0.1588568737E+03   -0.1280103727E+03    0.4538007586E+04
          50    0.1600161280E+03   -0.1260007803E+03   -0.4976899411E+04
          51    0.1580404522E+03   -0.1299848791E+03    0.7102355136E+04
          52    0.1599887786E+03   -0.1259939537E+03    0.4971041756E+04
          53    0.1619087531E+03   -0.1226735391E+03    0.4283226899E+04
          54    0.1599194390E+03   -0.1260157309E+03    0.4966774195E+04
          55    0.2875176122E+03   -0.2762551461E+03   -0.1531731830E+03
          56    0.1598502003E+03   -0.1260345402E+03    0.4961715298E+04
          57    0.1580732873E+03    0.1273410747E+03    0.7284624257E+04
          58    0.2974908276E+03    0.2496623390E+03   -0.2069711438E+03
          59    0.3761301171E+03    0.1145770339E+03   -0.1218792756E+05
          60    0.1543006325E+03    0.1308325445E+03    0.7447276089E+04
          61    0.1726925061E+03    0.1203181808E+03    0.2815403703E+04
          62    0.2908652360E+03    0.2424135491E+03   -0.1951597165E+03
          63    0.1600096043E+03   -0.1263242744E+03    0.6777178033E+04
          64    0.3728452936E+03    0.1087838067E+03    0.2727629883E+04
          65    0.1584396955E+03   -0.1286323614E+03    0.4615624240E+04
          66    0.1627934356E+03   -0.1209733205E+03    0.3900578165E+04
          67    0.1602655302E+03   -0.1247747601E+03    0.4896632309E+04
          68    0.1717465163E+03    0.1205251383E+03   -0.3678130984E+04
          69    0.3754060223E+03    0.1136296216E+03   -0.5932480471E+04
          70    0.1596396227E+03   -0.1260869796E+03    0.4944617067E+04
          71    0.2758108469E+03    0.1202236263E+03   -0.9657194058E+03
          72    0.2754774531E+03    0.1218230685E+03   -0.1877234155E+04
          73    0.2977001010E+03   -0.2569291668E+03    0.2089440349E+03
          74    0.1322989847E+03    0.9849046021E+02   -0.1340755633E+03
          75    0.2897142476E+03   -0.2530094641E+03    0.1967821302E+03
          76    0.3708319276E+03    0.1098390194E+03   -0.3956867069E+04
          77    0.1326502817E+03    0.9683150269E+02   -0.2055117348E+03
          78    0.1566805906E+03    0.1275236289E+03    0.4192495432E+04
          79    0.2988277059E+03    0.2621873725E+03    0.1049584577E+04
          80    0.1333610479E+03    0.9489129400E+02   -0.1626504221E+03
          81    0.3741151585E+03    0.1116966142E+03   -0.1399552362E+05
          82    0.2996321086E+03    0.2476619759E+03   -0.2089773930E+03
          83    0.2809933206E+03    0.2411900859E+03    0.1750572141E+03
          84    0.1607077180E+03   -0.1146433100E+03    0.9464484618E+03
          85    0.2975697011E+03    0.2740982720E+03    0.6576719947E+03
          86    0.2874506427E+03   -0.2756470600E+03    0.1581464755E+03
          87    0.1714216980E+03    0.1207680978E+03   -0.8066789930E+03
          88    0.3741954355E+03    0.1112720776E+03   -0.4187348972E+04
          89    0.1581806728E+03    0.1170291312E+03   -0.1941364404E+04
          90    0.1339390384E+03    0.9447244036E+02   -0.1674258087E+03
          91    0.2081952200E+03    0.8618222209E+02   -0.1831161018E+03
          92    0.1611883510E+03   -0.1178810257E+03   -0.2529092170E+03
          93    0.1573808350E+03    0.1264669060E+03    0.6170617633E+04
          94    0.1620561301E+03   -0.1248313654E+03    0.4877959854E+04
          95    0.1050083300E+03    0.8595189400E+02   -0.8579342547E+03
          96    0.1603147760E+03    0.1227665102E+03   -0.1533757291E+05
          97    0.2889765076E+03    0.1162241617E+03   -0.2019514043E+03
          98    0.1654685845E+03   -0.1162313504E+03    0.2739347879E+04
          99    0.2408536765E+03    0.1780036278E+03   -0.1043220683E+04
         100    0.2123743672E+03    0.8964953194E+02    0.4539720677E+04
