        Rank        RMSE       MaxAE  Feature_ID
           1    9.224541   21.964545  (       1   10051)
           2    9.437914   20.044386  (       1   10001)
           3    9.448308   21.386344  (       1   10036)
           4    9.461611   21.447637  (       1   10003)
           5    9.462744   21.286694  (       1   10020)
           6    9.464502   20.977168  (       1   10012)
           7    9.467626   21.280401  (       1   10013)
           8    9.468099   22.740573  (       1   10004)
           9    9.471005   21.376379  (       1   10049)
          10    9.472534   21.284893  (       1   10033)
          11    9.474609   20.968555  (       1   10002)
          12    9.475580   20.183135  (       1   10047)
          13    9.483500   20.968007  (       1   10016)
          14    9.483741   22.739220  (       1   10007)
          15    9.486366   21.557771  (       1   10005)
          16    9.490167   21.779704  (       1   10006)
          17    9.492986   21.380048  (       1   10095)
          18    9.496490   22.736384  (       1   11324)
          19    9.502484   21.493685  (       1   10455)
          20    9.505303   21.549682  (       1   10008)
          21    9.509102   21.317192  (       1   10017)
          22    9.509585   21.313262  (       1   10019)
          23    9.512599   21.238506  (       1   10024)
          24    9.515362   21.203398  (       1   10026)
          25    9.516578   21.244902  (       1   10027)
          26    9.518262   20.167583  (       1   10039)
          27    9.518324   21.894222  (       1   10009)
          28    9.519483   20.198724  (       1   10742)
          29    9.520857   21.251561  (       1   10029)
          30    9.522258   21.253526  (       1   10030)
          31    9.522609   21.846054  (       1   10328)
          32    9.523017   20.324363  (       1   10062)
          33    9.523618   21.277081  (       1   10072)
          34    9.523674   21.255484  (       1   10032)
          35    9.524913   20.248237  (       1   10087)
          36    9.525019   21.352697  (       1   10107)
          37    9.525345   20.236339  (       1   10113)
          38    9.526091   20.962547  (       1   10057)
          39    9.526634   21.419117  (       1   10018)
          40    9.527262   21.546072  (       1   10255)
          41    9.527788   21.308794  (       1   10028)
          42    9.528210   21.262006  (       1   10034)
          43    9.530314   20.946915  (       1   10045)
          44    9.531297   21.229953  (       1   10035)
          45    9.531519   21.888928  (       1   10014)
          46    9.532730   21.268114  (       1   10037)
          47    9.533453   20.006244  (       1   10011)
          48    9.535170   20.623939  (       1   10010)
          49    9.536669   21.572141  (       1   10015)
          50    9.540948   21.245008  (       1   10042)
          51    9.545439   21.189678  (       1   10058)
          52    9.545717   20.276351  (       1   10103)
          53    9.547409   21.185167  (       1   10060)
          54    9.547725   20.351934  (       1   11270)
          55    9.547738   21.355979  (       1   10152)
          56    9.548794   19.725652  (       1   10110)
          57    9.549313   20.267795  (       1   10111)
          58    9.551413   21.259628  (       1   10050)
          59    9.551591   21.529379  (       1   10031)
          60    9.552300   20.269377  (       1   10116)
          61    9.555393   20.270973  (       1   10120)
          62    9.556023   19.701826  (       1   10170)
          63    9.556939   23.838715  (       1   10138)
          64    9.560032   20.868151  (       1   10075)
          65    9.560717   20.262677  (       1   10131)
          66    9.561494   21.182786  (       1   10059)
          67    9.565593   21.678878  (       1   10478)
          68    9.566073   20.112052  (       1   10025)
          69    9.566123   21.176515  (       1   10077)
          70    9.566144   21.003478  (       1   10038)
          71    9.567362   21.827787  (       1   10353)
          72    9.569177   20.318204  (       1   10081)
          73    9.570180   21.253464  (       1   10208)
          74    9.571290   20.805088  (       1   10021)
          75    9.571752   20.652347  (       1   10022)
          76    9.572537   21.283366  (       1   10074)
          77    9.573013   20.248167  (       1   10023)
          78    9.573708   21.288390  (       1   10069)
          79    9.574194   21.284447  (       1   10071)
          80    9.576696   20.453053  (       1   10177)
          81    9.577311   21.209409  (       1   10076)
          82    9.579581   20.334567  (       1   13074)
          83    9.580006   20.138330  (       1   10102)
          84    9.580400   21.628340  (       1   10091)
          85    9.581258   21.215836  (       1   10080)
          86    9.581572   21.455026  (       1   10112)
          87    9.583319   22.702223  (       1   10068)
          88    9.584209   20.730307  (       1   10176)
          89    9.585502   21.222526  (       1   10083)
          90    9.586892   21.224501  (       1   10088)
          91    9.587418   19.993577  (       1   10044)
          92    9.587469   20.713030  (       1   10078)
          93    9.587597   20.461944  (       1   10166)
          94    9.588297   21.226468  (       1   10094)
          95    9.588716   20.682351  (       1   10164)
          96    9.589052   20.698566  (       1   10040)
          97    9.589127   21.513807  (       1   10079)
          98    9.589357   20.417235  (       1   10187)
          99    9.591990   20.932362  (       1   10127)
         100    9.592319   20.656184  (       1   10056)
