Materials	Properties	feature1	feature2	feature3	feature4	feature5	feature6	feature7	feature8	feature9	feature10	feature11	feature12	feature13	feature14	feature15	feature16	feature17	feature18	feature19
sample1	75.2000	0.0000	0.0000	0.0000	0.0000	0.0000	0.0000	0.0000	0.0000	0.0000	0.0000	0.9716	0.2515	0.7326	0.4245	0.2160	0.7324	0.0000	0.3249	0.4410
sample2	45.3700	0.0000	0.0000	0.0000	0.0000	0.0000	0.0000	0.0000	0.0000	0.0000	0.0000	0.5035	1.0000	0.0000	0.2217	0.2160	0.6525	0.9098	0.3253	0.9297
sample3	69.0000	1.0000	0.0000	0.0000	0.0000	0.0000	0.0000	0.0000	0.0000	0.0000	0.0000	0.9716	0.2540	0.7326	0.4892	0.5309	0.8391	0.0463	0.4129	0.3740
sample4	51.0000	0.0000	0.0000	0.0000	0.0000	0.0000	0.0000	0.0000	0.0000	0.0000	0.0000	0.6170	0.3320	0.7326	0.3269	0.4599	0.6086	0.4400	0.5218	0.6145
sample5	82.8500	0.0000	0.0000	0.0000	0.0000	0.0000	0.0000	0.0000	0.0000	0.0000	0.0000	0.7730	0.1599	1.0000	0.3332	0.2315	0.6261	0.2647	0.0466	0.0000
sample6	60.5600	0.0000	0.0000	0.0000	0.0000	0.0000	0.0000	0.0000	0.0000	0.0000	0.0000	0.8085	0.9731	0.7326	0.3294	0.2469	0.6673	0.1622	0.5501	0.4810
sample7	5.0600	0.0000	0.0000	0.0000	0.0000	0.0000	0.0000	0.0000	0.0000	0.0000	0.0000	0.4894	0.3664	0.7326	0.2280	0.5000	0.4563	0.4288	0.8701	0.1743
sample8	50.9000	0.0000	0.0000	0.0000	0.0000	0.0000	0.0000	0.0000	0.0000	0.0000	0.0000	0.6738	0.2753	1.0000	0.2724	0.2685	0.6951	0.5524	0.3850	0.7115
sample9	26.2200	0.0000	0.0000	0.0000	0.0000	0.0000	0.0000	0.0000	1.0000	0.0000	0.0000	0.4752	0.2191	0.6395	0.2217	0.2160	0.5241	0.8190	0.5910	0.8863
sample10	65.1100	0.0000	0.0000	0.0000	0.0000	0.0000	0.0000	0.0000	0.0000	0.0000	0.0000	0.4823	0.2303	1.0000	0.2280	0.2284	0.5661	0.6464	0.3112	0.7270
sample11	25.4800	0.0000	0.0000	0.0000	0.0000	0.0000	0.0000	0.0000	0.0000	0.0000	0.0000	0.0780	0.4029	0.0000	0.1330	0.2160	0.1360	0.9682	0.7795	0.9588
sample12	14.6400	0.0000	0.0000	0.0000	0.0000	0.0000	0.0000	0.0000	0.0000	0.0000	0.0000	0.7447	0.2602	0.6395	0.4727	0.4784	0.6296	0.7952	0.4939	0.8632
sample13	20.4500	0.0000	1.0000	0.0000	0.0000	0.0000	0.0000	0.0000	0.0000	0.0000	0.0000	0.1489	0.0144	0.4535	0.2280	0.0000	0.1011	0.9682	0.9178	0.9819
sample14	31.8700	0.0000	0.0000	0.5000	0.0000	0.0000	0.0000	0.0000	0.0000	0.0000	0.0000	0.4184	0.2236	0.3605	0.3066	0.3642	0.5020	0.8468	0.6613	0.8824
sample15	44.6000	0.0000	0.0000	0.2500	0.0000	0.0000	0.0000	0.0000	0.0000	0.0000	0.0000	0.5035	0.2993	0.6395	0.3409	0.4753	0.5423	0.7035	0.4950	0.8563
sample16	26.8100	0.0000	0.0000	0.0000	0.0000	0.0000	0.0000	1.0000	0.0000	0.0000	0.0000	0.3688	0.2223	0.4070	0.2344	0.2778	0.5614	0.8617	0.6197	0.8606
sample17	63.8300	0.0000	0.0000	0.0000	0.0000	0.0000	0.0000	0.0000	0.0000	0.0000	0.0000	0.9504	0.2070	0.7326	0.4283	0.2315	0.6937	0.5504	0.4083	0.6227
sample18	20.7800	0.0000	0.0000	0.0000	1.0000	0.0000	0.0000	0.0000	0.0000	0.0000	0.0000	0.6028	0.0047	0.3372	1.0000	0.0000	0.6843	0.9036	0.6514	0.9528
sample19	42.6300	0.0000	0.0000	0.0000	0.0000	0.0000	0.0000	0.0000	0.0000	0.0000	0.0000	0.6454	0.2949	0.7326	0.2787	0.2840	0.6272	0.2725	0.2768	0.4368
sample20	26.8000	0.0000	0.0000	0.0000	0.0000	0.0000	0.0000	0.0000	0.0000	1.0000	0.0000	0.7092	0.2778	0.0000	0.3561	0.6111	1.0000	0.8623	0.0096	0.9122
sample21	57.7400	0.0000	0.0000	0.0000	0.0000	0.0000	0.0000	0.0000	0.0000	0.0000	0.0000	0.8865	0.1367	0.7326	0.5234	0.2315	0.6782	0.8906	0.5887	0.9335
sample22	90.8000	0.0000	0.0000	0.0000	0.0000	0.0000	0.0000	0.0000	0.0000	0.0000	0.0000	0.8014	0.2593	0.7326	0.3738	0.3796	0.6692	0.1494	0.1101	0.0135
sample23	3.2000	0.0000	0.0000	0.0000	0.0000	0.0000	0.0000	0.0000	0.0000	0.0000	0.0000	0.0000	0.0000	0.0000	0.0000	0.0000	0.0000	1.0000	1.0000	0.9783
sample24	62.7600	0.0000	0.0000	0.0000	0.0000	0.0000	0.0000	0.0000	0.0000	0.0000	0.0000	0.9220	0.0965	0.7326	0.4752	0.2685	0.6864	0.7992	0.4457	0.8579
sample25	60.2900	0.0000	0.0000	0.0000	0.2500	0.0000	0.0000	0.0000	0.0000	0.0000	0.0000	0.8511	0.3192	0.7326	0.5830	0.7099	0.6859	0.3856	0.4415	0.7858
sample26	42.1600	0.0000	0.0000	0.0000	0.0000	0.0000	0.0000	0.0000	0.0000	0.0000	0.0000	0.6099	0.3146	0.6395	0.3738	0.5525	0.5876	0.7365	0.4973	0.8506
sample27	43.0700	0.0000	0.0000	0.0000	0.0000	0.5000	0.0000	0.0000	0.0000	0.0000	0.0000	0.9362	0.0232	0.7326	0.3928	0.0340	0.6600	0.3458	0.2324	0.6584
sample28	65.2400	0.0000	0.0000	0.0000	0.0000	0.0000	0.0000	0.0000	0.0000	0.0000	0.0000	0.6879	0.2212	0.7326	0.2851	0.4630	0.5418	0.1806	0.5650	0.4810
sample29	69.4200	0.0000	0.0000	0.0000	0.0000	0.0000	0.0000	0.0000	0.0000	0.0000	0.0000	0.9787	0.0089	1.0000	0.3776	0.0154	0.7561	0.1419	0.3788	0.4230
sample30	53.0100	0.0000	0.0000	0.0000	0.0000	1.0000	0.0000	0.0000	0.0000	0.0000	0.0000	0.9078	0.0022	0.4535	0.4058	0.0000	0.6025	0.6513	0.5382	0.8847
sample31	31.2000	0.0000	0.0000	0.7500	0.0000	0.0000	0.0000	0.0000	0.0000	0.0000	0.0000	0.4397	0.1726	0.3605	0.3713	0.3148	0.4825	0.8784	0.6923	0.9418
sample32	27.9600	0.0000	0.0000	0.2500	0.0000	0.0000	0.0000	0.0000	0.0000	0.0000	0.0000	0.3688	0.2373	0.3605	0.2420	0.3148	0.5030	0.8432	0.6468	0.8848
sample33	36.8200	0.0000	0.0000	0.0000	0.0000	0.0000	0.0000	0.0000	0.0000	0.0000	0.0000	0.9858	0.0184	0.7326	0.3738	0.0309	0.7914	0.1619	0.0688	0.3723
sample34	20.6700	0.0000	0.0000	1.0000	0.0000	0.0000	0.0000	0.0000	0.0000	0.0000	0.0000	0.4823	0.0133	0.3605	0.4366	0.0000	0.4731	0.9480	0.8039	1.0000
sample35	17.9000	0.0000	0.0000	0.0000	0.0000	0.0000	0.6667	0.0000	0.0000	0.0000	0.0000	0.7660	0.5013	0.3605	0.3966	0.6142	0.7477	0.8193	0.4759	0.8747
sample36	30.0700	0.0000	0.0000	0.0000	0.0000	0.0000	1.0000	0.0000	0.0000	0.0000	0.0000	0.9929	0.2761	0.3605	0.5056	0.5309	0.8452	0.8137	0.4297	0.8756
sample37	74.2000	0.0000	0.0000	0.0000	0.0000	0.0000	0.0000	0.0000	0.0000	0.0000	0.0000	0.7730	0.0932	0.7326	0.3776	0.3889	0.6521	0.4523	0.6101	0.6362
sample38	36.1500	0.0000	0.0000	0.0000	0.0000	0.0000	0.0000	0.0000	0.0000	0.0000	0.0000	0.4752	0.3427	0.7326	0.2724	0.4630	0.5871	0.1051	0.8326	0.1500
sample39	18.5000	0.0000	0.0000	0.0000	0.0000	0.0000	0.0000	0.0000	0.0000	0.0000	0.0000	0.2979	0.0000	0.0000	0.1777	0.0000	0.5243	0.9425	0.5608	0.9410
sample40	27.2000	0.0000	0.0000	0.0000	0.2500	0.0000	0.0000	0.0000	0.0000	0.0000	0.0000	0.3901	0.5270	0.3372	0.3840	1.0000	0.5575	0.8761	0.6021	0.9120
sample41	25.5100	0.0000	0.0000	0.0000	0.0000	0.0000	0.3333	0.0000	0.0000	0.0000	0.0000	0.5390	0.4777	0.3605	0.2863	0.5309	0.6182	0.8098	0.4610	0.8756
sample42	77.3700	0.0000	0.0000	0.0000	0.0000	0.0000	0.0000	0.0000	0.0000	0.0000	0.0000	1.0000	0.0060	1.0000	0.3738	0.0185	0.7809	0.3782	0.0000	0.5924
