Model_ID, [(c_i,i=0,n)_j,j=1,ntask]
           1    0.2369697406E+03   -0.1476186226E+03    0.1019647547E+04
           2    0.2048784508E+03    0.1242109674E+03    0.3040037242E+03
           3    0.2061587713E+03    0.1227534134E+03   -0.3104193923E+03
           4    0.2547932614E+03    0.1814604722E+03    0.2564053116E+03
           5    0.2634013305E+03    0.1835472243E+03    0.2536543387E+03
           6    0.2534913677E+03    0.1829052864E+03    0.2595785029E+03
           7    0.2381353314E+03   -0.1455733100E+03    0.1140278562E+04
           8    0.2623015074E+03    0.1847722728E+03    0.2565100278E+03
           9    0.2638795617E+03    0.1850461150E+03    0.3326109843E+03
          10    0.2638443384E+03    0.1853846754E+03    0.2397573486E+03
          11    0.2642966302E+03    0.1817391694E+03   -0.2390317680E+03
          12    0.2169291502E+03   -0.2630964863E+03   -0.1519885400E+03
          13    0.2552071447E+03    0.1831323762E+03    0.2410364480E+03
          14    0.2387790361E+03   -0.1383139102E+03    0.6034464565E+03
          15    0.1000229172E+03    0.2087826942E+03    0.2420152170E+03
          16    0.2464218504E+03   -0.1354513265E+03    0.7048708118E+03
          17    0.2449890615E+03   -0.1355135865E+03   -0.7107826391E+03
          18    0.2553227032E+03    0.1825998945E+03    0.3319564577E+03
          19    0.5886822372E+02   -0.1596573078E+03    0.2287997006E+03
          20    0.2336480494E+03    0.1245103244E+03    0.2536518217E+03
          21    0.2550752124E+03    0.1651730010E+03    0.2515134915E+03
          22    0.6652163864E+02   -0.1455372047E+03    0.3933751327E+03
          23    0.2512829559E+03    0.1846591143E+03    0.2535624169E+03
          24    0.9157709833E+02   -0.1317002056E+03    0.2247564304E+03
          25    0.2449554910E+03   -0.1364439957E+03    0.7094622484E+03
          26    0.2633490781E+03    0.1838175306E+03    0.2363413607E+03
          27    0.1005935909E+03    0.2080142524E+03    0.2423286568E+03
          28    0.2323056440E+03    0.1254321106E+03    0.2543471197E+03
          29    0.9696945887E+02    0.2105190606E+03    0.2331799760E+03
          30    0.2297049431E+03   -0.2531374592E+03   -0.1696222118E+03
          31    0.6727030997E+02   -0.1560506838E+03    0.2698614084E+03
          32    0.2539665043E+03    0.1808483703E+03    0.2641492739E+03
          33    0.1107765907E+03    0.1995045875E+03    0.2137290826E+03
          34    0.2553017433E+03    0.1671794445E+03    0.2411123354E+03
          35    0.2562286697E+03    0.1735317397E+03    0.2517969290E+03
          36    0.2449336339E+03   -0.1361410888E+03    0.7071813677E+03
          37    0.9637335419E+02    0.2107092279E+03    0.2403625990E+03
          38    0.6293301207E+02   -0.1487638953E+03    0.3683699934E+03
          39    0.2426484065E+03   -0.1384342108E+03    0.6915637503E+03
          40    0.2518416743E+03    0.1838962551E+03    0.2628649782E+03
          41    0.2559345532E+03    0.1638481231E+03   -0.2401862849E+03
          42    0.2614975522E+03    0.1839280216E+03    0.2452569783E+03
          43    0.2632295728E+03    0.1839179869E+03   -0.2354568034E+03
          44    0.2328148545E+03    0.1250191900E+03    0.2544079547E+03
          45    0.2627836979E+03    0.1862707950E+03    0.3360900025E+03
          46    0.9963149368E+02    0.2080024199E+03    0.2334626053E+03
          47    0.2523766436E+03    0.1832828565E+03    0.2627788794E+03
          48    0.6570874174E+02   -0.1431130095E+03    0.3399705257E+03
          49    0.9586600358E+02    0.2132685545E+03    0.2193587227E+03
          50    0.1002049351E+03    0.2089697181E+03    0.2388318060E+03
          51    0.2189781371E+03    0.1042472352E+03    0.1921729647E+03
          52    0.1938113200E+03   -0.1034753225E+03    0.2049746186E+03
          53    0.2317191619E+03   -0.1236072939E+03    0.2636499772E+03
          54    0.2627404576E+03    0.1866353973E+03    0.2424393840E+03
          55    0.2449015375E+03   -0.1358386606E+03    0.7038365840E+03
          56    0.9752551558E+02    0.2097678725E+03    0.2332510262E+03
          57    0.2539016987E+03    0.1846003399E+03    0.2440165777E+03
          58    0.2691805912E+03    0.9463024715E+02   -0.2386688050E+03
          59    0.2632290073E+03    0.1828910122E+03   -0.2414713891E+03
          60    0.2099964840E+03    0.1100948928E+03    0.2750333149E+03
          61    0.2330586506E+03    0.1248548880E+03    0.2541992001E+03
          62    0.9947168272E+02    0.2090739605E+03    0.2407604287E+03
          63    0.2245779215E+03    0.1117707528E+03    0.2595708990E+03
          64    0.7131501668E+02   -0.1499287127E+03    0.1642111080E+03
          65    0.2669779817E+03    0.1738149224E+03   -0.2456299875E+03
          66    0.1348333843E+03    0.1684058739E+03    0.2269095610E+03
          67    0.2595080354E+03    0.1856583449E+03    0.2477306202E+03
          68    0.2241997836E+03    0.1120968443E+03    0.2600548231E+03
          69    0.9837328935E+02    0.2099379339E+03    0.2381844986E+03
          70    0.2559759060E+03    0.1790993910E+03   -0.2362125084E+03
          71    0.2317348076E+03   -0.1238255439E+03    0.2605294117E+03
          72    0.2235170204E+03    0.1123194908E+03    0.2604460965E+03
          73    0.2350650653E+03   -0.1239616153E+03    0.2540090497E+03
          74    0.1001810803E+03    0.2072607651E+03    0.2337661178E+03
          75    0.2111173387E+03    0.1089125484E+03   -0.2810529467E+03
          76    0.8903816144E+02    0.2326907338E+03    0.2182840272E+03
          77    0.1007723675E+03    0.2082049713E+03    0.2390067724E+03
          78    0.9938197790E+02    0.2094472405E+03    0.2360795235E+03
          79    0.2333141945E+03    0.1246708442E+03    0.2539603862E+03
          80    0.2631301228E+03    0.1839926192E+03   -0.2330681469E+03
          81    0.2195339061E+03    0.1033319060E+03    0.1356363514E+03
          82    0.8454603307E+02   -0.1384782041E+03    0.9145051384E+03
          83    0.8471850673E+02   -0.1377376890E+03   -0.1815875549E+03
          84    0.2531031567E+03    0.1828137938E+03    0.2621012648E+03
          85    0.2540308180E+03    0.1840314124E+03    0.3357972473E+03
          86    0.2448382500E+03   -0.1367509926E+03    0.6993936208E+03
          87    0.2527347104E+03    0.1836140039E+03    0.2613684063E+03
          88    0.2626139614E+03    0.1826033052E+03    0.2614196600E+03
          89    0.9554453248E+02   -0.1257015098E+03    0.3460240255E+03
          90    0.9778581324E+02    0.2100514915E+03    0.2392089178E+03
          91    0.2530091245E+03    0.1814704294E+03    0.2445119923E+03
          92    0.2290624824E+03    0.1078337234E+03    0.2562071446E+03
          93    0.1000269162E+03    0.2083154680E+03    0.2409623970E+03
          94    0.2539323393E+03    0.1662475227E+03    0.2543372500E+03
          95    0.2110933820E+03    0.9201349936E+02    0.1972386162E+03
          96    0.7489700845E+02   -0.1405949684E+03    0.2235073798E+03
          97    0.2217854109E+03   -0.2582655782E+03   -0.1586156502E+03
          98    0.2363405429E+03   -0.1350973952E+03    0.2501994067E+03
          99    0.2531977945E+03    0.1836247229E+03    0.2508231725E+03
         100    0.2526293587E+03    0.1832327497E+03    0.2621380559E+03
