     Index              y_true              y_pred        descriptor_1        descriptor_2
         1    0.2490000000E+03    0.2613013398E+03    0.4012000000E+00    0.1881126000E-01
         2    0.2466500000E+03    0.2213423419E+03    0.1554000000E+00   -0.5661760000E-02
         3    0.4780000000E+03    0.4768669461E+03    0.2044700000E+01    0.4755016000E-01
         4    0.4010000000E+03    0.4214753749E+03    0.1749400000E+01   -0.1153900000E-02
         5    0.2561000000E+03    0.2391578764E+03    0.5022000000E+00   -0.7191944000E-01
         6    0.2886400000E+03    0.2810878231E+03    0.6158000000E+00    0.7117300000E-03
         7    0.4380000000E+03    0.4237640130E+03    0.1706400000E+01    0.1881627000E-01
         8    0.3281500000E+03    0.3563517170E+03    0.4375000000E+00    0.2554238400E+00
         9    0.3891500000E+03    0.3637837250E+03    0.1354400000E+01   -0.2343528000E-01
        10    0.4680000000E+03    0.4367598175E+03    0.1963100000E+01   -0.3072708000E-01
        11    0.4711500000E+03    0.4577120956E+03    0.1465400000E+01    0.1859436600E+00
        12    0.4097000000E+03    0.4376906104E+03    0.2058400000E+01   -0.5929710000E-01
        13    0.3990000000E+03    0.3908363184E+03    0.1606800000E+01   -0.3484125000E-01
        14    0.3091000000E+03    0.3378574613E+03    0.1072800000E+01    0.4137000000E-03
        15    0.2401500000E+03    0.2365693690E+03    0.3089000000E+00   -0.1580091000E-01
        16    0.3334000000E+03    0.3299689235E+03    0.1973100000E+01   -0.3130866000E+00
        17    0.4150000000E+03    0.4003762286E+03    0.1461300000E+01    0.3742569000E-01
        18    0.2480000000E+03    0.2184453340E+03    0.9480000000E-01    0.6480900000E-02
        19    0.1588000000E+03    0.1868757973E+03   -0.2175000000E+00    0.2556798000E-01
        20    0.3860000000E+03    0.3837477037E+03    0.7814000000E+00    0.2151488400E+00
        21    0.5132000000E+03    0.4884145298E+03    0.1913900000E+01    0.1202821500E+00
        22    0.8950000000E+02    0.9787962943E+02   -0.4561000000E+00   -0.1294098000E+00
        23    0.2530000000E+03    0.2528111788E+03    0.3872000000E+00    0.1176000000E-02
        24    0.1743000000E+03    0.1730761966E+03    0.2990000000E+00   -0.1785246400E+00
        25    0.2634000000E+03    0.3128635004E+03    0.8623000000E+00    0.3569280000E-02
        26    0.3602000000E+03    0.3286917006E+03    0.9464000000E+00    0.1757835000E-01
        27    0.2516000000E+03    0.2733328094E+03    0.4916000000E+00    0.2084778000E-01
        28    0.3674300000E+03    0.4105996453E+03    0.1336700000E+01    0.1046799000E+00
        29    0.2720000000E+03    0.2345965583E+03    0.2858000000E+00   -0.1344218000E-01
        30    0.2744000000E+03    0.2241403632E+03    0.1114000000E+00    0.1596504000E-01
        31    0.3632000000E+03    0.4047454796E+03    0.2252800000E+01   -0.2086434200E+00
        32    0.4460000000E+03    0.4242742505E+03    0.1879200000E+01   -0.3606498000E-01
        33    0.2566500000E+03    0.2576872073E+03   -0.1675000000E+00    0.1943732800E+00
        34    0.3260000000E+03    0.3097059745E+03    0.7430000000E+00    0.3412717000E-01
        35    0.9070000000E+02    0.8239480756E+02   -0.9783000000E+00    0.0000000000E+00
        36    0.3380000000E+03    0.3765524364E+03    0.1412000000E+01   -0.8801520000E-02
        37    0.1693000000E+03    0.2186389364E+03    0.1670000000E+00   -0.1650100000E-01
        38    0.3387000000E+03    0.3466330787E+03    0.1179900000E+01   -0.1149200000E-01
        39    0.4240000000E+03    0.3495155595E+03    0.1287400000E+01   -0.3893000000E-01
        40    0.2680300000E+03    0.3317934914E+03    0.1032500000E+01   -0.2324680000E-02
        41    0.3450000000E+03    0.3776508922E+03    0.1362900000E+01    0.1004245000E-01
        42    0.4920000000E+03    0.4516309577E+03    0.1926700000E+01    0.1998135000E-01
