        Rank        RMSE       MaxAE  Feature_ID
           1   10.240443   27.985418  (     988   10479)
           2   10.300456   28.945061  (     490   10479)
           3   10.395683   28.557979  (     922   10479)
           4   10.442763   27.506913  (    2627   10479)
           5   10.446096   28.878841  (     807   10479)
           6   10.448393   28.707245  (     962   10479)
           7   10.456049   28.833026  (     787   10479)
           8   10.461183   28.840739  (    1075   10479)
           9   10.468262   28.581535  (    1290   10479)
          10   10.469456   27.433203  (    3041   10479)
          11   10.470908   28.762406  (     778   10479)
          12   10.489221   29.083136  (     812   10479)
          13   10.512559   27.032115  (    4133   10479)
          14   10.530581   28.458758  (    1146   10479)
          15   10.543557   27.503089  (    2952   10479)
          16   10.546470   26.771394  (    5599   10479)
          17   10.551030   27.447347  (    3238   10479)
          18   10.552155   27.537498  (    2962   10479)
          19   10.558756   28.087802  (     786   10479)
          20   10.561128   35.751748  (    8158   13701)
          21   10.566178   28.856726  (    1291   10479)
          22   10.571120   27.567141  (    3124   10479)
          23   10.575101   27.280930  (    4060   10479)
          24   10.581918   32.296406  (    4524   10448)
          25   10.590305   28.533044  (      25   18974)
          26   10.594717   30.320826  (    1948   13681)
          27   10.599375   27.208160  (    4652   10479)
          28   10.599417   26.539744  (    6860   10479)
          29   10.625602   28.103258  (    2662   10479)
          30   10.625887   27.714874  (    3455   10479)
          31   10.628667   28.729837  (    1083   10479)
          32   10.647352   28.978797  (    2092   10479)
          33   10.648261   27.052629  (    4463   10479)
          34   10.652674   37.474025  (    9145   13701)
          35   10.657180   28.350796  (     927   10479)
          36   10.662767   29.177783  (     777   10479)
          37   10.664003   26.924414  (    1323   10479)
          38   10.667817   28.056395  (    4429   10479)
          39   10.670193   26.981178  (    5062   10479)
          40   10.671087   30.710737  (    4524   11767)
          41   10.683996   28.542818  (    7409   11154)
          42   10.690486   27.821592  (    3703   10479)
          43   10.691848   28.704889  (     879   10479)
          44   10.693815   28.533110  (    7409   11767)
          45   10.694132   28.270287  (    2866   10479)
          46   10.694540   28.263224  (    2875   10479)
          47   10.694693   28.301124  (    2848   10479)
          48   10.696613   28.708416  (     810   10479)
          49   10.697412   28.323331  (    2854   10479)
          50   10.698348   28.526406  (    2122   10479)
          51   10.708321   28.520584  (     996   10479)
          52   10.709075   26.006901  (      67   10716)
          53   10.713381   27.788865  (    4419   10479)
          54   10.715735   29.986258  (    1948   15915)
          55   10.716745   27.852115  (    1524   10479)
          56   10.716745   29.033435  (    2564   10479)
          57   10.722909   28.821640  (     695   10479)
          58   10.724615   28.728923  (     597   10479)
          59   10.726792   28.155487  (    3246   10479)
          60   10.729222   28.632500  (    1005   10479)
          61   10.730033   28.856390  (     696   10479)
          62   10.730129   28.418718  (    3070   10479)
          63   10.732403   29.809893  (    2765   17609)
          64   10.735040   30.279604  (    1948   13942)
          65   10.738515   26.868950  (    2858   10479)
          66   10.739131   28.636738  (     884   10479)
          67   10.739842   28.133232  (    3390   10479)
          68   10.740668   32.006766  (    4524   18104)
          69   10.741577   27.966018  (    7409   10599)
          70   10.743688   28.443020  (    3164   10479)
          71   10.745094   31.710320  (    3862   13701)
          72   10.746969   28.671910  (     889   10479)
          73   10.747400   27.605582  (    3080   10479)
          74   10.747901   26.777965  (    3211   10479)
          75   10.748097   25.736913  (      67   10639)
          76   10.749919   28.886466  (     762   10479)
          77   10.750517   28.991777  (     677   10479)
          78   10.751344   30.346286  (    1948   13301)
          79   10.752024   28.580130  (    1019   10479)
          80   10.752349   27.388691  (    6373   10479)
          81   10.753837   30.111438  (    1948   15516)
          82   10.757570   34.060977  (      25   10478)
          83   10.757743   27.788639  (    4449   10479)
          84   10.760666   29.703655  (    1948   19987)
          85   10.761809   28.762003  (    7409   11466)
          86   10.763883   36.357819  (    5340   13701)
          87   10.764028   28.089027  (    1487   10479)
          88   10.764199   27.872186  (    4219   10479)
          89   10.767549   28.683338  (    7409   11448)
          90   10.767614   28.466595  (     978   10479)
          91   10.768820   25.163166  (      77   10479)
          92   10.770293   29.699898  (    1597   13835)
          93   10.770579   30.063860  (    1948   17023)
          94   10.773556   28.553465  (    1138   10479)
          95   10.775060   27.824756  (    3636   10479)
          96   10.775201   29.446192  (    6710   10479)
          97   10.775917   28.595816  (    1168   10479)
          98   10.778017   29.311846  (     619   10479)
          99   10.778113   31.013076  (    4524   11235)
         100   10.778159   28.987365  (     825   10479)
