Model_ID, [(c_i,i=0,n)_j,j=1,ntask]
           1    0.2356954266E+03    0.9660986288E+02   -0.1708934778E+04
           2    0.1832936060E+03    0.1402816788E+03   -0.1675562236E+04
           3    0.2013545929E+03    0.1691064938E+03   -0.1750354566E+04
           4    0.1673668551E+03    0.1500932170E+03   -0.2179856190E+03
           5    0.1672957789E+03    0.1517578219E+03   -0.2070042836E+03
           6    0.1823896556E+03    0.1482598235E+03   -0.1671669968E+04
           7    0.1844796712E+03    0.1425233318E+03   -0.1618232716E+04
           8    0.2103076340E+03    0.1462075333E+03   -0.5993239838E+03
           9    0.2387441104E+03    0.1070864995E+03   -0.6985993362E+03
          10    0.2392296128E+03    0.9688973269E+02   -0.1694360680E+04
          11    0.1813436024E+03    0.1426712690E+03   -0.1532166969E+04
          12    0.2289343005E+03    0.1018172094E+03   -0.1451996475E+04
          13    0.2021996722E+03    0.1695554095E+03   -0.1702160006E+04
          14    0.2321469233E+03    0.1081330046E+03   -0.1080538400E+04
          15    0.2003857602E+03    0.1723403755E+03   -0.1712301151E+04
          16    0.1960359200E+03    0.1574618346E+03   -0.1891178121E+03
          17    0.2003314532E+03    0.1723646226E+03   -0.1728352635E+04
          18    0.2050091815E+03    0.1450373022E+03   -0.6037769884E+03
          19    0.1644660144E+03    0.1315857994E+03   -0.1339314630E+03
          20    0.1832117021E+03    0.1410993998E+03   -0.1634749714E+04
          21    0.2369157115E+03    0.1039050940E+03   -0.1233214559E+04
          22    0.1823964599E+03    0.1350734294E+03   -0.1631027234E+04
          23    0.2048814281E+03    0.1461771025E+03   -0.5727245110E+03
          24    0.2323284257E+03    0.1078097875E+03   -0.1337806037E+04
          25    0.2094278398E+03    0.1746123213E+03   -0.5067484505E+03
          26    0.1841518402E+03    0.1401283949E+03   -0.1639746437E+04
          27    0.2094588141E+03    0.1744842348E+03   -0.5099510669E+03
          28    0.1769111781E+03    0.1466186071E+03   -0.1515816213E+04
          29    0.1535518530E+03   -0.1248287329E+03    0.2197274998E+03
          30    0.2370144006E+03    0.1070721489E+03   -0.7569363981E+03
          31    0.2067897706E+03   -0.1488618733E+03   -0.6059765079E+03
          32    0.1865095265E+03    0.1373236578E+03   -0.1648120967E+04
          33    0.2389718539E+03    0.1047039849E+03    0.8059509416E+03
          34    0.1945017772E+03    0.1786888579E+03   -0.1557856790E+04
          35    0.1807708773E+03    0.1502551619E+03   -0.1691740326E+04
          36    0.2389104172E+03    0.1047677554E+03   -0.8054604021E+03
          37    0.2069084570E+03   -0.1484880237E+03   -0.6120704256E+03
          38    0.1739811002E+03    0.1635466702E+03   -0.1467345589E+04
          39    0.2101939050E+03    0.1472854031E+03   -0.5623612264E+03
          40    0.2382312276E+03    0.1000770674E+03   -0.1722658598E+04
          41    0.2013669933E+03    0.1703594317E+03   -0.1701160856E+04
          42    0.2042791992E+03    0.1413202090E+03   -0.1067561070E+04
          43    0.2015841822E+03    0.1700556347E+03   -0.1681798566E+04
          44    0.2040700395E+03    0.1660400514E+03   -0.1726669450E+04
          45    0.2032604921E+03    0.1718583127E+03   -0.1686251237E+04
          46    0.1777337778E+03    0.1671259055E+03   -0.1662380560E+04
          47    0.2388450339E+03    0.1062344934E+03   -0.7882806296E+03
          48    0.2013161157E+03    0.1703724675E+03   -0.1717103191E+04
          49    0.1542233242E+03   -0.1056404680E+03   -0.1694723322E+04
          50    0.2294929919E+03    0.9890808409E+02   -0.1461780749E+04
          51    0.2326230210E+03    0.1130345444E+03   -0.1620749484E+04
          52    0.1952656424E+03    0.1772921363E+03   -0.1608777421E+04
          53    0.2157699897E+03    0.9874924764E+02    0.7304796521E+03
          54    0.1810996506E+03    0.1494101324E+03   -0.1672186837E+04
          55    0.2386924831E+03    0.1053587770E+03    0.8016560001E+03
          56    0.2151969007E+03    0.9782365395E+02    0.7967224786E+03
          57    0.1535619036E+03   -0.1002480854E+03   -0.1743905116E+04
          58    0.2330808799E+03    0.1099020813E+03   -0.1620911953E+04
          59    0.2067616258E+03    0.1477480796E+03   -0.6116864807E+03
          60    0.2058294352E+03    0.1422700926E+03    0.6957291352E+03
          61    0.1617442881E+03   -0.1463594420E+03   -0.1745064902E+04
          62    0.1809014040E+03   -0.1482490276E+03   -0.1109040354E+03
          63    0.2057567139E+03    0.1423488653E+03   -0.6950991511E+03
          64    0.1666336417E+03   -0.1342951291E+03    0.3007390985E+04
          65    0.2053003312E+03    0.1440910388E+03   -0.6804041387E+03
          66    0.2067024386E+03    0.1480764972E+03   -0.5954068959E+03
          67    0.2036183109E+03    0.1419222500E+03   -0.6348138470E+03
          68    0.2068402741E+03    0.1476239702E+03   -0.6121444096E+03
          69    0.2332268569E+03    0.1089041568E+03    0.7387045075E+03
          70    0.2388412853E+03    0.1054468874E+03   -0.7864259274E+03
          71    0.2160068012E+03    0.9886581681E+02    0.7119259599E+03
          72    0.2385697103E+03    0.1051313341E+03   -0.8003042526E+03
          73    0.1810108715E+03    0.1601959401E+03    0.3082689430E+04
          74    0.1977965729E+03    0.1503801584E+03    0.3132093984E+03
          75    0.1825020447E+03   -0.1415231669E+03   -0.1634882300E+04
          76    0.2033177263E+03    0.1426302750E+03   -0.6146586283E+03
          77    0.1840097566E+03    0.1460813783E+03   -0.1671408053E+04
          78    0.2069949292E+03    0.1471244770E+03   -0.6289112601E+03
          79    0.2069195179E+03   -0.1474980186E+03   -0.6126071984E+03
          80    0.1855713660E+03    0.1541058258E+03   -0.9790927360E+03
          81    0.1849814288E+03    0.1612898603E+03   -0.5486061513E+03
          82    0.2324027279E+03    0.8701358372E+02   -0.1575215217E+04
          83    0.1535423827E+03   -0.1102438590E+03   -0.1727281786E+04
          84    0.2053993288E+03    0.1430628625E+03    0.6911835114E+03
          85    0.2385121872E+03    0.9739401179E+02   -0.1723056226E+04
          86    0.1814400387E+03    0.1599807656E+03   -0.1263897286E+04
          87    0.1959940186E+03   -0.1625158808E+03   -0.5407905106E+02
          88    0.2392458582E+03    0.1041006821E+03   -0.6918124206E+03
          89    0.2384354788E+03    0.1049239461E+03   -0.7973308361E+03
          90    0.2034378427E+03   -0.1514236772E+03   -0.5947560893E+03
          91    0.2050931726E+03    0.1426438849E+03   -0.6974712193E+03
          92    0.2066452321E+03   -0.1499588272E+03   -0.5676870291E+03
          93    0.1940035856E+03   -0.1631284251E+03   -0.1645828282E+04
          94    0.2372268562E+03    0.1053070183E+03   -0.6179860941E+03
          95    0.2716415334E+03    0.2287026568E+03   -0.1248093552E+04
          96    0.2053488569E+03    0.1428039851E+03   -0.6895057940E+03
          97    0.2497584971E+03    0.2332021570E+03    0.2636821145E+03
          98    0.1807814302E+03    0.1436814761E+03   -0.1680283503E+04
          99    0.2063880994E+03    0.1481618267E+03   -0.6160889688E+03
         100    0.2032467424E+03    0.1531632774E+03   -0.3795359896E+03
