        Rank        RMSE       MaxAE  Feature_ID
           1    7.853142   20.844879  (     298   10843)
           2    7.958714   17.459937  (      60   10224)
           3    8.029342   19.711508  (      60   10049)
           4    8.029514   17.723304  (      60   10887)
           5    8.135865   18.140362  (    1034   11696)
           6    8.161903   18.260238  (      60   11463)
           7    8.166728   18.806187  (      60   10134)
           8    8.169300   18.824830  (      60   10147)
           9    8.200949   17.906219  (      60   12369)
          10    8.221281   19.935464  (       1   10096)
          11    8.251128   20.096900  (       1   10130)
          12    8.257846   19.020820  (     174   13059)
          13    8.266043   18.438890  (       5   10843)
          14    8.276110   17.818862  (       1   10063)
          15    8.282280   19.104123  (      60   10584)
          16    8.282624   20.666271  (       1   10014)
          17    8.300831   20.623016  (       1   10022)
          18    8.307902   19.647587  (      60   16175)
          19    8.325357   18.837197  (       6   10151)
          20    8.332577   20.041570  (       1   10131)
          21    8.337193   19.296383  (    2704   18946)
          22    8.341899   18.414843  (     298   10049)
          23    8.341936   21.112201  (      60   10189)
          24    8.343604   19.908445  (      60   16423)
          25    8.344887   21.570557  (      60   11612)
          26    8.346427   19.666259  (       8   10291)
          27    8.349103   19.708942  (       8   10266)
          28    8.354306   18.541990  (       6   13247)
          29    8.356908   23.615385  (    5796   10843)
          30    8.357216   19.928596  (       1   10097)
          31    8.358814   20.288853  (       1   10570)
          32    8.359084   19.397409  (      32   10049)
          33    8.359505   19.320864  (     212   13059)
          34    8.362251   17.470143  (       1   10218)
          35    8.367360   20.178175  (      39   10843)
          36    8.369564   19.327980  (       6   11974)
          37    8.369821   18.189329  (    2704   14884)
          38    8.374081   20.817953  (       1   10037)
          39    8.374693   20.011212  (       1   10004)
          40    8.374835   20.737358  (       1   10030)
          41    8.377733   19.758403  (       1   10102)
          42    8.379417   21.578380  (       1   10001)
          43    8.379703   18.877345  (     122   17071)
          44    8.381292   25.295340  (     401   16467)
          45    8.383007   18.598895  (       6   10243)
          46    8.383283   20.314614  (       1   10126)
          47    8.384444   19.647222  (       6   11696)
          48    8.384535   20.830174  (       1   10046)
          49    8.386927   17.357253  (      60   10054)
          50    8.388126   20.280691  (       1   10125)
          51    8.388709   18.886269  (       6   10579)
          52    8.388905   19.784860  (       1   10032)
          53    8.389957   26.812227  (    1581   10843)
          54    8.389987   19.629238  (       1   10645)
          55    8.390600   20.325847  (       1   10448)
          56    8.391167   19.778097  (       1   10033)
          57    8.394592   18.385171  (      60   18515)
          58    8.395494   20.428611  (       1   10353)
          59    8.399811   19.920995  (       8   10228)
          60    8.400254   20.182089  (       1   10573)
          61    8.402192   26.141043  (     299   16467)
          62    8.409053   20.204905  (       1   10200)
          63    8.411471   18.154995  (    2199   11696)
          64    8.413284   20.297716  (       1   10133)
          65    8.416043   19.264671  (       6   17049)
          66    8.416230   20.243662  (       1   10148)
          67    8.416288   21.035633  (      60   10213)
          68    8.417497   21.572166  (       1   10003)
          69    8.419757   20.112404  (     130   10843)
          70    8.422692   21.312390  (     298   12369)
          71    8.423082   19.439963  (       1   10057)
          72    8.423272   20.248883  (       8   10125)
          73    8.423511   20.213148  (       1   10664)
          74    8.425192   21.164301  (       1   10005)
          75    8.426910   25.812644  (      81   10843)
          76    8.429327   20.248557  (       1   11067)
          77    8.430618   20.033559  (       1   10233)
          78    8.431367   21.297244  (      60   12533)
          79    8.432432   19.578689  (      60   10325)
          80    8.432783   20.446047  (       1   10161)
          81    8.433540   18.904586  (     320   11696)
          82    8.433852   20.858074  (       1   10028)
          83    8.434619   18.453425  (       6   15363)
          84    8.434919   20.929506  (     419   10843)
          85    8.436868   18.587304  (     278   13059)
          86    8.438035   20.988324  (       1   10007)
          87    8.438819   23.457435  (      60   11286)
          88    8.440439   20.273900  (       1   10870)
          89    8.441109   19.133697  (       6   10262)
          90    8.441562   20.688526  (       8   10169)
          91    8.442543   19.143192  (     122   13243)
          92    8.442837   20.274276  (       8   10126)
          93    8.445579   21.256430  (       8   10154)
          94    8.445939   19.600258  (     323   11696)
          95    8.446752   18.988679  (       8   10225)
          96    8.447918   19.006685  (       8   10235)
          97    8.447983   21.502184  (      60   13675)
          98    8.449184   20.241392  (       1   10759)
          99    8.451356   20.313691  (      60   10008)
         100    8.451438   20.706918  (       1   10259)
