Model_ID, [(c_i,i=0,n)_j,j=1,ntask]
           1    0.2213459094E+03    0.1830639616E+03    0.6531824011E+03
           2    0.2213322781E+03    0.1830260535E+03    0.6535219536E+03
           3    0.2218239247E+03    0.1816540270E+03    0.6564006125E+03
           4    0.2218101131E+03    0.1816161862E+03    0.6567513693E+03
           5    0.2209563742E+03    0.1821714879E+03   -0.7095513741E+03
           6    0.2219205067E+03    0.1831702623E+03    0.6538097232E+03
           7    0.2209905604E+03    0.1822899828E+03    0.7065523066E+03
           8    0.2219422273E+03    0.1831662540E+03    0.6532125477E+03
           9    0.2214286300E+03    0.1807167750E+03   -0.7123554533E+03
          10    0.2207741942E+03    0.1842665103E+03    0.6560549493E+03
          11    0.2214633385E+03    0.1808345291E+03    0.7093351407E+03
          12    0.2209020224E+03    0.1852511755E+03    0.6485794412E+03
          13    0.2212544434E+03    0.1828486613E+03    0.6588143606E+03
          14    0.2198093052E+03    0.1844792901E+03    0.6484072898E+03
          15    0.2206307625E+03    0.1831872186E+03    0.6557334105E+03
          16    0.2197950622E+03    0.1844552403E+03   -0.6487036748E+03
          17    0.2206272245E+03    0.1831943769E+03    0.6556243384E+03
          18    0.2206407219E+03    0.1831509929E+03    0.6555693340E+03
          19    0.2206218385E+03    0.1832053032E+03    0.6554565539E+03
          20    0.2206029688E+03    0.1832597848E+03    0.6553316891E+03
          21    0.2206164565E+03    0.1832162564E+03    0.6552867901E+03
          22    0.2207894523E+03    0.1827305781E+03    0.6560330936E+03
          23    0.2204664833E+03    0.1836984109E+03    0.6527245496E+03
          24    0.2206129253E+03    0.1832234617E+03    0.6551742663E+03
          25    0.2204552935E+03    0.1836934603E+03    0.6539325839E+03
          26    0.2211410665E+03    0.1829714362E+03    0.6497386561E+03
          27    0.2209266206E+03    0.1822864997E+03    0.6582032053E+03
          28    0.2200306409E+03    0.1807031117E+03    0.3333734738E+03
          29    0.2213861576E+03    0.1838280469E+03    0.6510854060E+03
          30    0.2217941590E+03    0.1828924709E+03    0.6361405998E+03
          31    0.2203181446E+03    0.1836264140E+03    0.6542613109E+03
          32    0.2203811279E+03    0.1831551842E+03    0.7229017385E+03
          33    0.2211066158E+03    0.1817738970E+03    0.6587689708E+03
          34    0.2203639109E+03    0.1831111124E+03    0.7235986216E+03
          35    0.2211030919E+03    0.1817810021E+03    0.6586570883E+03
          36    0.2210783719E+03    0.1818469847E+03    0.6585003716E+03
          37    0.2210977275E+03    0.1817918470E+03    0.6584850152E+03
          38    0.2211170893E+03    0.1817369003E+03    0.6584576017E+03
          39    0.2210923673E+03    0.1818027185E+03    0.6583109537E+03
          40    0.2210888505E+03    0.1818098700E+03    0.6581956034E+03
          41    0.2216179879E+03    0.1815598970E+03    0.6529934422E+03
          42    0.2209272759E+03    0.1828910976E+03    0.6500297653E+03
          43    0.2203063566E+03    0.1831511165E+03    0.6484617554E+03
          44    0.2207889318E+03    0.1820265065E+03    0.3400159122E+03
          45    0.2204949400E+03    0.1792977461E+03    0.3351619072E+03
          46    0.2202920439E+03    0.1831272689E+03   -0.6487596479E+03
          47    0.2201009888E+03    0.1835288662E+03    0.6556674725E+03
          48    0.2200165942E+03    0.1839281632E+03    0.6708654720E+03
          49    0.2222736351E+03    0.1814823589E+03    0.6395805762E+03
          50    0.2213896125E+03    0.1816092656E+03    0.3747572185E+03
          51    0.2200021382E+03    0.1838903988E+03    0.6714830381E+03
          52    0.2225226504E+03    0.1857904665E+03   -0.5134880784E+03
          53    0.2212478212E+03    0.1815169884E+03    0.6527194339E+03
          54    0.2208558492E+03    0.1816915459E+03    0.7254267212E+03
          55    0.2207946847E+03    0.1822101990E+03    0.6570687871E+03
          56    0.2212693161E+03    0.1813121748E+03    0.6578215622E+03
          57    0.2208384268E+03    0.1816477106E+03    0.7261313575E+03
          58    0.2210189943E+03    0.1846470345E+03   -0.6521648961E+03
          59    0.2218608788E+03    0.1801586682E+03    0.3763928221E+03
          60    0.2200105117E+03    0.1850798762E+03    0.6450822971E+03
          61    0.2212600520E+03    0.1805717132E+03    0.3413820744E+03
          62    0.2211737532E+03    0.1822342458E+03    0.3852516877E+03
          63    0.2214030923E+03    0.1814792425E+03    0.6532478330E+03
          64    0.2220147812E+03    0.1832055286E+03    0.4165125788E+03
          65    0.2204021652E+03    0.1828012765E+03    0.6733224490E+03
          66    0.2202238961E+03    0.1818734567E+03    0.7242081509E+03
          67    0.2202064182E+03    0.1818273500E+03    0.7249464026E+03
          68    0.2203875656E+03    0.1827636111E+03    0.6739471638E+03
          69    0.2202201070E+03    0.1818813746E+03    0.7241149512E+03
          70    0.2202026275E+03    0.1818352813E+03    0.7248530445E+03
          71    0.2226545539E+03    0.1859084962E+03   -0.4695805562E+03
          72    0.2202350912E+03    0.1818308621E+03    0.7240936757E+03
          73    0.2202143405E+03    0.1818934615E+03    0.7239714042E+03
          74    0.2205312384E+03    0.1843158824E+03    0.7144406991E+03
          75    0.2201936203E+03    0.1819562523E+03    0.7238375668E+03
          76    0.2202176264E+03    0.1817847085E+03    0.7248322774E+03
          77    0.2201968585E+03    0.1818473888E+03    0.7247092511E+03
          78    0.2201761215E+03    0.1819102616E+03    0.7245746220E+03
          79    0.2203990875E+03    0.1813460192E+03    0.7246502314E+03
          80    0.2202085802E+03    0.1819055797E+03    0.7238259499E+03
          81    0.2205765596E+03    0.1821125336E+03    0.6584392922E+03
          82    0.2203817705E+03    0.1812992680E+03   -0.7253934709E+03
          83    0.2201910957E+03    0.1818595278E+03    0.7245635441E+03
          84    0.2202048020E+03    0.1819135522E+03    0.7237294238E+03
          85    0.2201873160E+03    0.1818675141E+03   -0.7244668489E+03
          86    0.2200319842E+03    0.1824559187E+03    0.7223857303E+03
          87    0.2205125816E+03    0.1824691724E+03    0.6740525116E+03
          88    0.2204952702E+03    0.1810094541E+03    0.7262081917E+03
          89    0.2200143665E+03    0.1824106084E+03    0.7231153008E+03
          90    0.2204774001E+03    0.1809643259E+03    0.7269477540E+03
          91    0.2199944782E+03    0.1826398896E+03    0.7202542590E+03
          92    0.2204979404E+03    0.1824315336E+03    0.6746794276E+03
          93    0.2216467740E+03    0.1807789138E+03    0.3868245861E+03
          94    0.2184317823E+03    0.1851057892E+03    0.6710330056E+03
          95    0.2224936118E+03    0.1817471043E+03    0.4182428753E+03
          96    0.2230118258E+03    0.1843152013E+03   -0.5152721837E+03
          97    0.2206932269E+03    0.1804175183E+03    0.7269836033E+03
          98    0.2199162015E+03    0.1821699835E+03    0.8284672608E+03
          99    0.2206755285E+03    0.1803716406E+03    0.7277301128E+03
         100    0.2198794604E+03    0.1823647689E+03    0.7232509988E+03
