Model_ID, [(c_i,i=0,n)_j,j=1,ntask]
           1    0.5817431735E+02    0.2724026317E+02    0.2742828657E+03
           2    0.6625790824E+02    0.2915201859E+02    0.5109376767E+03
           3    0.5846681940E+02   -0.2456814607E+02    0.2744114771E+03
           4    0.5249784994E+02    0.4051793634E+02    0.4827701523E+03
           5    0.6952168656E+02    0.2961972454E+02    0.4722685617E+03
           6    0.3919938521E+02   -0.3137188443E+02    0.2586151668E+03
           7    0.5706401028E+02    0.4816091533E+02    0.4890640168E+03
           8    0.5255237751E+02   -0.4046929458E+02    0.5042801129E+03
           9    0.7310937986E+02   -0.7106278665E+02    0.2485430762E+03
          10    0.7305914432E+02   -0.7100941537E+02    0.2480381845E+03
          11    0.7305889338E+02   -0.7100600656E+02    0.2480004594E+03
          12    0.7300208428E+02   -0.7093472412E+02    0.2474389542E+03
          13    0.5930271633E+02    0.2304706445E+02    0.2661872553E+03
          14    0.5837541881E+02   -0.2624560919E+02    0.2716354862E+03
          15    0.5216202561E+02    0.4004266985E+02    0.4516176384E+03
          16    0.4546240657E+02    0.3359615383E+02    0.2823143103E+03
          17    0.7096294984E+02   -0.6585312269E+02    0.4687052879E+03
          18    0.4999457406E+02   -0.3942032397E+02    0.3455095450E+03
          19    0.5313042297E+02   -0.3521633097E+02    0.2709370740E+03
          20    0.4984059319E+02   -0.4088347842E+02    0.8283567997E+03
          21    0.4968498189E+02   -0.3930254994E+02    0.3543770565E+03
          22    0.5403466264E+02   -0.3601408324E+02    0.2792790298E+03
          23    0.5248954212E+02    0.4068841200E+02    0.6850489258E+03
          24    0.5971791406E+02   -0.5622305682E+02   -0.5395897063E+02
          25    0.4586183732E+02   -0.3042578420E+02    0.5111914308E+03
          26    0.3512797554E+02    0.3947034314E+02    0.3905420410E+02
          27    0.5255313540E+02   -0.4075243485E+02    0.7225203991E+03
          28    0.5355459300E+02   -0.3597593774E+02    0.2757008160E+03
          29    0.5203154213E+02   -0.5159425167E+02   -0.4348895788E+02
          30    0.5015449804E+02   -0.4083177550E+02    0.7985948230E+03
          31    0.5707907443E+02    0.4839172203E+02    0.6955083089E+03
          32    0.6135052198E+02   -0.4178696691E+02    0.4732228504E+03
          33    0.7313393269E+02   -0.7012750233E+02    0.2218627903E+03
          34    0.3522464979E+02    0.3861307124E+02    0.4073666176E+02
          35    0.3511900133E+02    0.3845254538E+02    0.4045407972E+02
          36    0.6992336586E+02   -0.6151129570E+02    0.2682366244E+03
          37    0.5629645339E+02    0.4665068406E+02    0.3375632253E+03
          38    0.7288755149E+02   -0.6970505800E+02    0.2356097129E+03
          39    0.5780532296E+02   -0.4035684064E+02    0.4780257625E+03
          40    0.5776791925E+02   -0.4085627537E+02    0.4740469488E+03
          41    0.5031444435E+02    0.3983617182E+02    0.4457351268E+03
          42    0.3531191713E+02    0.3909258893E+02    0.3719280241E+02
          43    0.5589309362E+02    0.4402339986E+02   -0.3216425441E+02
          44    0.3843450478E+02    0.2708351307E+02    0.2496261563E+03
          45    0.4458278602E+02    0.3501645797E+02    0.2735685730E+03
          46    0.7049148767E+02   -0.6484719727E+02    0.4941444936E+03
          47    0.5595681174E+02    0.4693140492E+02    0.2845420300E+03
          48    0.5784596490E+02   -0.4000355824E+02    0.4794647883E+03
          49    0.3490799525E+02    0.3896459755E+02    0.4141017525E+02
          50    0.3763391945E+02   -0.5442690966E+02   -0.3128346683E+02
          51    0.6841291898E+02    0.5849345650E+02    0.2434582180E+03
          52    0.3786053995E+02    0.3273907895E+02    0.4304378855E+03
          53    0.5004875077E+02   -0.4012124673E+02   -0.3452779540E+03
          54    0.5006205486E+02   -0.4014036999E+02   -0.3451843609E+03
          55    0.3842174967E+02    0.6031314075E+02    0.4068438049E+02
          56    0.5650573215E+02    0.4767907993E+02   -0.3416197289E+03
          57    0.2612062468E+02   -0.2052766746E+02    0.2397518026E+03
          58    0.3615776935E+02    0.7374292180E+02    0.3871130217E+02
          59    0.4973413357E+02   -0.4001850913E+02   -0.3544082914E+03
          60    0.3531002026E+02    0.3811209763E+02    0.3846454149E+02
          61    0.3821011893E+02    0.7670043219E+02   -0.4359340782E+02
          62    0.5648774741E+02    0.4764488562E+02   -0.3414334711E+03
          63    0.4974761467E+02   -0.4003728616E+02   -0.3542954895E+03
          64    0.3817230660E+02    0.5893490813E+02   -0.3619575474E+02
          65    0.5627007998E+02    0.3681069430E+02    0.5027874802E+02
          66    0.3518781657E+02    0.3752206043E+02    0.4185120013E+02
          67    0.3718476819E+02    0.6309686527E+02   -0.4115995786E+02
          68    0.3789771505E+02    0.5894013330E+02    0.3578783482E+02
          69    0.5628298266E+02   -0.3465981409E+02    0.2699756440E+03
          70    0.3477525476E+02    0.3962260012E+02    0.3576790851E+02
          71    0.4758025729E+02    0.3683051968E+02    0.2580798430E+03
          72    0.3558625993E+02   -0.3867971444E+02    0.4087008908E+03
          73    0.3588505308E+02   -0.5595845553E+02   -0.3188228673E+02
          74    0.5863157128E+02   -0.2528014474E+02    0.2929414238E+02
          75    0.3536445129E+02    0.3825830974E+02    0.3818006041E+02
          76    0.4929480887E+02   -0.4090038649E+02    0.5268396533E+03
          77    0.3973628965E+02    0.6131794082E+02   -0.4531895688E+02
          78    0.5186477302E+02    0.3898601964E+02    0.3247422379E+03
          79    0.5402837073E+02    0.4332221570E+02   -0.1418455627E+03
          80    0.5762446032E+02   -0.4289456674E+02    0.4616174844E+03
          81    0.5625310496E+02   -0.4356477802E+02   -0.2974041957E+02
          82    0.3681938589E+02    0.6340338016E+02   -0.3987494999E+02
          83    0.3567308412E+02    0.7545047021E+02    0.3444811548E+02
          84    0.5050559172E+02   -0.3966575743E+02    0.4598744364E+03
          85    0.5772181834E+02    0.4086436222E+02    0.4706489224E+03
          86    0.3563000338E+02   -0.5594097131E+02    0.3142576892E+02
          87    0.3485438187E+02    0.3786509444E+02    0.4245230972E+02
          88    0.3452737201E+02    0.3598104666E+02    0.3569377570E+02
          89    0.5778920251E+02   -0.4033963999E+02    0.4735783430E+03
          90    0.3613161711E+02    0.7436811124E+02    0.3422772161E+02
          91    0.3610126894E+02    0.7703727618E+02    0.3888027295E+02
          92    0.5740769334E+02    0.4686559619E+02   -0.2412811604E+02
          93    0.3481382340E+02    0.3851028046E+02    0.3718049965E+02
          94    0.5208380032E+02    0.4035062902E+02    0.7515663177E+03
          95    0.3591514948E+02    0.7534913652E+02   -0.3463032832E+02
          96    0.5024863449E+02   -0.5157366647E+02   -0.4091307374E+02
          97    0.5159527563E+02    0.3880801528E+02    0.3092539887E+03
          98    0.3546351082E+02    0.7701409131E+02    0.3376819123E+02
          99    0.5664442926E+02    0.4809188428E+02    0.7690612925E+03
         100    0.5214515864E+02    0.4007490103E+02    0.6317493066E+03
