        Rank        RMSE       MaxAE  Feature_ID
           1   24.608000   77.368160  (    4953   19031)
           2   24.666797   75.460389  (    4953   18642)
           3   24.706487   68.230732  (     885   10018)
           4   24.863642   68.676399  (     885   10002)
           5   25.103467   68.574776  (     885   10005)
           6   25.122666   68.902998  (     885   10003)
           7   25.174345   57.202333  (      60   10002)
           8   25.241118   75.396996  (    6944   18642)
           9   25.242876   57.355956  (    6296   10016)
          10   25.248451   77.289101  (    6944   19031)
          11   25.287138   74.059948  (    6813   18642)
          12   25.312022   68.504866  (     885   10007)
          13   25.313333   75.938329  (    6813   19031)
          14   25.339916   80.526479  (    6281   18642)
          15   25.355208   73.875465  (    8910   10018)
          16   25.391209   70.619946  (      96   10006)
          17   25.392353   60.346793  (      33   10002)
          18   25.399499   57.064836  (      60   10005)
          19   25.404858   54.071972  (    8263   10016)
          20   25.425726   58.253252  (      60   10004)
          21   25.432454   49.658457  (    7409   10001)
          22   25.437885   57.827155  (      60   10018)
          23   25.445053   77.966882  (    4953   11512)
          24   25.462048   57.272248  (      60   10003)
          25   25.538587   68.092731  (     885   10009)
          26   25.539965   56.297093  (      33   10001)
          27   25.567125   56.965949  (      60   10007)
          28   25.569301   66.836345  (      96   10002)
          29   25.577840   77.944910  (    2708   16206)
          30   25.578025   82.287588  (    6281   19031)
          31   25.583517   57.980414  (      60   10012)
          32   25.596311   53.062807  (      60   10001)
          33   25.619813   83.027381  (    3168   11512)
          34   25.621452   50.999180  (    2234   10083)
          35   25.621497   74.145544  (    8910   10002)
          36   25.625006   68.384101  (     885   10010)
          37   25.629598   77.779435  (    1259   11512)
          38   25.631663   60.213612  (      33   10005)
          39   25.632402   76.856759  (    1259   19031)
          40   25.677471   59.565692  (      33   10018)
          41   25.678152   66.791287  (      96   10005)
          42   25.678567   77.450097  (    2892   11512)
          43   25.685731   77.906405  (    4953   11857)
          44   25.690922   60.436511  (      33   10003)
          45   25.695730   77.501841  (    4953   12535)
          46   25.704503   56.645847  (      60   10009)
          47   25.705259   62.678690  (    8263   10002)
          48   25.715511   75.108887  (    1259   18642)
          49   25.715578   60.282577  (      60   10006)
          50   25.722040   67.069619  (      96   10003)
          51   25.722971   63.659443  (     885   10001)
          52   25.735944   77.778743  (    2062   16630)
          53   25.742160   78.300189  (    4953   11784)
          54   25.744489   58.247953  (      60   10021)
          55   25.750241   57.423425  (      60   10015)
          56   25.751873   78.895639  (    2708   15520)
          57   25.754312   77.538469  (    2708   18950)
          58   25.762350   77.390171  (    2929   10006)
          59   25.764972   55.124179  (    2507   10083)
          60   25.766576   75.115544  (    2708   19031)
          61   25.780888   61.331962  (      33   10004)
          62   25.784490   68.879699  (     788   10018)
          63   25.794426   77.878890  (    2708   17469)
          64   25.804622   52.956221  (    2234   10502)
          65   25.810067   77.483886  (    1496   10006)
          66   25.811543   82.702031  (    1602   13220)
          67   25.812027   76.441004  (    4953   11548)
          68   25.815249   77.500274  (    1259   12503)
          69   25.819874   60.117226  (      33   10007)
          70   25.820652   56.823547  (      60   10010)
          71   25.826301   77.174429  (    2892   12503)
          72   25.828623   65.083512  (     885   10205)
          73   25.833697   66.737738  (      96   10007)
          74   25.833865   56.832112  (      60   10008)
          75   25.840762   77.730473  (    1259   11857)
          76   25.842696   78.221282  (    2708   17267)
          77   25.848519   77.907003  (    4953   12116)
          78   25.853176   54.339438  (    2234   10204)
          79   25.855207   74.069566  (    8910   10005)
          80   25.859548   74.485745  (    8910   10003)
          81   25.860706   83.110144  (    1754   11512)
          82   25.862767   67.058365  (    6296   10002)
          83   25.864830   82.980402  (    3168   11857)
          84   25.870923   69.434391  (     885   10012)
          85   25.872834   77.409644  (    2892   11857)
          86   25.877800   78.103192  (    1259   11784)
          87   25.879487   83.416849  (    3168   11784)
          88   25.882317   83.093234  (    6281   11512)
          89   25.887306   77.808032  (    2892   11784)
          90   25.892075   69.299902  (     788   10002)
          91   25.900670   77.717288  (    4953   12969)
          92   25.908518   77.534307  (    4953   12503)
          93   25.921297   77.197356  (    1671   13220)
          94   25.923699   63.437950  (      33   10006)
          95   25.926947   61.088521  (      33   10012)
          96   25.932802   74.598623  (    2892   18642)
          97   25.933604   76.367972  (    2892   19031)
          98   25.933922   55.926251  (    8263   10008)
          99   25.936447   83.204117  (    2894   16630)
         100   25.936803   79.621360  (    1111   10015)
