        Rank        RMSE       MaxAE  Feature_ID
           1   29.327886   72.302230  (    3698   15278)
           2   29.394771   50.479788  (    4022   12457)
           3   29.632507  107.863564  (     793   14070)
           4   29.638698   76.666595  (    3091   12101)
           5   29.660990   98.092660  (    3843   12545)
           6   29.661358   65.940461  (    2768   15278)
           7   29.686339   97.381008  (    3843   12670)
           8   29.727859   69.339460  (     978   15278)
           9   29.733470  107.202093  (     793   14455)
          10   29.766007   83.596478  (    2539   13994)
          11   29.850621   70.092928  (    6234   15278)
          12   29.899153   70.443305  (    3698   19561)
          13   29.916192   79.159308  (     435   11562)
          14   29.917702   65.794829  (    8800   15278)
          15   29.960503   87.891598  (     961   10655)
          16   29.977428  102.811968  (    8808   12670)
          17   30.004617   79.423563  (     876   11562)
          18   30.009741   97.811713  (     154   14049)
          19   30.052142   89.532746  (     961   14242)
          20   30.087796   70.090788  (    3698   17876)
          21   30.090844  103.487869  (    8808   12545)
          22   30.092291   86.567505  (    1703   14242)
          23   30.099522   68.946473  (     255   10811)
          24   30.114482   70.209956  (    3698   18319)
          25   30.156436   86.360749  (    1013   11889)
          26   30.190204   56.964077  (    2272   10242)
          27   30.202113   70.202944  (    6518   15278)
          28   30.226203  109.145630  (      25   14049)
          29   30.234768  109.480428  (    2660   14070)
          30   30.254574  107.200478  (      25   17149)
          31   30.267574   97.198866  (    8928   11611)
          32   30.269899   64.800775  (    2768   15066)
          33   30.278881  108.816304  (    2660   14455)
          34   30.287826  108.224482  (     184   17149)
          35   30.293863   95.794572  (     154   17149)
          36   30.308297   69.071547  (     978   17876)
          37   30.314599   68.172897  (    4073   10811)
          38   30.320347   70.617019  (    6838   15278)
          39   30.322739   69.534308  (    3549   13994)
          40   30.325886   86.472632  (    2878   13034)
          41   30.338086   66.759216  (     360   15278)
          42   30.340903   93.257377  (     629   11917)
          43   30.348262   69.128391  (     978   18319)
          44   30.354410  110.316405  (     184   14049)
          45   30.375219   96.894255  (      25   11490)
          46   30.389336   70.788835  (     950   10811)
          47   30.391242   80.697613  (    1693   12246)
          48   30.393305   82.838460  (     435   14242)
          49   30.405465   82.217171  (     435   13767)
          50   30.428799   88.815202  (     961   11691)
          51   30.439163   80.952743  (     145   19532)
          52   30.439271   72.736474  (    3405   19399)
          53   30.442568   84.464312  (    1013   12958)
          54   30.452663   83.732133  (     239   10032)
          55   30.462156   73.558409  (    3405   18741)
          56   30.463057   73.563460  (    3405   18821)
          57   30.470887   73.550620  (    3405   18723)
          58   30.478038   81.731834  (     435   14187)
          59   30.493817   87.978587  (      25   13694)
          60   30.499447   82.791346  (    1782   10811)
          61   30.504844   82.119175  (     435   11917)
          62   30.507201   72.902026  (     629   10811)
          63   30.508551   79.924667  (     629   10655)
          64   30.511389   82.230070  (     481   16734)
          65   30.521524   85.005112  (    1703   10655)
          66   30.524026   77.315232  (    1860   11562)
          67   30.528400   83.320838  (     876   14242)
          68   30.544674   93.566850  (     629   13767)
          69   30.557420   94.320944  (     629   12790)
          70   30.564176   86.703182  (    2081   10655)
          71   30.566636   85.103187  (    1635   12790)
          72   30.569324  104.316143  (     231   17149)
          73   30.572945   69.683169  (     978   15066)
          74   30.577153   72.204945  (    3405   18872)
          75   30.577318  102.743191  (    6965   14455)
          76   30.582319   81.250489  (     435   14767)
          77   30.587939   89.565251  (     620   10016)
          78   30.591190   93.066154  (    5651   14049)
          79   30.592600   81.532913  (     435   12790)
          80   30.597076   62.926923  (    5415   12246)
          81   30.597110   73.836344  (    1467   10811)
          82   30.607068   94.151504  (     629   14187)
          83   30.607768   72.474945  (    3405   19222)
          84   30.608878   72.479440  (    3405   19295)
          85   30.610504   90.606027  (    7613   11691)
          86   30.615892   72.468272  (    3405   19188)
          87   30.629980   97.913652  (    1617   14049)
          88   30.631502  103.347795  (    6965   14070)
          89   30.634218   85.086884  (     435   13401)
          90   30.648542  106.357322  (     231   14049)
          91   30.649373   72.741968  (    3405   19627)
          92   30.656435   87.597255  (    1147   10655)
          93   30.660327   90.802164  (     961   11562)
          94   30.669674   90.171711  (     795   10058)
          95   30.671627   82.456325  (    2183   10655)
          96   30.674131   88.621737  (    2878   19418)
          97   30.680839   75.236426  (    1693   10811)
          98   30.682401   69.223832  (     978   19561)
          99   30.689514   74.266665  (    6384   10811)
         100   30.695991   71.985903  (     612   16216)
