Model_ID, [(c_i,i=0,n)_j,j=1,ntask]
           1    0.3659262736E+03    0.9973833016E+02    0.5791624165E+03
           2    0.2734122238E+03    0.2051182327E+03    0.6317679465E+03
           3    0.3209436220E+03    0.7526475782E+02    0.2463603587E+03
           4    0.3105899011E+03    0.8650693424E+02    0.3621972175E+03
           5    0.3714219613E+03    0.9425268291E+02    0.2954333784E+03
           6    0.3606723314E+03    0.7710909674E+02    0.5692420603E+03
           7    0.3709924972E+03    0.9388811762E+02   -0.2974633224E+03
           8    0.3247368066E+03    0.1114787954E+03    0.5454885843E+03
           9    0.3207978307E+03    0.7496563228E+02   -0.2472831611E+03
          10    0.3282378494E+03    0.1887914006E+03    0.3425626118E+03
          11    0.3114094674E+03    0.9256381272E+02    0.5845487440E+03
          12    0.3667066933E+03    0.1013787439E+03   -0.5986254223E+03
          13    0.3088710304E+03    0.1448611894E+03   -0.2592532587E+03
          14    0.3090957048E+03    0.8866603993E+02    0.5918625947E+03
          15    0.2999234216E+03    0.1492339511E+03    0.3080913308E+03
          16    0.2849128610E+03    0.1041238869E+03   -0.3067394221E+03
          17    0.3125786274E+03    0.1469177109E+03   -0.2662771420E+03
          18    0.3289046578E+03    0.7791013751E+02   -0.3361276674E+03
          19    0.3022261915E+03    0.1402489735E+03   -0.2389099395E+03
          20    0.3665683599E+03    0.1018807521E+03    0.5942432107E+03
          21    0.2850424073E+03    0.1044617384E+03    0.3037240554E+03
          22    0.3056612169E+03    0.1423008324E+03   -0.2449226969E+03
          23    0.2511454726E+03    0.8406429785E+02    0.2982498616E+03
          24    0.3664966850E+03    0.1018163985E+03   -0.5938129537E+03
          25    0.2818964038E+03    0.1111716971E+03    0.2490286588E+03
          26    0.3629337698E+03    0.1224752631E+03   -0.2501318642E+03
          27    0.3662871779E+03   -0.1379752745E+03    0.5816594429E+03
          28    0.3230263837E+03    0.7519305948E+02   -0.3097711846E+03
          29    0.3411535917E+03    0.7889534109E+02    0.2562556063E+03
          30    0.3229059308E+03    0.7413478447E+02   -0.3111927899E+03
          31    0.2813876739E+03    0.1019350778E+03    0.1520940793E+03
          32    0.3620448637E+03    0.7627689254E+02   -0.5987171464E+03
          33    0.3409287718E+03    0.7858666108E+02   -0.2575597593E+03
          34    0.3431832481E+03    0.7715405922E+02   -0.3373583122E+03
          35    0.3286253299E+03    0.7668981159E+02   -0.3350825971E+03
          36    0.3245318003E+03    0.1138219526E+03    0.5600123170E+03
          37    0.3328083377E+03   -0.1415001256E+03    0.3348512922E+03
          38    0.3659952001E+03   -0.1388549028E+03    0.5814139488E+03
          39    0.3309945820E+03    0.1689254942E+03    0.3433079431E+03
          40    0.3238963942E+03    0.1384553955E+03    0.3760795967E+03
          41    0.2995516803E+03    0.1064357629E+03    0.5164352297E+03
          42    0.3087839320E+03    0.6366070270E+02   -0.2507120132E+03
          43    0.3244812940E+03    0.1137497124E+03   -0.5594030076E+03
          44    0.3436007526E+03    0.7833722132E+02   -0.3353265890E+03
          45    0.3198663570E+03    0.8134826570E+02    0.2069103107E+03
          46    0.3300186296E+03   -0.1450308457E+03    0.3137360696E+03
          47    0.3329963242E+03   -0.1282244921E+03    0.3588949424E+03
          48    0.3057504602E+03    0.1486393399E+03   -0.2286619602E+03
          49    0.3059400526E+03    0.1443410238E+03    0.2431288318E+03
          50    0.3006849609E+03    0.1501035446E+03    0.3259927027E+03
          51    0.3603489285E+03    0.1424557034E+03   -0.3089562341E+03
          52    0.3018744171E+03    0.1255449849E+03    0.3383377788E+03
          53    0.2816534151E+03    0.1101053966E+03   -0.2492586426E+03
          54    0.3158978054E+03    0.1150000369E+03    0.1502565868E+04
          55    0.3014217694E+03    0.1252104556E+03    0.3437848887E+03
          56    0.3013235386E+03    0.1252948647E+03    0.3439211076E+03
          57    0.3015229937E+03    0.1251258145E+03    0.3434925550E+03
          58    0.3059995787E+03    0.1448073282E+03    0.2428850673E+03
          59    0.3206490117E+03    0.8101560182E+02    0.1615315327E+03
          60    0.2825440955E+03    0.1104607923E+03    0.3217783141E+03
          61    0.3070453854E+03    0.1432898877E+03   -0.2459146818E+03
          62    0.3081833714E+03    0.6499331902E+02    0.3069914479E+03
          63    0.3055576872E+03    0.7007632504E+02    0.2972385872E+03
          64    0.3192156047E+03    0.1383124138E+03    0.2740354677E+03
          65    0.3034567015E+03    0.1512319499E+03    0.3120434099E+03
          66    0.2787860909E+03    0.9042335457E+02   -0.2717620612E+03
          67    0.3094691771E+03    0.1508271584E+03   -0.2348898626E+03
          68    0.3076161612E+03    0.6406460941E+02    0.2459144149E+03
          69    0.3080325246E+03    0.6426012168E+02   -0.2470347914E+03
          70    0.2981134219E+03    0.1431366299E+03    0.3144353260E+03
          71    0.2628059240E+03    0.7536324493E+02   -0.2578488590E+03
          72    0.3240055054E+03    0.8419986991E+02   -0.3387708711E+03
          73    0.3262771777E+03    0.1102647821E+03   -0.5700864329E+03
          74    0.3018199628E+03    0.1260758149E+03    0.3375117890E+03
          75    0.2854005726E+03    0.1034940655E+03   -0.2666157941E+03
          76    0.3060379698E+03    0.1452821789E+03   -0.2421969687E+03
          77    0.3499420680E+03   -0.1289073395E+03    0.1508049489E+04
          78    0.3133587633E+03    0.6636459262E+02   -0.3832574122E+03
          79    0.3063136863E+03    0.1446838443E+03   -0.2430639110E+03
          80    0.3214506936E+03   -0.1369009473E+03    0.3753690037E+03
          81    0.3377490086E+03   -0.1527784508E+03    0.3183617889E+03
          82    0.3076840408E+03    0.6427649143E+02    0.2457530486E+03
          83    0.3017341519E+03    0.1259089623E+03    0.3373771852E+03
          84    0.3016379288E+03    0.1259920566E+03    0.3375055927E+03
          85    0.3258375724E+03   -0.1295844405E+03    0.3580163487E+03
          86    0.3018331434E+03    0.1258253329E+03    0.3371001925E+03
          87    0.3504453319E+03    0.8079773905E+02   -0.3650075808E+03
          88    0.2854147697E+03    0.1038680197E+03    0.2646971520E+03
          89    0.3051711999E+03    0.1418338691E+03   -0.2355573375E+03
          90    0.3241255963E+03    0.8549872352E+02   -0.3366269284E+03
          91    0.3016519136E+03    0.1257415695E+03   -0.3370643717E+03
          92    0.2969170957E+03    0.1464458274E+03    0.3050772176E+03
          93    0.3053229583E+03    0.1359772506E+03   -0.2630644459E+03
          94    0.3332832111E+03   -0.1328827339E+03    0.1478282505E+04
          95    0.3374112607E+03    0.1691769921E+03    0.3142648534E+03
          96    0.3227447587E+03    0.1349748770E+03    0.1995796369E+03
          97    0.3324771835E+03   -0.1265664175E+03    0.3197534509E+03
          98    0.3246090404E+03    0.1130858586E+03   -0.5570364135E+03
          99    0.3401807843E+03   -0.1490977780E+03    0.3384452417E+03
         100    0.3443507098E+03    0.8631919117E+02   -0.1531892108E+04
