Model_ID, [(c_i,i=0,n)_j,j=1,ntask]
           1    0.4761101750E+01    0.2122237791E+02    0.1035907060E+03
           2    0.2345282124E+02   -0.1254339487E+02   -0.6252719245E+02
           3    0.4187254735E+01   -0.2021818025E+02   -0.2762533336E+03
           4    0.4525843935E+01   -0.4039117871E+02   -0.2451062576E+03
           5    0.2096707752E+02   -0.1260283015E+02    0.2052491113E+03
           6    0.4528713997E+01   -0.4075492051E+02    0.2167757951E+03
           7    0.5640497379E+01   -0.2786498156E+02    0.3315084258E+03
           8    0.6656983493E+01   -0.2700524599E+02    0.8774465073E+02
           9    0.4973732272E+01   -0.3960592567E+02   -0.2598396750E+03
          10    0.4643364895E+01   -0.2758196728E+02    0.1844583386E+03
          11    0.4717299652E+01    0.2146306897E+02    0.9390993980E+02
          12    0.4703651666E+01   -0.3989461012E+02   -0.2477932312E+03
          13    0.5251003067E+01   -0.3895844360E+02   -0.2499899504E+03
          14    0.5333537784E+01   -0.2575698913E+02    0.1366700049E+03
          15    0.5185662448E+01   -0.3908331844E+02   -0.2609142300E+03
          16    0.5184760109E+01    0.3907752904E+02   -0.2608638594E+03
          17    0.5646951648E+01   -0.2793689957E+02    0.3224704196E+03
          18    0.6036014546E+01   -0.2802216710E+02    0.8676053962E+02
          19    0.4301086838E+01   -0.1415142832E+02   -0.2844423907E+03
          20    0.3683527381E+01    0.2414865153E+02   -0.4651752295E+02
          21    0.5223518300E+01   -0.3919248921E+02   -0.2620195958E+03
          22    0.5663826943E+01   -0.3887806581E+02   -0.2936151170E+03
          23    0.4701681526E+01   -0.2554982759E+02   -0.6188752470E+02
          24    0.5230835362E+01   -0.3919891169E+02   -0.2621226096E+03
          25    0.5186915310E+01   -0.3052544688E+02    0.1922701561E+03
          26    0.5977161396E+01   -0.2488794589E+02    0.1399725994E+03
          27    0.3284243523E+01   -0.3218617224E+02   -0.4592108415E+02
          28    0.5171026634E+01   -0.3888725996E+02   -0.2593272475E+03
          29    0.4454643172E+01    0.2162748176E+02   -0.1115227153E+03
          30    0.5919924093E+01   -0.2478671838E+02    0.1356477267E+03
          31    0.4830778850E+01    0.2189757484E+02    0.3016931134E+03
          32    0.6637769287E+01   -0.2726189903E+02    0.7902180834E+02
          33    0.3779802604E+01    0.2428015723E+02   -0.6288176072E+02
          34    0.5066285787E+01   -0.3155435512E+02    0.1092232776E+03
          35    0.4181296907E+01   -0.2001244998E+02   -0.3106735574E+03
          36    0.5171533148E+01   -0.3943502433E+02    0.2172724664E+03
          37    0.4931478998E+01   -0.3998534674E+02    0.2234280618E+03
          38    0.6008945179E+01   -0.2829677559E+02    0.7839971859E+02
          39    0.5257303558E+01   -0.3920372412E+02   -0.2623564080E+03
          40    0.6236935970E+01   -0.2721843191E+02    0.1046454278E+03
          41    0.5859596430E+01   -0.2751810835E+02    0.1496552996E+03
          42    0.5857619891E+01   -0.4157599515E+02   -0.2727869523E+03
          43    0.6427476108E+01   -0.2744531246E+02   -0.9374788055E+02
          44    0.5154506275E+01   -0.3919919667E+02   -0.2539787714E+03
          45    0.5440357496E+01   -0.3810922946E+02   -0.4894039207E+03
          46    0.4874002520E+01    0.2154172671E+02    0.1751609656E+03
          47    0.3363407644E+01   -0.1329288693E+02   -0.2392356565E+03
          48    0.4510197082E+01    0.2155345736E+02   -0.9113361496E+02
          49    0.2851070762E+02   -0.9880377195E+01   -0.2758962801E+03
          50    0.5666634006E+01   -0.2806894293E+02    0.3005508638E+03
          51    0.5256362947E+01    0.1850990369E+02    0.3277044807E+03
          52    0.6763380429E+01   -0.2709468189E+02    0.8767310188E+02
          53    0.5499527730E+01   -0.2495782623E+02    0.1441970969E+03
          54    0.4879390010E+01   -0.1909978059E+02   -0.2275199777E+03
          55    0.5455743641E+01   -0.2575114267E+02    0.1439303916E+03
          56    0.5165229373E+01   -0.3945696299E+02    0.2281815403E+03
          57    0.4621996233E+01    0.2187795245E+02   -0.1450196531E+03
          58    0.5164357330E+01    0.3945080885E+02    0.2281303157E+03
          59    0.4760356836E+01   -0.1757488205E+02   -0.2713374812E+03
          60    0.5182375916E+01   -0.3903343695E+02   -0.2518440005E+03
          61    0.4902933304E+01    0.2143023944E+02    0.2568716763E+03
          62    0.6517921270E+01   -0.2761350397E+02   -0.9600023309E+02
          63    0.5066452174E+01   -0.3208737082E+02    0.4214472660E+02
          64    0.5522442485E+01   -0.3059763279E+02    0.1664127739E+03
          65    0.5202438159E+01   -0.3957487743E+02    0.2293175461E+03
          66    0.5137033515E+01   -0.3914449993E+02   -0.2519966707E+03
          67    0.6729829296E+01   -0.1471130288E+02    0.2108335676E+03
          68    0.6729408694E+01   -0.1471047226E+02    0.2108183666E+03
          69    0.5128752445E+01   -0.3912528209E+02   -0.2513994953E+03
          70    0.5654354409E+01   -0.3002535465E+02    0.3198300294E+03
          71    0.5209699009E+01   -0.3958226634E+02    0.2294258889E+03
          72    0.6189196824E+01   -0.1178036827E+02    0.1427756413E+03
          73    0.4629255996E+01   -0.2517485471E+02   -0.6151297873E+02
          74    0.5129503235E+01   -0.3912517261E+02    0.2513492056E+03
          75    0.5184221606E+01   -0.2568875946E+02    0.1398515579E+03
          76    0.4493745628E+01   -0.1735894701E+02   -0.3837238303E+03
          77    0.5126326804E+01   -0.3913419640E+02   -0.2512945857E+03
          78    0.5125607330E+01   -0.3913570357E+02   -0.2512860548E+03
          79    0.8075379055E+01   -0.3153733738E+02    0.1311072212E+03
          80    0.5272661802E+01   -0.2546267808E+02    0.1412233520E+03
          81    0.5274130929E+01   -0.3102334644E+02    0.1469863300E+03
          82    0.5132013385E+01   -0.3912465583E+02   -0.2511715256E+03
          83    0.5332925670E+01   -0.2555116941E+02    0.1457498667E+03
          84    0.4383092338E+01    0.2233747502E+02   -0.1909289826E+03
          85    0.1015693846E+02   -0.3138655012E+02    0.1506528324E+03
          86    0.4496457590E+01   -0.1412627766E+02   -0.5475211859E+03
          87    0.5886739324E+01   -0.2802206872E+02    0.8900017727E+02
          88    0.4820598513E+01   -0.1909855841E+02   -0.2264803920E+03
          89    0.5138463635E+01   -0.3911277828E+02   -0.2510008328E+03
          90    0.5137757455E+01   -0.3911406908E+02   -0.2509779018E+03
          91    0.5134534158E+01   -0.3912390534E+02   -0.2509784381E+03
          92    0.5184708126E+01   -0.2863126420E+02    0.2935089889E+03
          93    0.5135292276E+01   -0.3912363464E+02    0.2509175196E+03
          94    0.8161544457E+01   -0.3328957492E+02   -0.1380592658E+03
          95    0.4282976535E+01   -0.1038173241E+02   -0.2248624498E+03
          96    0.5051871266E+01   -0.3926348742E+02   -0.2495467160E+03
          97    0.6066580759E+01   -0.1502555887E+02    0.1718158095E+03
          98    0.5151557735E+01   -0.3925001196E+02    0.2265769584E+03
          99    0.5127127151E+01   -0.3910332984E+02   -0.2502438606E+03
         100    0.5627968750E+01   -0.2458415098E+02    0.1883552569E+03
