        Rank        RMSE       MaxAE  Feature_ID
           1   23.033061   58.576931  (    1244   11727)
           2   23.715547   63.753609  (    1244   11498)
           3   23.776786   48.218397  (    5684   12502)
           4   24.050723   59.304223  (    1244   11223)
           5   24.703184   46.784885  (    4674   14549)
           6   24.873174   61.514913  (    3207   11727)
           7   24.905688   58.226930  (     144   11727)
           8   24.955679   75.135859  (       1   10006)
           9   24.967458   58.056529  (    9786   11727)
          10   25.028346   61.864219  (     144   11498)
          11   25.118907   62.081011  (    6687   11727)
          12   25.309373   74.767784  (       1   10017)
          13   25.350597   84.097397  (    5735   17878)
          14   25.378050   74.196425  (       1   10001)
          15   25.380241   51.917226  (    5684   12921)
          16   25.405068   78.650889  (    4674   11336)
          17   25.414915   76.658740  (       1   10010)
          18   25.416528   62.565320  (    3207   11223)
          19   25.421133   77.037821  (       1   10245)
          20   25.455226   75.750178  (       1   10049)
          21   25.458752   83.417044  (    1671   18141)
          22   25.489675   74.708366  (       1   10025)
          23   25.495312   68.116257  (    2998   10101)
          24   25.500487   71.766877  (     499   11498)
          25   25.512124   76.112368  (       1   10177)
          26   25.514184   68.074292  (    2998   10010)
          27   25.518793   46.159521  (    6014   10729)
          28   25.529698   56.921981  (    9786   11223)
          29   25.535120   73.469655  (       1   10106)
          30   25.537785   68.021285  (    1244   10455)
          31   25.539104   74.858940  (    3207   11498)
          32   25.556208   72.067040  (       1   10002)
          33   25.559731   81.087790  (    1671   15014)
          34   25.561421   76.185452  (       7   18000)
          35   25.583722   73.822968  (       1   10116)
          36   25.590736   75.404474  (       1   10011)
          37   25.617667   70.802800  (    2998   10031)
          38   25.638316   72.579003  (       1   10053)
          39   25.639389   58.603183  (     144   11223)
          40   25.640154   71.094523  (       1   10003)
          41   25.648121   72.602843  (       1   10056)
          42   25.653495   80.614372  (       1   10098)
          43   25.671123   77.586996  (       1   10008)
          44   25.684277   75.308505  (    5720   11727)
          45   25.694317   77.345515  (       1   10408)
          46   25.718158   80.639260  (       1   10139)
          47   25.720966   79.289349  (       1   10278)
          48   25.724725   75.528096  (       1   10140)
          49   25.725900   83.585660  (    1385   16268)
          50   25.745333   60.976504  (    6687   11223)
          51   25.752619   63.016505  (     697   11219)
          52   25.762802   79.188009  (       1   10015)
          53   25.766154   75.105829  (       1   10031)
          54   25.767434   63.661109  (    9786   11498)
          55   25.772153   60.179584  (    4874   11727)
          56   25.772561   68.758821  (      15   14195)
          57   25.784072   73.677954  (       1   10054)
          58   25.785081   76.688739  (       1   10073)
          59   25.786515   78.989729  (       1   10059)
          60   25.804938   74.863494  (       1   11120)
          61   25.807104   77.250604  (       1   10285)
          62   25.811357   76.946881  (       1   10662)
          63   25.817046   61.601830  (    2946   17952)
          64   25.823135   87.530451  (    1671   16607)
          65   25.823829   83.875691  (    7376   14193)
          66   25.826985   74.943093  (       1   10051)
          67   25.832330   74.852954  (       1   10270)
          68   25.834804   76.969866  (       1   10577)
          69   25.840614   96.256522  (       7   13614)
          70   25.861418   75.584021  (       1   10125)
          71   25.869370   75.789118  (       1   10811)
          72   25.877223   75.444071  (       1   10019)
          73   25.881216   82.241456  (    1671   12483)
          74   25.888737   70.300467  (       1   10729)
          75   25.893450   74.277684  (       1   10044)
          76   25.895310   72.350226  (       1   10004)
          77   25.896868   60.016144  (    8740   10613)
          78   25.899072   73.507271  (       1   10227)
          79   25.919614   73.594604  (       1   10067)
          80   25.921105   76.595731  (       1   10357)
          81   25.937375   87.909731  (    3084   17878)
          82   25.939805   79.531675  (       1   10432)
          83   25.946333   79.049499  (       1   10122)
          84   25.947292   62.610557  (     697   10497)
          85   25.957917   74.111793  (       1   10060)
          86   25.989035   76.731038  (       1   11110)
          87   25.993247   78.807377  (       1   10086)
          88   25.994098   70.812928  (    2645   10010)
          89   25.995181   76.519725  (       1   10016)
          90   25.996184   74.504137  (       1   10467)
          91   25.996435   77.752610  (       1   10209)
          92   26.005031   72.515227  (    2998   10033)
          93   26.005321   69.035491  (    2645   10101)
          94   26.005421   77.026687  (       1   11070)
          95   26.007341   77.436965  (       1   10836)
          96   26.014730   79.253278  (       1   10129)
          97   26.015014   84.634558  (    4054   14193)
          98   26.015789   76.855526  (       1   10310)
          99   26.018565   74.283953  (       1   10062)
         100   26.019718   60.505863  (    7087   11727)
